Map8
1 1 1 1 1 1 1 1 
1 # 0 0 F 0 1 1 
1 F F F 0 0 F 1 
1 0 0 # H 0 H 1 
1 0 0 # 0 0 H 1 
G 0 1 F 0 # 0 1 
1 1 F 0 # # # 1 
1 1 1 1 1 1 S 1 
P65 P36 L54 T5

Map8
1 1 G 1 1 1 1 1 
1 # 0 # # 0 H 1 
1 0 0 F 0 0 0 1 
1 0 0 F 1 0 1 1 
1 0 1 0 0 H # 1 
1 0 0 0 H F 0 1 
1 0 0 0 0 0 0 S 
1 1 1 1 1 1 1 1 
P12 P26 L42 T3

Map8
1 1 1 1 1 1 1 1 
1 0 0 0 0 0 F 1 
1 0 0 0 F 0 H 1 
1 0 H 0 0 0 0 1 
1 0 0 # F 0 # 1 
1 # # # 0 0 0 1 
1 F 0 F 0 0 # S 
1 1 G 1 1 1 1 1 
P54 P46 D24 T3

Map8
1 1 1 1 1 1 1 1 
1 0 1 0 0 H 0 1 
1 1 0 0 0 1 0 1 
1 0 0 F 0 0 F 1 
1 0 0 0 0 0 0 1 
S 0 1 0 H 0 # G 
1 0 0 0 0 0 H 1 
1 1 1 1 1 1 1 1 
P13 P64 L56 T5

Map8
1 1 1 1 G 1 1 1 
1 0 # F 0 0 0 1 
1 0 0 0 0 0 F 1 
1 # # 0 0 H 0 S 
1 F 0 0 F 0 0 1 
1 F # 0 0 0 H 1 
1 F # 0 0 0 F 1 
1 1 1 1 1 1 1 1 
P11 P56 U64 T5

Map8
1 1 1 1 1 1 1 1 
S 0 0 H F 0 F 1 
1 0 0 F 0 0 1 1 
1 0 H F 0 0 0 1 
1 1 1 0 0 0 0 1 
G 0 0 0 0 0 0 1 
1 0 0 0 1 F 0 1 
1 1 1 1 1 1 1 1 
P21 P52 D13 T5

Map8
1 1 1 1 1 1 S 1 
1 F 0 0 0 0 0 1 
1 F 0 0 0 0 0 1 
1 0 0 H F F 0 1 
1 0 0 0 0 H 0 1 
1 0 0 0 0 0 1 1 
1 F F F H 0 # 1 
1 1 1 G 1 1 1 1 
P31 P45 U24 T6

Map8
1 1 1 1 1 1 1 1 
1 0 0 F H # # 1 
1 0 0 0 0 # 0 1 
1 0 0 0 H 0 0 S 
1 1 0 0 0 # 0 1 
1 0 0 H 0 0 0 G 
1 H 0 0 0 0 # 1 
1 1 1 1 1 1 1 1 
P53 P44 L36 T5

Map8
1 1 1 1 1 1 1 1 
G 0 0 F 1 0 0 1 
1 0 0 1 0 0 0 1 
1 0 F 0 F 0 1 1 
1 0 0 H 0 0 0 1 
1 F 0 0 # 0 0 1 
1 1 F 0 H 0 # 1 
1 1 1 S 1 1 1 1 
P52 P65 R25 T5

Map8
1 1 1 1 1 G 1 1 
1 0 0 0 0 0 # 1 
1 F 0 H 0 F 0 1 
1 0 0 0 0 H F 1 
1 0 0 0 0 0 0 1 
1 0 0 # # # H 1 
1 H F 0 1 0 0 1 
1 1 1 1 1 S 1 1 
P41 P13 U54 T9

Map8
1 1 1 1 1 1 1 1 
S 0 F 0 F 0 0 1 
1 0 # 0 F 0 0 1 
1 0 H 0 0 0 0 1 
1 0 F 0 # H 0 1 
1 0 F 0 0 0 0 1 
1 0 0 0 # H 0 1 
1 1 1 G 1 1 1 1 
P33 P64 U26 T6

Map8
1 1 1 G 1 1 1 1 
1 1 # 0 0 0 0 1 
1 1 0 H # 0 0 1 
1 0 # 0 1 H # 1 
1 0 0 0 # 0 0 1 
1 # 0 0 0 0 0 1 
1 F 0 F 0 0 0 1 
1 1 1 1 1 1 S 1 
P41 P33 R64 T7

Map8
1 1 1 1 1 1 1 1 
1 F 0 0 0 H 0 1 
1 F # 0 0 0 0 1 
1 0 0 0 0 # F G 
1 # # 0 H 0 0 S 
1 0 0 0 0 0 F 1 
1 # 0 F 0 0 0 1 
1 1 1 1 1 1 1 1 
P34 P54 R13 T6

Map8
1 1 1 1 1 1 1 1 
1 0 0 0 0 1 0 1 
S F F # 1 # 0 1 
1 0 0 0 0 # 0 1 
1 0 1 H 0 0 0 1 
G # # 0 0 F F 1 
1 # 0 F # F 0 1 
1 1 1 1 1 1 1 1 
P31 P14 U13 T8

Map8
1 1 1 1 1 1 1 1 
1 0 0 0 0 0 0 1 
G 0 0 0 F 0 0 1 
1 0 H 1 0 0 0 1 
1 0 # 1 H 0 F 1 
S F H 0 0 0 0 1 
1 # 0 # 0 0 F 1 
1 1 1 1 1 1 1 1 
P61 P46 D14 T6

Map8
1 1 1 G 1 1 1 1 
1 0 # # 0 0 0 1 
1 0 0 H 0 0 0 S 
1 0 0 H 0 0 0 1 
1 H # 0 0 0 0 1 
1 0 0 1 H 1 0 1 
1 0 0 0 0 # 0 1 
1 1 1 1 1 1 1 1 
P41 P52 L16 T6

Map8
1 1 1 1 1 1 1 1 
1 F 0 0 0 0 F 1 
S F 0 H 0 0 # 1 
1 0 0 0 0 # 0 1 
G 0 # 0 1 0 0 1 
1 0 0 F # 0 # 1 
1 0 0 0 0 # 0 1 
1 1 1 1 1 1 1 1 
P51 P13 U23 T8

Map8
1 1 1 1 1 1 S 1 
1 0 0 0 0 F 0 1 
1 F 0 F 0 0 0 1 
1 0 0 0 0 0 H 1 
1 0 1 0 0 0 0 1 
1 0 F H 0 H 0 1 
1 0 0 0 F 0 F 1 
1 1 1 1 1 1 G 1 
P31 P62 L45 T5

Map8
1 1 1 1 1 1 1 1 
1 0 0 0 0 F 0 1 
1 H F 0 0 F F 1 
1 0 0 0 0 H 0 1 
1 0 0 0 # 0 H 1 
1 0 0 0 0 0 0 1 
1 0 F 0 0 0 0 1 
1 1 G 1 1 1 S 1 
P11 P36 R65 T5

Map8
1 1 1 1 1 G 1 1 
1 0 F 0 0 0 0 1 
1 1 0 0 0 # 0 1 
1 H 0 0 0 0 0 1 
1 0 # # 0 0 0 1 
1 0 1 0 F 0 0 1 
1 0 # 0 0 H 0 1 
1 S 1 1 1 1 1 1 
P61 P46 L15 T5

Map8
1 1 1 1 1 1 1 1 
1 0 H 0 0 F 1 1 
1 H 0 0 0 0 F 1 
1 0 0 0 1 1 F 1 
1 F 0 F 0 H 0 1 
1 F 0 0 0 0 0 S 
1 0 0 F 1 0 0 1 
1 1 G 1 1 1 1 1 
P32 P13 U35 T5

Map8
1 1 1 1 1 1 1 1 
1 0 1 0 0 0 0 1 
1 0 0 1 F 0 0 1 
1 0 0 0 1 0 0 1 
G 0 F 0 0 H 0 1 
1 0 0 0 H 0 # S 
1 F 0 # 0 0 0 1 
1 1 1 1 1 1 1 1 
P33 P55 U26 T5

Map8
1 1 1 1 1 1 1 1 
1 0 # 0 # 1 0 1 
1 0 # 0 0 # 0 1 
1 0 0 0 H 0 0 S 
G 0 # 0 # F 1 1 
1 0 F 0 0 0 0 1 
1 0 F # 0 0 0 1 
1 1 1 1 1 1 1 1 
P61 P53 L15 T5

Map8
1 1 1 G 1 1 1 1 
1 F 0 0 F F 0 1 
1 0 0 0 F H F 1 
1 0 0 H 0 0 0 1 
1 1 0 0 0 0 0 1 
1 1 0 0 1 1 0 1 
1 0 0 0 0 0 F 1 
1 S 1 1 1 1 1 1 
P21 P23 D36 T7

Map8
1 1 1 1 1 1 1 1 
1 0 0 H # # 0 1 
1 0 H 0 # 0 # 1 
1 0 0 1 0 0 0 G 
1 0 0 0 # 0 # S 
1 0 0 F 0 H # 1 
1 0 0 0 H 0 1 1 
1 1 1 1 1 1 1 1 
P61 P32 L54 T7

Map8
1 1 1 1 1 1 1 1 
1 0 1 0 # 0 0 1 
G 0 1 0 0 0 0 1 
1 # 0 0 # 0 H 1 
1 0 0 0 # 0 0 1 
1 H 0 0 0 0 0 1 
1 0 0 0 0 1 0 S 
1 1 1 1 1 1 1 1 
P11 P64 U26 T6

Map8
1 1 1 1 1 1 1 1 
1 0 0 H 0 0 0 1 
1 0 0 F F 0 0 1 
1 H 0 0 0 0 0 1 
1 0 0 0 # 0 0 1 
1 0 # # H 0 0 G 
1 0 # 0 F # 0 S 
1 1 1 1 1 1 1 1 
P23 P64 U16 T7

Map8
1 1 1 1 1 1 1 1 
G 0 1 H F # 0 1 
1 0 # # H 0 0 1 
1 0 F F 0 0 F 1 
1 0 0 0 0 F 0 1 
1 0 0 H 0 H 0 1 
1 # 0 F 0 0 0 1 
1 1 1 S 1 1 1 1 
P43 P56 R26 T5

Map8
1 1 1 G 1 1 1 1 
1 1 # 0 0 0 0 1 
1 # 0 0 # # 0 1 
1 0 0 H 0 H 0 1 
S 0 0 H 0 0 0 1 
1 0 0 F 0 0 1 1 
1 1 # 0 0 # 0 1 
1 1 1 1 1 1 1 1 
P41 P32 R24 T6

Map8
1 1 1 1 1 1 1 1 
1 H 0 0 0 0 0 1 
1 1 1 0 0 # H 1 
G 0 0 0 0 1 0 1 
1 0 1 0 0 0 0 1 
1 0 1 F F F 0 1 
1 H H 0 F 0 0 S 
1 1 1 1 1 1 1 1 
P32 P63 D56 T5

Map8
1 1 1 1 1 G 1 1 
1 0 # 0 0 0 # 1 
S 0 1 H F 0 0 1 
1 F 0 0 # 0 0 1 
1 0 0 0 0 H 0 1 
1 0 # 0 F # # 1 
1 F 0 1 F 0 F 1 
1 1 1 1 1 1 1 1 
P63 P34 R15 T6

Map8
1 1 1 1 1 1 1 1 
1 0 0 H 0 0 0 1 
1 0 # 1 0 # 0 1 
1 H 0 0 0 0 0 1 
1 0 0 # 1 0 0 G 
1 0 # 0 0 0 0 1 
S # 0 0 F # H 1 
1 1 1 1 1 1 1 1 
P63 P26 U14 T5

Map8
1 1 1 1 1 1 1 1 
1 F H 0 # 0 0 1 
1 0 0 H 0 0 1 1 
1 H 0 1 # 0 F G 
1 0 0 0 0 # 0 1 
S 0 0 0 H 0 0 1 
1 0 0 0 1 0 F 1 
1 1 1 1 1 1 1 1 
P52 P64 D14 T6

Map8
1 1 1 1 1 1 1 1 
1 0 0 0 H 1 0 1 
1 0 1 0 1 0 0 1 
1 0 0 0 # 0 0 1 
1 0 0 # 1 # 0 G 
1 0 0 H 0 # 0 1 
1 0 0 F 0 0 0 1 
1 1 1 S 1 1 1 1 
P12 P65 L46 T5

Map8
1 1 1 1 1 1 1 1 
1 0 0 0 0 0 0 1 
1 0 0 0 0 0 1 1 
1 0 1 0 0 F 0 1 
S 0 0 H 1 F 0 G 
1 1 0 0 0 0 0 1 
1 0 0 0 0 1 0 1 
1 1 1 1 1 1 1 1 
P11 P63 U24 T7

Map8
1 1 1 1 1 1 1 1 
1 H F 0 F 0 0 1 
1 0 0 0 0 # 0 1 
1 0 F 0 0 0 0 1 
1 0 0 # # H 0 1 
S 0 0 H 0 0 0 1 
1 0 H 0 0 0 0 1 
1 1 1 1 1 G 1 1 
P12 P46 U16 T5

Map8
1 1 1 1 1 S 1 1 
1 F # 0 F 0 0 1 
1 F 0 F 0 0 0 1 
G 0 0 1 0 1 0 1 
1 0 0 0 0 0 0 1 
1 0 0 1 0 0 0 1 
1 F F 0 0 0 F 1 
1 1 1 1 1 1 1 1 
P22 P65 U25 T5

Map8
1 1 1 1 1 1 1 1 
1 0 0 0 0 # 0 1 
1 # 0 0 0 # 0 1 
S F 0 H F 0 F 1 
1 F 0 0 # 0 1 1 
1 0 0 F 0 H # 1 
1 F 1 0 0 0 0 1 
1 1 1 1 1 1 G 1 
P21 P31 U24 T7

Map8
1 1 1 G 1 1 1 1 
1 # 0 0 0 F 0 1 
1 H 0 # 0 0 0 1 
S 0 F 0 H 0 0 1 
1 # 0 0 0 0 0 1 
1 0 1 # H 0 0 1 
1 0 0 0 0 F H 1 
1 1 1 1 1 1 1 1 
P21 P15 L33 T6

Map8
1 1 1 1 1 1 1 1 
G F 0 1 H # H 1 
1 0 0 0 1 0 0 1 
1 0 0 0 F 0 0 1 
1 1 # 0 0 0 0 1 
1 F 0 0 # 0 0 1 
S # F F 0 1 0 1 
1 1 1 1 1 1 1 1 
P33 P44 U25 T6

Map8
1 S 1 1 1 1 1 1 
1 0 0 F 0 0 # 1 
1 0 # 0 0 0 1 1 
1 H 0 1 0 0 0 1 
1 # F F 1 0 F 1 
1 1 0 0 # 0 F G 
1 0 0 0 F 0 # 1 
1 1 1 1 1 1 1 1 
P51 P12 R55 T5

Map8
1 1 1 1 1 1 1 1 
1 # 0 F 0 0 # 1 
1 0 H 0 0 # F 1 
1 0 0 0 # 0 0 1 
1 F 0 0 0 0 0 1 
1 H 0 0 0 0 F 1 
1 0 0 H 0 0 F 1 
1 1 G 1 1 1 S 1 
P41 P54 U13 T5

Map8
1 1 1 1 1 1 1 1 
S 0 F 0 0 H H 1 
1 F H 0 0 0 0 1 
1 1 0 1 1 0 1 1 
1 0 0 0 1 0 0 1 
1 0 0 0 0 0 0 G 
1 0 0 0 0 0 F 1 
1 1 1 1 1 1 1 1 
P41 P62 D56 T5

Map8
1 1 G 1 1 1 1 1 
1 # 0 0 0 H 0 1 
1 # 0 0 # 0 0 1 
1 0 H 0 0 F 0 1 
1 # 0 F 0 H 0 1 
1 H # 0 0 0 0 1 
1 0 F 0 # 0 0 1 
1 1 1 1 1 S 1 1 
P31 P61 L55 T7

Map8
1 1 1 1 1 1 1 1 
1 0 0 0 0 0 F 1 
S 0 # 1 1 0 0 G 
1 0 0 0 0 0 F 1 
1 1 1 F 0 # 0 1 
1 0 0 F 0 0 0 1 
1 0 F 0 0 0 0 1 
1 1 1 1 1 1 1 1 
P51 P43 D66 T7

Map8
1 1 S 1 1 1 1 1 
1 F 0 0 0 F 0 1 
1 0 0 0 0 0 F 1 
1 0 # 0 0 0 # 1 
1 0 F H 0 0 0 1 
G 0 H # 0 H 0 1 
1 0 F 0 0 0 F 1 
1 1 1 1 1 1 1 1 
P52 P14 R12 T5

Map8
1 1 1 1 1 1 1 1 
1 # 0 # 0 # 0 1 
1 0 0 0 1 0 0 S 
1 0 # 0 0 F # 1 
1 0 0 0 H H 0 1 
1 # 0 0 0 0 0 1 
1 # 0 H 0 0 H 1 
1 1 1 1 1 G 1 1 
P33 P65 L14 T10

Map8
1 1 1 1 1 1 1 1 
1 0 F 0 0 0 # 1 
1 F 0 0 0 0 F 1 
1 F 0 0 F 0 0 1 
G 0 # 0 # 1 # 1 
1 F 0 0 H 0 # S 
1 # F 0 F 0 0 1 
1 1 1 1 1 1 1 1 
P35 P55 D41 T7

Map8
1 1 1 G S 1 1 1 
1 0 1 F 0 # 0 1 
1 0 1 0 0 F 0 1 
1 # 1 0 H 1 0 1 
1 0 0 0 0 0 0 1 
1 0 0 0 0 1 0 1 
1 0 0 H 0 0 0 1 
1 1 1 1 1 1 1 1 
P42 P24 R65 T5

Map8
1 1 1 1 S 1 1 1 
1 0 # # 0 0 0 1 
1 0 0 # 0 H F 1 
1 0 0 F 0 0 0 1 
1 0 0 0 0 0 0 1 
1 0 0 H # 0 F 1 
1 H 0 0 F 0 1 1 
1 1 1 G 1 1 1 1 
P63 P44 U26 T5

Map8
1 1 1 1 1 1 1 1 
1 # 1 F 0 0 1 1 
1 0 0 0 0 # 0 1 
1 0 0 1 0 H # 1 
1 0 0 0 0 0 0 G 
1 H 0 # 0 # 0 1 
1 0 0 0 0 0 0 1 
1 1 1 1 1 S 1 1 
P65 P16 D54 T6

Map8
1 1 1 1 1 1 1 1 
1 0 # 1 0 F 0 1 
S 0 F 0 F 1 0 1 
1 0 0 0 1 0 F 1 
1 0 0 0 0 1 0 1 
1 0 H 0 F 0 # 1 
1 0 0 0 H 0 0 1 
1 1 1 1 1 1 G 1 
P14 P36 D11 T5

Map8
1 1 1 1 1 1 1 1 
1 0 0 0 0 0 0 1 
1 0 0 0 0 0 0 1 
1 H H # 0 0 0 1 
G 0 0 0 1 0 0 1 
1 0 0 0 0 0 H 1 
S 0 0 0 0 0 H 1 
1 1 1 1 1 1 1 1 
P21 P35 U56 T6

Map8
1 1 G 1 1 1 1 1 
1 0 0 0 0 0 # 1 
1 H # H 0 # H 1 
1 0 0 1 # 1 0 1 
1 0 1 0 0 0 0 1 
1 # # 0 1 0 H 1 
1 0 0 1 0 0 0 1 
1 1 1 1 S 1 1 1 
P11 P66 L34 T7

Map8
1 1 G 1 1 1 1 1 
1 0 0 # H 0 0 1 
1 F 0 0 0 0 0 1 
1 F 1 0 H # # 1 
1 # # # 0 0 0 1 
1 H 0 1 0 1 0 1 
1 0 # 1 F 0 0 1 
1 1 1 1 1 S 1 1 
P11 P61 D22 T7

Map8
1 1 1 1 1 1 1 1 
1 H F 0 H 0 # S 
1 0 0 0 0 0 0 1 
1 0 0 0 # F # 1 
1 0 0 F H 0 0 1 
1 # 0 0 # # 1 1 
1 1 0 0 0 1 F 1 
1 1 1 G 1 1 1 1 
P51 P64 U23 T4

Map8
1 1 1 1 1 1 1 1 
1 F 0 1 0 0 0 1 
1 0 # 0 0 0 0 1 
S 0 0 0 F 1 F 1 
1 0 0 # F 0 0 1 
1 0 H # 0 0 F 1 
1 H H 0 F 0 0 1 
1 1 1 1 1 G 1 1 
P23 P15 U64 T4

Map8
1 1 1 1 1 1 1 1 
1 1 0 0 # F 0 1 
1 1 0 H 0 H F 1 
1 0 H 0 F 0 0 1 
1 0 F 0 # H 0 1 
1 0 1 0 0 # 0 1 
1 0 0 1 # 0 1 1 
1 S 1 1 1 G 1 1 
P13 P65 D33 T4

Map8
1 1 1 1 G 1 1 1 
1 0 H 0 0 0 0 1 
1 0 0 0 0 H 0 S 
1 H 0 H 0 0 0 1 
1 0 0 # 0 F 0 1 
1 0 0 # 0 0 0 1 
1 0 0 0 F 0 0 1 
1 1 1 1 1 1 1 1 
P14 P55 D61 T5

Map8
1 1 1 S 1 1 1 1 
1 0 0 F 0 1 # 1 
1 0 0 1 F H 0 1 
1 F # # # 1 0 G 
1 0 # 0 0 H 0 1 
1 0 F H 0 0 0 1 
1 0 0 F 0 0 F 1 
1 1 1 1 1 1 1 1 
P62 P46 R21 T5

Map8
1 1 1 1 1 1 1 1 
1 0 0 0 0 # 0 1 
1 F 0 0 0 0 F G 
1 H 0 F # 0 0 1 
1 # 0 0 0 0 # 1 
1 0 # # # 0 F 1 
1 0 F 0 0 0 0 1 
1 S 1 1 1 1 1 1 
P31 P46 L15 T4

Map8
1 1 1 1 1 1 1 1 
1 F H F # 0 0 1 
1 1 0 1 0 0 0 1 
1 0 1 # H 0 0 1 
1 0 H 0 0 F # 1 
1 0 # 0 0 0 0 1 
G F # H # 0 0 S 
1 1 1 1 1 1 1 1 
P61 P56 U15 T9

Map8
1 1 1 1 1 1 1 1 
1 # H 1 0 0 F 1 
G 0 0 0 F 0 0 1 
1 1 0 0 0 0 0 1 
1 0 0 H 0 0 0 1 
1 F F 1 0 1 1 1 
1 # 0 # # F # 1 
1 1 1 1 S 1 1 1 
P51 P43 D64 T4

Map8
1 1 1 1 1 1 1 1 
1 0 F 0 0 0 0 1 
1 H F 0 0 # 0 1 
1 0 0 # # 0 # 1 
1 0 0 0 0 F 0 1 
1 F 0 H F 0 0 1 
S # 1 0 0 0 F 1 
1 1 1 1 1 G 1 1 
P61 P44 R13 T6

Map8
1 1 1 1 G 1 1 1 
1 0 0 0 0 # 0 1 
1 0 0 0 0 # # 1 
1 # F H H # 0 1 
1 0 0 F 0 # 0 1 
1 0 F 0 0 0 H 1 
1 0 # H 0 0 F 1 
1 1 1 1 S 1 1 1 
P32 P44 D63 T7

Map8
1 1 1 1 1 1 1 1 
1 # H # 0 0 0 S 
1 0 # 0 0 0 0 1 
1 0 1 0 H 0 0 1 
1 # 0 0 H # H 1 
1 0 0 # 0 1 0 1 
1 0 0 0 0 # 0 1 
1 1 G 1 1 1 1 1 
P41 P36 L62 T5

Map8
1 1 1 1 1 1 1 1 
1 0 1 0 0 0 1 1 
1 0 0 1 0 0 # 1 
1 0 # 0 F 1 1 1 
1 F 0 0 0 0 0 1 
1 0 0 # 0 F 1 1 
1 0 0 H # 0 0 1 
1 S 1 1 1 G 1 1 
P64 P25 L11 T5

Map8
1 1 1 1 1 1 1 1 
1 0 0 0 0 0 F 1 
1 0 0 # 0 0 0 1 
1 F F 0 1 0 # 1 
1 H 0 F 0 F # G 
1 0 0 H 1 0 # 1 
1 0 0 0 0 1 0 S 
1 1 1 1 1 1 1 1 
P12 P25 L62 T6

Map8
1 1 1 1 1 1 1 1 
S 0 0 0 0 H # 1 
1 0 0 0 F 0 0 1 
1 0 0 0 0 0 0 1 
1 0 1 0 0 0 0 1 
1 1 0 0 0 H 1 1 
1 0 0 F 0 H F 1 
1 1 G 1 1 1 1 1 
P31 P53 D25 T5

Map8
1 1 1 1 1 1 G 1 
1 0 0 H 0 0 0 1 
1 0 0 0 0 0 H 1 
1 0 0 0 0 F 0 1 
S 0 0 H # # F 1 
1 # 0 0 1 0 0 1 
1 H 0 0 # 0 0 1 
1 1 1 1 1 1 1 1 
P11 P24 U43 T5

Map8
1 1 1 1 1 1 1 1 
1 # H 0 0 0 0 1 
1 0 0 H F F 0 1 
1 0 F 0 0 # 0 1 
S # # H 0 F 0 1 
1 0 F 0 0 0 0 1 
1 0 0 # 0 # 0 1 
1 1 1 1 G 1 1 1 
P31 P12 U15 T5

Map8
1 1 1 1 1 1 S 1 
1 0 0 1 H 0 0 1 
1 0 0 0 0 F 0 1 
1 0 0 0 0 0 0 1 
1 H 1 0 0 0 0 1 
1 0 0 0 0 0 0 1 
1 H 0 0 0 0 H 1 
1 1 G 1 1 1 1 1 
P15 P65 R36 T5

Map8
1 1 1 1 1 1 1 1 
1 0 F 0 0 0 H 1 
1 0 0 0 # 0 1 1 
1 0 0 # 0 0 # 1 
G 0 1 F 0 F 0 1 
1 # # F 0 0 0 1 
1 H 0 0 0 0 0 1 
1 1 1 1 1 S 1 1 
P31 P13 D46 T6

Map8
1 1 1 1 1 1 1 1 
1 1 F 1 0 0 0 1 
1 0 0 F # 0 0 1 
1 # # # 0 1 0 1 
G F # 0 1 1 0 1 
1 1 0 0 0 0 0 1 
1 F 0 0 0 # 0 1 
1 1 1 S 1 1 1 1 
P34 P25 D22 T7

Map8
1 1 1 1 1 1 1 1 
1 0 0 0 H 0 1 1 
S F F 1 0 0 0 1 
1 0 F F 0 0 # 1 
1 0 0 0 0 F 0 1 
1 0 0 0 0 0 0 1 
1 F 0 0 0 0 0 1 
1 G 1 1 1 1 1 1 
P31 P25 U13 T5

Map8
1 1 1 1 1 G 1 1 
1 0 0 0 F 0 0 1 
1 0 0 0 0 H 0 1 
1 0 1 0 0 H 0 S 
1 0 0 0 0 0 0 1 
1 0 0 0 0 F 0 1 
1 0 0 0 H 0 F 1 
1 1 1 1 1 1 1 1 
P61 P65 D62 T5

Map8
1 1 1 1 1 1 1 1 
1 0 # F 0 0 F 1 
G 0 1 0 F 0 F 1 
1 # 0 0 0 H 1 1 
1 0 0 0 H F 0 1 
1 0 0 # 0 # 0 1 
1 1 1 H 0 0 0 S 
1 1 1 1 1 1 1 1 
P11 P56 U64 T5

Map8
1 1 1 1 1 1 1 1 
1 0 F 0 0 0 0 1 
G F 0 0 # 0 H 1 
1 # 0 # # 1 F 1 
1 F F 1 0 F 0 1 
1 0 0 # H 0 0 1 
1 0 0 0 0 # 0 1 
1 1 1 S 1 1 1 1 
P61 P15 R11 T5

Map8
1 1 1 1 1 1 1 1 
1 F 0 F 0 # 0 1 
1 1 F # 0 0 F S 
1 0 # 0 0 0 1 1 
1 # 0 0 H # 0 1 
1 H # 0 0 1 0 1 
1 H F 0 0 # 1 1 
1 1 1 1 1 G 1 1 
P43 P24 D21 T5

Map8
1 1 1 1 1 1 1 1 
1 1 F # 0 0 0 1 
1 0 F 0 0 H F 1 
1 F 0 # 0 0 # 1 
S F 1 # H # 0 1 
1 0 # F 0 0 F 1 
1 0 # 1 0 0 0 1 
1 1 1 1 1 G 1 1 
P42 P46 U15 T7

Map8
1 1 1 1 1 1 1 1 
1 0 0 0 F F H 1 
1 F 0 1 0 # 0 1 
1 0 0 0 H 0 0 1 
1 H 0 0 0 F 0 1 
1 1 0 0 0 0 # 1 
1 1 F 0 0 0 F 1 
1 1 G 1 1 S 1 1 
P44 P36 U55 T5

Map8
1 1 1 1 1 1 1 1 
1 0 0 H 0 # 0 1 
1 0 0 # # H F 1 
1 0 0 0 0 0 0 1 
1 0 0 H H 0 0 S 
1 0 0 0 0 0 0 1 
1 0 # # 0 0 # 1 
1 1 1 1 G 1 1 1 
P14 P54 U55 T6

Map8
1 1 1 1 1 1 1 1 
1 0 0 0 H 0 0 1 
1 0 0 0 0 0 0 G 
1 0 0 0 1 0 0 1 
1 0 0 1 0 1 H 1 
1 0 0 0 0 0 0 1 
1 H H 0 0 0 0 1 
1 1 1 1 1 1 S 1 
P11 P46 U65 T6

Map8
1 1 1 1 1 1 1 1 
1 # 1 0 H 0 0 1 
1 0 0 0 1 0 H 1 
1 0 0 0 0 0 0 1 
G 0 1 0 # 0 # 1 
1 0 0 0 0 # 0 1 
1 H H F 0 0 0 1 
1 1 1 1 1 1 S 1 
P63 P15 U45 T5

Map8
1 1 1 1 1 1 1 1 
1 0 0 F 0 0 0 1 
1 F 0 0 0 # 0 1 
G 0 0 0 1 0 0 1 
S 0 F 0 H H 0 1 
1 0 0 0 0 0 0 1 
1 0 0 0 0 H 1 1 
1 1 1 1 1 1 1 1 
P51 P22 L34 T7

Map8
1 1 1 1 1 1 1 1 
1 0 0 H 0 0 H 1 
S 0 1 0 0 0 0 G 
1 0 # 0 0 0 0 1 
1 0 1 0 # # 0 1 
1 0 0 # 0 0 0 1 
1 0 0 0 1 0 H 1 
1 1 1 1 1 1 1 1 
P41 P53 L14 T5

Map8
1 1 1 1 1 1 1 1 
S 0 0 0 H 1 0 1 
1 0 F 0 0 0 0 1 
1 0 1 0 1 0 0 1 
1 0 0 0 0 0 0 1 
1 H 0 0 0 0 0 G 
1 0 H 0 1 1 0 1 
1 1 1 1 1 1 1 1 
P21 P62 D13 T5

Map8
1 1 1 1 1 1 1 1 
1 0 H 0 0 0 0 S 
1 0 0 0 0 0 0 1 
1 0 0 F 0 0 0 1 
1 0 # 0 0 0 0 1 
G 0 0 1 0 0 0 1 
1 0 0 0 H 0 0 1 
1 1 1 1 1 1 1 1 
P43 P16 U31 T5

Map8
1 S 1 1 1 1 1 1 
1 F # 0 0 0 0 1 
1 0 0 1 0 0 0 1 
1 F H # 0 0 0 1 
1 0 # F F 0 0 G 
1 # # 0 1 0 # 1 
1 0 F 0 0 0 F 1 
1 1 1 1 1 1 1 1 
P63 P55 U46 T6

Map8
1 1 1 1 1 1 1 1 
1 0 H F 1 # F 1 
1 # F H H 0 1 1 
1 0 0 0 # 0 0 1 
1 F 0 1 1 H 0 S 
1 F 0 # # 0 0 1 
1 1 0 F 0 F 0 1 
1 1 1 1 1 G 1 1 
P13 P26 U65 T5

Map8
1 1 1 1 1 G 1 1 
1 F 0 # 0 0 0 1 
1 0 0 H 0 F 0 1 
1 # 0 F # F # 1 
1 0 F F F 0 0 1 
S 0 # H 1 0 H 1 
1 0 0 0 0 0 # 1 
1 1 1 1 1 1 1 1 
P61 P36 D14 T5

Map8
1 1 1 1 1 1 1 1 
1 F 0 F 1 F 0 1 
1 0 0 0 0 0 0 G 
1 H 0 F F 0 0 1 
1 # H 0 0 1 H 1 
1 0 0 0 0 0 1 1 
1 0 0 0 0 F 0 1 
1 S 1 1 1 1 1 1 
P34 P15 U46 T5

Map8
1 1 1 1 1 1 S 1 
1 0 0 0 H 0 0 1 
1 0 0 0 0 0 0 1 
1 # 0 0 0 0 0 1 
1 0 0 0 0 # # 1 
1 0 1 0 0 1 0 1 
1 0 0 F 0 1 0 1 
1 1 G 1 1 1 1 1 
P32 P16 R63 T5

Map8
1 G 1 1 1 1 1 1 
1 # 0 0 0 # 0 1 
1 0 F F H # 0 1 
1 0 H 0 0 1 1 1 
1 1 0 F 1 H 0 1 
1 0 0 # # # # 1 
1 0 0 F 0 0 # 1 
1 1 1 1 1 S 1 1 
P64 P25 R46 T6

Map10
1 1 1 1 1 S 1 G 1 1 
1 0 H 0 0 0 # 0 F 1 
1 # 0 0 F 0 0 0 0 1 
1 0 0 0 F H # 0 0 1 
1 # 0 0 0 0 0 0 0 1 
1 0 0 0 0 F 0 0 1 1 
1 0 0 F # # 0 0 0 1 
1 0 0 0 0 0 0 F 0 1 
1 0 1 0 0 F 0 0 0 1 
1 1 1 1 1 1 1 1 1 1 
P31 P52 R35 T4

Map10
1 1 1 1 1 1 1 G 1 1 
1 # 0 0 # 0 0 F 0 1 
1 0 1 0 0 0 0 0 0 1 
S 0 0 0 F 0 0 0 H 1 
1 0 H 0 0 0 0 0 # 1 
1 F F 1 H 0 F F F 1 
1 0 # 0 0 0 0 1 F 1 
1 0 0 F 0 F 0 H 0 1 
1 0 0 0 # 0 0 # 0 1 
1 1 1 1 1 1 1 1 1 1 
P82 P63 R42 T3

Map10
1 1 1 1 1 G 1 1 1 1 
S 0 0 0 H 0 0 F F 1 
1 0 0 0 0 0 0 0 0 1 
1 0 F 0 F 0 0 0 0 1 
1 # 0 0 0 0 F 0 0 1 
1 0 H F 0 0 0 0 0 1 
1 0 0 0 F 0 0 # F 1 
1 0 0 F 0 0 0 0 0 1 
1 0 0 H 0 H 0 0 0 1 
1 1 1 1 1 1 1 1 1 1 
P21 P13 U53 T3

Map10
1 S 1 1 1 1 1 1 1 1 
1 0 0 0 0 0 H 0 0 1 
1 0 # 0 H 0 0 H H 1 
G 0 0 0 0 0 0 0 0 1 
1 H F 0 0 0 0 F 1 1 
1 0 0 0 # 0 0 0 0 1 
1 0 0 0 0 H 0 0 H 1 
1 0 # 0 0 0 0 0 F 1 
1 F 0 0 F 0 0 0 0 1 
1 1 1 1 1 1 1 1 1 1 
P41 P12 R34 T4

Map10
1 1 1 1 1 1 1 G 1 1 
1 0 0 0 0 0 0 # # 1 
1 0 H 0 0 0 1 F H 1 
1 0 0 0 0 0 0 0 0 1 
1 0 0 0 0 H 0 F 0 1 
S 0 H 0 H 0 0 0 0 1 
1 0 0 0 H # 0 H 0 1 
1 0 # 0 0 0 0 0 0 1 
1 0 0 0 F 0 0 0 1 1 
1 1 1 1 1 1 1 1 1 1 
P12 P83 U16 T3

Map10
1 1 1 1 S 1 1 1 1 1 
1 F 0 0 0 0 0 0 0 1 
1 # 0 0 H 0 0 0 0 1 
1 0 0 0 0 0 0 F 0 1 
1 0 0 0 0 0 0 0 # 1 
1 0 0 F 0 H 0 0 0 1 
G 0 0 0 0 0 # 0 F 1 
1 0 H 0 F 0 0 F 0 1 
1 0 H 0 0 0 F F 0 1 
1 1 1 1 1 1 1 1 1 1 
P21 P37 L51 T3

Map10
1 1 S 1 1 1 1 G 1 1 
1 1 0 1 0 0 0 0 0 1 
1 1 0 # H 0 0 H H 1 
1 0 0 0 # 0 0 0 0 1 
1 H 0 0 1 H 0 0 # 1 
1 0 0 # 0 0 0 # 0 1 
1 0 0 0 H 0 0 0 0 1 
1 0 0 0 0 0 1 0 0 1 
1 0 0 H # 0 0 0 1 1 
1 1 1 1 1 1 1 1 1 1 
P81 P63 D24 T5

Map10
1 1 1 1 S 1 1 1 1 1 
1 0 0 F 0 0 0 F 0 1 
1 0 0 0 F 0 0 0 0 1 
1 1 H 0 H 1 0 0 0 1 
1 0 0 H 0 0 0 0 0 1 
1 0 H 0 0 0 0 0 0 1 
1 0 0 0 0 H 0 0 # 1 
G 0 0 1 0 H 0 0 H 1 
1 0 0 0 0 0 0 1 0 1 
1 1 1 1 1 1 1 1 1 1 
P72 P16 R32 T5

Map10
1 1 S 1 1 1 1 1 1 1 
1 0 0 0 0 0 0 # 0 1 
1 0 F 0 0 0 0 0 # 1 
1 F 0 # 0 1 0 0 0 1 
1 0 0 0 0 0 0 # 0 1 
1 0 H # # 0 0 0 0 1 
1 1 0 # 1 0 1 # 0 1 
G 0 0 0 1 0 0 # 0 1 
1 0 1 H 0 0 1 0 0 1 
1 1 1 1 1 1 1 1 1 1 
P43 P24 L37 T5

Map10
1 1 1 1 1 G 1 1 1 1 
1 0 # 0 0 0 0 0 0 1 
1 0 1 0 0 0 H 0 H 1 
1 1 0 0 H 0 F 0 1 1 
1 0 0 1 # 0 # 0 0 1 
1 0 H F 0 H 0 F 0 1 
S 0 0 0 0 1 0 0 0 1 
1 0 0 0 0 0 0 0 0 1 
1 0 0 0 0 0 0 F H 1 
1 1 1 1 1 1 1 1 1 1 
P87 P48 U52 T5

Map10
1 1 1 G 1 1 1 1 1 1 
1 0 0 F 0 0 0 0 0 1 
1 0 # # 0 F H 0 # 1 
1 0 0 H H 0 # 0 F 1 
S 0 # 0 F 0 0 F 0 1 
1 0 # 0 0 0 F F 1 1 
1 0 0 0 # 1 0 0 0 1 
1 H 0 0 F 0 H 1 0 1 
1 0 0 0 # 0 F F 0 1 
1 1 1 1 1 1 1 1 1 1 
P42 P34 R12 T3

Map10
1 1 G 1 1 1 1 1 1 1 
1 F F 0 0 0 0 0 0 1 
1 0 0 0 0 0 0 0 0 1 
1 0 1 0 F 0 0 0 F 1 
S 0 1 0 H 0 0 # 0 1 
1 # # F 0 0 0 0 0 1 
1 0 1 0 # 0 H 0 0 1 
1 0 H F 0 0 0 0 F 1 
1 1 0 0 0 0 F 0 0 1 
1 1 1 1 1 1 1 1 1 1 
P81 P12 R16 T6

Map10
1 S 1 1 1 1 G 1 1 1 
1 0 0 H H 0 0 H 0 1 
1 0 0 0 1 # 0 0 0 1 
1 0 # 0 0 0 1 0 F 1 
1 0 H 0 1 0 0 0 0 1 
1 # 0 0 0 # 0 # 0 1 
1 0 0 0 H # # 1 0 1 
1 0 0 1 0 H 0 0 0 1 
1 0 0 0 0 0 0 0 H 1 
1 1 1 1 1 1 1 1 1 1 
P51 P72 R14 T5

Map10
1 1 1 1 1 1 1 G 1 1 
1 1 0 0 H 0 0 0 0 1 
1 H F # 1 1 1 H 0 1 
S # 0 0 0 F H 0 0 1 
1 0 1 0 0 0 0 0 0 1 
1 0 0 F 0 0 0 # 0 1 
1 0 0 # 0 0 H 0 # 1 
1 0 # H 0 # 1 0 F 1 
1 0 # 0 # H 0 0 0 1 
1 1 1 1 1 1 1 1 1 1 
P61 P43 R25 T5

Map10
1 1 1 1 1 1 1 1 1 1 
1 H 0 0 0 0 0 0 0 1 
1 # 0 1 0 # F 0 1 1 
1 0 0 0 0 0 0 0 0 1 
1 0 H H 1 0 0 # 0 1 
S 0 F 0 0 0 H 0 1 1 
G 0 1 1 0 0 0 0 0 1 
1 0 0 0 0 F 0 0 0 1 
1 0 1 # 0 # 0 0 # 1 
1 1 1 1 1 1 1 1 1 1 
P31 P17 U56 T6

Map10
1 1 1 1 1 1 1 S 1 1 
1 0 0 0 # 0 # 0 0 1 
G F F 0 H 0 F F H 1 
1 F # # 0 0 0 0 0 1 
1 0 0 0 0 0 0 # 0 1 
1 0 0 0 F # 0 0 # 1 
1 0 0 # 0 # 0 0 F 1 
1 0 0 0 0 F 0 H 0 1 
1 0 0 # F 0 0 0 F 1 
1 1 1 1 1 1 1 1 1 1 
P31 P24 L84 T3

Map10
1 1 1 1 1 1 S 1 1 1 
1 0 H 0 1 # F 0 0 1 
1 H # 0 0 H 0 0 0 1 
1 0 0 H 0 0 0 # 0 1 
1 1 0 0 0 0 0 0 0 1 
1 # H 0 # F 0 0 0 1 
G # 0 0 0 # H 0 1 1 
1 0 0 0 F 0 # 0 0 1 
1 # 1 1 0 0 0 0 0 1 
1 1 1 1 1 1 1 1 1 1 
P65 P57 D53 T3

Map10
1 1 1 1 1 1 1 S 1 1 
1 # 0 F 0 0 0 # # 1 
1 0 0 0 F 0 0 0 0 1 
1 0 0 H H 0 0 0 0 1 
1 0 0 0 0 F F 0 0 1 
1 0 0 # 0 0 0 H # 1 
G F 0 0 0 0 F 0 F 1 
1 F 0 1 0 0 0 0 0 1 
1 0 H 0 H 0 F 0 0 1 
1 1 1 1 1 1 1 1 1 1 
P73 P27 D21 T3

Map10
1 1 1 1 1 1 1 1 1 1 
1 0 0 # H H 0 0 0 1 
1 0 0 0 F 0 0 0 0 1 
S 0 0 H H 0 1 0 0 1 
1 0 H # 0 0 0 0 0 1 
G 0 0 0 0 0 0 0 0 1 
1 F 0 0 0 0 0 F F 1 
1 0 F 0 0 0 0 F F 1 
1 0 0 0 1 0 H # 0 1 
1 1 1 1 1 1 1 1 1 1 
P11 P84 D23 T9

Map10
1 1 1 G 1 1 1 1 1 1 
S 0 0 F 0 F F 0 0 1 
1 0 0 0 0 # F 0 F 1 
1 0 0 0 0 # # 0 0 1 
1 0 0 F 0 F 0 0 0 1 
1 0 0 0 # 0 0 0 F 1 
1 0 0 # 0 0 1 0 0 1 
1 # F 1 0 0 0 # 0 1 
1 0 0 # 0 H 0 0 0 1 
1 1 1 1 1 1 1 1 1 1 
P21 P42 D13 T4

Map10
1 1 1 1 1 1 1 S 1 1 
1 0 0 0 1 0 0 0 0 1 
1 0 0 0 1 0 0 0 0 1 
1 0 1 0 0 0 1 0 1 1 
G F 0 F 0 0 H 0 0 1 
1 1 0 H 0 H 0 0 0 1 
1 0 0 H 0 0 0 H 0 1 
1 1 0 0 0 F 0 0 F 1 
1 # 1 0 0 0 0 0 0 1 
1 1 1 1 1 1 1 1 1 1 
P43 P38 R65 T5

Map10
1 1 1 1 S 1 1 1 1 1 
1 0 0 F 0 0 0 0 0 1 
1 1 0 0 F 0 0 H F 1 
1 0 0 1 0 0 0 # 1 1 
1 F 0 F 0 1 0 0 0 1 
1 0 0 0 H # 0 0 0 1 
1 0 0 0 H 0 0 0 0 1 
G F 0 F 0 1 1 0 F 1 
1 0 0 0 F 0 0 0 0 1 
1 1 1 1 1 1 1 1 1 1 
P11 P28 U43 T4

Map10
1 1 S 1 1 1 1 1 1 1 
1 0 0 H 0 # F 0 0 1 
1 0 0 0 0 0 0 0 H 1 
1 0 H 0 0 0 0 0 0 1 
1 H 0 0 H # 0 0 0 1 
G 0 # 0 0 1 0 0 0 1 
1 0 F 0 0 0 0 0 # 1 
1 F 0 0 H 0 0 1 F 1 
1 0 0 0 1 0 F 0 0 1 
1 1 1 1 1 1 1 1 1 1 
P42 P36 R12 T3

Map10
1 1 1 1 1 1 G 1 1 1 
1 0 0 0 0 0 0 0 0 1 
1 0 0 0 0 0 0 0 0 1 
S 0 H 0 0 # F # H 1 
1 F 0 0 # 0 0 0 0 1 
1 0 # 0 F 0 0 H 0 1 
1 0 0 0 F 0 0 0 0 1 
1 0 0 F 0 0 # 0 0 1 
1 F H F 0 0 1 0 0 1 
1 1 1 1 1 1 1 1 1 1 
P76 P17 D12 T3

Map10
1 1 1 S 1 1 1 1 1 1 
1 F 0 0 0 0 0 # 0 1 
1 F H # F 1 # F 0 1 
G 0 # 0 # 0 1 1 F 1 
1 H 0 H 0 0 1 # 0 1 
1 0 0 0 F 0 0 0 # 1 
1 H # 0 0 F 0 0 0 1 
1 1 0 # 0 0 0 1 0 1 
1 0 H 0 0 1 0 # 0 1 
1 1 1 1 1 1 1 1 1 1 
P51 P44 R21 T3

Map10
1 1 1 G 1 1 1 1 1 1 
1 0 H 0 0 0 # 0 0 1 
1 F 0 # 0 H 0 0 F 1 
1 0 # 0 0 0 0 0 1 1 
1 # 0 0 H # 0 F 0 1 
1 # F 0 1 0 0 0 0 1 
1 0 F H 0 0 H F 1 1 
S 0 F 0 1 0 0 H 0 1 
1 # 0 # 0 0 0 H # 1 
1 1 1 1 1 1 1 1 1 1 
P16 P68 L63 T7

Map10
1 1 1 1 1 1 1 S 1 1 
1 F H 0 0 0 0 0 0 1 
1 F 0 0 # 0 0 F 0 1 
1 F 1 # F 0 0 1 0 1 
1 0 H F 0 0 0 F F 1 
G F 0 0 0 0 0 0 H 1 
1 0 0 0 0 H 0 0 0 1 
1 H 0 0 0 0 # # # 1 
1 0 0 # 0 0 0 0 0 1 
1 1 1 1 1 1 1 1 1 1 
P31 P46 R62 T5

Map10
1 1 G 1 S 1 1 1 1 1 
1 0 F 0 0 0 1 0 0 1 
1 0 F 0 0 0 0 0 0 1 
1 0 0 0 H F 0 0 0 1 
1 0 F 1 H 0 1 0 0 1 
1 0 0 0 F 0 F H 0 1 
1 # 0 # 0 0 0 0 0 1 
1 F 0 0 0 H 0 0 0 1 
1 0 0 0 0 0 0 0 0 1 
1 1 1 1 1 1 1 1 1 1 
P42 P56 U26 T4

Map10
1 1 1 1 S 1 1 1 1 1 
1 0 0 0 0 0 F 0 0 1 
1 0 F F 0 0 0 0 0 1 
1 F 0 0 0 0 0 0 0 1 
G F 0 0 H F F H 0 1 
1 0 0 0 F H 0 1 1 1 
1 H 1 0 0 F 0 # 0 1 
1 # 0 0 0 0 H 0 0 1 
1 0 1 0 0 H 0 0 0 1 
1 1 1 1 1 1 1 1 1 1 
P43 P25 D21 T3

Map10
1 1 1 1 1 G 1 1 1 1 
1 0 1 0 0 0 0 0 H 1 
1 0 0 0 # 0 0 0 0 1 
S 0 H H 0 0 0 0 0 1 
1 0 1 0 0 0 0 0 0 1 
1 0 0 0 0 1 0 0 0 1 
1 0 1 0 1 0 0 1 0 1 
1 0 1 0 0 0 1 0 0 1 
1 0 0 0 0 0 0 0 0 1 
1 1 1 1 1 1 1 1 1 1 
P11 P62 U14 T3

Map10
1 1 G 1 1 1 1 1 1 1 
1 H # 0 # 0 H H 0 1 
1 0 0 0 0 0 0 0 H 1 
1 0 H 0 0 0 0 0 0 1 
S 0 0 0 0 H 0 0 0 1 
1 0 0 0 0 0 # # # 1 
1 0 0 0 0 0 0 0 0 1 
1 0 0 0 0 0 0 0 0 1 
1 # 0 # 0 0 0 0 0 1 
1 1 1 1 1 1 1 1 1 1 
P12 P44 L42 T3

Map10
1 1 1 1 1 1 1 1 1 1 
1 1 1 1 1 1 1 1 1 1 
1 1 1 1 1 1 1 1 1 1 
1 1 1 0 F 0 0 0 1 1 
1 1 1 H 0 0 F 0 1 1 
1 1 1 0 0 F 1 0 1 1 
1 1 1 0 1 F 0 0 S 1 
1 1 1 0 F 0 0 0 1 1 
1 1 1 1 1 G 1 1 1 1 
1 1 1 1 1 1 1 1 1 1 
P73 D53 R66 T3

Map10
1 1 1 1 1 1 1 1 1 1 
1 1 1 1 1 1 1 1 1 1 
1 1 1 1 1 1 1 1 1 1 
1 S 0 0 F 0 0 1 1 1 
1 1 F 0 0 0 H 1 1 1 
1 1 0 0 0 F 0 1 1 1 
1 1 F 0 0 0 0 1 1 1 
1 1 1 0 1 F 0 1 1 1 
1 1 1 G 1 1 1 1 1 1 
1 1 1 1 1 1 1 1 1 1 
P63 D34 L65 T2

Map10
1 1 1 1 1 1 1 1 1 1 
1 1 1 1 1 S 1 1 1 1 
1 1 1 0 0 F 0 # 1 1 
1 1 1 0 0 0 0 0 1 1 
1 1 1 0 0 0 0 0 1 1 
1 1 G F 0 F 0 0 1 1 
1 1 1 0 0 1 0 H 1 1 
1 1 1 1 1 1 1 1 1 1 
1 1 1 1 1 1 1 1 1 1 
1 1 1 1 1 1 1 1 1 1 
P54 P46 D42 T3

Map10
1 1 1 1 1 1 1 1 1 1 
1 1 1 1 1 1 1 1 1 1 
1 1 1 1 1 1 1 1 1 1 
1 1 0 0 F 0 0 1 1 1 
1 G F 0 0 0 H 1 1 1 
1 1 0 0 0 0 0 1 1 1 
1 1 0 0 0 0 0 1 1 1 
1 1 0 0 0 0 0 1 1 1 
1 1 1 1 1 1 S 1 1 1 
1 1 1 1 1 1 1 1 1 1 
P33 P65 U37 T3

Map10
1 1 1 1 1 1 1 1 1 1 
1 1 1 G 1 1 1 1 1 1 
1 1 0 0 F 0 0 1 1 1 
1 1 F 0 0 F 0 S 1 1 
1 1 0 0 0 0 H 1 1 1 
1 1 0 0 0 0 0 1 1 1 
1 1 F 0 0 0 0 1 1 1 
1 1 1 1 1 1 1 1 1 1 
1 1 1 1 1 1 1 1 1 1 
1 1 1 1 1 1 1 1 1 1 
P25 L65 D52 T2

Map10
1 1 1 1 1 1 1 1 1 1 
1 1 1 1 1 1 1 1 1 1 
1 1 1 1 1 1 1 1 1 1 
1 1 0 F 0 1 0 1 1 1 
1 1 0 F 0 0 # 1 1 1 
1 1 0 0 0 0 # 1 1 1 
1 1 F 0 F 0 # 1 1 1 
1 1 0 0 F 0 0 S 1 1 
1 1 1 1 1 G 1 1 1 1 
1 1 1 1 1 1 1 1 1 1 
P63 P44 R37 T4

Map10
1 1 1 1 1 1 1 1 1 1 
1 1 1 1 S 1 1 1 1 1 
1 1 1 0 F 0 0 H 1 1 
1 1 1 0 1 0 0 F 1 1 
1 1 G F 0 0 0 # 1 1 
1 1 1 0 0 0 0 0 1 1 
1 1 1 0 0 0 H 0 1 1 
1 1 1 1 1 1 1 1 1 1 
1 1 1 1 1 1 1 1 1 1 
1 1 1 1 1 1 1 1 1 1 
P62 P55 R32 T3

Map10
1 1 1 1 1 1 1 1 1 1 
1 1 1 1 1 1 1 1 1 1 
1 1 1 G 1 1 1 1 1 1 
1 1 0 0 0 0 # 1 1 1 
1 1 0 0 0 1 0 1 1 1 
1 1 0 0 0 0 H 1 1 1 
1 1 0 0 H 0 0 1 1 1 
1 1 0 0 0 0 0 1 1 1 
1 1 1 1 S 1 1 1 1 1 
1 1 1 1 1 1 1 1 1 1 
P25 P67 R37 T4

Map10
1 1 1 1 1 1 1 1 1 1 
1 1 1 1 1 1 1 1 1 1 
1 1 1 S 1 1 1 1 1 1 
1 1 1 0 0 0 H 0 1 1 
1 1 1 0 0 0 0 0 1 1 
1 1 G F 0 0 0 0 1 1 
1 1 1 0 H 0 0 # 1 1 
1 1 1 0 0 F 0 0 1 1 
1 1 1 1 1 1 1 1 1 1 
1 1 1 1 1 1 1 1 1 1 
P53 P74 R34 T7

Map10
1 1 1 1 1 1 1 1 1 1 
1 1 1 1 1 1 1 1 1 1 
1 1 1 1 1 1 1 1 1 1 
1 1 1 F 0 0 0 0 1 1 
1 1 1 0 # 0 0 0 1 1 
1 1 1 0 0 F 0 F 1 1 
1 1 1 F 0 0 0 # 1 1 
1 1 1 # # 0 0 0 1 1 
1 1 1 S 1 G 1 1 1 1 
1 1 1 1 1 1 1 1 1 1 
P64 U46 R34 T3

Map10
1 1 1 1 1 1 1 1 1 1 
1 1 1 1 1 1 1 1 1 1 
1 1 0 # H 0 F 1 1 1 
1 G 0 0 0 F 0 1 1 1 
1 1 0 0 0 F 0 1 1 1 
1 S 0 H 0 0 0 1 1 1 
1 1 0 0 0 0 F 1 1 1 
1 1 1 1 1 1 1 1 1 1 
1 1 1 1 1 1 1 1 1 1 
1 1 1 1 1 1 1 1 1 1 
P56 D24 L43 T5

Map10
1 1 1 1 1 1 1 1 1 1 
1 1 1 1 1 1 1 1 1 1 
1 1 1 1 1 S 1 1 1 1 
1 1 1 # 0 0 0 0 1 1 
1 1 1 F 0 H 0 0 1 1 
1 1 1 0 0 0 0 0 1 1 
1 1 1 F 0 0 0 0 1 1 
1 1 1 0 0 F 0 0 1 1 
1 1 1 1 1 G 1 1 1 1 
1 1 1 1 1 1 1 1 1 1 
P45 P76 R43 T4

Map10
1 1 1 1 1 1 1 1 1 1 
1 1 1 1 1 1 1 1 1 1 
1 1 1 0 0 0 # 0 1 1 
1 1 G 0 0 F 0 1 1 1 
1 1 1 H 0 H 0 0 S 1 
1 1 1 0 # 0 # 0 1 1 
1 1 1 0 0 0 0 0 1 1 
1 1 1 1 1 1 1 1 1 1 
1 1 1 1 1 1 1 1 1 1 
1 1 1 1 1 1 1 1 1 1 
P42 P36 D63 T4

Map10
1 1 1 1 1 1 1 1 1 1 
1 1 1 1 1 1 1 1 1 1 
1 1 1 1 1 1 1 1 1 1 
1 1 1 0 0 # 0 0 1 1 
1 1 1 0 0 0 0 0 1 1 
1 1 1 F 0 0 # # G 1 
1 1 S 0 H 0 0 # 1 1 
1 1 1 0 0 0 0 H 1 1 
1 1 1 1 1 1 1 1 1 1 
1 1 1 1 1 1 1 1 1 1 
P63 P56 U37 T4

Map10
1 1 1 1 1 1 1 1 1 1 
1 1 1 1 1 1 1 1 1 1 
1 1 1 1 G 1 1 1 1 1 
1 1 1 0 F 0 0 0 1 1 
1 1 1 0 0 # 0 0 1 1 
1 1 1 F 0 0 # # 1 1 
1 1 1 0 0 0 0 F 1 1 
1 1 1 0 H 0 0 # S 1 
1 1 1 1 1 1 1 1 1 1 
1 1 1 1 1 1 1 1 1 1 
P73 P34 R57 T4

Map10
1 1 1 1 1 1 1 1 1 1 
1 1 1 1 1 1 S 1 1 1 
1 1 1 0 0 F 0 0 1 1 
1 1 1 # H 0 0 0 1 1 
1 1 1 0 0 0 H 1 1 1 
1 1 1 0 0 0 F # 1 1 
1 1 1 F 0 0 0 0 1 1 
1 1 1 1 1 1 1 G 1 1 
1 1 1 1 1 1 1 1 1 1 
1 1 1 1 1 1 1 1 1 1 
P63 P54 R35 T6

Map10
1 1 1 1 1 1 1 1 1 1 
1 1 1 1 1 1 1 1 1 1 
1 1 1 F 0 0 0 0 1 1 
1 1 1 # 0 0 # F G 1 
1 1 1 0 0 0 0 0 1 1 
1 1 1 0 0 0 # H 1 1 
1 1 1 0 0 0 0 0 1 1 
1 1 1 S 1 1 1 1 1 1 
1 1 1 1 1 1 1 1 1 1 
1 1 1 1 1 1 1 1 1 1 
P34 U56 R43 T2

Map10
1 1 1 1 1 1 1 1 1 1 
1 1 1 1 1 1 1 1 1 1 
1 1 1 1 1 S 1 1 1 1 
1 1 0 0 F 0 0 1 1 1 
1 1 0 0 0 H H 1 1 1 
1 1 1 0 0 0 0 1 1 1 
1 1 0 F 0 # 0 G 1 1 
1 1 0 0 0 0 F 1 1 1 
1 1 1 1 1 1 1 1 1 1 
1 1 1 1 1 1 1 1 1 1 
P23 L63 R26 T2

Map10
1 1 1 1 1 1 1 1 1 1 
1 1 1 1 1 G 1 1 1 1 
1 1 1 0 0 0 # H 1 1 
1 1 1 0 # # F 0 S 1 
1 1 1 1 0 0 0 H 1 1 
1 1 1 0 0 F 0 0 1 1 
1 1 1 0 0 F 1 0 1 1 
1 1 1 1 1 1 1 1 1 1 
1 1 1 1 1 1 1 1 1 1 
1 1 1 1 1 1 1 1 1 1 
P64 P45 D42 T3

Map10
1 1 1 1 1 1 1 1 1 1 
1 1 1 1 1 1 1 1 1 1 
1 1 1 1 1 1 1 1 1 1 
1 1 1 0 1 F 0 0 S 1 
1 1 1 0 0 F 0 # 1 1 
1 1 1 F 0 0 0 0 1 1 
1 1 G 0 0 0 0 0 1 1 
1 1 1 0 # 0 0 F 1 1 
1 1 1 1 1 1 1 1 1 1 
1 1 1 1 1 1 1 1 1 1 
P63 P55 L76 T4

Map8
1 1 1 1 1 1 S 1 
1 0 0 1 0 1 F 1 
1 F 0 0 F 0 0 1 
1 0 0 0 0 0 0 1 
G 0 0 0 0 0 H 1 
1 F 0 F F 0 0 1 
1 0 1 0 1 0 0 1 
1 1 1 1 1 1 1 1 
P63 P25 D21 T3

Map8
1 1 1 G 1 1 1 1 
1 1 0 0 0 H 1 1 
1 0 1 0 1 F 0 1 
1 0 0 0 0 0 0 1 
1 0 0 0 # 0 0 1 
1 0 0 H 0 H 0 1 
1 0 0 0 0 0 0 1 
1 1 1 1 1 S 1 1 
P62 P23 R46 T4

Map8
1 1 1 1 G 1 1 1 
1 0 0 1 0 0 F 1 
1 # 0 0 0 0 F 1 
1 0 # H 0 H # 1 
1 F # 0 0 0 0 1 
1 0 H 1 0 # # 1 
1 0 0 0 0 1 0 1 
1 1 S 1 1 1 1 1 
P11 U43 L36 T3

Map8
1 1 1 1 1 S 1 1 
1 0 0 1 0 0 0 1 
1 F # # 0 F 0 1 
1 0 0 0 0 1 0 1 
1 0 0 0 0 1 0 1 
1 0 F 0 1 0 # 1 
1 F 0 0 F 0 0 1 
1 1 G 1 1 1 1 1 
P63 R41 D21 T3

Map8
1 1 1 1 1 1 1 1 
1 F 0 0 0 0 0 1 
G F 0 0 0 0 0 1 
1 0 0 0 0 0 0 1 
1 F 0 0 F 0 0 1 
1 0 F # # # 0 S 
1 F 0 0 0 0 F 1 
1 1 1 1 1 1 1 1 
P31 P26 D54 T4

Map8
1 1 1 1 G 1 1 1 
1 0 0 0 F 0 # 1 
S F 0 0 0 F # 1 
1 0 1 0 0 0 1 1 
1 0 0 H # 0 1 1 
1 0 H 0 F 0 1 1 
1 0 1 H 0 0 0 1 
1 1 1 1 1 1 1 1 
P33 P54 D51 T3

Map8
1 1 1 1 1 1 1 1 
1 0 0 0 H 0 # 1 
S 0 0 0 0 H 0 1 
1 0 F F 0 0 # 1 
1 0 0 0 0 # 0 1 
1 0 F 0 0 0 F 1 
1 0 0 0 # F 1 1 
1 1 1 1 G 1 1 1 
P32 P53 R13 T3

Map8
1 1 1 1 G 1 1 1 
1 0 0 H 0 0 0 1 
S 0 # # 0 H 0 1 
1 0 0 0 0 F # 1 
1 0 0 0 0 0 1 1 
1 0 0 1 0 H 0 1 
1 # F 0 1 0 0 1 
1 1 1 1 1 1 1 1 
P54 R14 D21 T2

Map8
1 1 1 1 S 1 1 1 
1 F 0 0 F F 0 1 
1 0 # H 1 0 # 1 
1 F 0 0 0 0 F 1 
1 F 0 0 0 0 0 1 
1 1 0 0 F 1 0 1 
1 1 # F 0 1 0 1 
1 1 1 1 G 1 1 1 
P65 R31 D43 T3

Map8
1 1 1 1 G 1 1 1 
1 # 0 H 0 0 0 1 
1 F 0 # 0 0 1 1 
1 F 0 F 0 0 0 1 
1 0 F 0 0 0 0 1 
1 0 1 0 0 0 0 1 
1 0 0 0 1 0 H 1 
1 S 1 1 1 1 1 1 
P15 U43 R22 T3

Map10
1 1 1 S 1 1 1 1 1 1 
1 1 0 F 0 0 H 0 0 1 
1 1 0 0 0 # # # 0 1 
1 1 0 0 0 0 F 0 0 1 
1 1 0 H F 0 H H F 1 
1 1 1 # # 0 H 0 0 1 
1 1 0 F 0 0 # F 0 1 
1 1 # # 0 F F F 0 1 
1 1 1 G 1 1 1 1 1 1 
1 1 1 1 1 1 1 1 1 1 
P33 L55 D41 T3

Map10
1 1 1 1 1 1 1 1 1 1 
1 1 1 1 1 1 1 1 1 1 
1 0 0 0 0 0 0 0 1 1 
1 # H 0 0 0 # H 1 1 
S 0 0 H 0 0 0 H 1 1 
1 0 H 0 0 0 0 0 G 1 
1 0 0 0 0 0 0 1 1 1 
1 0 0 0 0 H 0 0 1 1 
1 0 1 0 1 0 0 # 1 1 
1 1 1 1 1 1 1 1 1 1 
P52 R35 U15 T3

Map10
1 1 1 1 1 1 1 1 1 1 
1 1 1 1 1 1 S 1 1 1 
1 1 0 0 0 0 0 0 0 1 
1 1 F 0 F 0 H 0 1 1 
1 1 1 0 0 0 0 0 0 1 
1 1 0 0 0 0 0 0 0 1 
1 G 0 0 F # 0 # 1 1 
1 1 0 1 0 0 0 F F 1 
1 1 H 1 1 0 F F F 1 
1 1 1 1 1 1 1 1 1 1 
P82 P75 R52 T5

Map10
1 1 1 1 1 1 1 1 1 1 
1 1 1 1 S 1 1 1 1 1 
1 F 0 # F 0 0 # 1 1 
1 F 0 0 0 F 0 0 1 1 
1 # 0 0 0 0 # 0 1 1 
G 0 0 H # 0 0 F 1 1 
1 # 0 0 0 H F 0 1 1 
1 0 0 0 # F 0 0 1 1 
1 F H # # H F 0 1 1 
1 1 1 1 1 1 1 1 1 1 
P44 P78 L25 T5

Map10
1 1 1 1 1 1 1 1 1 1 
1 F 0 0 0 0 0 0 1 1 
1 0 H 0 0 0 # F G 1 
1 H 0 F 0 0 0 0 1 1 
1 F F 1 F 0 # 0 1 1 
1 0 0 H 0 F F 0 S 1 
1 0 0 1 0 0 0 # 1 1 
1 0 0 H F F 0 0 1 1 
1 1 1 1 1 1 1 1 1 1 
1 1 1 1 1 1 1 1 1 1 
P77 R32 D74 T3

Map10
1 1 1 1 1 1 1 1 1 1 
1 1 S 1 1 1 1 G 1 1 
1 1 # 0 0 F 0 F 0 1 
1 1 0 F 1 F H 0 # 1 
1 1 0 F 0 # F # 0 1 
1 1 H # 0 0 0 0 0 1 
1 1 0 0 0 0 H 0 1 1 
1 1 F # 1 0 0 1 0 1 
1 1 H 0 0 # 0 1 0 1 
1 1 1 1 1 1 1 1 1 1 
P42 P84 R24 T5

Map10
1 1 1 1 1 1 1 1 1 1 
1 1 S 1 1 1 1 1 1 1 
1 0 F 0 F 0 0 0 1 1 
G F F 0 0 0 0 F 1 1 
1 1 0 0 0 0 0 H 1 1 
1 F 1 0 F 0 0 0 1 1 
1 1 0 0 0 0 0 1 1 1 
1 0 F 0 1 0 0 1 1 1 
1 1 0 0 0 H 0 0 1 1 
1 1 1 1 1 1 1 1 1 1 
P62 P54 R12 T3

Map10
1 1 1 1 1 1 1 1 1 1 
1 # # 0 0 1 1 H 1 1 
1 H 0 0 0 0 0 0 1 1 
1 1 0 0 0 0 0 0 1 1 
1 0 H 0 0 H 0 0 G 1 
1 0 0 0 0 0 1 H 1 1 
1 0 0 0 0 1 H 0 1 1 
1 1 0 0 0 0 0 0 S 1 
1 1 1 1 1 1 1 1 1 1 
1 1 1 1 1 1 1 1 1 1 
P27 R23 D62 T3

Map10
1 1 1 1 1 1 1 1 1 1 
G 0 1 0 0 0 0 0 1 1 
1 0 0 1 0 0 0 F 1 1 
1 1 F 0 1 0 0 0 1 1 
1 0 0 0 F 0 0 0 1 1 
1 0 # 0 # 0 0 # 1 1 
1 0 0 0 0 0 F 0 1 1 
1 F F 0 0 0 0 0 1 1 
1 1 1 1 S 1 1 1 1 1 
1 1 1 1 1 1 1 1 1 1 
P74 D46 U26 T7

Map10
1 1 1 1 1 1 1 1 1 1 
1 1 1 1 1 1 1 G 1 1 
1 1 0 0 0 0 1 0 0 1 
1 1 0 0 0 0 0 0 0 1 
1 1 0 1 H F 0 0 1 1 
1 1 0 H 0 0 0 1 0 1 
1 1 H 0 0 0 1 0 0 1 
1 S 0 0 H 0 0 0 0 1 
1 1 1 0 0 0 0 0 0 1 
1 1 1 1 1 1 1 1 1 1 
P52 P68 D36 T7

Map10
1 1 1 1 1 S 1 1 1 1 
1 0 # F 0 0 0 F 0 1 
1 H # H 0 0 0 0 0 1 
1 0 0 0 0 H # 0 0 1 
1 0 0 F 0 0 0 0 0 1 
1 0 0 0 0 # 0 0 0 1 
1 0 # 0 F 0 0 H 0 1 
G 0 0 0 0 0 H F 0 1 
1 H F 0 # 0 F 0 # 1 
1 1 1 1 1 1 1 1 1 1 
P11 L61 L37 T2

Map10
1 1 1 1 1 1 1 S 1 1 
1 0 0 1 F 0 0 0 1 1 
1 # F 0 0 0 1 0 F 1 
1 0 0 0 0 F 0 0 1 1 
G 0 0 0 0 H 0 F 0 1 
1 0 0 F 0 0 0 F 0 1 
1 0 0 0 # 0 1 0 0 1 
1 F 0 0 0 0 0 0 0 1 
1 0 0 0 0 0 0 F 1 1 
1 1 1 1 1 1 1 1 1 1 
P13 R64 U18 T4

Map10
1 1 G 1 1 1 S 1 1 1 
1 0 # F 0 H 0 0 F 1 
1 0 F 0 0 F 0 0 0 1 
1 0 1 F 0 0 0 0 1 1 
1 0 0 F 0 H F 0 # 1 
1 0 0 # 1 0 F 0 0 1 
1 0 0 0 0 F 0 0 0 1 
1 0 0 0 1 0 0 F 0 1 
1 0 0 H 1 0 0 0 0 1 
1 1 1 1 1 1 1 1 1 1 
P11 P32 L72 T4

Map10
1 1 1 1 1 1 1 G 1 1 
1 0 0 0 0 # 0 F 0 1 
1 0 0 0 0 0 # 0 0 1 
S F H 0 0 0 # 0 0 1 
1 F F 1 H 0 0 # 0 1 
1 F 0 0 0 H 0 # # 1 
1 0 0 F 0 0 0 0 # 1 
1 F 0 0 0 F 0 # 0 1 
1 0 0 0 1 0 0 # F 1 
1 1 1 1 1 1 1 1 1 1 
P87 R27 D12 T4

Map10
1 1 1 1 1 1 S 1 1 1 
1 0 1 0 0 0 0 0 F 1 
1 H 1 0 0 0 H 0 0 1 
1 0 0 0 0 1 0 H # 1 
1 0 0 0 # # F 0 0 1 
1 H # 1 0 0 # 0 0 1 
1 # 0 0 0 # 0 # 0 1 
G 0 # H 0 0 0 F 0 1 
1 0 0 0 H 0 0 0 F 1 
1 1 1 1 1 1 1 1 1 1 
P28 L71 D23 T4

Map10
1 G 1 1 1 1 1 1 1 1 
1 0 0 # 0 1 H 0 0 1 
1 0 0 # 0 0 0 0 0 1 
1 0 1 # 0 # # 0 # 1 
1 H 0 0 0 1 0 0 0 1 
1 0 0 1 0 0 0 0 0 1 
S 0 0 # # H # 0 0 1 
1 0 0 0 0 # 0 1 0 1 
1 0 0 0 H 0 0 H 1 1 
1 1 1 1 1 1 1 1 1 1 
P26 P18 L72 T5

Map10
1 1 1 1 1 S 1 1 1 1 
1 0 0 0 0 0 0 0 0 1 
1 0 0 0 0 H 0 0 0 1 
1 0 0 H 0 0 0 0 0 1 
1 1 0 0 0 0 0 1 0 1 
1 0 0 0 F H F 0 0 1 
1 0 0 0 0 0 0 0 0 1 
G 0 0 0 0 H 0 0 H 1 
1 1 0 0 0 0 0 0 H 1 
1 1 1 1 1 1 1 1 1 1 
P11 L61 L37 T2

Map10
1 1 G 1 1 1 1 1 1 1 
S 0 0 # 0 0 0 0 0 1 
1 # 0 # 0 0 0 F 0 1 
1 0 # 0 0 0 H 0 # 1 
1 F 0 H 0 0 H 0 0 1 
1 0 1 0 0 0 0 # 0 1 
1 # 0 0 F 0 0 0 0 1 
1 0 0 0 F F 0 0 0 1 
1 0 0 H 0 0 0 0 F 1 
1 1 1 1 1 1 1 1 1 1 
P41 P13 L43 T3

Map10
1 1 S 1 1 1 1 1 1 1 
1 0 0 0 0 0 0 # 0 1 
1 0 0 0 0 H # # 1 1 
1 F 1 1 0 F 0 1 0 1 
1 1 0 0 0 0 # 0 0 1 
1 0 0 1 0 # 0 0 0 1 
1 0 F 0 0 0 0 0 0 1 
G 0 0 H 0 0 0 0 # 1 
1 0 0 0 F 1 0 # 0 1 
1 1 1 1 1 1 1 1 1 1 
P47 D41 L27 T4

Map10
1 1 1 1 S 1 1 1 1 1 
1 F # 0 0 0 0 0 H 1 
1 0 # 0 1 0 0 0 0 1 
1 F 0 H F F 0 0 0 1 
1 0 # 1 0 0 0 0 F 1 
1 # 0 0 1 0 H # F 1 
G 0 0 0 H 0 H 0 0 1 
1 0 H # 0 H 0 F 0 1 
1 0 0 0 0 0 0 0 0 1 
1 1 1 1 1 1 1 1 1 1 
P71 R52 L26 T6

Map10
1 1 1 1 1 1 1 1 1 1 
1 0 0 0 1 0 0 0 0 1 
1 0 0 H 0 0 0 0 0 1 
G F 0 0 # 0 # 0 H 1 
1 0 # 0 0 0 0 0 0 1 
1 0 F 0 F # 0 0 0 1 
S 0 0 H 0 H 0 F 1 1 
1 0 # 0 0 # 0 0 H 1 
1 0 0 0 F 0 0 0 0 1 
1 1 1 1 1 1 1 1 1 1 
P22 P14 U26 T4

Map10
1 1 1 1 1 1 G 1 1 1 
1 0 0 0 # F 0 0 1 1 
1 0 H 0 1 1 1 0 0 1 
1 0 0 # F 1 0 0 1 1 
1 1 0 0 F 0 F # # 1 
S 0 0 # F 0 0 0 F 1 
1 # 0 F 0 # 0 0 0 1 
1 1 0 0 0 0 # 0 0 1 
1 0 0 0 0 0 0 0 # 1 
1 1 1 1 1 1 1 1 1 1 
P71 P24 U86 T5

Map10
1 1 1 1 1 1 1 1 1 1 
1 0 0 0 0 0 0 0 F 1 
1 0 # 0 0 0 0 0 0 1 
S F F 0 F 0 0 F 0 1 
G 0 0 0 1 0 # 0 0 1 
1 0 0 0 0 0 F F F 1 
1 0 0 0 0 0 F 0 0 1 
1 0 0 0 # 0 0 0 0 1 
1 0 0 0 0 0 # 0 0 1 
1 1 1 1 1 1 1 1 1 1 
P21 P35 U54 T4

Map10
1 1 1 1 1 1 G 1 1 1 
1 1 0 0 F F 0 0 0 1 
1 F 0 0 0 0 0 0 0 1 
1 0 0 0 0 # F 0 0 1 
1 0 H # # 0 1 0 0 1 
1 0 0 0 0 0 0 0 0 1 
S 0 H 0 0 0 0 0 1 1 
1 0 0 # 0 0 0 0 0 1 
1 0 0 0 0 # 0 0 0 1 
1 1 1 1 1 1 1 1 1 1 
P48 D15 U62 T4

Map10
1 1 1 1 1 G 1 1 1 1 
1 0 # 0 0 F 0 0 # 1 
1 F # 1 0 0 0 0 0 1 
1 1 0 F 0 0 0 # 0 1 
1 0 # 0 # # # 0 0 1 
S 0 F H 0 0 0 0 F 1 
1 0 0 0 0 0 0 1 0 1 
1 # 0 0 1 0 1 1 0 1 
1 1 F 0 F H 0 0 0 1 
1 1 1 1 1 1 1 1 1 1 
P66 D14 R26 T4

Map10
1 1 1 G 1 1 1 1 1 1 
1 0 0 0 F 0 0 0 0 1 
1 0 0 0 1 # 0 F 0 1 
1 0 0 0 0 F H F F 1 
1 H 0 0 F 0 0 # 0 1 
S 0 F 1 0 0 0 H 0 1 
1 0 0 0 0 0 # 0 0 1 
1 0 0 0 0 0 F H F 1 
1 0 0 0 0 H 0 0 1 1 
1 1 1 1 1 1 1 1 1 1 
P21 R16 D24 T4

Map10
1 1 1 1 1 G 1 1 1 1 
1 1 0 0 0 0 F 0 F 1 
1 F 0 0 0 F 0 0 0 1 
1 0 0 0 0 1 0 1 0 1 
1 0 # 0 0 F 0 0 0 1 
1 1 0 0 0 0 # 1 0 1 
S F 0 0 0 0 0 0 0 1 
1 0 0 F 0 1 0 0 F 1 
1 0 0 0 0 0 0 0 # 1 
1 1 1 1 1 1 1 1 1 1 
P41 U67 L71 T2

Map10
1 1 1 G 1 1 1 1 1 1 
1 0 0 0 1 0 0 0 0 1 
1 H 0 0 0 0 0 0 0 1 
1 0 1 0 # 0 1 0 0 1 
S 0 0 0 H 0 0 H 0 1 
1 0 0 0 F 0 0 0 1 1 
1 0 # F # 0 0 0 0 1 
1 0 0 0 F 0 F 1 1 1 
1 0 0 F 0 0 0 0 0 1 
1 1 1 1 1 1 1 1 1 1 
P52 P68 D13 T5

Map10
1 1 1 1 S 1 1 1 1 1 
1 0 0 1 0 0 0 0 0 1 
G 0 1 0 0 0 0 0 0 1 
1 0 0 0 H 0 0 0 0 1 
1 0 H 0 0 0 0 0 H 1 
1 F 0 0 0 0 0 0 0 1 
1 0 0 0 # 0 0 0 0 1 
1 0 0 0 0 0 0 0 H 1 
1 0 F 0 0 0 0 0 0 1 
1 1 1 1 1 1 1 1 1 1 
P11 D51 R32 T4

Map10
1 1 1 1 1 1 1 G 1 1 
1 0 0 0 0 0 0 0 H 1 
1 0 0 # 0 1 0 0 0 1 
1 0 0 0 # 0 0 0 # 1 
1 1 0 0 0 0 0 0 0 1 
1 0 0 1 0 0 0 0 0 1 
S 0 # H 0 0 0 0 0 1 
1 0 0 0 0 0 0 # 0 1 
1 0 0 0 H 0 0 0 0 1 
1 1 1 1 1 1 1 1 1 1 
P87 R17 D25 T2

Map10
1 1 1 S 1 1 1 G 1 1 
1 1 0 0 0 0 0 0 0 1 
1 F F F 0 F # 0 # 1 
1 0 0 0 F 0 0 # 0 1 
1 0 0 F 0 0 0 0 1 1 
1 0 F H 0 0 0 0 0 1 
1 0 0 # 0 1 0 H 0 1 
1 0 H 1 0 0 # 1 H 1 
1 0 0 0 # 0 0 0 0 1 
1 1 1 1 1 1 1 1 1 1 
P81 P14 L44 T4

Map10
1 1 1 1 1 1 1 1 1 1 
1 0 0 F 0 0 # 0 0 1 
S 0 0 0 0 0 H 0 0 1 
1 0 H 0 H 0 0 F 0 1 
1 0 H H F 0 0 0 0 1 
1 0 0 0 0 0 F # 0 1 
G 0 1 0 0 0 0 0 0 1 
1 # 0 0 0 0 0 0 0 1 
1 0 0 0 1 F 0 0 0 1 
1 1 1 1 1 1 1 1 1 1 
P15 P88 U13 T6

Map10
1 1 1 1 1 1 1 G 1 1 
1 0 # # H 0 # 0 F 1 
1 0 0 F 0 0 0 0 0 1 
S 0 # 0 H 0 F 1 F 1 
1 H 0 0 0 0 0 H 1 1 
1 0 0 1 F 0 0 1 0 1 
1 0 1 H 0 0 0 H 0 1 
1 # 0 F 0 0 0 F 0 1 
1 # # H # 0 0 F 0 1 
1 1 1 1 1 1 1 1 1 1 
P82 U24 R12 T2

Map10
1 1 1 1 1 1 G 1 1 1 
S 0 0 0 1 0 0 0 H 1 
1 0 0 0 F 0 0 H 0 1 
1 0 0 0 0 0 H 0 0 1 
1 H 0 0 0 0 0 0 0 1 
1 0 H 0 0 0 # F 0 1 
1 0 0 0 0 0 0 1 0 1 
1 0 F 0 0 0 0 0 0 1 
1 1 0 0 0 1 0 0 # 1 
1 1 1 1 1 1 1 1 1 1 
P71 P62 R22 T5

Map10
1 1 1 G 1 1 1 S 1 1 
1 0 0 0 0 1 0 # 0 1 
1 0 0 0 0 0 0 H 0 1 
1 0 1 1 0 0 1 0 # 1 
1 0 F 0 0 H 0 1 # 1 
1 0 0 F H 1 0 F 0 1 
1 0 1 # 0 H 0 0 0 1 
1 0 H 0 0 0 0 0 0 1 
1 0 0 0 0 0 0 0 H 1 
1 1 1 1 1 1 1 1 1 1 
P41 P86 R61 T8

Map10
1 1 1 1 S 1 G 1 1 1 
1 0 0 0 0 0 0 0 0 1 
1 # 0 0 H 0 0 0 0 1 
1 0 0 1 0 0 0 0 # 1 
1 # 0 H H 1 0 0 0 1 
1 F 0 0 F 0 0 0 0 1 
1 0 # 0 0 F 0 1 0 1 
1 F 0 # 0 0 0 1 H 1 
1 0 0 0 H 1 0 1 1 1 
1 1 1 1 1 1 1 1 1 1 
P11 P27 L51 T4

Map10
1 1 1 1 1 1 G 1 1 1 
1 0 0 0 0 0 0 F F 1 
1 F 0 0 0 0 # 0 0 1 
1 0 0 0 0 0 1 F 0 1 
S 0 0 0 0 0 0 0 0 1 
1 1 0 0 F 0 0 0 # 1 
1 0 # 0 0 0 0 1 0 1 
1 F 0 0 0 0 0 1 0 1 
1 0 0 # 0 F 0 0 0 1 
1 1 1 1 1 1 1 1 1 1 
P72 U35 R22 T2

Map10
1 1 1 1 1 1 1 S 1 1 
1 H 0 0 F 0 1 0 0 1 
1 0 0 F F 0 0 0 0 1 
1 0 0 F H 0 0 H 0 1 
G F 0 0 0 0 F 0 0 1 
1 0 0 0 H 0 0 F F 1 
1 0 0 H 0 0 F # H 1 
1 0 0 1 0 0 0 F F 1 
1 0 0 0 0 0 0 0 0 1 
1 1 1 1 1 1 1 1 1 1 
P12 P25 L82 T3

Map10
1 1 1 1 S 1 1 1 1 1 
1 F 0 F 0 # 0 0 0 1 
1 F 0 0 0 0 0 0 F 1 
1 # # 0 F 0 F 0 0 1 
G 0 H F F F 0 0 # 1 
1 0 # 0 0 0 # # F 1 
1 0 0 # 0 0 0 0 0 1 
1 0 0 0 0 0 0 H 0 1 
1 0 0 F 0 1 0 0 0 1 
1 1 1 1 1 1 1 1 1 1 
P32 P15 U37 T7

Map10
1 1 S 1 1 1 1 1 1 1 
1 # 0 0 0 H # 0 0 1 
1 0 H 0 0 0 H # 0 1 
1 0 1 0 0 # F 0 1 1 
1 0 0 # 0 0 0 0 0 1 
1 1 0 0 1 0 H 0 0 1 
1 0 0 F 0 F 0 0 # 1 
G 0 0 0 # 0 0 0 H 1 
1 0 0 0 0 H 0 H 0 1 
1 1 1 1 1 1 1 1 1 1 
P64 L31 L67 T4

Map10
1 1 1 1 1 1 S G 1 1 
1 # 0 F 0 0 0 0 # 1 
1 1 # 0 0 0 H F # 1 
1 0 0 # F # F 0 0 1 
1 0 0 F 0 0 0 0 0 1 
1 # F 0 H 0 0 1 H 1 
1 0 0 0 0 0 0 # 0 1 
1 0 # 0 F # 0 0 0 1 
1 0 0 0 0 0 0 1 1 1 
1 1 1 1 1 1 1 1 1 1 
P83 R51 U73 T3

Map10
1 1 1 1 1 1 1 1 1 1 
1 F 0 0 0 0 0 H 1 1 
1 0 # 0 0 0 0 F 0 1 
G 0 0 0 0 0 # 0 0 1 
1 0 0 0 0 0 0 0 0 1 
1 H # 0 # 0 0 0 0 1 
S 0 0 H 0 0 0 0 1 1 
1 0 0 0 0 # 0 0 F 1 
1 0 0 0 0 0 0 0 0 1 
1 1 1 1 1 1 1 1 1 1 
P21 P14 U27 T4

Map10
1 1 1 1 1 1 1 1 1 1 
1 0 F 0 0 0 # H 0 1 
G # 0 0 # 0 0 0 0 1 
1 # 0 0 0 0 0 0 0 1 
1 0 0 # 0 0 0 # 1 1 
S 0 H 1 0 H 0 0 F 1 
1 0 0 0 0 0 0 F 0 1 
1 0 0 0 H 1 0 F 0 1 
1 # # # 0 0 # 0 # 1 
1 1 1 1 1 1 1 1 1 1 
P78 L72 D14 T3

Map10
1 1 1 1 1 1 1 S 1 1 
1 0 H 0 0 0 0 0 F 1 
1 H 0 0 0 0 0 0 0 1 
1 F 0 F 0 H 1 H 1 1 
1 0 0 0 1 0 0 0 1 1 
1 0 0 0 # H H 0 1 1 
1 F F 0 0 0 0 0 0 1 
G 0 0 0 0 0 F 0 0 1 
1 0 0 0 0 F 1 F 1 1 
1 1 1 1 1 1 1 1 1 1 
P38 D31 L82 T2

Map10
1 1 1 S 1 1 1 1 1 1 
1 # 0 0 0 0 0 0 0 1 
1 F H H 1 0 0 0 H 1 
1 F 0 0 H 1 F 0 0 1 
1 0 0 0 0 F 0 0 0 1 
1 H 0 F 0 0 F 0 0 1 
1 0 0 0 0 0 0 F 0 1 
G 0 0 0 0 0 0 0 0 1 
1 0 0 0 0 F 0 F 0 1 
1 1 1 1 1 1 1 1 1 1 
P71 L77 R21 T2

Map10
1 1 1 1 G 1 1 1 1 1 
1 0 0 0 F 0 0 0 F 1 
S F 0 0 F 0 0 # 0 1 
1 0 0 F # 0 0 0 0 1 
1 0 # 0 0 0 # H 0 1 
1 0 0 0 0 F H 0 0 1 
1 0 1 0 F H F 0 0 1 
1 0 0 0 0 0 0 0 F 1 
1 F 0 0 0 0 0 F 0 1 
1 1 1 1 1 1 1 1 1 1 
P32 P25 U45 T3

Map10
1 1 1 1 1 1 1 S 1 1 
1 0 H # 0 0 0 0 0 1 
G 0 0 H # 0 F 1 0 1 
1 0 F 0 0 0 1 0 0 1 
1 0 H 0 0 0 H 0 0 1 
1 # 0 0 H 0 0 # H 1 
1 0 1 0 F 0 1 0 # 1 
1 1 0 0 # H 0 0 # 1 
1 # 0 0 0 0 0 0 # 1 
1 1 1 1 1 1 1 1 1 1 
P41 P54 L22 T5

Map10
1 1 1 1 1 1 G 1 1 1 
1 F 0 F 0 0 0 0 0 1 
1 0 0 0 F 0 0 0 0 1 
1 0 H 0 0 0 0 0 0 1 
1 0 0 0 0 0 0 0 H 1 
1 0 0 0 0 0 H 0 0 1 
S 0 # H 0 0 0 1 0 1 
1 0 0 0 0 F F 0 0 1 
1 0 H H F 0 0 F 0 1 
1 1 1 1 1 1 1 1 1 1 
P74 U27 R14 T2

Map10
1 1 1 1 1 1 1 S 1 1 
1 F # F 0 0 0 0 0 1 
1 0 F 0 0 0 0 0 0 1 
1 # 0 0 F F 1 H # 1 
1 0 H 0 0 0 # 0 0 1 
G F 0 # 1 1 0 F 0 1 
1 F 0 0 F 0 0 0 0 1 
1 0 H 0 0 1 H H 1 1 
1 # F 0 0 0 0 0 0 1 
1 1 1 1 1 1 1 1 1 1 
P34 R61 U37 T4

Map10
1 1 1 1 1 1 1 1 1 1 
1 0 0 0 0 0 0 0 # 1 
1 # H H 0 0 F 0 # 1 
S 0 H F 0 0 # # 0 1 
1 0 0 0 0 0 0 0 0 1 
1 0 0 0 0 0 0 0 0 1 
G F 0 0 0 0 0 0 H 1 
1 # F 0 0 0 0 0 # 1 
1 F # 0 # H 0 0 0 1 
1 1 1 1 1 1 1 1 1 1 
P51 U14 L56 T3

Map10
1 1 G 1 1 1 1 1 1 1 
1 F # H F 0 0 F # 1 
1 0 0 0 0 0 0 1 1 1 
1 0 0 0 0 0 # 0 0 1 
S 0 H H F F # 0 0 1 
1 0 0 0 # 0 # H 0 1 
1 F F 1 0 0 F 0 H 1 
1 0 0 0 H 0 1 # 0 1 
1 0 0 # H 0 0 0 0 1 
1 1 1 1 1 1 1 1 1 1 
P12 P33 U15 T3

Map10
1 1 1 1 1 S 1 1 1 1 
1 0 0 H 0 0 F 0 0 1 
1 0 0 1 0 F 0 0 0 1 
1 0 0 0 0 0 0 0 0 1 
1 H F 0 1 H 0 0 0 1 
G 0 0 0 H 0 0 0 F 1 
1 0 0 F 0 1 F F F 1 
1 0 0 0 0 0 0 0 0 1 
1 0 0 H 1 0 0 0 0 1 
1 1 1 1 1 1 1 1 1 1 
P34 P27 U53 T8

Map10
1 1 1 1 1 1 S 1 1 1 
1 0 H 1 0 F 0 0 0 1 
1 0 0 H # 0 0 0 0 1 
1 # 1 # F 0 H 0 1 1 
1 1 0 0 F 0 0 H 0 1 
G # F 0 H 0 0 0 0 1 
1 0 H 0 # 0 0 0 0 1 
1 0 1 0 0 0 F # 0 1 
1 F 0 0 H 1 0 0 1 1 
1 1 1 1 1 1 1 1 1 1 
P62 L54 L35 T4

Map10
1 1 G 1 1 1 1 1 1 1 
1 H 0 0 F 0 0 0 0 1 
1 0 0 0 0 H 0 0 0 1 
1 0 0 0 0 F 0 0 0 1 
1 0 0 0 0 0 0 0 0 1 
1 0 0 0 0 0 0 0 0 1 
S 0 H 0 0 0 0 0 0 1 
1 0 0 0 0 0 0 0 1 1 
1 0 0 0 1 0 0 0 0 1 
1 1 1 1 1 1 1 1 1 1 
P12 P33 U17 T3

Map10
1 1 1 1 1 S 1 1 1 1 
1 0 0 H 0 # # 0 0 1 
1 0 0 # 0 H 0 F 1 1 
1 # 0 0 # # F 0 0 1 
1 0 H 0 0 # 0 0 # 1 
G 0 0 0 F 0 0 # 0 1 
1 H F 0 F 0 # 0 1 1 
1 1 0 0 0 H 0 0 # 1 
1 0 0 0 0 F H 0 H 1 
1 1 1 1 1 1 1 1 1 1 
P81 L85 R41 T2

Map10
1 1 1 1 1 1 1 1 1 1 
1 0 0 1 0 0 1 1 0 1 
1 0 1 0 1 0 # H 0 1 
1 0 0 0 0 0 0 0 H 1 
1 0 1 0 0 F 0 0 0 1 
S F 0 # 0 # 0 F 0 1 
1 0 H H 0 0 0 0 0 1 
G 0 0 0 0 H H 0 H 1 
1 0 0 0 0 0 1 0 0 1 
1 1 1 1 1 1 1 1 1 1 
P12 P53 U16 T6

Map10
1 S 1 1 1 1 1 1 1 1 
1 0 0 0 F 0 0 0 0 1 
1 0 1 # 0 0 0 1 1 1 
1 0 0 0 0 0 0 0 0 1 
G 0 0 H 0 0 0 1 0 1 
1 H 0 0 0 0 0 0 0 1 
1 0 0 0 0 0 0 0 0 1 
1 1 0 0 0 0 0 0 0 1 
1 0 0 0 H H 0 0 0 1 
1 1 1 1 1 1 1 1 1 1 
P71 P25 U13 T8

Map10
1 1 1 1 1 G 1 S 1 1 
1 0 # 0 0 0 0 0 F 1 
1 # 0 # 0 H H F 0 1 
1 0 0 0 0 F H 0 0 1 
1 H 0 H 0 0 1 0 1 1 
1 0 # 0 0 1 0 0 0 1 
1 0 0 0 1 0 F F 0 1 
1 0 0 0 0 0 0 0 0 1 
1 0 0 0 # H 0 0 0 1 
1 1 1 1 1 1 1 1 1 1 
P61 P17 L87 T4

Map10
1 1 1 1 1 1 S 1 1 1 
1 0 0 F F 0 0 0 0 1 
1 0 0 0 0 0 0 0 F 1 
1 0 0 0 0 0 H 0 0 1 
1 0 0 H 0 0 0 0 1 1 
1 # 0 0 F 0 1 H 0 1 
1 0 0 0 0 F 0 0 0 1 
G F F F 0 0 F 0 H 1 
1 F 0 0 0 0 0 0 0 1 
1 1 1 1 1 1 1 1 1 1 
P58 D51 L72 T2

Map10
1 1 1 S 1 1 1 1 1 1 
1 0 0 0 F 0 0 H 0 1 
1 0 0 # 0 0 0 0 0 1 
1 H 0 F 0 0 0 0 1 1 
G 0 0 F # F # 1 0 1 
1 0 0 0 0 1 1 0 0 1 
1 0 1 H 0 0 0 0 0 1 
1 0 0 # 0 0 0 0 0 1 
1 0 1 0 0 0 0 0 0 1 
1 1 1 1 1 1 1 1 1 1 
P12 P25 L42 T3

Map10
1 1 S 1 1 1 1 1 1 1 
1 1 0 0 0 F 0 0 F 1 
1 1 0 0 0 1 0 0 0 1 
1 1 0 0 0 0 1 0 H 1 
1 1 0 H F F # F 0 1 
1 1 F F 0 F 0 0 0 1 
1 1 0 0 F 0 0 0 0 1 
1 1 0 0 H 0 0 0 0 1 
1 1 1 G 1 1 1 1 1 1 
1 1 1 1 1 1 1 1 1 1 
P23 P26 L56 T4

Map10
1 1 1 1 1 1 1 1 1 1 
1 1 0 # 0 0 H H F 1 
1 G 0 1 F 1 0 0 0 1 
1 1 0 H 1 0 1 # 0 1 
1 1 # 0 0 # 0 # 0 1 
1 1 0 0 F 0 1 0 # 1 
1 1 0 1 F 0 F 0 0 1 
1 1 0 0 0 0 1 0 # 1 
1 1 1 1 1 1 1 S 1 1 
1 1 1 1 1 1 1 1 1 1 
P21 P75 U47 T5

Map10
1 1 1 G 1 1 1 1 1 1 
1 0 0 0 0 1 0 0 1 1 
1 H F 0 0 0 0 1 1 1 
1 1 F H H 0 0 0 S 1 
1 0 0 0 0 0 F 0 1 1 
1 0 0 0 0 F 0 0 1 1 
1 1 0 # 0 0 1 0 1 1 
1 0 H H 0 0 0 0 1 1 
1 1 1 1 1 1 1 1 1 1 
1 1 1 1 1 1 1 1 1 1 
P41 D62 U26 T4

Map10
1 1 1 1 1 S 1 1 1 1 
1 # 0 H 0 0 1 # 1 1 
1 0 0 F 0 0 0 # 1 1 
1 0 0 0 0 H 0 # 1 1 
1 0 0 1 0 0 0 0 1 1 
1 0 # 0 0 0 # 0 1 1 
1 0 0 0 H # 0 0 G 1 
1 0 0 0 0 0 0 F 1 1 
1 1 1 1 1 1 1 1 1 1 
1 1 1 1 1 1 1 1 1 1 
P16 L62 R66 T4

Map10
1 1 1 1 1 1 1 1 1 1 
1 1 1 1 1 1 1 S 1 1 
1 1 0 H 0 H 0 0 0 1 
1 G 0 0 # 1 0 # 1 1 
1 1 H 0 0 1 0 0 0 1 
1 1 0 0 0 0 0 0 0 1 
1 1 0 H 0 0 0 0 0 1 
1 1 0 0 0 F 0 0 1 1 
1 1 0 0 F 0 0 0 0 1 
1 1 1 1 1 1 1 1 1 1 
P42 P35 L85 T3

Map10
1 1 1 1 1 1 S 1 1 1 
1 1 0 0 1 0 0 0 0 1 
1 G 0 1 0 0 0 H 0 1 
1 1 0 0 1 # 0 0 H 1 
1 1 0 0 0 0 H F 0 1 
1 1 0 0 1 0 1 # F 1 
1 1 0 0 0 # 0 H 0 1 
1 1 F # F F F 0 0 1 
1 1 1 1 1 1 1 1 1 1 
1 1 1 1 1 1 1 1 1 1 
P21 L71 L66 T4

Map10
1 1 1 1 1 1 1 1 1 1 
1 0 1 0 H 0 0 0 1 1 
1 0 0 0 F 0 1 1 1 1 
1 0 1 0 0 0 F 0 1 1 
S 0 0 0 F H 0 0 G 1 
1 0 1 0 F H H 0 1 1 
1 0 0 0 0 0 0 0 1 1 
1 H 0 0 0 0 F 0 1 1 
1 1 1 1 1 1 1 1 1 1 
1 1 1 1 1 1 1 1 1 1 
P32 P75 U35 T4

Map10
1 1 1 1 1 1 1 1 1 1 
1 G 0 H 0 F 0 0 F 1 
1 1 0 0 0 H 0 0 0 1 
1 1 F F 0 0 0 0 F 1 
1 1 0 0 0 0 0 0 0 1 
1 1 0 F 0 H # # 0 1 
1 1 H 0 0 # F 0 0 1 
1 1 0 0 F 0 H H 0 1 
1 1 1 1 1 S 1 1 1 1 
1 1 1 1 1 1 1 1 1 1 
P86 R46 L84 T4

Map10
1 1 1 1 1 1 1 1 1 1 
1 F 0 0 0 0 0 0 1 1 
1 0 0 0 1 0 0 0 1 1 
1 # 0 0 0 F 0 1 1 1 
G 0 # 0 1 # 0 0 1 1 
1 1 0 1 0 0 0 0 1 1 
1 0 # 0 0 0 H # S 1 
1 0 # 0 0 # 0 # 1 1 
1 1 1 1 1 1 1 1 1 1 
1 1 1 1 1 1 1 1 1 1 
P23 P17 D75 T4

Map10
1 1 1 1 1 1 G 1 1 1 
1 1 0 0 0 # 0 H 0 1 
1 1 # 0 # 0 0 # 0 1 
1 1 0 0 0 1 0 0 0 1 
1 1 0 0 0 # H 0 0 1 
1 1 H 0 0 0 H 0 1 1 
1 1 0 0 H 0 0 0 0 1 
1 1 # 0 0 # 0 # 0 1 
1 1 1 1 S 1 1 1 1 1 
1 1 1 1 1 1 1 1 1 1 
P67 U62 R37 T5

Map8
1 1 1 1 1 1 1 1 
1 0 F F 0 F 0 1 
1 0 1 0 0 0 H 1 
1 0 F 0 0 0 0 1 
G 0 1 H 0 0 F S 
1 0 0 0 F 0 0 1 
1 0 0 H 0 # 0 1 
1 1 1 1 1 1 1 1 
P13 D43 L55 T3

Map8
1 1 S 1 1 1 1 1 
1 0 0 0 0 0 # 1 
1 # H 0 1 F 0 1 
1 # 0 0 0 0 # 1 
1 0 0 1 1 1 H 1 
1 0 # 0 0 0 0 1 
1 0 0 0 0 0 0 1 
1 1 1 1 1 G 1 1 
P41 P66 R11 T6

Map8
1 1 1 1 1 1 1 1 
1 H 0 0 0 F 0 1 
1 # 0 # 1 0 0 1 
G 0 H 0 F H # 1 
1 0 0 F 0 # 0 S 
1 0 0 # F 0 0 1 
1 0 0 0 0 0 F 1 
1 1 1 1 1 1 1 1 
P14 R33 U21 T11

Map8
1 1 1 1 1 1 1 1 
1 0 # 0 1 H 0 1 
1 0 0 1 0 0 0 G 
1 0 # # 1 # 0 1 
1 0 0 0 0 0 H 1 
1 0 0 0 # 0 # 1 
1 # 1 0 0 0 H 1 
1 1 1 1 S 1 1 1 
P61 P52 U55 T5

Map8
1 1 1 1 1 S 1 1 
1 0 # 0 0 0 0 1 
1 0 0 0 0 H 0 1 
1 0 0 0 0 H 0 1 
1 # H 0 0 1 0 1 
G 0 1 0 0 F 0 1 
1 0 0 0 0 # 0 1 
1 1 1 1 1 1 1 1 
P16 R41 R66 T7

Map8
1 1 G 1 1 1 1 1 
1 F 0 0 # 0 F 1 
1 0 # 0 1 0 0 1 
1 H 0 # 0 # 0 1 
1 0 1 0 F 0 0 1 
1 F 0 0 H 0 1 1 
1 1 0 # 0 0 0 S 
1 1 1 1 1 1 1 1 
P31 D12 D26 T4

Map8
1 1 1 1 G 1 1 1 
1 F 0 0 0 F H 1 
1 0 0 H 0 0 0 1 
1 0 0 0 1 0 F 1 
1 0 F 0 0 1 H 1 
1 F 0 0 0 F F 1 
1 0 F 0 1 1 0 1 
1 S 1 1 1 1 1 1 
P13 U42 U25 T3

Map8
1 1 1 1 1 1 1 1 
1 0 0 1 0 0 0 1 
1 0 0 0 0 0 0 1 
1 # 0 0 F 0 0 1 
1 0 H F 0 0 H 1 
1 # # H F # 0 S 
1 # 0 0 0 0 1 1 
1 1 G 1 1 1 1 1 
P41 P36 U46 T5

Map8
1 1 1 1 1 1 1 1 
1 F H 0 0 0 0 1 
G 0 0 0 0 H 0 1 
1 # 0 0 # 0 # 1 
1 H 0 H 0 0 0 1 
1 0 F # 0 0 0 1 
1 0 1 F 0 0 0 S 
1 1 1 1 1 1 1 1 
P62 L22 L56 T4

Map8
1 1 G 1 1 1 1 1 
1 0 0 0 0 0 H 1 
1 1 F 0 0 0 0 1 
S 0 1 H F 1 0 1 
1 0 0 0 0 F F 1 
1 0 0 0 0 0 0 1 
1 0 0 0 0 F 0 1 
1 1 1 1 1 1 1 1 
P11 P15 U45 T5

Map8
1 1 1 1 1 G 1 1 
1 0 # 0 0 F 0 1 
1 0 1 # 0 0 0 1 
S # 1 0 0 H # 1 
1 1 0 1 0 1 0 1 
1 H 0 0 # 0 0 1 
1 0 0 F 0 0 0 1 
1 1 1 1 1 1 1 1 
P41 R62 R33 T6

Map8
1 1 1 1 1 1 1 1 
1 F 0 0 0 0 F 1 
G F 0 0 0 0 0 1 
1 0 0 0 0 0 0 1 
1 0 0 0 F 0 F 1 
1 0 F F 0 H 0 S 
1 1 0 0 0 0 0 1 
1 1 1 1 1 1 1 1 
P62 U66 L22 T3

Map8
1 1 1 1 1 1 1 1 
S # F 0 0 H 0 1 
1 0 0 0 0 0 0 1 
1 0 H # 0 0 0 G 
1 F 0 F 0 0 0 1 
1 0 0 F 0 H H 1 
1 0 0 0 0 0 0 1 
1 1 1 1 1 1 1 1 
P41 R22 R53 T3

Map8
1 1 1 G 1 1 1 1 
1 0 0 0 0 0 1 1 
1 0 H 0 0 0 0 1 
1 0 0 1 0 # 0 1 
1 0 0 0 0 0 0 1 
1 H 0 1 0 0 0 1 
S 0 0 0 F 1 0 1 
1 1 1 1 1 1 1 1 
P41 P23 D36 T6

Map8
1 1 1 1 1 G 1 1 
1 0 0 0 0 0 0 1 
1 0 H 0 0 0 0 1 
1 0 1 0 F H 0 1 
1 0 1 H 0 0 0 1 
1 1 0 0 0 0 H 1 
1 F 0 0 0 0 0 1 
1 1 1 S 1 1 1 1 
P35 P56 U52 T4

Map8
1 1 1 1 1 S 1 1 
1 F 0 0 0 0 F 1 
1 0 0 F 0 0 H 1 
1 F 0 H 0 # 0 1 
1 0 0 # 0 # # 1 
1 0 F 0 0 # 0 1 
1 0 0 0 0 F 0 1 
1 1 1 G 1 1 1 1 
P31 P52 D35 T4

Map8
1 1 1 1 1 1 1 1 
1 0 0 # # 1 0 1 
1 1 0 F F F 0 1 
G F 0 1 0 1 0 1 
1 0 0 0 0 0 0 1 
1 # F 0 # H 0 1 
1 0 0 0 0 0 1 1 
1 S 1 1 1 1 1 1 
P22 P14 R36 T5

Map8
1 1 G 1 1 1 1 1 
1 0 0 # 0 0 1 1 
1 0 # 0 0 0 F 1 
1 H 0 0 1 H 0 1 
1 F F 0 0 # 0 1 
1 0 F F 0 0 0 1 
1 0 H 0 0 0 # S 
1 1 1 1 1 1 1 1 
P11 U36 L55 T4

Map8
1 1 1 1 1 1 1 1 
1 0 H 0 H 0 H 1 
1 1 0 F F # 0 S 
1 0 F 1 0 0 0 G 
1 0 # 0 0 H 0 1 
1 1 0 0 0 F 0 1 
1 0 0 1 0 0 0 1 
1 1 1 1 1 1 1 1 
P64 U51 U53 T4

Map8
1 1 1 1 1 1 1 1 
1 0 0 H 0 0 0 1 
1 0 0 0 0 0 0 1 
1 F 0 0 0 0 0 1 
1 F H 0 F 0 0 S 
1 0 F 0 H 0 H 1 
1 F 0 F 0 0 0 1 
1 1 1 1 G 1 1 1 
P56 R26 D33 T2

Map8
1 1 1 1 1 1 1 1 
1 0 # # 0 H 0 1 
1 0 # 0 0 # 0 1 
1 0 0 0 0 0 0 1 
1 F 0 0 # H 0 S 
1 # 0 0 0 0 0 1 
1 H 0 H 0 0 0 1 
1 1 1 1 1 1 G 1 
P32 R61 U65 T5

Map8
1 1 1 G 1 1 1 1 
1 0 0 F H 0 0 S 
1 0 0 0 H H 0 1 
1 0 # 0 0 0 0 1 
1 1 F 1 F 0 0 1 
1 0 0 0 0 0 0 1 
1 F 0 0 0 F 0 1 
1 1 1 1 1 1 1 1 
P51 U32 L64 T5

Map8
1 1 1 1 1 1 1 1 
1 0 0 0 1 F # 1 
1 0 0 F 0 0 0 S 
1 0 # 1 0 0 0 1 
G 0 1 0 F 0 F 1 
1 # 0 0 0 1 # 1 
1 1 1 0 0 0 0 1 
1 1 1 1 1 1 1 1 
P13 L45 D42 T6

Map8
1 1 1 1 1 1 1 1 
1 1 H # # 0 0 1 
G F 0 0 0 H 0 1 
1 0 0 F H 0 F 1 
1 0 # 0 0 0 0 1 
1 0 0 0 1 0 0 1 
1 # 0 H 0 # # S 
1 1 1 1 1 1 1 1 
P46 L22 L64 T3

Map8
1 1 1 G 1 1 1 1 
1 0 F # 0 0 0 1 
1 0 H # 0 0 0 1 
1 # # F 0 F F 1 
1 0 F 0 # F 0 1 
1 H 0 0 1 0 # 1 
1 1 0 H 0 0 0 S 
1 1 1 1 1 1 1 1 
P41 P46 L64 T5

Map8
1 1 1 1 1 1 1 1 
1 H 0 0 0 0 1 1 
1 0 0 # 1 # 0 1 
1 0 0 0 0 F # 1 
G 0 0 H 0 0 0 S 
1 0 0 # # 0 0 1 
1 H H # 0 0 # 1 
1 1 1 1 1 1 1 1 
P62 U65 L24 T3

Map8
1 1 1 1 1 1 S 1 
1 F 0 0 0 1 0 1 
1 0 0 0 0 0 0 1 
1 0 0 0 0 F 0 1 
1 0 0 0 0 0 0 1 
1 0 0 0 1 0 0 G 
1 0 0 0 0 0 F 1 
1 1 1 1 1 1 1 1 
P64 P56 D52 T3

Map8
1 1 1 1 1 1 1 1 
G F 0 # F 0 1 1 
1 0 0 0 F H 0 1 
1 0 # F 1 0 F 1 
1 0 0 0 0 1 0 1 
1 0 0 H 0 F 0 1 
1 0 F 0 0 0 0 1 
1 1 1 1 1 1 S 1 
P12 P65 U24 T5

Map8
1 1 G 1 1 1 1 1 
1 0 0 0 # 0 H 1 
1 0 0 F 0 0 0 1 
1 0 0 0 0 0 1 1 
1 0 H 0 0 0 0 1 
1 # # H 0 0 0 1 
1 0 # 0 0 0 F 1 
1 1 S 1 1 1 1 1 
P11 R16 D56 T4

Map8
1 1 1 1 1 1 1 1 
1 # 0 0 0 0 0 1 
1 0 0 H 0 # 0 1 
1 0 0 0 0 0 0 1 
1 0 0 0 H 0 H 1 
1 0 H 0 0 # 0 G 
1 0 0 0 0 # 0 1 
1 1 1 1 S 1 1 1 
P66 U54 L45 T4

Map8
1 1 S 1 1 1 1 1 
1 1 0 0 # F F 1 
1 1 0 0 # 0 0 1 
1 1 0 1 0 0 0 1 
1 G 0 # F 0 0 1 
1 1 # 1 0 0 H 1 
1 1 1 1 1 1 1 1 
1 1 1 1 1 1 1 1 
P23 D52 L54 T3

Map8
1 1 1 1 1 1 1 1 
1 1 1 1 S 1 1 1 
1 0 H 0 0 # 1 1 
G 0 F 1 0 1 1 1 
1 0 0 0 0 0 1 1 
1 0 0 F F # 1 1 
1 0 H 0 1 0 1 1 
1 1 1 1 1 1 1 1 
P12 P56 R34 T5

Map8
1 1 1 1 1 1 1 1 
1 1 1 0 0 0 F 1 
1 1 F 0 H 1 0 1 
1 S 0 0 0 H 0 G 
1 1 0 0 F 0 0 1 
1 1 F 0 1 # 0 1 
1 1 1 1 1 1 1 1 
1 1 1 1 1 1 1 1 
P62 D32 R24 T3

Map8
1 1 1 1 1 1 1 1 
1 1 1 1 1 1 1 1 
1 1 0 0 1 0 0 1 
1 S F H 0 1 0 1 
1 1 0 0 0 1 # G 
1 1 0 0 0 0 0 1 
1 1 F # 0 # 0 1 
1 1 1 1 1 1 1 1 
P63 D22 R25 T6

Map8
1 1 1 1 1 1 1 1 
1 1 0 H 0 0 0 1 
1 1 0 0 0 0 F 1 
1 G 0 0 H 0 F S 
1 1 0 F 0 0 0 1 
1 1 0 0 0 0 0 1 
1 1 1 1 1 1 1 1 
1 1 1 1 1 1 1 1 
P51 P24 U54 T4

Map8
1 1 1 1 1 1 1 1 
1 1 0 0 H 0 F 1 
1 1 # 0 1 F 0 S 
1 1 0 F 0 0 0 1 
1 1 0 H 0 0 0 1 
1 1 0 0 0 1 0 1 
1 1 1 G 1 1 1 1 
1 1 1 1 1 1 1 1 
P45 L63 D51 T4

Map8
1 1 1 1 1 1 1 1 
1 1 1 1 G 1 1 1 
1 H 0 0 F 0 1 1 
1 0 0 0 0 0 1 1 
1 F 1 0 0 0 1 1 
1 0 0 0 1 F 1 1 
1 0 F F 0 0 S 1 
1 1 1 1 1 1 1 1 
P52 D33 D46 T4

Map8
1 1 1 1 1 1 1 1 
1 1 1 1 1 1 1 1 
1 1 H 0 0 0 0 1 
1 1 0 0 0 0 0 1 
1 G 0 0 0 H 0 S 
1 1 0 0 F 0 0 1 
1 1 0 0 1 # F 1 
1 1 1 1 1 1 1 1 
P62 L34 U65 T3

Map8
1 1 1 1 1 1 1 1 
1 1 0 0 0 0 0 1 
1 1 0 H 1 1 # 1 
1 1 0 0 0 0 0 1 
1 1 0 0 # # 0 1 
1 1 0 H 0 0 0 S 
1 1 1 1 G 1 1 1 
1 1 1 1 1 1 1 1 
P63 P55 D43 T3

Map8
1 1 1 1 1 1 1 1 
1 0 0 0 0 0 1 1 
1 0 0 0 F 0 1 1 
G F 0 0 H 0 1 1 
1 0 0 0 0 0 1 1 
1 # 0 0 F 0 1 1 
1 1 1 1 S 1 1 1 
1 1 1 1 1 1 1 1 
P22 P14 L54 T3

Map8
1 1 1 1 1 1 1 1 
1 1 1 1 G 1 1 1 
S 0 0 0 F 0 1 1 
1 0 0 0 0 0 1 1 
1 0 0 0 0 F 1 1 
1 1 0 0 # 0 1 1 
1 # H 0 F 0 1 1 
1 1 1 1 1 1 1 1 
P32 R13 D53 T3

Map8
1 1 1 1 1 1 1 1 
1 1 F 0 0 0 0 1 
1 1 0 0 # 0 1 1 
1 1 F 0 # 0 0 1 
1 G # 0 0 1 0 S 
1 1 H 0 # 0 0 1 
1 1 1 1 1 1 1 1 
1 1 1 1 1 1 1 1 
P41 U44 L34 T5

Map8
1 1 1 1 G 1 1 1 
S F 0 0 0 H 1 1 
1 0 F F 0 0 1 1 
1 0 1 0 0 0 1 1 
1 0 0 0 0 0 1 1 
1 F F 0 1 # 1 1 
1 1 1 1 1 1 1 1 
1 1 1 1 1 1 1 1 
P31 R12 D52 T3

Map8
1 1 1 1 1 1 1 1 
1 1 G 1 1 1 1 1 
1 0 0 0 # F 1 1 
1 # 0 0 F 0 1 1 
1 0 H 0 0 0 1 1 
S 0 H # F 0 1 1 
1 # 0 0 0 0 1 1 
1 1 1 1 1 1 1 1 
P12 D14 D46 T5

Map8
1 1 1 1 G 1 1 1 
1 1 0 0 0 0 H 1 
1 1 0 0 0 0 1 1 
1 1 0 0 H 0 0 1 
1 1 0 # 0 0 0 1 
1 1 F 0 0 # 0 1 
1 1 1 1 S 1 1 1 
1 1 1 1 1 1 1 1 
P44 P65 U42 T4

Map8
1 1 1 1 G 1 1 1 
S # 0 0 0 F 1 1 
1 0 0 0 0 0 1 1 
1 0 0 0 0 0 1 1 
1 F 0 0 1 # 1 1 
1 0 0 F 0 0 1 1 
1 1 1 1 1 1 1 1 
1 1 1 1 1 1 1 1 
P31 P52 R12 T3

Map8
1 1 1 1 1 1 1 1 
1 0 F F 0 0 1 1 
1 0 0 0 0 F G 1 
1 0 # 0 0 0 1 1 
1 1 0 0 0 0 1 1 
1 0 # 0 H 0 1 1 
1 1 1 1 1 S 1 1 
1 1 1 1 1 1 1 1 
P53 U41 U34 T4

Map8
1 1 1 1 S 1 1 1 
1 1 0 0 0 0 0 1 
1 1 1 0 0 0 0 1 
1 1 0 0 H 0 0 1 
1 1 0 0 0 0 H 1 
1 1 0 0 0 0 0 1 
1 1 1 1 G 1 1 1 
1 1 1 1 1 1 1 1 
P61 P35 R31 T4

Map8
1 1 1 1 1 1 1 1 
1 1 1 1 G 1 1 1 
1 1 # 0 0 # F 1 
1 S 0 0 H 0 0 1 
1 1 0 0 0 0 0 1 
1 1 0 0 0 0 0 1 
1 1 0 0 F 0 0 1 
1 1 1 1 1 1 1 1 
P32 P33 R66 T6

Map8
1 1 1 1 1 1 1 1 
1 1 1 1 1 1 1 1 
1 1 0 0 0 0 0 1 
1 1 0 0 0 0 0 1 
1 G F 0 1 0 0 1 
1 1 0 0 1 0 0 1 
1 1 0 0 0 F 0 1 
1 1 S 1 1 1 1 1 
P33 P25 R46 T4

Map8
1 1 1 1 1 1 1 1 
1 1 1 G 1 1 1 1 
1 1 # 0 0 0 0 1 
1 1 0 0 # F H 1 
1 1 0 # 0 1 # 1 
1 1 0 1 0 0 0 1 
1 1 0 H 0 0 0 1 
1 1 1 1 1 1 S 1 
P65 U33 U46 T5

Map8
1 1 1 G 1 1 1 1 
1 0 0 0 0 0 1 1 
S 0 H 0 0 0 1 1 
1 0 0 0 0 0 1 1 
1 F 0 0 # 0 1 1 
1 0 0 1 0 0 1 1 
1 1 1 1 1 1 1 1 
1 1 1 1 1 1 1 1 
P21 P23 D11 T7

Map8
1 1 1 1 1 1 1 1 
1 1 1 1 G 1 1 1 
1 0 F 0 0 0 1 1 
1 0 # 0 0 0 1 1 
1 # F F 0 0 1 1 
1 H 0 0 1 0 1 1 
S 0 0 0 H 0 1 1 
1 1 1 1 1 1 1 1 
P52 P36 L33 T5

Map8
1 1 1 1 G 1 1 1 
S 0 0 0 F 0 1 1 
1 0 0 H 0 0 1 1 
1 0 0 0 0 0 1 1 
1 0 F 0 0 0 1 1 
1 0 # # 0 F 1 1 
1 1 1 1 1 1 1 1 
1 1 1 1 1 1 1 1 
P31 P53 R13 T3

Map8
1 1 1 1 1 1 1 1 
1 0 0 # 0 0 1 1 
G # 0 0 0 0 1 1 
1 0 # F 0 0 1 1 
1 1 H # 0 0 1 1 
1 0 0 0 0 F 1 1 
1 1 S 1 1 1 1 1 
1 1 1 1 1 1 1 1 
P13 R15 U45 T5

Map8
1 1 1 1 1 1 1 1 
1 1 0 0 0 0 F 1 
1 G 0 0 0 0 0 1 
1 1 0 0 0 H 0 1 
1 1 0 0 0 0 0 1 
1 1 0 H 0 0 0 1 
1 1 1 1 1 S 1 1 
1 1 1 1 1 1 1 1 
P21 R63 R45 T5

Map8
1 1 1 1 1 1 1 1 
1 1 1 1 1 1 1 1 
1 1 0 0 H 0 0 1 
1 1 0 0 0 0 0 1 
1 1 # 0 0 H F 1 
1 1 # 0 0 # 0 1 
1 S 0 # 0 F 0 1 
1 1 1 1 1 G 1 1 
P46 R34 R65 T4

Map8
1 1 1 1 1 1 1 1 
1 1 S 1 1 1 1 1 
1 0 0 0 0 0 1 1 
1 # H 0 0 0 1 1 
1 0 0 0 0 1 1 1 
1 0 0 0 0 0 1 1 
1 # 0 # 0 0 1 1 
1 1 G 1 1 1 1 1 
P42 R12 D25 T3

Map8
1 1 1 G 1 1 1 1 
1 1 0 0 0 0 F 1 
1 1 H 1 0 F 0 1 
1 1 0 # # 0 H 1 
1 1 0 0 1 0 0 1 
1 1 # 0 0 0 # 1 
1 1 1 1 S 1 1 1 
1 1 1 1 1 1 1 1 
P21 R23 U54 T7

Map8
1 1 1 S 1 1 1 1 
1 0 0 0 0 0 1 1 
1 0 H 0 0 0 1 1 
1 1 0 0 0 F 1 1 
1 0 0 # 0 0 1 1 
1 0 0 F 0 F 1 1 
1 1 G 1 1 1 1 1 
1 1 1 1 1 1 1 1 
P51 D24 R21 T3

Map8
1 1 1 1 1 1 1 1 
1 1 G 1 1 1 1 1 
1 1 F 0 1 H 1 1 
1 1 0 F H 0 1 1 
1 1 H 0 0 0 S 1 
1 1 0 0 F 0 1 1 
1 1 1 1 1 1 1 1 
1 1 1 1 1 1 1 1 
P44 P25 U23 T5

Map8
1 1 1 1 1 1 1 1 
1 1 1 1 G 1 1 1 
1 S 0 0 F 0 1 1 
1 1 0 0 # 0 1 1 
1 1 0 0 # H 1 1 
1 1 0 0 0 # 1 1 
1 1 1 1 1 1 1 1 
1 1 1 1 1 1 1 1 
P32 R25 U45 T3

Map8
1 1 1 1 1 1 1 1 
1 1 1 1 1 1 1 1 
1 1 F # 0 F G 1 
1 1 0 0 0 0 1 1 
1 1 0 0 H 0 1 1 
1 1 F 0 0 0 1 1 
1 1 S 1 1 1 1 1 
1 1 1 1 1 1 1 1 
P23 D33 R42 T4

Map8
1 1 1 1 1 1 1 1 
1 1 1 1 1 1 1 1 
1 1 0 0 1 0 1 1 
1 1 0 0 0 0 1 1 
1 G 0 0 1 F S 1 
1 1 0 0 0 0 1 1 
1 1 1 1 1 1 1 1 
1 1 1 1 1 1 1 1 
P52 L34 U55 T3

Map8
1 1 1 1 1 1 1 1 
1 1 1 1 G 1 1 1 
1 1 1 0 0 0 1 1 
1 1 0 0 0 H 1 1 
1 1 0 H 0 0 1 1 
1 S 0 F 0 F 1 1 
1 1 1 1 1 1 1 1 
1 1 1 1 1 1 1 1 
P52 D43 L45 T6

Map8
1 1 1 1 1 1 1 1 
1 1 1 1 1 1 1 1 
1 1 F 0 0 F 1 1 
1 G 0 # 0 0 1 1 
1 1 0 0 H 0 1 1 
1 1 0 0 0 H 1 1 
1 1 S 1 1 1 1 1 
1 1 1 1 1 1 1 1 
P24 P45 L43 T3

Map8
1 1 1 1 1 1 1 1 
1 1 1 1 1 1 1 1 
1 1 0 H 0 0 1 1 
1 1 0 0 0 F 1 1 
1 1 1 0 H 0 G 1 
1 S 0 0 1 0 1 1 
1 1 1 1 1 1 1 1 
1 1 1 1 1 1 1 1 
P55 D52 R23 T3

Map8
1 1 1 1 1 1 1 1 
1 1 1 G 1 1 1 1 
1 1 0 0 F 0 1 1 
1 1 0 0 0 0 1 1 
1 1 0 H 0 F 1 1 
1 1 0 0 F 0 1 1 
1 1 1 1 S 1 1 1 
1 1 1 1 1 1 1 1 
P22 P43 U55 T4

Map8
1 1 1 1 1 1 1 1 
1 1 1 1 1 S 1 1 
1 1 0 0 H # 1 1 
1 1 F # 0 0 1 1 
1 G 0 0 1 0 1 1 
1 1 0 # H 0 1 1 
1 1 1 1 1 1 1 1 
1 1 1 1 1 1 1 1 
P54 P25 D22 T3

Map8
1 1 1 1 1 1 1 1 
1 1 1 1 1 1 1 1 
1 1 0 0 0 F 1 1 
1 1 0 H 0 0 G 1 
1 1 0 0 0 0 1 1 
1 S # 0 0 H 1 1 
1 1 1 1 1 1 1 1 
1 1 1 1 1 1 1 1 
P45 R43 R24 T3

Map8
1 1 1 1 1 1 1 1 
1 1 1 1 1 1 1 1 
1 1 0 0 0 0 1 1 
1 S 0 H 0 F G 1 
1 1 0 0 0 0 1 1 
1 1 0 0 H 0 1 1 
1 1 1 1 1 1 1 1 
1 1 1 1 1 1 1 1 
P25 D22 R43 T3

Map8
1 1 1 1 1 1 1 1 
1 1 1 1 1 1 1 1 
1 1 0 0 0 0 1 1 
1 G 0 H 0 0 1 1 
1 1 0 H 0 1 1 1 
1 1 0 0 0 0 1 1 
1 1 1 S 1 1 1 1 
1 1 1 1 1 1 1 1 
P24 U55 R25 T5

Map8
1 1 1 1 1 1 1 1 
1 1 1 1 1 1 1 1 
1 1 H 0 # 0 S 1 
1 1 F 0 0 0 1 1 
1 G 0 F 0 F 1 1 
1 1 0 0 # 0 1 1 
1 1 1 1 1 1 1 1 
1 1 1 1 1 1 1 1 
P32 P25 L44 T5

Map8
1 1 1 1 1 1 1 1 
1 1 1 1 1 1 1 1 
1 1 0 0 0 # 1 1 
1 1 F 0 0 0 1 1 
1 S 0 H 0 0 1 1 
1 1 0 F 0 F G 1 
1 1 1 1 1 1 1 1 
1 1 1 1 1 1 1 1 
P54 U25 D33 T6

Map8
1 1 1 1 1 1 1 1 
1 1 1 1 G 1 1 1 
1 1 F 0 0 H 1 1 
1 1 0 0 0 0 1 1 
1 1 0 0 H F 1 1 
1 1 0 0 F 0 1 1 
1 1 1 1 1 S 1 1 
1 1 1 1 1 1 1 1 
P25 D53 U43 T4

Map8
1 1 1 1 1 1 1 1 
1 1 1 1 1 1 1 1 
1 1 0 H 1 0 1 1 
1 G 0 F H 0 1 1 
1 1 0 F 0 F 1 1 
1 1 1 0 F 0 1 1 
1 1 1 1 1 S 1 1 
1 1 1 1 1 1 1 1 
P22 L44 D53 T5

Map8
1 1 1 1 1 1 1 1 
1 1 1 1 G 1 1 1 
1 S 0 0 F 0 1 1 
1 1 0 # # 0 1 1 
1 1 0 0 0 0 1 1 
1 1 0 0 F 0 1 1 
1 1 1 1 1 1 1 1 
1 1 1 1 1 1 1 1 
P32 U44 R24 T3

Map8
1 1 1 1 1 1 1 1 
1 1 1 1 G 1 1 1 
1 1 H 0 0 0 1 1 
1 1 0 0 H 0 1 1 
1 1 0 0 0 0 1 1 
1 1 0 0 F 0 1 1 
1 1 1 1 S 1 1 1 
1 1 1 1 1 1 1 1 
P52 U35 L54 T3

Map8
1 1 1 1 1 1 1 1 
1 1 1 1 G 1 1 1 
1 1 1 0 0 0 1 1 
1 1 0 H H F 1 1 
1 1 0 0 0 0 1 1 
1 S # # 0 F 1 1 
1 1 1 1 1 1 1 1 
1 1 1 1 1 1 1 1 
P32 P45 R24 T5

Map8
1 1 1 1 1 1 1 1 
1 1 1 1 1 1 1 1 
1 G F 0 0 0 1 1 
1 1 0 0 H 0 S 1 
1 1 0 0 0 0 1 1 
1 1 0 H 0 0 1 1 
1 1 1 1 1 1 1 1 
1 1 1 1 1 1 1 1 
P55 D52 L32 T3

Map8
1 1 1 1 1 1 1 1 
1 1 1 1 1 S 1 1 
1 1 0 F 0 0 1 1 
1 1 0 0 0 F 1 1 
1 1 1 0 0 0 1 1 
1 1 0 0 0 F 1 1 
1 1 1 1 G 1 1 1 
1 1 1 1 1 1 1 1 
P43 P35 U54 T7

Map8
1 1 1 1 1 1 1 1 
1 1 1 1 G 1 1 1 
1 0 1 0 0 0 1 1 
1 0 H 0 0 F 1 1 
1 0 0 0 0 0 1 1 
1 0 0 0 H 0 1 1 
1 0 0 0 0 0 1 1 
1 1 1 1 S 1 1 1 
P26 L56 U43 T3

Map8
1 1 1 1 1 1 1 1 
1 1 1 G 1 1 1 1 
1 1 0 0 F 0 0 1 
1 1 0 1 0 0 0 1 
1 1 0 0 H F 0 1 
1 1 0 0 0 0 0 1 
1 S 0 0 F H 0 1 
1 1 1 1 1 1 1 1 
P22 R24 R36 T6

Map8
1 1 1 1 1 1 1 1 
1 1 1 1 1 1 1 1 
1 H 0 0 0 0 1 1 
1 0 0 0 0 F 1 1 
1 0 0 0 F 0 1 1 
G 0 0 H 0 0 S 1 
1 0 0 0 0 1 1 1 
1 1 1 1 1 1 1 1 
P42 U46 L25 T3

Map8
1 1 1 1 1 1 1 1 
1 1 1 1 G 1 1 1 
1 S 0 0 F 0 0 1 
1 1 0 0 0 0 0 1 
1 1 0 0 0 0 0 1 
1 1 F 0 0 0 0 1 
1 1 F H 0 0 1 1 
1 1 1 1 1 1 1 1 
P32 P53 D24 T4

Map8
1 1 1 1 1 G 1 1 
1 S 0 0 0 F # 1 
1 1 # 0 0 0 # 1 
1 1 0 F 0 0 0 1 
1 1 0 0 0 1 0 1 
1 1 0 H 0 0 0 1 
1 1 1 1 1 1 1 1 
1 1 1 1 1 1 1 1 
P41 D63 R23 T3

Map8
1 1 1 1 1 1 1 1 
1 1 1 1 1 1 1 1 
1 F 0 F 0 0 1 1 
1 0 0 0 F 0 1 1 
1 # 0 0 H # S 1 
G 0 0 0 H 0 1 1 
1 0 # 0 F F 1 1 
1 1 1 1 1 1 1 1 
P52 L25 U55 T3

Map8
1 1 1 1 1 1 1 1 
1 1 1 1 1 1 1 1 
S 0 0 # H 0 1 1 
1 0 0 0 0 0 1 1 
1 0 # 0 0 0 1 1 
G F 0 F H 0 1 1 
1 0 0 0 0 0 1 1 
1 1 1 1 1 1 1 1 
P14 D22 D26 T4

Map8
1 1 1 1 1 1 S 1 
1 1 0 0 0 0 0 1 
1 1 0 0 0 1 0 1 
1 1 0 0 H 0 0 1 
1 1 0 F 0 0 0 1 
1 1 F 0 H # F G 
1 1 1 1 1 1 1 1 
1 1 1 1 1 1 1 1 
P64 R24 D21 T6

Map8
1 1 1 1 1 1 1 1 
1 1 1 1 1 1 1 1 
1 F 0 0 0 0 1 1 
1 0 0 0 0 0 1 1 
1 0 0 F 0 0 1 1 
1 0 0 H 0 F G 1 
1 0 F 0 0 0 1 1 
1 1 1 S 1 1 1 1 
P13 L46 R45 T4

Map8
1 1 1 1 1 1 1 1 
1 1 1 1 1 1 1 1 
1 F 0 0 # # 1 1 
1 0 0 0 0 F 1 1 
G 0 H 0 0 0 1 1 
1 0 0 0 F 0 1 1 
S F 0 0 0 0 1 1 
1 1 1 1 1 1 1 1 
P13 D46 D56 T7

Map8
1 1 1 1 1 G 1 1 
1 H 0 0 # 0 0 1 
1 0 # 1 1 H 0 1 
1 # 0 0 H 0 F 1 
S 0 F F 0 0 F 1 
1 0 0 # 0 # F 1 
1 0 # 0 0 0 0 1 
1 1 1 1 1 1 1 1 
P61 D33 L12 T7

Map8
1 1 1 1 1 G 1 1 
1 F 0 0 F 0 0 1 
1 0 # F 0 H 0 1 
1 H F H F # 0 1 
1 0 0 0 0 0 # 1 
1 0 0 0 0 0 0 1 
1 0 0 0 0 F F 1 
1 1 1 1 1 S 1 1 
P61 U54 U26 T4

Map8
1 1 1 1 G 1 1 1 
1 1 0 0 0 0 0 1 
1 0 0 0 H # 0 1 
1 0 0 0 0 0 0 1 
1 0 0 H 0 0 0 1 
1 # 0 0 0 0 0 1 
1 0 0 0 0 H 0 1 
1 1 1 S 1 1 1 1 
P51 L45 U26 T3

Map8
1 1 1 1 1 1 1 1 
1 0 0 1 0 0 0 1 
G 0 0 0 1 # 0 1 
1 0 F 1 0 0 0 1 
1 0 0 0 0 0 # 1 
1 0 0 0 0 H 0 1 
1 H 0 1 0 0 0 1 
1 1 1 1 1 S 1 1 
P63 L22 R46 T4

Map8
1 1 1 1 S 1 1 1 
1 0 0 0 # 0 0 1 
G 0 0 F H F 0 1 
1 0 0 0 0 0 0 1 
1 1 0 F H 0 0 1 
1 0 # H 0 0 0 1 
1 0 0 0 0 0 0 1 
1 1 1 1 1 1 1 1 
P11 R31 R64 T5

Map8
1 1 1 1 1 1 1 1 
S 0 0 0 0 H 0 1 
1 0 0 0 0 0 0 1 
1 0 0 0 0 0 0 1 
1 0 0 0 0 0 # 1 
1 0 0 F 0 1 0 G 
1 0 0 0 # # 0 1 
1 1 1 1 1 1 1 1 
P66 U31 R12 T4

Map8
1 1 1 1 1 1 1 1 
1 # 0 F # 0 F 1 
1 0 0 0 # 0 1 1 
G 0 H 0 0 1 F 1 
1 0 0 F H 0 F 1 
1 0 0 0 0 0 0 1 
S F 0 0 F 0 0 1 
1 1 1 1 1 1 1 1 
P12 P24 D36 T5

Map8
1 1 1 1 S 1 G 1 
1 0 0 0 0 0 F 1 
1 F 0 0 F 0 0 1 
1 0 0 0 H 0 # 1 
1 0 0 0 1 F 0 1 
1 0 0 0 F 0 # 1 
1 F 0 H 0 0 0 1 
1 1 1 1 1 1 1 1 
P22 L52 U62 T3

Map8
1 1 1 1 1 1 1 1 
1 0 0 F 0 0 0 1 
G 0 1 0 F 0 1 1 
1 # 0 0 H # # 1 
1 0 # 1 0 0 H 1 
1 1 0 H 0 0 0 S 
1 0 H 0 0 F 0 1 
1 1 1 1 1 1 1 1 
P11 L51 L45 T7

Map8
1 1 1 1 1 1 S 1 
1 0 0 0 0 0 F 1 
G 0 F 0 0 H F 1 
1 F 0 F 0 0 # 1 
1 0 0 0 0 1 0 1 
1 0 0 F 1 0 1 1 
1 0 1 0 0 0 # 1 
1 1 1 1 1 1 1 1 
P11 L64 D42 T5

Map10
1 1 1 1 1 1 1 1 1 1 
1 1 1 1 S 1 1 G 1 1 
1 1 0 0 0 0 0 0 F 1 
1 1 0 0 0 1 0 0 0 1 
1 1 # 0 # 0 0 1 0 1 
1 1 0 1 F # 1 # 0 1 
1 1 0 F 0 1 0 0 0 1 
1 1 0 0 0 0 # 0 F 1 
1 1 0 F 0 0 F 0 F 1 
1 1 1 1 1 1 1 1 1 1 
P62 D83 R34 T4

Map10
1 1 1 1 1 1 1 1 1 1 
1 1 1 G 1 1 1 1 1 1 
1 0 0 0 0 H 0 F 1 1 
1 1 # H H 0 0 0 1 1 
1 0 0 0 # 0 1 0 1 1 
1 0 0 0 H 0 0 0 1 1 
1 # 0 H 1 0 1 1 1 1 
S 0 0 F 0 0 # 0 1 1 
1 # H 0 0 F 0 0 1 1 
1 1 1 1 1 1 1 1 1 1 
P42 R34 D27 T6

Map10
1 1 1 1 1 1 1 1 1 1 
1 1 1 1 1 1 1 1 1 1 
S 0 0 F 0 0 0 0 1 1 
1 0 0 F 0 0 1 H 1 1 
1 0 0 H 0 # 0 F 1 1 
G 0 H 0 0 F F F 1 1 
1 # 0 H 0 0 1 0 1 1 
1 0 0 0 0 # 0 H 1 1 
1 F 0 0 0 0 0 0 1 1 
1 1 1 1 1 1 1 1 1 1 
P52 P14 D48 T5

Map10
1 1 1 1 1 1 1 1 1 1 
1 1 1 1 1 G 1 1 1 1 
1 1 0 0 F F 0 H 0 1 
1 1 0 F 0 0 # 0 F 1 
1 1 0 0 0 H F 0 0 1 
1 1 0 0 0 0 0 0 0 1 
1 1 0 0 0 F 0 0 0 1 
1 S 0 0 0 0 0 0 0 1 
1 1 0 0 0 0 H F 0 1 
1 1 1 1 1 1 1 1 1 1 
P62 R77 D43 T4

Map10
1 1 1 1 1 1 1 1 1 1 
1 1 0 # 0 0 0 0 # 1 
1 G 0 H 0 F 0 0 F 1 
1 1 0 0 # 0 F 0 0 1 
1 1 F 0 0 # 0 # 0 1 
1 1 F 0 H 0 # 0 0 1 
1 1 # 0 F 0 0 0 H 1 
1 1 F 0 0 H 0 0 0 1 
1 1 1 1 S 1 1 1 1 1 
1 1 1 1 1 1 1 1 1 1 
P23 P66 R36 T5

Map10
1 1 1 S 1 1 1 1 1 1 
1 1 F 0 1 0 F 0 F 1 
1 1 # 0 0 0 0 0 0 1 
1 1 0 F H 0 0 H # 1 
1 1 0 0 0 0 0 0 1 1 
1 1 0 H 0 0 0 H H 1 
1 1 0 0 # 0 0 F H 1 
1 1 0 0 0 0 0 0 0 1 
1 1 1 1 1 1 1 G 1 1 
1 1 1 1 1 1 1 1 1 1 
P87 D53 R24 T3

Map10
1 1 1 1 1 1 1 1 1 1 
1 1 1 1 1 1 1 1 1 1 
1 0 # 0 0 H 0 0 1 1 
G 0 0 0 1 0 0 0 1 1 
1 0 F H 0 0 0 F 1 1 
1 F 0 0 # 0 F # 1 1 
1 0 # 0 0 # 1 0 1 1 
1 F H 0 0 0 # 0 S 1 
1 F 0 # 0 0 0 H 1 1 
1 1 1 1 1 1 1 1 1 1 
P12 P55 D47 T5

Map10
1 1 1 1 1 1 1 1 1 1 
1 1 0 H 0 0 1 0 0 1 
1 S # 0 # # 0 F F 1 
1 1 1 0 1 F 0 F F 1 
1 1 0 0 0 0 1 0 0 1 
1 1 H 0 0 F 1 0 0 1 
1 1 0 # 0 0 0 0 1 1 
1 1 # F 0 H F 0 # 1 
1 1 1 1 1 1 G 1 1 1 
1 1 1 1 1 1 1 1 1 1 
P56 P77 D71 T3

Map10
1 1 1 1 1 1 1 1 1 1 
1 1 1 1 1 G 1 1 1 1 
1 1 F H 0 0 0 0 0 1 
1 1 0 0 0 1 0 # 1 1 
1 1 0 0 0 # H # 0 1 
1 S 0 0 H 1 1 1 0 1 
1 1 0 F 0 0 H 0 0 1 
1 1 0 0 0 0 0 0 # 1 
1 1 # 0 1 0 0 H 0 1 
1 1 1 1 1 1 1 1 1 1 
P62 R23 D24 T6

Map10
1 1 1 1 1 1 1 1 1 1 
1 1 1 1 1 1 G 1 1 1 
1 1 0 1 F 0 0 0 0 1 
1 S 0 H H 0 1 0 0 1 
1 1 0 0 0 0 0 0 0 1 
1 1 0 0 0 0 H 1 0 1 
1 1 0 H 0 0 1 0 0 1 
1 1 0 0 0 0 0 F 0 1 
1 1 0 0 0 0 0 0 F 1 
1 1 1 1 1 1 1 1 1 1 
P52 D22 D25 T5

Map10
1 1 1 1 1 1 1 S 1 1 
1 0 0 1 0 0 0 0 0 1 
G 0 0 0 0 0 0 H 0 1 
1 0 0 0 0 0 # # F 1 
1 0 0 0 0 0 F 0 # 1 
1 0 0 0 0 # 0 0 # 1 
1 0 0 0 1 0 0 0 0 1 
1 0 0 0 # 0 0 0 H 1 
1 # 0 0 0 0 0 0 0 1 
1 1 1 1 1 1 1 1 1 1 
P11 P86 R61 T5

Map10
1 S 1 1 1 1 G 1 1 1 
1 0 0 0 0 0 0 # F 1 
1 F 0 0 0 0 H 0 0 1 
1 0 0 0 F 0 0 0 0 1 
1 0 F 0 0 0 0 H 0 1 
1 0 0 0 0 0 0 0 0 1 
1 0 0 F 0 0 0 0 1 1 
1 0 0 F H F 0 F 0 1 
1 0 0 0 H F F 0 0 1 
1 1 1 1 1 1 1 1 1 1 
P51 R14 U83 T5

Map10
1 1 1 1 G 1 1 1 1 1 
1 0 0 0 0 0 0 0 0 1 
1 1 0 0 H 0 0 0 0 1 
1 H 0 1 # 0 0 1 # 1 
S 0 0 H 0 0 0 0 0 1 
1 0 0 1 0 F 1 0 0 1 
1 0 0 0 # H 0 F 1 1 
1 # 0 F 0 0 H 0 1 1 
1 0 # F F 0 0 0 0 1 
1 1 1 1 1 1 1 1 1 1 
P31 D23 R88 T7

Map10
1 1 1 1 1 1 1 1 1 1 
1 F 0 0 F F 1 # H 1 
1 # F 0 F F 0 1 0 1 
1 0 0 0 0 H 0 # # 1 
S 0 0 H 0 # 1 0 0 1 
1 0 0 0 0 # 0 0 0 1 
1 0 H 0 F 0 0 0 # 1 
G 0 0 0 0 0 0 0 0 1 
1 F # 0 0 0 0 0 0 1 
1 1 1 1 1 1 1 1 1 1 
P16 U24 D88 T5

Map10
1 1 1 1 1 1 S 1 1 1 
1 F 0 1 0 0 0 0 0 1 
1 0 0 0 0 0 1 0 0 1 
1 0 0 0 F 0 1 0 1 1 
1 0 H 0 0 # 0 0 0 1 
G 0 0 F F H 0 H F 1 
1 # F 1 0 # 0 0 0 1 
1 H 0 0 0 0 0 0 0 1 
1 F 0 # 0 F 0 0 F 1 
1 1 1 1 1 1 1 1 1 1 
P41 L25 R53 T5

Map10
1 1 1 1 1 1 1 G 1 1 
1 1 1 0 0 F 0 F 0 1 
1 0 0 0 F F 1 0 0 1 
1 H 1 F 0 H 0 H H 1 
1 0 1 0 0 0 0 0 0 1 
1 H 0 0 0 0 0 0 0 1 
1 0 0 0 H 0 0 0 0 1 
S 0 1 1 H 0 0 0 0 1 
1 0 # 0 0 0 0 0 0 1 
1 1 1 1 1 1 1 1 1 1 
P68 L64 U72 T6

Map10
1 1 1 1 1 G 1 1 1 1 
1 0 0 0 0 0 # 0 0 1 
1 H 0 0 0 0 0 0 0 1 
1 0 0 0 0 0 0 0 0 1 
1 0 0 0 0 0 H 0 0 1 
S 0 H 0 F H 0 0 0 1 
1 0 0 0 0 0 0 0 1 1 
1 0 0 0 0 F 0 0 F 1 
1 0 1 0 0 H 0 0 0 1 
1 1 1 1 1 1 1 1 1 1 
P17 D14 U52 T4

Map10
1 1 1 1 1 1 1 1 1 1 
1 0 0 1 0 F 1 0 0 1 
S 0 H 0 1 0 F 0 0 1 
1 0 # 0 0 # 0 # 0 1 
1 0 0 0 # 0 0 0 # 1 
1 0 0 0 0 H 0 0 F 1 
G F 0 0 0 # 1 0 0 1 
1 0 0 H 1 0 0 0 F 1 
1 H # 0 0 0 0 0 F 1 
1 1 1 1 1 1 1 1 1 1 
P15 U54 D11 T4

Map10
1 1 1 1 1 1 G 1 1 1 
1 0 0 0 0 0 F 0 0 1 
S 0 H H 0 0 0 0 0 1 
1 0 # 0 0 0 0 0 0 1 
1 H F 0 0 0 0 0 0 1 
1 0 0 0 0 F 0 F 0 1 
1 0 H 0 0 0 0 0 0 1 
1 0 0 0 0 0 0 0 0 1 
1 0 0 0 0 0 0 0 F 1 
1 1 1 1 1 1 1 1 1 1 
P51 D78 U13 T5

Map10
1 1 1 1 1 1 1 S 1 1 
1 F 0 F 0 0 H 0 0 1 
1 0 H 0 F F 0 0 0 1 
1 0 0 0 0 H 0 F 0 1 
1 0 0 0 0 F 0 0 0 1 
G F 0 H 0 0 0 0 0 1 
1 0 0 0 H 0 F F 0 1 
1 0 0 0 0 0 0 0 0 1 
1 0 0 0 0 F H 0 0 1 
1 1 1 1 1 1 1 1 1 1 
P14 P75 R26 T4

Map10
1 1 1 G 1 1 1 S 1 1 
1 0 0 0 0 0 0 F 0 1 
1 0 0 H 0 0 0 1 0 1 
1 # 0 F 1 0 1 F 0 1 
1 0 H F 0 0 0 0 0 1 
1 F F 0 0 0 F 0 1 1 
1 F 0 0 F 0 0 1 0 1 
1 0 # 0 0 0 0 0 0 1 
1 0 0 0 0 0 F 0 0 1 
1 1 1 1 1 1 1 1 1 1 
P21 U55 R61 T5

Map10
1 S 1 1 1 1 1 1 1 1 
1 0 0 0 0 # F H 0 1 
1 0 # H 0 0 F F 0 1 
G # # 0 0 0 1 0 0 1 
1 # # 0 0 0 F 0 0 1 
1 0 0 F 0 H 0 0 0 1 
1 F 0 0 F 0 0 0 H 1 
1 # 0 # 0 0 0 0 # 1 
1 0 H F 0 0 0 0 0 1 
1 1 1 1 1 1 1 1 1 1 
P31 P12 L33 T3

Map10
1 1 1 1 1 1 1 1 1 1 
1 0 # 0 0 0 0 0 F 1 
1 0 0 0 0 # 0 # H 1 
1 0 1 1 0 0 0 # 0 1 
1 0 0 0 0 0 0 0 0 1 
G # 0 0 1 0 H 0 1 1 
S 0 # H 0 0 H 0 0 1 
1 1 0 0 0 0 0 0 H 1 
1 F 0 0 0 0 1 0 0 1 
1 1 1 1 1 1 1 1 1 1 
P14 D25 R27 T4

Map10
1 1 S 1 G 1 1 1 1 1 
1 0 0 0 0 0 H 0 0 1 
1 0 # 0 0 F 0 1 H 1 
1 0 F 1 # F 0 # # 1 
1 # F H H 0 # H 1 1 
1 1 0 0 0 0 0 0 0 1 
1 0 0 H F 0 0 0 0 1 
1 # 0 # # 0 0 F 0 1 
1 H 0 1 # 0 0 0 0 1 
1 1 1 1 1 1 1 1 1 1 
P26 U42 U56 T3

Map10
1 1 1 1 1 1 1 G 1 1 
1 0 0 0 0 0 0 0 0 1 
1 0 0 0 0 H 0 0 1 1 
1 0 H 0 0 0 0 1 0 1 
1 1 0 0 0 0 0 0 0 1 
S 0 0 1 0 H 0 0 0 1 
1 0 0 0 0 0 0 0 0 1 
1 0 0 0 0 H 0 0 0 1 
1 H 0 0 H 0 0 H 0 1 
1 1 1 1 1 1 1 1 1 1 
P61 R16 U67 T4

Map10
1 1 1 1 1 1 S 1 1 1 
1 H 0 0 0 0 0 1 0 1 
1 # # 0 1 0 1 0 0 1 
1 0 0 H 0 0 0 0 # 1 
G # 0 0 0 1 # 0 0 1 
1 0 0 1 0 # 0 0 0 1 
1 0 0 F 0 0 0 0 0 1 
1 0 1 0 F H # 0 0 1 
1 0 0 0 0 0 0 0 H 1 
1 1 1 1 1 1 1 1 1 1 
P41 L24 L87 T7

Map10
1 1 1 1 1 1 S 1 1 1 
1 # H 0 0 0 0 0 0 1 
1 H 0 0 H H # 0 0 1 
1 0 0 0 0 0 0 0 0 1 
G 0 H 0 0 0 0 0 0 1 
1 # 0 0 0 0 # 0 0 1 
1 H 0 0 0 0 H 0 0 1 
1 0 0 0 0 0 0 0 0 1 
1 0 0 1 0 0 0 0 0 1 
1 1 1 1 1 1 1 1 1 1 
P13 R51 R86 T5

Map10
1 1 S 1 1 1 1 1 1 1 
1 0 0 0 0 0 0 0 0 1 
1 F 0 0 0 0 0 0 0 1 
1 0 # 0 H 0 # 0 0 1 
1 0 0 0 0 H 0 0 0 1 
1 0 0 0 0 0 0 0 F 1 
G 0 H 0 0 0 0 0 0 1 
1 # 0 0 0 0 0 0 0 1 
1 0 0 H H 0 # 0 0 1 
1 1 1 1 1 1 1 1 1 1 
P15 R11 R88 T5

Map10
1 1 1 1 1 1 G 1 1 1 
1 0 0 0 # 0 F 0 0 1 
1 0 H 0 0 0 0 1 0 1 
S 0 H 0 0 0 F # # 1 
1 0 0 # 0 0 H 0 0 1 
1 0 F 0 0 F 0 0 0 1 
1 0 0 1 F 1 1 0 H 1 
1 # F 0 # # 1 0 0 1 
1 0 0 1 0 0 0 0 0 1 
1 1 1 1 1 1 1 1 1 1 
P51 P43 U14 T5

Map10
1 1 1 S 1 1 1 1 1 1 
1 0 1 0 0 0 0 H H 1 
1 0 0 F 0 0 0 F 0 1 
G 0 0 0 0 0 0 0 0 1 
1 0 0 H 0 0 0 0 1 1 
1 0 0 0 0 0 0 # 0 1 
1 0 0 0 H # 0 # 1 1 
1 0 0 0 0 0 0 0 0 1 
1 0 0 0 0 0 0 0 0 1 
1 1 1 1 1 1 1 1 1 1 
P12 D61 U33 T6

Map10
1 1 S 1 1 G 1 1 1 1 
1 0 0 0 0 0 0 0 0 1 
1 # H 0 0 0 0 0 0 1 
1 0 0 0 0 1 0 0 0 1 
1 0 0 0 0 0 1 0 0 1 
1 0 0 0 0 0 0 0 0 1 
1 0 # # 0 # 0 0 0 1 
1 F 0 0 1 0 0 0 0 1 
1 # 0 1 0 0 0 0 0 1 
1 1 1 1 1 1 1 1 1 1 
P41 L31 L16 T6

Map10
1 1 1 1 1 1 1 S 1 1 
1 0 0 # F 0 H 0 1 1 
1 F 0 0 0 0 0 F 0 1 
G 0 1 0 0 # 0 0 # 1 
1 0 0 0 0 H H F 1 1 
1 1 0 0 0 H 0 0 # 1 
1 0 0 0 1 F 0 H 0 1 
1 1 0 F 0 0 F H 0 1 
1 0 0 1 1 0 0 0 0 1 
1 1 1 1 1 1 1 1 1 1 
P14 L82 U33 T4

Map10
1 1 1 1 1 G 1 1 1 1 
1 0 0 0 1 F 0 # 0 1 
1 0 0 0 F 0 0 0 H 1 
1 0 F 0 0 0 F 0 1 1 
1 1 0 F 0 0 0 0 0 1 
S 0 1 0 0 H 0 0 H 1 
1 0 0 0 0 F 0 0 F 1 
1 0 0 H 0 0 F 0 1 1 
1 F 0 0 F 0 0 0 0 1 
1 1 1 1 1 1 1 1 1 1 
P76 P17 U52 T5

Map10
1 1 1 1 1 1 1 S 1 1 
1 1 0 0 0 F 0 0 0 1 
1 1 0 F 0 0 0 H 0 1 
1 0 0 0 F 0 0 F 0 1 
G 0 0 0 0 0 H 0 0 1 
1 0 0 0 F 0 0 0 1 1 
1 0 F 0 0 0 0 0 0 1 
1 0 0 0 0 0 0 0 0 1 
1 1 0 F 0 F 0 H 0 1 
1 1 1 1 1 1 1 1 1 1 
P84 P15 R61 T5

Map10
1 1 1 1 1 1 1 1 1 1 
1 0 H 0 0 # 0 H 0 1 
1 # # 0 0 F 0 0 0 1 
G 0 0 H F 0 # 0 H 1 
1 0 H F 0 # 1 0 0 1 
1 F 0 0 0 F 0 0 0 1 
S F 0 # 0 # # 0 0 1 
1 0 0 F 0 1 0 F 0 1 
1 0 F # H 0 0 0 H 1 
1 1 1 1 1 1 1 1 1 1 
P14 R86 L82 T4

Map10
1 1 1 1 1 1 S 1 1 1 
1 1 0 0 0 0 0 0 0 1 
1 0 1 0 0 0 F 0 0 1 
1 H 0 0 0 0 0 1 0 1 
1 H 0 0 0 0 H 0 0 1 
1 0 0 0 0 0 0 0 0 1 
1 0 0 0 0 1 0 0 H 1 
G 0 1 0 0 0 0 0 0 1 
1 0 0 0 0 0 0 H 0 1 
1 1 1 1 1 1 1 1 1 1 
P21 P16 U63 T6

Map10
1 1 1 1 1 1 1 G 1 1 
1 0 F 1 0 0 0 F 0 1 
1 0 0 F 0 H 0 0 0 1 
1 0 H 0 0 # # 0 H 1 
1 0 0 0 0 0 0 H # 1 
1 0 0 0 F 0 0 0 0 1 
S 0 0 0 0 0 0 0 0 1 
1 0 0 0 F 0 0 F 0 1 
1 0 F H 0 0 F 0 H 1 
1 1 1 1 1 1 1 1 1 1 
P61 R82 R76 T4

Map10
1 1 1 1 S 1 1 1 1 1 
1 0 0 0 0 F # 0 # 1 
1 F # 0 F 0 # 0 0 1 
1 0 0 0 1 0 0 0 F 1 
1 0 0 0 0 0 0 0 1 1 
1 0 # 0 0 F 0 0 0 1 
1 F 0 0 1 F 0 0 # 1 
G 0 0 0 0 0 # 0 0 1 
1 0 0 0 # 0 0 0 1 1 
1 1 1 1 1 1 1 1 1 1 
P18 U23 L52 T4

Map10
1 1 1 1 1 1 1 S 1 1 
1 0 0 1 0 0 0 0 0 1 
G 0 0 H 0 0 0 F 0 1 
1 0 H F 0 0 H 0 0 1 
1 0 0 0 0 # H 0 1 1 
1 0 0 1 0 0 F 0 H 1 
1 0 0 0 0 1 0 # 1 1 
1 1 F 0 0 0 0 0 0 1 
1 # F 0 0 0 1 0 H 1 
1 1 1 1 1 1 1 1 1 1 
P11 D45 R62 T7

Map10
1 1 1 1 1 1 1 S 1 1 
1 0 0 0 0 1 0 F # 1 
1 0 F 0 F H 0 H 0 1 
1 0 F 0 0 0 0 0 F 1 
G 0 H 0 0 0 0 0 0 1 
1 0 0 0 0 F # 0 0 1 
1 0 0 0 # 0 0 # 0 1 
1 0 0 1 # 0 0 0 0 1 
1 0 H F 0 F # 0 # 1 
1 1 1 1 1 1 1 1 1 1 
P13 R61 D86 T5

Map10
1 1 1 G 1 1 1 S 1 1 
1 0 0 0 0 1 0 0 1 1 
1 0 0 0 0 1 0 0 0 1 
1 0 0 0 0 H 0 0 0 1 
1 H 0 H 0 0 0 0 0 1 
1 0 0 0 0 0 # 0 0 1 
1 F 0 F 0 0 1 F 0 1 
1 0 H 0 0 1 0 0 0 1 
1 0 F 0 H 0 0 0 F 1 
1 1 1 1 1 1 1 1 1 1 
P21 D35 L85 T4

Map10
1 1 G 1 1 1 1 1 1 1 
1 0 0 0 F F 0 0 0 1 
1 H 0 0 0 0 0 0 F 1 
1 0 0 0 0 0 0 1 0 1 
1 0 1 0 0 0 0 # 0 1 
S 0 0 0 H 0 0 0 0 1 
1 0 H 0 0 0 1 1 # 1 
1 H H 0 0 0 0 0 0 1 
1 0 0 0 1 0 0 0 0 1 
1 1 1 1 1 1 1 1 1 1 
P11 P38 D34 T5

Map10
1 S 1 1 1 G 1 1 1 1 
1 0 0 0 0 # # 0 F 1 
1 0 0 0 # H # F F 1 
1 0 1 0 0 0 F 0 1 1 
1 0 0 H # 0 0 0 H 1 
1 0 0 1 1 H 1 0 0 1 
1 0 0 # F 0 F 0 H 1 
1 H 0 0 1 0 0 0 0 1 
1 F F 0 0 0 0 0 0 1 
1 1 1 1 1 1 1 1 1 1 
P41 U77 R16 T5

Map10
1 S 1 1 1 G 1 1 1 1 
1 F 0 # 0 # 0 # 0 1 
1 0 0 0 H # 0 0 0 1 
1 0 0 0 0 # 0 # 0 1 
1 H 0 0 0 1 0 1 # 1 
1 H 0 H 0 0 0 F 0 1 
1 0 1 # # 0 0 0 0 1 
1 1 0 0 0 0 0 0 0 1 
1 0 0 0 0 H 0 0 F 1 
1 1 1 1 1 1 1 1 1 1 
P61 L13 R32 T5

Map10
1 1 1 1 1 1 1 S 1 1 
1 0 0 0 1 0 0 0 0 1 
G 0 0 0 F 1 0 1 0 1 
1 0 H F 0 F 0 1 1 1 
1 # # 0 0 H 0 0 0 1 
1 0 F 0 0 0 0 0 1 1 
1 H 0 0 1 0 0 # F 1 
1 # 0 0 0 0 0 0 F 1 
1 0 0 0 0 F 0 0 0 1 
1 1 1 1 1 1 1 1 1 1 
P11 D51 D66 T6

Map10
1 1 1 S 1 1 1 1 1 1 
1 H 0 0 0 0 0 0 0 1 
1 0 0 0 0 0 F 0 0 1 
1 0 0 F 0 F 0 0 0 1 
G # 0 H 0 H 0 0 F 1 
1 0 H 0 0 0 0 F 0 1 
1 0 0 0 H 0 0 H 0 1 
1 0 0 0 0 0 0 0 0 1 
1 F 0 0 0 F 0 F 0 1 
1 1 1 1 1 1 1 1 1 1 
P15 U81 R23 T5

Map10
1 1 1 G 1 1 1 1 1 1 
S 0 0 F # 1 0 0 0 1 
1 0 0 F 0 H 0 1 0 1 
1 0 0 0 H # 0 0 0 1 
1 F 0 1 0 0 0 F 0 1 
1 0 0 0 F F 0 0 0 1 
1 F 1 0 # 0 0 0 0 1 
1 0 0 0 0 0 H F 0 1 
1 0 0 H 0 F 0 H 0 1 
1 1 1 1 1 1 1 1 1 1 
P21 U33 R13 T3

Map10
1 1 1 1 1 1 S 1 1 1 
1 0 0 F 0 0 F H 0 1 
G 0 0 H 0 0 0 0 0 1 
1 0 F 0 0 H F 0 0 1 
1 0 0 1 0 0 0 0 0 1 
1 0 0 0 0 0 H 0 0 1 
1 0 0 0 F 0 0 0 0 1 
1 0 0 0 0 0 0 0 0 1 
1 0 0 0 0 H 0 F 0 1 
1 1 1 1 1 1 1 1 1 1 
P11 R52 R87 T5

Map10
1 1 1 1 1 1 G 1 1 1 
1 0 0 0 # 0 0 # 0 1 
1 0 # 1 0 0 H 1 0 1 
1 1 H 1 0 0 0 1 0 1 
1 H F 0 0 0 0 0 # 1 
S 0 0 0 H 0 0 F 0 1 
1 0 0 # F 0 # 0 H 1 
1 0 0 0 1 0 F 0 0 1 
1 0 0 0 0 0 0 # 0 1 
1 1 1 1 1 1 1 1 1 1 
P51 P25 R18 T8

Map10
1 1 1 1 1 1 1 S 1 1 
1 0 0 1 0 0 0 0 0 1 
1 # 0 # H F 0 0 0 1 
1 0 # 0 H 1 0 # 0 1 
G 0 0 F H 1 H 0 0 1 
1 0 0 1 H 0 1 0 1 1 
1 0 0 1 H 0 0 0 0 1 
1 F 0 F 0 0 0 0 0 1 
1 0 0 0 # 1 # # 0 1 
1 1 1 1 1 1 1 1 1 1 
P13 R86 U18 T5

Map10
1 1 1 G 1 1 1 1 1 1 
1 H 0 0 0 0 0 0 0 1 
1 0 0 # 0 0 0 0 0 1 
S 0 0 H # 0 0 0 0 1 
1 0 0 0 0 0 H 1 # 1 
1 0 0 F 0 0 # H 0 1 
1 0 0 0 0 0 0 0 0 1 
1 0 0 0 H 0 H 0 0 1 
1 0 0 0 0 H 0 0 0 1 
1 1 1 1 1 1 1 1 1 1 
P21 P23 R17 T6

Map10
1 1 1 1 S 1 1 1 1 1 
1 0 0 H 0 0 # F 0 1 
1 0 0 0 0 0 0 0 0 1 
G 0 1 0 H 0 0 0 0 1 
1 F H 0 0 0 0 0 0 1 
1 0 0 0 # # # 0 # 1 
1 0 # F H F # 0 0 1 
1 H 0 F 0 # 0 0 0 1 
1 0 F 0 H # 0 0 0 1 
1 1 1 1 1 1 1 1 1 1 
P12 P42 D86 T6

Map10
1 1 G 1 1 1 S 1 1 1 
1 0 # 0 1 0 0 0 # 1 
1 0 H 0 F H F 0 0 1 
1 F 0 0 0 0 0 0 0 1 
1 0 # 1 0 0 H 0 1 1 
1 # F 0 0 0 0 0 0 1 
1 0 0 F 0 0 F 0 H 1 
1 1 H 0 0 0 0 # 1 1 
1 0 0 0 H 0 F 0 0 1 
1 1 1 1 1 1 1 1 1 1 
P11 R51 D23 T6

Map10
1 1 1 1 1 1 1 1 1 1 
1 F 0 0 0 F 0 0 F 1 
1 0 0 0 0 # 0 # 0 1 
1 # 0 F # 0 0 # 0 1 
G 0 H 0 # 0 0 0 H 1 
1 0 # 0 0 0 0 0 0 1 
1 0 0 0 F F 0 0 0 1 
S 0 0 0 # H 0 0 0 1 
1 0 F 0 0 0 F 0 0 1 
1 1 1 1 1 1 1 1 1 1 
P15 L42 U38 T3

Map10
1 1 1 1 1 1 G 1 1 1 
1 0 H H 0 0 0 0 H 1 
1 0 0 0 F 1 1 0 0 1 
1 1 # H F 0 0 F 0 1 
1 0 0 F 0 F 1 H 0 1 
S 0 0 H 0 0 1 0 0 1 
1 0 F 0 # # 0 0 # 1 
1 # 0 0 0 1 0 F F 1 
1 0 0 0 0 0 0 # 0 1 
1 1 1 1 1 1 1 1 1 1 
P71 R18 D14 T5

Map10
1 1 S 1 1 1 1 1 1 1 
1 0 0 0 0 0 0 0 H 1 
1 0 # H 0 0 0 1 0 1 
1 0 0 0 0 0 0 0 0 1 
1 0 H 0 0 0 0 0 0 1 
1 0 0 0 F 0 0 0 1 1 
1 0 H 1 0 # # 0 0 1 
G 0 H F 0 0 0 0 0 1 
1 # 0 0 F 0 0 F 0 1 
1 1 1 1 1 1 1 1 1 1 
P16 D54 L31 T6

Map10
1 1 1 1 1 1 1 G 1 1 
S 0 0 F 0 0 0 0 H 1 
1 F # # F 0 0 0 0 1 
1 0 1 0 # 0 0 1 F 1 
1 0 F 1 0 0 0 0 H 1 
1 # F 0 0 F 1 0 0 1 
1 0 0 0 0 0 0 H 0 1 
1 0 0 F 0 0 0 0 # 1 
1 F 0 0 0 0 F 0 0 1 
1 1 1 1 1 1 1 1 1 1 
P61 R82 L53 T4

Map10
1 1 1 1 1 1 1 G 1 1 
1 0 0 1 1 F # 0 0 1 
1 0 0 0 0 0 0 0 H 1 
1 1 0 0 1 H H 0 0 1 
1 0 0 0 0 0 1 0 # 1 
1 # 0 0 F 1 0 0 # 1 
1 0 0 0 1 0 0 0 F 1 
S # 0 0 H 0 0 1 0 1 
1 0 0 0 0 0 0 # H 1 
1 1 1 1 1 1 1 1 1 1 
P81 R72 D37 T8

Map10
1 1 1 1 1 1 1 G 1 1 
1 0 0 0 1 0 F 0 0 1 
1 0 0 0 1 0 # 1 F 1 
S 0 H 1 F 0 0 0 # 1 
1 F H 0 F # 0 1 0 1 
1 0 # 0 0 0 # 0 # 1 
1 0 0 # 1 0 0 F F 1 
1 0 0 0 0 0 H 0 0 1 
1 0 0 F 0 0 0 0 F 1 
1 1 1 1 1 1 1 1 1 1 
P81 D12 R68 T5

Map10
1 1 1 1 S 1 1 1 1 1 
1 1 0 F 0 F 0 0 0 1 
1 0 F 0 F 0 1 0 0 1 
1 F 0 0 0 0 0 H 0 1 
1 # H H 0 0 0 H 1 1 
G F 0 0 F # 0 0 # 1 
1 0 0 0 H 0 F 0 0 1 
1 1 0 0 0 0 0 0 0 1 
1 1 H 1 0 F 0 0 0 1 
1 1 1 1 1 1 1 1 1 1 
P44 D12 L25 T2
