Level1_TutorialSwipeAndGoal
1 1 1 1 1 1 1 1
1 1 1 S 1 1 1 1
1 1 0 0 0 0 1 1 
1 1 0 0 0 0 1 1 
1 1 0 0 0 0 1 1
1 1 0 0 0 0 G 1 
1 1 1 1 1 1 1 1 
1 1 1 1 1 1 1 1
T2

Level2_TutorialPiece //SE OCUPA MAS WALLS randoms donde no se use
1 1 1 1 1 1 1 1
1 1 1 1 G 1 1 1
1 1 0 0 0 0 1 1
1 1 0 0 0 0 1 1
1 1 0 0 0 0 1 1
1 S 0 0 0 0 1 1
1 1 1 1 1 1 1 1
1 1 1 1 1 1 1 1
P55 T2

Level3//you dont have to touch all. but you do have to get to the flower. con p33added
1 1 1 1 1 1 1 1
1 1 1 1 1 1 1 1
1 1 0 0 0 0 1 1
1 1 0 0 H 0 G 1
1 1 0 1 0 0 1 1
1 1 0 0 1 1 1 1
1 1 1 S 1 1 1 1
1 1 1 1 1 1 1 1
P54 T6

Level4
1 1 1 1 1 1 1 1
1 1 1 1 1 1 1 1
1 1 0 0 0 1 1 1
1 S 0 0 0 1 1 1
1 1 0 0 H H 1 1
1 1 0 0 0 0 1 1
1 1 1 1 G 1 1 1
1 1 1 1 1 1 1 1
P55 T5

Level5_TutorialTurns
1 1 1 1 1 1 1 1
1 1 1 1 S 1 1 1
1 1 0 0 0 0 1 1
1 1 0 H 1 0 1 1
1 1 0 0 0 0 1 1
1 1 0 0 0 H 1 1
1 1 1 G 1 1 1 1
1 1 1 1 1 1 1 1
P45 T5

Level6_tutorial2pieces
1 1 1 1 1 1 1 1
1 1 S 1 1 1 1 1
1 1 0 0 0 0 1 1
1 1 0 0 1 0 1 1
1 1 0 0 0 0 G 1
1 1 H 0 0 H 1 1
1 1 1 1 1 1 1 1
1 1 1 1 1 1 1 1
P24 P35 T4

Level7
1 1 1 1 1 1 1 1
1 1 1 1 1 1 1 1
1 S 0 1 0 0 1 1
1 1 0 0 0 0 1 1
1 1 0 H 0 0 1 1
1 1 1 0 0 0 1 1
1 1 1 1 G 1 1 1
1 1 1 1 1 1 1 1
P24 T6

Level8//couldbesingleorharder
1 1 1 1 1 1 1 1 
1 1 1 1 1 S 1 1 
1 1 H 0 0 0 1 1 
1 1 0 0 0 0 1 1 
1 1 0 H 0 0 1 1 
1 1 0 0 0 H 1 1 
1 1 1 G 1 1 1 1 
1 1 1 1 1 1 1 1 
P54 P45 T5

Level9
1 1 1 1 1 1 1 1
1 1 1 S 1 1 1 1 
1 1 0 0 0 0 1 1 
1 1 0 0 H 0 1 1 
1 1 0 1 0 0 G 1 
1 1 0 0 0 0 1 1 
1 1 1 1 1 1 1 1 
1 1 1 1 1 1 1 1
P55 T5

Level10
1 1 1 1 1 1 1 1 
1 1 1 1 1 1 1 1 
1 1 1 0 0 0 1 1 
1 1 0 0 0 0 1 1 
1 1 0 0 0 0 G 1 
1 S 0 0 0 H 1 1 
1 1 1 1 1 1 1 1 
1 1 1 1 1 1 1 1 
P35 T7

Level11
1 1 1 1 1 1 1 1
1 1 1 1 1 1 1 1
1 S 0 0 0 0 1 1
1 1 0 0 0 H 1 1
1 1 1 0 0 0 0 1
1 1 1 0 0 1 0 1
1 1 1 1 1 1 G 1
1 1 1 1 1 1 1 1
P43 T9

Level12__TUTORIAL FLOWER
1 1 1 1 1 1 1 1 
1 1 1 1 1 S 1 1 
1 1 0 1 0 0 1 1 
1 1 H 1 0 # 1 1 
1 1 H 0 0 0 1 1 
1 G 0 0 0 H 1 1 
1 1 1 1 1 1 1 1 
1 1 1 1 1 1 1 1 
P54 T4

Level13
1 1 1 1 1 1 1 1 
1 1 1 1 1 1 1 1 
1 1 0 0 0 0 1 1 
1 1 # 0 0 0 S 1 
1 1 H 0 H 0 1 1 
1 1 0 0 0 0 1 1 
1 1 1 G 1 1 1 1 
1 1 1 1 1 1 1 1 
P42 T4

Level14//earlier?orremove
1 1 1 1 1 1 1 1 
1 1 1 1 S 1 1 1 
1 1 0 0 0 # 1 1 
1 G 0 H 1 0 1 1 
1 1 # 0 1 0 1 1 
1 1 0 0 0 0 1 1 
1 1 1 1 1 1 1 1 
1 1 1 1 1 1 1 1 
P22 T6

Level15
1 1 1 1 1 1 1 1 
1 1 1 1 G 1 1 1 
1 1 H 0 0 # 1 1 
1 1 0 # 1 0 1 1 
1 1 0 0 0 0 1 1 
1 1 1 # H 1 1 1 
1 1 1 0 0 S 1 1 
1 1 1 1 1 1 1 1 
P32 T8

Level16
1 1 1 1 1 1 1 1 
1 1 G 0 0 1 1 1 
1 1 1 0 0 H 1 1 
1 1 0 H 0 0 1 1 
1 1 # # 0 0 1 1 
1 1 0 # 0 0 1 1 
1 1 1 1 1 S 1 1 
1 1 1 1 1 1 1 1 
P54 P23 T6

Level17
1 1 1 1 1 1 1 1 
1 1 1 1 1 1 1 1 
1 1 0 0 0 0 1 1 
1 1 H 0 # 0 S 1 
1 1 1 0 # 0 1 1 
1 1 0 0 H 0 1 1 
1 1 1 G 1 1 1 1 
1 1 1 1 1 1 1 1 
P33 P55 T5

Level18
1 1 1 1 1 1 1 1 
1 1 1 1 S 1 1 1 
1 1 0 H 0 0 1 1 
1 1 0 1 0 0 1 1 
1 1 0 0 # 0 1 1 
1 1 H 0 # 0 1 1 
1 G 0 0 1 1 1 1 
1 1 1 1 1 1 1 1 
P53 P24 T6

Level19
1 1 1 1 1 1 1 1 
1 1 1 1 1 1 1 1 
1 1 0 1 0 0 1 1 
1 1 0 0 # 0 1 1 
1 1 H # 0 0 S 1 
1 G 0 # 0 H 1 1 
1 1 1 1 1 1 1 1 
1 1 1 1 1 1 1 1 
P23 P44 T7

Level20/////////replace or place earlier
1 1 1 1 1 1 1 1 
1 1 1 1 1 1 1 1 
1 1 0 1 1 0 S 1 
G 0 0 1 0 0 1 1 
1 0 0 0 0 # 1 1 
1 1 0 0 1 # 1 1 
1 0 0 0 0 0 1 1 
1 1 1 1 1 1 1 1 
P26 T7

Level21
1 1 1 1 1 1 1 1
1 1 1 1 1 1 1 1 
1 1 H 0 0 # 1 1 
1 G 0 0 H 0 1 1 
1 1 # 0 0 0 S 1 
1 1 0 0 0 0 1 1 
1 1 1 1 0 0 1 1 
1 1 1 1 1 1 1 1
P32 P45 T5

Level22///////////////sprinkle in some 2-3 piece.
1 1 1 1 1 1 1 1 
1 1 1 1 1 1 1 1 
1 0 0 # 0 0 S 1 
1 0 0 # 0 1 1 1 
1 # 1 H 0 1 1 1 
G 0 0 0 0 0 1 1 
1 H 0 0 0 0 1 1 
1 1 1 1 1 1 1 1 
P12 T7

Level23//More like this, where if any piece is anywhere else it wont be solvable. "Remove the annoyances"
1 1 1 1 1 1 1 1
1 1 1 1 1 1 1 1 
1 1 0 0 0 0 1 1 
1 1 # 0 1 0 1 1
1 G 0 0 H 0 1 1 
1 1 # 0 0 0 S 1 
1 1 1 1 1 1 1 1 
1 1 1 1 1 1 1 1
P45 P35 P22 T5

Level24////byebyetoo
1 1 1 1 1 1 1 1 
1 0 # 0 H 0 1 1 
1 # 1 # 0 0 S 1 
1 0 # 0 0 0 1 1 
1 1 H H 0 0 1 1 
1 0 0 0 0 H 1 1 
1 G 1 1 1 1 1 1 
1 1 1 1 1 1 1 1 
P53 T8

Level25
1 1 1 1 1 1 1 1
1 S 1 1 1 1 1 1
1 0 1 0 # 0 1 1
1 0 # 0 0 H 1 1
1 1 0 0 0 0 G 1
1 0 0 0 1 0 1 1
1 0 0 0 0 1 1 1
1 1 1 1 1 1 1 1
P33 T8

Level26
1 1 1 1 1 1 1 1 
1 S 0 0 1 1 1 1 
1 1 0 0 0 0 1 1 
1 1 # 0 0 0 1 1 
1 G 0 0 H 0 1 1 
1 1 # # 0 1 1 1 
1 1 1 0 0 1 1 1 
1 1 1 1 1 1 1 1 
P33 T8

Level27
1 1 1 1 1 1 1 1 
1 0 0 0 H 1 1 1 
1 H 0 0 0 0 1 1 
G 0 0 0 1 0 1 1 
1 # # 0 0 0 S 1 
1 0 0 H 0 0 1 1 
1 1 1 1 1 1 1 1 
1 1 1 1 1 1 1 1 
P22 P34 T6

Level28
1 1 1 1 1 1 1 1 
1 1 1 1 1 1 G 1 
1 1 0 # # H 0 1 
1 1 1 0 0 0 0 1 
1 1 0 0 0 0 1 1 
1 1 0 0 0 1 1 1 
1 1 1 0 0 0 S 1 
1 1 1 1 1 1 1 1 
P22 P34 T8

Level29
1 1 1 1 1 1 1 1
1 1 1 1 0 0 0 1 
1 1 0 # # 0 0 1 
1 G 0 0 0 H 1 1 
1 1 H 0 # # 0 1 
1 1 0 0 0 0 # 1 
1 1 1 S 1 1 1 1 
1 1 1 1 1 1 1 1
P34 P22 T10

Level30
1 1 1 1 1 1 1 1
1 1 G 1 1 1 1 1
1 H 0 0 # 0 S 1
1 0 0 # 1 0 1 1
1 0 1 0 # # 1 1
1 0 0 0 H 0 1 1
1 0 # 0 0 0 1 1
1 1 1 1 1 1 1 1
P32 P13 P55 T7

Level31
1 1 1 1 1 1 1 1 
1 1 1 G 1 0 H 1 
1 1 0 0 H # 0 1 
1 1 0 0 # 0 0 1 
1 0 # H # # 1 1 
1 0 0 0 # 0 1 1 
1 1 S 1 1 1 1 1 
1 1 1 1 1 1 1 1 
P51 P23 T8

Level32
1 1 1 1 1 1 1 1 
1 0 0 # 0 0 1 1 
1 0 # 0 0 # 1 1 
1 0 H 1 0 # 1 1 
1 1 0 0 # 0 1 1 
1 0 H 0 0 0 1 1 
1 1 1 G 1 S 1 1 
1 1 1 1 1 1 1 1 
P51 P45 P24 T7

Level33//check for consecutive 3piece
1 1 1 1 1 1 1 1 
1 1 1 1 S 1 1 1 
1 0 # 0 0 0 1 1 
1 0 0 0 0 0 1 1 
1 # 0 0 H 0 1 1 
1 1 1 # 0 0 1 1 
1 1 1 1 G 1 1 1 
1 1 1 1 1 1 1 1 
P55 P43 P12 T9

Level34//byebye?
1 1 1 1 1 1 1 1 
1 1 1 S 1 1 1 1 
1 H 0 0 0 0 1 1 
1 0 0 0 0 # 1 1 
G 0 H 0 0 0 H 1 
1 # 0 H 0 H 0 1 
1 # # 0 0 0 1 1 
1 1 1 1 1 1 1 1 
P34 P13 P52 T7

Level35
1 1 1 1 1 1 1 1 
G 0 # # 0 H 0 1 
1 H 0 0 0 0 # 1 
1 0 H 1 0 F # 1 
1 0 0 # 0 0 0 S 
1 1 0 # 0 0 0 1 
1 0 # 0 1 0 0 1 
1 1 1 1 1 1 1 1 
P54 T11

Level36//more like this, look at goal.
1 1 1 1 1 1 1 1 
1 1 1 1 1 1 1 1 
1 G 0 0 1 0 0 1 
1 1 0 H 0 0 # 1 
1 # 0 # # # 0 1 
1 # 0 # 0 0 0 S 
1 1 0 # 0 H 0 1 
1 1 1 1 1 1 1 1 
P55 T11

Level37
1 1 G 1 1 1 1 1 
1 # 0 0 0 # 1 1 
1 0 0 1 1 0 0 1 
1 0 H # 0 1 # 1 
1 1 0 0 0 0 0 1 
1 0 0 # 0 H 1 1 
1 # 0 0 0 # 0 S 
1 1 1 1 1 1 1 1 
P45 P13 T14

Level38
1 1 1 1 1 1 1 1 
1 0 1 0 0 0 1 1 
1 0 0 0 0 0 1 1 
1 0 0 0 1 H 1 1 
1 0 0 0 # 0 1 1 
1 0 0 0 0 # 1 1 
1 S 1 1 G 1 1 1 
1 1 1 1 1 1 1 1 
P35 T12

Level39
1 1 S 1 1 1 1 1 
1 1 0 0 0 0 0 1 
1 H 1 1 0 1 0 1 
1 0 0 1 0 0 0 1 
1 # 0 H # 0 0 1 
1 0 0 0 0 0 0 1 
G 0 0 0 H 0 # 1 
1 1 1 1 1 1 1 1 
P64 P43 T10

Level40
1 1 1 1 1 1 1 1 
1 0 0 # # 0 # 1 
1 0 0 0 0 0 1 1 
1 0 # 1 # 0 # 1 
1 0 0 0 0 0 0 1 
1 # 0 0 H 0 0 S 
1 0 H 0 0 1 0 1 
1 1 1 1 G 1 1 1 
P24 P55 P21 T12

Level41////////////////////////////////////////////////// AQUI EMPIEZA CH2
1 1 1 1 1 1 1 1 
1 1 1 S 1 1 1 1 
1 1 1 0 1 0 1 1 
1 1 1 0 0 1 1 1 
1 G 0 0 0 0 1 1 
1 1 1 0 1 0 1 1 
1 1 1 1 1 1 1 1 
1 1 1 1 1 1 1 1 
L44 T1

Level42
1 1 1 1 1 1 1 1 
1 1 1 1 1 1 1 1 
1 1 0 0 0 0 1 1 
1 1 0 1 0 0 1 1 
1 1 0 H 0 0 S 1 
1 1 0 0 1 0 1 1 
1 1 1 G 1 1 1 1 
1 1 1 1 1 1 1 1 
U55 T5

Level43//canbefuner
1 1 1 1 1 1 1 1 
1 1 S 1 1 1 1 1 
1 1 0 0 0 0 1 1 
1 1 0 0 1 0 1 1 
1 1 0 0 0 0 G 1 
1 1 # 0 1 0 1 1 
1 1 1 1 1 1 1 1 
1 1 1 1 1 1 1 1 
R24 T3

Level44
1 1 1 1 1 1 1 1
1 1 1 1 1 1 1 1 
1 1 H 0 0 1 1 1 
1 1 0 # 0 0 1 1 
1 S 0 0 # 0 1 1
1 1 H 0 1 1 1 1 
1 1 1 G 1 1 1 1 
1 1 1 1 1 1 1 1
D32 T3

Level45
1 1 1 1 S 1 1 1 
1 1 0 H 0 1 0 1 
1 1 # H 0 0 H 1 
1 1 0 0 0 # H 1 
1 1 0 0 H 0 1 1 
1 1 0 H 1 0 0 1 
1 1 1 1 1 1 G 1 
1 1 1 1 1 1 1 1 
D52 R33 T3

Level46
1 1 1 1 1 1 1 1 
1 1 1 1 1 S 1 1 
1 1 1 0 0 0 1 1 
1 1 0 H 0 1 1 1 
1 1 H 0 0 1 1 1 
1 1 0 # 0 0 1 1 
1 1 0 0 0 0 1 1 
1 1 1 G 1 1 1 1 
D34 P32 T6

Level47
1 1 1 1 1 1 1 1 
1 1 S 1 1 1 1 1 
1 1 0 H 1 0 1 1 
1 1 # 0 0 H 1 1 
1 1 0 # # 1 1 1 
1 1 # 0 0 H 1 1 
1 1 1 1 G 1 1 1 
1 1 1 1 1 1 1 1 
D43 R24 T3

Level48
1 1 1 1 1 1 1 1 
1 1 1 1 1 S 1 1 
1 1 0 # # 0 1 1 
1 1 0 0 0 # 1 1 
1 1 0 0 0 0 1 1 
1 1 1 # 0 0 1 1 
1 1 1 1 G 1 1 1 
1 1 1 1 1 1 1 1 
U54 T5

Level49
1 1 1 1 1 1 1 1 
1 1 1 S 1 1 1 1 
1 0 1 # 0 H 1 1 
1 0 0 0 0 H 1 1 
1 0 # 0 # 1 1 1 
1 # # H 0 0 G 1 
1 0 # H 0 0 1 1 
1 1 1 1 1 1 1 1 
L43 P13 T9

Level50
1 1 1 1 1 1 1 1 
1 1 1 1 G 1 1 1 
1 1 0 # 0 1 1 1 
1 1 0 H H 0 1 1 
1 1 0 0 0 0 1 1 
1 S F 0 0 1 1 1 
1 1 1 1 1 1 1 1 
1 1 1 1 1 1 1 1 
L54 T5

Level51
1 1 1 1 1 1 1 1 
1 1 1 0 H 1 1 1 
1 1 0 0 0 0 1 1 
1 0 0 0 # 0 1 1 
1 0 0 0 # H 1 1 
1 1 F 1 0 0 G 1 
1 1 S 1 1 1 1 1 
1 1 1 1 1 1 1 1 
D42 T7

Level52
1 1 1 1 1 1 1 1 
1 1 1 1 1 1 1 1 
1 1 F 0 0 F 1 1 
1 1 0 0 # 0 1 1 
1 G # H 0 0 1 1 
1 1 1 1 0 0 1 1 
1 1 1 1 1 S 1 1 
1 1 1 1 1 1 1 1 
L53 T6

Level53
1 1 1 G 1 1 1 1 
1 1 1 0 H # 0 1 
1 1 1 # 0 0 0 1 
1 1 0 1 H 0 0 1 
1 1 0 0 0 0 1 1 
1 S # F 0 F 0 1 
1 1 1 1 0 0 0 1 
1 1 1 1 1 1 1 1 
R34 P63 T9

Level54//could go
1 1 1 1 1 1 1 1 
1 1 1 1 1 0 G 1 
1 S 0 0 H # 1 1 
1 1 0 0 1 0 0 1 
1 1 0 F H 0 0 1 
1 1 H # F 0 0 1 
1 1 1 0 0 0 0 1 
1 1 1 1 1 1 1 1 
D32 P24 T8

Level55//replace
1 1 1 1 1 1 1 1 
1 1 1 1 1 1 1 1 
1 1 0 0 # 0 1 1 
1 S 0 0 1 F 1 1 
1 1 0 1 0 0 1 1 
1 0 F 0 0 H 1 1 
1 G 1 1 1 1 1 1 
1 1 1 1 1 1 1 1 
L35 T4

Level56//later?
1 1 1 1 1 1 1 1 
1 0 # 0 0 1 1 1 
1 F 1 0 0 # 1 1 
1 # 0 # # 0 G 1 
1 0 H # F 0 1 1 
1 0 F F 0 0 S 1 
1 1 1 1 1 1 1 1 
1 1 1 1 1 1 1 1 
R23 T8

Level57
1 1 1 1 1 S 1 1 
1 0 1 0 0 0 1 1 
1 # 0 F 0 # 1 1 
1 0 F 0 F F 1 1 
1 # 0 0 0 0 1 1 
1 1 0 H 0 1 1 1 
1 1 G 1 1 1 1 1 
1 1 1 1 1 1 1 1 
P34 T9

Level58
1 1 1 1 1 1 1 1 
1 1 1 S 1 1 1 1 
1 1 # 0 0 F 1 1 
1 1 1 F 0 0 1 1 
1 1 0 # F F 1 1 
1 1 0 0 0 F 1 1 
1 1 1 1 1 G 1 1 
1 1 1 1 1 1 1 1 
D53 T4

Level59//puede ir antes y se puede ir
1 1 1 1 1 1 1 1 
1 1 S 1 1 1 1 1 
1 1 0 # 0 H 1 1 
1 G 0 0 H 1 1 1 
1 1 F 0 H # 1 1 
1 1 0 0 0 0 1 1 
1 1 1 1 1 1 1 1 
1 1 1 1 1 1 1 1 
P34 P42 U25 T4

Level60//irdsps
1 1 1 1 1 1 1 1 
1 1 1 1 1 1 1 1 
1 1 F 0 # 0 0 1 
1 1 1 # # 0 H 1 
1 G # # # 1 # S 
1 1 0 0 0 0 F 1 
1 1 0 1 0 F 0 1 
1 1 1 1 1 1 1 1 
P62 T11

Level61
1 1 1 1 1 1 1 1 
1 0 0 0 # # 1 1 
1 0 # 1 0 0 1 1 
1 F 0 H F 0 S 1 
1 0 0 0 0 # 1 1 
1 1 F 0 0 1 1 1 
1 1 G 1 1 1 1 1 
1 1 1 1 1 1 1 1 
R34 D42 T6

Level62//puedeirantes
1 1 1 1 1 1 1 1 
1 1 S 1 1 1 1 1 
1 1 0 H # 0 1 1 
1 1 F H F # 1 1 
1 G # F 0 F 1 1 
1 1 # 0 F # 1 1 
1 1 0 0 # 0 1 1 
1 1 1 1 1 1 1 1 
P26 L44 T5

Level63//puedeirdespues
1 1 1 1 1 1 1 1
1 1 1 1 1 1 1 1
1 1 1 1 0 0 1 1
1 0 F 0 0 0 S 1
1 0 0 0 0 0 1 1
1 # H 0 0 # G 1
1 0 0 0 0 H 1 1
1 1 1 1 1 1 1 1
P46 T9

Level64..couldgo earlier
1 1 1 1 1 1 1 1 
1 1 1 1 G 1 1 1 
1 # 0 0 0 F 1 1 
1 0 0 0 0 0 0 1 
1 0 0 1 0 F 0 1 
S 0 0 H 0 1 1 1 
1 # 0 1 F 0 1 1 
1 1 1 1 1 1 1 1 
D14 T9

Level65
1 1 1 1 1 1 G 1 
1 1 # 0 # 1 0 1 
1 1 0 1 F # 0 1 
1 1 0 H 0 F 1 1 
1 1 0 0 # 0 0 1 
1 1 1 # F F 0 1 
1 1 1 1 S 1 1 1 
1 1 1 1 1 1 1 1 
P64 T7

Level66
1 1 1 1 1 1 1 1 
1 1 1 1 1 1 1 1 
1 1 F 1 H 1 0 1 
1 0 F # # # # 1 
1 0 H 0 0 F 0 G 
1 0 F 0 0 1 0 1 
1 0 1 F F H 0 1 
1 1 1 1 1 1 S 1 
P16 P62 R34 T5

Level67//earlier or bye
1 1 1 1 1 G 1 1 
1 1 0 0 0 0 F 1 
1 1 F 0 H 0 0 1 
1 1 F 0 0 # 0 1 
1 S F 1 # # F 1 
1 1 0 H 1 0 0 1 
1 1 1 1 1 1 1 1 
1 1 1 1 1 1 1 1 
U25 P41 T7

Level68//nonlrud
1 1 1 1 1 1 1 1 
1 1 1 G 1 1 1 1 
1 1 0 0 # 0 1 1 
1 1 0 F 0 0 1 1 
1 1 0 0 1 0 1 1 
1 1 0 1 0 0 1 1 
1 1 1 1 S 1 1 1 
1 1 1 1 1 1 1 1 
R25 T7

Level69
1 1 1 1 1 1 1 1 
1 1 1 G 1 1 1 1 
1 1 0 0 F 1 1 1 
1 1 0 0 # # 1 1 
1 1 0 0 0 # 1 1 
1 1 0 1 0 0 1 1 
1 1 1 1 S 1 1 1 
1 1 1 1 1 1 1 1 
U34 L44 T4

Level70
1 1 1 1 1 1 1 1 
1 G 1 0 0 H 1 1 
1 0 # F 0 1 1 1 
1 F 1 0 0 1 1 1 
1 # 1 # 0 H 1 1 
1 0 0 1 0 F 1 1 
1 F 0 F 0 0 1 1 
1 1 1 S 1 1 1 1 
L41 P56 R26 T4

Level71/earlierobye
1 1 1 1 1 1 1 1 
1 1 1 1 1 1 G 1 
1 1 # H 0 1 0 1 
1 1 H 0 0 0 # 1 
1 1 F 0 # 0 F 1 
1 1 1 0 F F 1 1 
1 1 0 F 0 # 0 1 
1 1 1 S 1 1 1 1 
P42 P34 U46 T4

Level72//good
1 1 1 1 G 1 1 1 
1 0 F # # 0 0 1 
1 0 0 F 0 F 0 1 
1 0 0 0 1 0 # 1 
1 H 0 1 1 1 F 1 
1 0 0 # F 0 F 1 
1 0 0 0 F # 0 1 
1 1 1 1 1 S 1 1 
L62 P51 T9

Level73
1 1 1 1 1 1 1 1 
1 1 1 0 # 0 0 1 
1 G # 0 0 # F 1 
1 1 H F 0 1 H 1 
1 1 # F 0 # 0 1 
1 1 0 1 # F 0 1 
1 1 1 1 1 1 S 1 
1 1 1 1 1 1 1 1 
P61 L64 T6

Level74//good
1 1 1 1 1 1 1 1 
1 1 0 0 1 1 1 1 
1 1 # 0 # H 0 1 
1 1 # 0 F 0 0 S 
1 1 F 0 0 0 0 1 
1 G F 0 0 1 H 1 
1 1 # # # 0 1 1 
1 1 1 1 1 1 1 1 
P44 P56 T7

Level75//good
1 1 1 1 1 1 1 1 
1 0 # 0 1 # H 1 
G 0 0 F 0 1 0 1 
1 0 # # H 0 1 1 
1 H 0 1 0 0 0 1 
1 1 F # 0 0 0 S 
1 0 0 0 0 F F 1 
1 1 1 1 1 1 1 1 
P55 P16 L42 T8

Level76//earlier
1 1 1 1 1 1 G 1 
1 0 F 1 1 # # 1 
1 F 0 0 H 0 F 1 
1 0 0 # # 0 1 1 
1 0 0 0 0 0 F 1 
1 0 # 0 0 1 0 S 
1 0 # 1 # 0 0 1 
1 1 1 1 1 1 1 1 
R13 L54 T10

Level77//dificilytricky
1 1 1 1 1 1 1 1 
1 0 0 1 H H 0 1 
1 0 H 0 0 0 1 1 
1 # H 0 1 # F G 
1 0 0 0 0 1 # 1 
1 # 0 0 F 0 F 1 
1 F 0 F 0 1 0 1 
1 S 1 1 1 1 1 1 
U35 L14 T9

Level78
1 1 1 1 1 1 1 1 
1 # H 0 # # 0 1 
G 0 # # 0 0 F 1 
1 0 0 0 0 1 0 1 
1 0 0 H 0 0 1 1 
1 0 F # H # 0 1 
S # 0 0 0 0 0 1 
1 1 1 1 1 1 1 1 
D61 R13 P36 T6

Level79
1 1 1 1 1 1 1 1 
1 1 1 1 1 1 1 1 
1 0 0 0 0 F 1 1 
1 0 0 H 0 0 G 1 
1 0 0 0 0 0 1 1 
1 1 0 F 0 # S 1 
1 1 0 0 # 0 1 1 
1 1 1 1 1 1 1 1 
U45 L42 T8

Level80//good
1 1 1 1 1 1 1 1 
1 1 1 1 1 0 0 1 
S 0 F 0 H 0 0 1 
1 # F 0 F # 0 1 
1 0 0 F F 0 1 1 
1 0 F 0 1 0 1 1 
1 F H # 1 # 1 1 
1 1 1 G 1 1 1 1 
P14 P55 L32 R15 T9

Level81
1 1 1 1 1 1 1 1 
1 1 1 1 S 1 1 1 
1 1 0 H 0 0 1 1 
1 1 0 0 1 0 1 1 
1 1 0 0 0 0 1 1 
1 1 0 0 1 0 1 1 
1 1 1 G 1 1 1 1 
1 1 1 1 1 1 1 1 
p53 T8

Level82
1 1 1 1 1 1 1 1 
1 1 S 1 1 1 1 1 
1 1 0 1 0 0 1 1 
1 1 0 0 0 0 1 1 
1 1 0 H # 0 1 1 
1 1 0 0 F 0 1 1 
1 1 1 1 G 1 1 1 
1 1 1 1 1 1 1 1 
p22 T6

Level83
1 1 1 1 1 1 1 1 
1 1 1 S 1 1 1 1 
1 1 0 0 0 0 1 1 
1 1 H F 1 0 1 1 
1 1 0 F F 0 1 1 
1 G 0 1 0 0 1 1 
1 1 1 1 1 1 1 1 
1 1 1 1 1 1 1 1 
p53 R22 T6

Level84
1 1 1 1 1 1 1 1 
1 1 1 1 1 G 1 1 
1 # 0 0 0 F 1 1 
1 0 0 F F 0 1 1 
1 0 F 0 0 1 1 1 
1 0 0 0 0 F 1 1 
1 0 0 0 0 # S 1 
1 1 1 1 1 1 1 1 
p14 T5

Level85
1 1 1 1 1 1 1 1 
1 1 1 1 1 1 1 1 
1 1 1 1 # 0 1 1 
1 1 0 0 0 0 1 1 
1 1 0 0 0 F 1 1 
1 1 0 F 0 0 1 1 
1 1 1 G 1 S 1 1 
1 1 1 1 1 1 1 1 
p43 T8

Level86
1 1 1 1 1 1 1 1 
1 1 S 1 1 1 1 1 
1 1 F 0 0 0 1 1 
1 1 0 0 0 0 1 1 
1 1 # 0 F 0 1 1 
1 1 1 G 1 F 1 1 
1 1 1 1 1 1 1 1 
1 1 1 1 1 1 1 1 
p23 P52 T5

Level87
1 1 1 S 1 1 1 1 
1 0 F 0 # 0 1 1 
1 0 0 1 H # 1 1 
G 0 0 # 0 0 1 1 
1 F 1 0 1 0 1 1 
1 # # 0 F 0 1 1 
1 1 1 1 1 1 1 1 
1 1 1 1 1 1 1 1 
p54 T7

Level88
1 1 1 1 1 1 1 1 
1 1 1 1 1 1 1 1 
1 1 # 1 0 0 1 1 
1 1 0 0 0 # 1 1 
1 G F 0 0 H 1 1 
1 1 0 # 0 # S 1 
1 1 1 1 1 1 1 1 
1 1 1 1 1 1 1 1 
p45 T8

Level89//earlier or bye
1 1 1 1 1 1 1 1 
1 1 1 1 1 1 1 1 
1 1 0 F 0 1 1 1 
1 1 F 0 0 0 G 1 
1 1 0 1 F H 1 1 
1 1 0 0 0 0 S 1 
1 1 1 1 1 1 1 1 
1 1 1 1 1 1 1 1 
p55 P42 T4

Level90
1 1 1 1 1 1 1 1 
1 1 1 1 1 1 1 1 
1 1 0 0 0 0 1 1 
1 1 0 0 0 F G 1 
1 S F F F F 1 1 
1 1 0 0 0 0 1 1 
1 1 1 1 1 1 1 1 
1 1 1 1 1 1 1 1 
p32 U25 T7

Level91//B-
1 1 1 1 1 1 1 1 
1 1 1 1 1 1 1 1 
S 0 0 0 # 0 1 1 
1 0 0 0 0 F G 1 
1 0 0 F F 0 1 1 
1 0 0 # 0 F 1 1 
1 0 # 0 F # 1 1 
1 1 1 1 1 1 1 1 
p12 T6

Level92//fixed
1 1 1 1 1 1 1 1 
1 1 1 G 1 1 1 1 
1 S # # # F 0 1 
1 1 0 F F # # 1 
1 1 0 0 # F F 1 
1 1 # 0 0 0 0 1 
1 1 1 1 0 0 0 1 
1 1 1 1 1 1 1 1 
p45 T8

Level93//decent
1 1 1 1 1 1 1 1 
1 0 0 0 0 0 1 1 
1 0 F 0 0 0 1 1 
1 0 # 0 H F 1 1 
1 0 0 0 0 0 G 1 
1 H 0 0 F # 1 1 
1 1 S 1 1 1 1 1 
1 1 1 1 1 1 1 1 
p25 L33 T7

Level94//fixed
1 1 1 1 1 1 1 1 
1 1 1 1 1 G 1 1 
1 S # 1 F F 0 1 
1 1 0 0 0 0 1 1 
1 1 0 0 F F 0 1 
1 1 0 0 # # 0 1 
1 1 0 # F # 0 1 
1 1 1 1 1 1 1 1 
p24 T8

Level95//gud but earlier, DIFFICULTIFY
1 1 1 1 G 1 1 1 
1 1 0 # F 0 0 1 
1 1 0 F F # F 1 
1 1 0 0 0 F 0 1 
1 1 0 0 0 # 1 1 
1 1 0 0 0 0 0 1 
1 1 1 S 1 1 1 1 
1 1 1 1 1 1 1 1 
p23 p35 T8

Level96//dificil AQUI EMPIEZA DIFICIL
1 1 1 1 1 1 1 1 
1 H 0 0 1 0 0 1 
1 1 1 0 0 0 0 1 
1 1 # 0 H 0 1 1 
1 1 0 0 F 0 G 1 
1 1 # 0 0 # 1 1 
1 1 S 1 1 1 1 1 
1 1 1 1 1 1 1 1 
p35 T9

Level97//pretty decent
1 1 1 1 1 1 1 1 
1 1 G 1 1 1 1 1 
1 S 0 F 0 0 0 1 
1 1 0 0 0 0 F 1 
1 1 0 0 F H 0 1 
1 1 F 0 0 0 0 1 
1 1 F 0 0 F 0 1 
1 1 1 1 1 1 1 1 
p42 P36 T6

Level98
1 1 1 1 1 1 1 1 
1 G 0 1 # 0 0 1 
1 1 0 1 F 0 0 1 
1 1 0 0 F 1 F 1 
1 1 1 0 0 # 0 1 
1 1 # # # # 0 1 
1 1 # 0 # 1 S 1 
1 1 1 1 1 1 1 1 
p65 T12

Level99
1 1 1 1 1 1 1 1 
1 1 1 G 1 1 1 1 
1 0 0 F 0 0 S 1 
1 0 F 0 0 F 1 1 
1 F 0 F 0 0 1 1 
1 0 0 0 0 0 1 1 
1 1 0 1 0 0 1 1 
1 1 1 1 1 1 1 1 
p45 P42 T8

Level100
1 1 1 1 1 G 1 1 
1 F 0 H # F 0 1 
1 1 1 0 # F 0 1 
1 0 0 0 0 0 0 1 
1 F H 1 F # F 1 
1 0 0 0 0 # # 1 
1 1 1 1 S 1 1 1 
1 1 1 1 1 1 1 1 
p43 P62 T10

Level101//gud but earlier, too ez or fixfix can byebye
1 1 G 1 1 1 1 1 
1 1 0 H 0 F # 1 
1 1 0 0 # F 0 1 
1 1 0 1 0 # # 1 
1 1 F F F 0 # 1 
1 1 H 0 F 0 0 1 
1 1 1 1 1 S 1 1 
1 1 1 1 1 1 1 1 
p62 R41 T7

Level102//poeticc, 95~ 
1 1 1 1 1 1 1 1 
1 0 1 0 0 # # 1 
1 0 0 0 0 0 0 G 
1 F 0 H H # 0 1 
1 0 0 0 F 0 0 1 
1 0 0 1 1 0 1 1 
1 0 H 0 # # 1 1 
1 1 1 1 S 1 1 1 
p34 T9

Level103 //fix more, can go BYEBYE. F
1 1 1 1 1 1 1 1 
1 0 F 0 0 0 0 1 
S 0 0 0 F F 0 1 
1 # 0 # 0 H 0 1 
1 0 0 1 0 0 1 1 
1 0 1 0 0 0 # G 
1 0 0 0 F 1 0 1 
1 1 1 1 1 1 1 1 
p31 P22 P45 T8

Level104//
1 1 1 1 1 1 1 1 
1 0 F 0 F 0 0 1 
1 0 0 0 0 F 0 1 
S 0 F 0 F H 1 1 
1 0 0 0 0 # 0 1 
1 # 1 0 0 0 0 1 
1 H 1 F 0 F 0 1 
1 1 1 1 1 G 1 1 
p44 P32 U14 T10

Level105//later////////////////////
1 S 1 1 1 1 1 1 
1 0 F 0 0 # 1 1 
1 0 H # F 0 G 1 
1 0 # 0 F # 1 1 
1 0 0 0 0 1 1 1 
1 H F 0 # 1 0 1 
1 1 1 0 0 F 0 1 
1 1 1 1 1 1 1 1 
p31 P13 R14 T10

Level106//
1 1 1 1 1 1 1 1 
1 1 0 0 0 0 # 1 
1 S F F F F # 1 
1 1 0 # F F H 1 
1 1 F F F 0 0 1 
1 1 F 0 0 0 0 1 
1 G 0 F F F 0 1 
1 1 1 1 1 1 1 1 
p41 P55 U23 T7

Level107//fixed
1 1 1 1 1 1 1 1 
1 0 0 0 1 1 1 1 
1 F 1 F # H 0 1 
1 0 0 0 0 0 F 1 
1 0 0 0 H 0 0 G 
1 1 # 0 F 0 1 1 
1 1 1 0 # F 0 S 
1 1 1 1 1 1 1 1 
p34 D62 T8

Level108//can be later
1 1 1 1 1 1 1 1 
1 # F 0 F 0 # 1 
1 0 0 0 F # 0 1 
1 0 F 1 1 0 0 1 
1 # 0 F # 0 1 1 
1 0 0 0 0 F G 1 
S # 0 F # 1 1 1 
1 1 1 1 1 1 1 1 
P26 p12 p51 T9

Level109
1 1 1 1 1 1 1 1 
1 # F # 0 0 0 1 
1 0 H 0 0 0 F 1 
1 1 0 0 0 # 0 1 
1 0 0 0 F # F 1 
1 0 0 0 H # 0 G 
S # # 0 H 1 0 1 
1 1 1 1 1 1 1 1 
p41 P24 U36 T7

Level110//morelikethis/toptier
1 G 1 1 1 1 1 1 
1 F # # 0 0 0 1 
1 0 H 0 # 1 0 1 
1 0 0 0 # 0 H 1 
1 0 F # F H 1 1 
S 0 F # # 0 0 1 
1 H 0 0 0 0 0 1 
1 1 1 1 1 1 1 1 
p33 U36 T9

Level111
1 1 1 1 1 1 1 1 
1 1 0 # 0 F 0 1 
1 1 F 0 0 0 1 1 
1 G # 0 1 F 1 1 
1 1 # 0 F 0 0 1 
1 1 0 F # 0 0 1 
1 1 1 1 1 S 1 1 
1 1 1 1 1 1 1 1 
p34 D52 P41 T8

Level112 //check for alternatives
1 1 1 1 1 1 1 1 
G F 0 1 1 1 1 1 
1 F 0 0 0 1 1 1 
1 0 F 0 0 0 S 1 
1 # 0 0 0 0 1 1 
1 1 F 0 F F 1 1 
1 0 F 0 0 0 1 1 
1 1 1 1 1 1 1 1 
p34 P43 P36 T8

Level113//fixed
1 1 1 1 1 1 1 1 
1 0 # 0 F 0 1 1 
1 0 # 0 # # S 1 
1 0 F 0 0 1 1 1 
1 F 0 0 0 0 G 1 
1 F H 1 F H 1 1 
1 0 F # 0 0 1 1 
1 1 1 1 1 1 1 1 
p43 p32 P12 T11

Level114//gr8, earlier? 100~
1 1 1 1 1 1 1 1 
1 0 0 0 F 0 0 1 
S 0 0 0 0 0 H 1 
1 0 H 0 1 0 0 1 
1 0 0 1 0 0 F G 
1 0 0 # 0 0 0 1 
1 # 0 0 1 F # 1 
1 1 1 1 1 1 1 1 
p45 U53 T9

Level115//gud, earlier, 100~
1 1 1 1 1 1 1 1 
1 0 0 0 0 0 # 1 
1 0 H # 0 0 0 G 
1 # 0 0 0 H # 1 
1 H # # 0 F F 1 
S 0 F 0 0 0 # 1 
1 0 # 0 0 1 F 1 
1 1 1 1 1 1 1 1 
p41 T8

Level116//alt, earlier or bye
1 1 1 1 1 1 1 1 
1 S 0 0 0 0 0 1 
1 1 0 0 0 0 0 1 
1 1 0 0 0 # 0 G 
1 1 # 0 F 0 0 1 
1 1 F F 0 F H 1 
1 1 0 0 0 1 1 1 
1 1 1 1 1 1 1 1 
p34 p21 T8

Level117//gud
1 1 1 1 1 1 1 1 
S # 0 0 0 0 0 1 
1 # 1 1 F # 0 1 
1 0 0 F 0 0 # 1 
1 0 # 0 0 0 F 1 
1 1 0 0 0 0 0 1 
1 F 0 0 0 0 0 1 
1 1 1 G 1 1 1 1 
p44 p31 T10

Level118//decent, could use more liberty
1 1 1 1 1 S 1 1 
1 # 0 # 0 0 0 1 
1 H 1 0 # # 1 1 
1 0 0 # 0 0 0 1 
1 0 F # 0 H # 1 
1 F 1 F 0 0 1 1 
1 0 0 1 0 0 1 1 
1 G 1 1 1 1 1 1 
p51 P53 p43 T8

Level119// could be later.
1 1 1 1 S 1 1 1 
1 H 1 0 0 0 0 1 
1 H H F 1 H F 1 
1 H 1 # 0 1 F 1 
1 1 F 0 0 F # G 
1 0 0 0 0 0 0 1 
1 0 # 0 F 0 0 1 
1 1 1 1 1 1 1 1 
p35 T11

Level120//couldbelater
1 1 1 1 1 1 1 1 
1 0 0 0 F # 1 1 
1 0 0 F 0 0 0 1 
1 F # 0 1 H 0 1 
1 0 F 0 0 1 0 1 
1 0 0 1 F 0 0 1 
S 0 0 # 0 F # 1 
1 1 1 1 G 1 1 1 
p22 p16 T10

Level121//startsch4
1 1 1 1 1 1 1 1 
1 1 S 1 1 1 1 1 
1 1 0 0 0 F 1 1 
1 1 0 0 0 F G 1 
1 1 0 0 1 # 1 1 
1 1 1 F H F 1 1 
1 1 1 1 1 1 1 1 
1 1 1 1 1 1 1 1 
r23 T3

Level122
1 1 1 1 1 1 1 1 
1 1 1 G 1 1 1 1 
1 1 0 0 0 0 1 1 
1 1 0 F 1 0 1 1 
1 1 0 0 0 1 1 1 
1 S F 0 # 0 1 1 
1 1 1 1 1 1 1 1 
1 1 1 1 1 1 1 1 
u35 T4

Level123
1 1 1 1 1 1 1 1 
1 1 1 1 1 1 1 1 
1 1 0 0 # 1 1 1 
1 1 0 # F 0 G 1 
1 1 1 0 F 0 1 1 
1 1 0 0 0 0 1 1 
1 1 1 1 S 1 1 1 
1 1 1 1 1 1 1 1 
d32 T7

Level124
1 1 1 1 1 1 1 1 
1 1 1 1 1 1 1 1 
1 1 F 0 0 0 G 1 
1 1 1 0 0 1 1 1 
1 S 0 F F 0 1 1 
1 1 0 0 0 0 1 1 
1 1 1 1 1 1 1 1 
1 1 1 1 1 1 1 1 
u45 D33 T5

Level125
1 1 1 1 1 1 1 1 
1 1 G 1 1 1 1 1 
S # 0 0 0 0 1 1 
1 0 H 0 0 0 1 1 
1 0 0 0 1 1 1 1 
1 0 0 0 0 0 1 1 
1 F 0 0 0 0 1 1 
1 1 1 1 1 1 1 1 
d32 T9

Level126
1 1 G 1 1 1 1 1 
1 1 0 0 0 0 0 1 
1 1 H 1 0 1 1 1 
1 1 0 0 F 0 1 1 
1 1 0 F 0 0 0 1 
1 1 0 0 0 0 0 1 
1 1 1 S 1 1 1 1 
1 1 1 1 1 1 1 1 
u45 T8

Level127
1 1 1 1 1 1 1 1 
1 1 0 0 0 0 1 1 
1 1 0 0 0 1 0 1 
1 1 1 0 0 0 1 1 
1 1 0 # 0 0 0 1 
1 1 # F 0 0 0 1 
1 1 1 S 1 G 1 1 
1 1 1 1 1 1 1 1 
r33 T5

Level128
1 S 1 1 1 1 1 1 
1 F 1 F H 1 1 1 
1 0 F # 0 F G 1 
1 # # 1 H 0 1 1 
1 # F F 0 0 1 1 
1 F 0 0 0 F # 1 
1 0 0 # 1 1 1 1 
1 1 1 1 1 1 1 1 
r12 L44 T6

Level129
1 1 1 1 1 1 1 1 
1 1 1 1 1 1 1 1 
1 S 0 F 0 0 1 1 
1 1 1 # 0 0 0 1 
1 G 0 0 F 0 F 1 
1 1 H 0 0 # 0 1 
1 1 1 1 1 1 1 1 
1 1 1 1 1 1 1 1 
d42 L54 T3

Level130
1 1 1 G 1 1 1 1 
1 0 0 0 0 0 0 S 
1 0 0 0 0 0 # 1 
1 0 1 # 0 F 0 1 
1 # 0 1 0 0 0 1 
1 # 0 # 0 0 0 1 
1 0 0 0 0 # 1 1 
1 1 1 1 1 1 1 1 
l63 T8

Level131
1 1 1 1 1 1 1 1 
1 0 1 0 # 0 0 1 
1 # 0 0 0 0 0 1 
1 # 1 0 0 0 1 1 
G 0 0 0 1 # 0 1 
1 F 0 # 0 # 0 1 
1 # 0 F 0 1 0 1 
1 1 1 1 1 1 S 1 
u26 T11

Level132
1 1 1 1 1 G 1 1 
1 1 0 F # 0 0 1 
1 0 0 0 # 0 # 1 
1 F 0 0 F 0 0 S 
1 0 F 0 0 0 F 1 
1 0 0 0 0 0 0 1 
1 0 0 H 0 0 0 1 
1 1 1 1 1 1 1 1 
u52 P53 T9

Level133
1 1 1 1 1 1 1 1 
1 1 0 # F 0 0 1 
1 0 # 0 0 0 F 1 
1 # 0 F 0 0 0 1 
1 0 0 0 0 F 0 G 
1 # 0 1 0 0 0 1 
1 0 0 0 0 1 0 1 
1 1 1 S 1 1 1 1 
r14 T8

Level134
1 1 1 1 1 1 1 1 
1 1 1 1 0 0 F 1 
1 S 0 0 0 0 0 1 
1 1 # F 0 0 0 1 
1 G 0 # 1 0 1 1 
1 1 0 # 0 0 0 1 
1 1 # 0 1 0 0 1 
1 1 1 1 1 1 1 1 
r15 T13

Level135
1 1 1 1 1 1 1 1 
1 0 # 0 F 0 0 S 
1 # # F 0 0 0 1 
1 1 0 0 0 1 F 1 
1 0 F F 0 # 0 1 
1 F 0 0 0 0 0 1 
1 0 F # 0 0 1 1 
1 1 1 1 G 1 1 1 
d31 p35 T9

Level136
1 1 S 1 1 1 1 1 
1 0 0 0 0 0 # 1 
1 0 0 H 1 0 H 1 
1 0 0 0 H 0 0 1 
1 0 0 F 0 0 F 1 
1 0 0 0 0 0 0 1 
1 0 0 F 1 0 0 1 
1 1 1 G 1 1 1 1 
d35 p24 T9

Level137
1 1 G 1 1 S 1 1 
1 0 # 0 H 0 1 1 
1 # 0 0 0 0 1 1 
1 0 0 # 0 F 1 1 
1 F F 0 0 # 1 1 
1 0 H 0 0 0 1 1 
1 1 1 1 1 1 1 1 
1 1 1 1 1 1 1 1 
l52 p32 P35 T5

Level138
1 1 1 G 1 1 1 1 
1 1 0 # 1 0 # 1 
1 # F F 0 0 0 1 
1 0 0 # F F 0 1 
1 # 1 0 # 0 0 1 
1 0 0 1 0 0 0 1 
1 # 0 F 0 0 F 1 
1 1 S 1 1 1 1 1 
l54 P56 T11

Level139
1 1 1 1 1 1 1 1
1 0 0 # H 0 0 1 
G 0 0 0 1 0 0 1 
1 H F 0 0 H 0 1 
1 H 0 0 0 H 0 1 
1 0 0 # 0 0 0 1 
1 0 1 0 F F 0 1 
1 1 1 1 S 1 1 1 
l22 P44 P15 T5

Level140
1 1 1 1 1 1 1 1 
1 0 1 0 0 F 0 1 
1 # F 0 F 1 0 1 
1 0 0 1 # 0 0 1 
1 F 0 # # 0 # S 
1 0 0 0 0 # 0 1 
1 1 1 0 F 0 0 1 
1 1 1 1 1 G 1 1 
d54 P24 T8

Level141
1 S 1 1 G 1 1 1 
1 0 H 0 0 0 F 1 
1 0 0 0 0 F 0 1 
1 0 0 0 H 0 0 1 
1 0 0 1 # 0 0 1 
1 0 # 0 0 0 1 1 
1 0 0 H 0 0 1 1 
1 1 1 1 1 1 1 1 
u42 p11 p54 T13

Level142
1 1 1 1 1 1 1 1 
1 0 1 0 0 0 0 1 
1 0 0 0 0 0 0 1 
1 0 0 1 0 0 1 1 
1 0 0 0 0 H 0 1 
1 0 # 0 0 0 0 1 
1 0 F 0 0 0 # 1 
1 S 1 G 1 1 1 1 
r16 p46 T6

Level143//earlier
1 1 1 S 1 1 G 1 
1 1 1 F 0 # 0 1 
1 0 F 0 1 0 0 1 
1 # 1 1 # 0 H 1 
1 # F 0 0 # 0 1 
1 0 # # 0 1 F 1 
1 0 0 0 F 0 0 1 
1 1 1 1 1 1 1 1 
r15 U36 p44 T10

Level144
1 1 1 1 1 1 1 1 
1 1 1 1 1 1 1 1 
1 0 H F 0 0 1 1 
1 0 H 0 0 0 G 1 
1 0 H 0 0 1 1 1 
1 0 0 0 F # 1 1 
1 # 0 0 F 0 1 1 
1 1 1 1 1 S 1 1 
l56 p26 P33 T10

Level145
1 1 1 1 1 1 1 1 1 1 
1 1 1 1 1 G 1 1 1 1 
1 1 0 0 H # 0 0 # 1 
1 1 0 0 # 0 0 0 0 1 
1 1 H F 0 0 F 0 0 1 
1 1 0 0 0 0 0 1 0 1 
1 S 0 0 0 0 0 F 0 1 
1 1 0 0 0 0 F F 0 1 
1 1 F # 0 0 F 0 1 1 
1 1 1 1 1 1 1 1 1 1 
r36 u57 T5

Level146
1 1 1 1 G 1 1 1 
1 1 1 # F 0 # 1 
1 # 0 0 0 0 0 1 
1 0 0 0 0 0 1 1 
1 1 H # 1 0 # 1 
1 0 0 0 1 # 0 1 
1 # F 0 0 # 1 1 
1 1 S 1 1 1 1 1 
u42 R15 T10

Level147//libertad
1 1 1 1 1 1 1 1 1 1 
1 0 H 0 0 0 0 H 1 1 
1 0 1 0 0 # F 0 1 1 
1 0 0 0 0 0 0 0 1 1 
1 0 0 H 0 F 0 1 1 1 
1 0 0 0 0 0 F 0 1 1 
1 0 0 # F 0 0 0 G 1 
1 0 # F 0 0 F F 1 1 
1 1 1 1 1 S 1 1 1 1 
1 1 1 1 1 1 1 1 1 1 
r56 p53 T6

Level148
1 1 1 1 1 G 1 1 
1 0 0 0 1 F 0 1 
1 0 0 0 0 0 F 1 
1 0 0 F F 0 0 1 
1 H 0 0 0 1 0 1 
1 0 0 H F 0 0 1 
S 0 0 0 0 0 0 1 
1 1 1 1 1 1 1 1 
r23 P36 P63 T5

Level149
1 1 1 1 1 1 1 1 1 1 
1 0 0 1 1 0 0 0 0 1 
1 # 1 0 H 0 0 # 0 1 
1 # F 0 # H 1 0 0 1 
1 F 0 1 H F # F 0 1 
G # F 0 0 0 0 0 1 1 
1 1 F H # # 0 F 0 1 
1 0 0 0 0 0 0 F 0 1 
1 # # F H 0 0 0 0 1 
1 S 1 1 1 1 1 1 1 1 
u47 L55 T4

Level150//earlier
1 1 1 1 1 1 1 1 
1 0 0 0 1 0 1 1 
1 0 1 H 0 0 0 1 
G 0 H 1 0 0 # 1 
1 0 0 # F 0 0 1 
1 0 0 0 # H F 1 
1 0 H 1 0 0 0 S 
1 1 1 1 1 1 1 1 
l64 P12 P42 T7

Level151//later
1 1 1 1 1 G 1 1 1 1 
1 0 F 0 0 0 0 0 H 1 
1 0 1 1 0 0 0 F 1 1 
1 0 0 0 F 0 0 # 0 1 
1 0 0 F 0 0 H F # S 
1 0 0 0 1 0 F 0 0 1 
1 0 H 0 0 0 # 0 # 1 
1 0 0 0 0 0 1 0 0 1 
1 0 1 0 0 0 0 0 0 1 
1 1 1 1 1 1 1 1 1 1 
l85 D83 T6

Level152//earlier
1 1 1 1 1 1 1 1 1 1 
1 1 1 0 0 # 0 0 0 1 
1 G 0 0 0 1 0 0 0 1 
1 1 1 F F 0 0 0 1 1 
1 1 0 0 0 0 0 0 0 1 
1 1 0 0 0 0 # 0 # 1 
1 1 0 # 0 0 # 0 0 1 
1 1 0 F 0 0 0 0 0 1 
1 1 1 1 1 1 S 1 1 1 
1 1 1 1 1 1 1 1 1 1 
l42 p34 T9

Level153
1 1 1 1 1 1 1 1 
1 # 1 1 0 0 S 1 
1 0 0 0 # # 1 1 
1 0 0 0 0 H 1 1 
1 0 F F F 0 1 1 
1 # 0 F # F 1 1 
1 1 G 1 1 1 1 1 
1 1 1 1 1 1 1 1 
l43 p22 p13 T9

Level154//gut
1 1 1 S 1 1 1 1 1 1 
1 1 F 0 1 0 0 0 0 1 
1 1 0 F 0 # 0 0 0 1 
1 1 0 0 F 0 1 0 0 1 
1 1 F 0 1 F 0 0 1 1 
1 G 0 0 0 F 0 0 F 1 
1 1 H F 1 F 0 0 F 1 
1 1 0 0 0 0 0 0 0 1 
1 1 1 1 1 1 1 1 1 1 
1 1 1 1 1 1 1 1 1 1 
l65 p57 T8

Level155//earlier
1 1 1 1 1 1 1 1 1 1 
1 1 0 0 0 0 0 F F S 
1 # 0 0 0 0 F 0 0 1 
1 0 0 F F 0 0 0 0 1 
1 0 F 1 0 0 0 0 0 1 
1 0 0 0 1 0 F 0 0 1 
1 0 0 0 0 0 0 0 0 1 
1 H 0 0 F H 0 0 0 G 
1 0 0 0 1 0 0 # H 1 
1 1 1 1 1 1 1 1 1 1 
d61 p66 T9

Level156
1 1 1 1 1 1 1 1 
1 # # 0 F 0 0 1 
1 0 0 0 0 F 0 1 
1 0 1 F # 1 1 1 
1 0 # 0 0 0 0 1 
S 0 F F H F 0 1 
1 0 1 0 0 # 0 1 
1 1 1 1 G 1 1 1 
r34 U36 p32 T8

Level157
1 1 1 S 1 1 1 1 1 1 
1 0 # 0 0 0 0 0 1 1 
1 0 0 F 0 0 1 F 1 1 
1 0 0 # # 0 F 0 1 1 
1 F 0 F 0 0 0 F G 1 
1 # 0 # 1 F 0 1 1 1 
1 0 0 1 0 F # 0 1 1 
1 H 0 0 1 0 0 # 1 1 
1 1 1 1 1 1 1 1 1 1 
1 1 1 1 1 1 1 1 1 1 
r13 p31 T9

Level158
1 1 1 1 1 1 1 1 1 1 
1 # 0 1 0 # 0 H 1 1 
1 H 0 1 0 0 # 0 1 1 
S 0 # 0 0 0 0 0 1 1 
1 0 H 0 # 0 1 0 1 1 
1 H H 0 0 0 0 1 1 1 
1 0 H 0 # 1 0 # 1 1 
1 0 F F # 0 0 # 1 1 
1 1 1 G 1 1 1 1 1 1 
1 1 1 1 1 1 1 1 1 1 
d33 p45 T12

Level159
1 S 1 1 1 1 1 1 
1 0 1 0 0 0 0 1 
1 0 0 0 0 0 1 1 
1 0 # 1 0 F 0 G 
1 # 0 0 0 0 1 1 
1 0 0 1 F # F 1 
1 0 # 1 0 0 F 1 
1 1 1 1 1 1 1 1 
l42 p15 T13

Level160
1 1 1 1 1 1 1 1 
S # 0 0 0 0 0 1 
1 0 H H 1 0 0 1 
1 # # 0 0 0 0 1 
G 0 0 1 0 0 0 1 
1 H # 0 0 # 0 1 
1 1 0 0 F # H 1 
1 1 1 1 1 1 1 1 
l24 p33 P65 T12

Level161//s
1 1 1 1 1 1 1 1
1 1 1 1 1 1 1 1
1 1 0 0 F 0 G 1 
1 1 F F 0 H 1 1 
1 1 0 H 0 0 1 1
1 S F 0 # 0 1 1 
1 1 1 1 1 1 1 1 
1 1 1 1 1 1 1 1
PU24 PD54 T3

Level162//s
1 1 1 1 1 1 1 1
1 1 1 1 1 1 1 1
1 1 # 1 0 0 1 1 
1 1 F 0 1 0 1 1 
1 S 0 F 0 H 1 1
1 1 # 0 0 0 1 1 
1 1 G 1 1 1 1 1 
1 1 1 1 1 1 1 1
PL24 PD44 T3

Level163//s
1 1 1 1 1 1 1 1
1 1 1 S 1 1 1 1
1 1 0 0 0 0 1 1 
1 1 0 0 0 0 1 1 
1 1 H H 0 0 1 1
1 1 0 F F F G 1 
1 1 1 1 1 1 1 1 
1 1 1 1 1 1 1 1
PU32 PR25 T1

Level164//s
1 1 1 1 1 1 1 1 
1 1 G 1 1 1 1 1 
1 1 0 1 0 0 1 1 
1 1 1 0 0 # 1 1 
1 1 0 # 0 0 1 1 
1 1 1 # 0 0 1 1 
1 1 1 1 S 1 1 1 
1 1 1 1 1 1 1 1 
PU22 PR42 T4

Level165//s
1 1 1 1 1 1 1 1 
1 1 1 1 1 1 1 1 
1 1 0 0 0 0 1 1 
1 G 0 F 0 1 1 1 
1 1 0 F 1 0 S 1 
1 1 F 0 1 0 1 1 
1 1 1 1 1 1 1 1 
1 1 1 1 1 1 1 1 
PU24 PR54 T3

Level166//s
1 1 1 1 1 1 1 1 
1 1 1 1 1 1 1 1 
1 1 0 F 0 0 S 1 
1 1 # 0 # # 1 1 
1 1 0 0 F 1 1 1 
1 1 0 0 0 H 1 1 
1 1 1 1 G 1 1 1 
1 1 1 1 1 1 1 1 
PU24 PR52 T3

Level167//nofue
1 1 1 1 1 1 1 1 
1 1 1 1 1 1 1 1 
1 1 # 1 0 # G 1 
1 1 0 1 0 H 1 1 
1 1 # 0 F 0 1 1 
1 1 1 F 0 0 1 1 
1 1 1 S 1 1 1 1 
1 1 1 1 1 1 1 1 
PU55 PR42 T3

Level168 //no se q tan fan soy de no-portal
1 1 1 1 1 1 1 1 
1 1 1 1 1 1 1 1 
1 1 # 0 0 # 1 1 
1 1 0 F # 0 1 1 
1 G 0 0 H F 1 1 
1 1 # # 1 0 1 1 
1 1 1 1 1 S 1 1 
1 1 1 1 1 1 1 1 
PU23 PR42 T6

Level169
1 1 1 1 1 1 1 1 
1 1 1 1 1 1 1 1 
1 1 # F 1 0 1 1 
1 1 0 F H 0 S 1 
1 1 0 # # 1 1 1 
1 1 0 0 0 0 1 1 
1 1 1 1 G 1 1 1 
1 1 1 1 1 1 1 1 
PU25 PR53 T4

Level170//alterar con otro de eso bloqueado
1 1 1 1 1 1 1 1 
1 1 1 1 1 1 1 1 
1 1 1 0 # 0 1 1 
1 1 0 # H 0 G 1 
1 1 1 # 0 F 1 1 
1 1 F 0 0 0 S 1 
1 1 1 1 1 1 1 1 
1 1 1 1 1 1 1 1 
PU52 PR45 T3

Level171//trikyicky
1 1 1 1 1 1 1 1 
1 1 1 1 1 1 1 1 
1 0 1 0 1 0 1 1 
1 0 0 H H 0 S 1 
1 0 1 0 0 0 1 1 
G 0 0 0 0 # 1 1 
1 0 1 # H 0 1 1 
1 1 1 1 1 1 1 1 
PU16 PR53 T3

Level172
1 1 1 1 1 1 1 1 
1 1 1 1 1 1 1 1 
1 0 0 # 0 0 1 1 
1 0 0 0 0 1 1 1 
G 0 0 # 1 H 1 1 
1 0 # H 0 0 S 1 
1 0 0 1 0 0 1 1 
1 1 1 1 1 1 1 1 
PU23 PR45 T6

Level173//noportaleado
1 1 1 G 1 1 1 1 
1 0 0 0 0 0 # 1 
1 1 0 1 # 0 0 1 
1 0 0 H 0 0 0 1 
1 1 0 # 0 0 0 1 
1 0 0 0 # 0 H 1 
1 0 0 0 0 H # 1 
1 1 1 S 1 1 1 1 
PU41 PR35 T7

Level174//decente
1 1 1 1 1 1 1 1 
1 # 0 # 0 0 0 1 
1 0 0 0 # 0 1 1 
1 1 0 1 0 0 0 1 
1 0 0 0 0 0 0 1 
1 0 0 1 0 0 1 1 
1 0 0 H 0 # # 1 
1 1 G 1 1 1 S 1 
PU32 PR46 T6

Level175
1 1 1 1 1 1 1 1 
1 1 1 S 1 1 1 1 
1 1 1 0 0 1 1 1 
1 1 H 0 # F 1 1 
1 G # 0 0 # 1 1 
1 1 0 F 0 0 1 1 
1 1 1 1 1 1 1 1 
1 1 1 1 1 1 1 1 
PU33 PR45 T5

Level176//sporadizar
1 1 1 1 1 1 1 1 
1 H 0 F 0 0 F 1 
1 0 0 0 0 0 0 1 
1 1 # 1 H 0 # 1 
1 H 0 0 H 0 0 S 
1 0 0 0 1 0 0 1 
1 0 0 0 0 0 0 1 
1 1 1 1 G 1 1 1 
PU36 PR54 T5

Level177//herewefuckinggo
1 1 1 1 1 1 1 1
1 1 1 S 1 1 1 1 
1 1 # 0 F # 1 1
1 1 0 0 0 0 1 1
1 G 0 F # 1 1 1
1 1 0 H 0 0 1 1
1 1 1 1 1 1 1 1
1 1 1 1 1 1 1 1 
PU33 PR45 T7

Level178//tricky
1 1 1 1 1 1 1 1 
1 1 1 1 1 1 1 1 
1 1 0 1 0 0 1 1 
1 1 0 # # 0 1 1 
1 1 0 F 0 0 S 1 
1 1 H F # 0 1 1 
1 1 1 G 1 1 1 1 
1 1 1 1 1 1 1 1 
PU23 PR44 T7

Level179/elretornodelretorno
1 1 1 1 1 1 1 1 
1 1 1 1 S 1 1 1 
1 1 0 0 # 0 1 1 
1 G 0 H 0 # 1 1 
1 1 0 0 # 0 1 1 
1 1 F 1 F 0 1 1 
1 1 1 1 1 1 1 1 
1 1 1 1 1 1 1 1 
PU43 PR24 T5

Level180//decenteearly
1 1 1 1 1 1 1 1 
1 1 1 G 1 1 1 1 
1 1 0 F H 0 1 1 
1 1 0 F 0 0 S 1 
1 1 0 # # 0 1 1 
1 1 0 1 # 0 1 1 
1 1 1 1 1 1 1 1 
1 1 1 1 1 1 1 1 
PU24 PR43 T7

Level181//nice, doublestop
1 1 1 1 1 1 1 1 
1 1 1 1 1 1 1 1 
1 1 0 1 # 1 1 1 
1 1 0 0 F 0 1 1 
1 1 F # 0 0 S 1 
1 1 H 0 0 # 1 1 
1 1 1 G 1 1 1 1 
1 1 1 1 1 1 1 1 
PU23 PR44 T5

Level182
1 1 1 1 1 1 1 1 
1 1 1 1 S 1 1 1 
1 1 1 0 # 0 1 1 
1 G F 0 0 0 1 1 
1 1 0 0 # 0 1 1 
1 1 0 # F H 1 1 
1 1 1 1 1 1 1 1 
1 1 1 1 1 1 1 1 
PU43 PR34 T5

Level183
1 1 1 1 1 1 1 1 
1 1 1 S 1 1 1 1 
1 1 0 # 0 F 1 1 
1 1 0 0 # 1 1 1 
1 G 0 H 0 F 1 1 
1 1 0 # 0 1 1 1 
1 1 1 1 1 1 1 1 
1 1 1 1 1 1 1 1 
PU33 PR25 T5

Level184//sporadizar
1 1 1 1 1 1 1 1 
1 1 0 0 0 0 # 1 
1 1 0 1 0 H 1 1 
1 1 0 0 0 0 0 1 
1 1 H 0 0 0 0 S 
1 1 0 0 # # 0 1 
1 1 1 G 1 1 1 1 
1 1 1 1 1 1 1 1 
PU23 PR44 T5

Level185//maso
1 1 1 1 1 1 1 1 
1 1 1 1 1 1 1 1 
1 1 0 0 # F # 1 
1 1 0 0 0 F 1 1 
1 1 0 # # F 0 1 
1 1 0 F H 0 0 S 
1 1 # 0 0 1 F 1 
1 1 1 G 1 1 1 1 
PU24 PR55 T5

Level186//sporadizar
1 1 1 1 1 1 1 1 
1 1 0 0 1 1 1 1 
1 0 # 0 # 0 1 1 
1 # H 0 0 0 1 1 
1 F 0 # 0 # S 1 
1 0 1 0 0 H 1 1 
1 1 1 1 G 1 1 1 
1 1 1 1 1 1 1 1 
PU32 PR24 T5

Level187//sporadizegud
1 1 1 1 1 1 1 1 
1 1 S 1 1 1 1 1 
1 0 0 F F 0 1 1 
1 0 0 0 0 0 1 1 
G 0 0 0 0 1 1 1 
1 # H 0 0 0 1 1 
1 0 0 0 F H 1 1 
1 1 1 1 1 1 1 1 
PU23 PR35 T7

Level188//nicetricky
1 1 1 1 1 1 1 1 
1 1 1 1 1 1 1 1 
1 1 F 0 H 0 1 1 
1 1 F # # 0 S 1 
1 1 1 # 0 0 1 1 
1 1 # 0 0 0 1 1 
1 1 1 1 G 1 1 1 
1 1 1 1 1 1 1 1 
PU55 PR53 T5

Level189//spore
1 1 1 1 1 1 1 1 
1 1 1 1 1 1 1 1 
1 1 0 0 0 0 1 1 
1 1 H 1 # 0 1 1 
1 1 0 0 F 0 1 1 
1 1 F 0 # # S 1 
1 1 G 1 1 1 1 1 
1 1 1 1 1 1 1 1 
PU53 PR35 T5

Level190//spore
1 1 1 1 1 1 1 1 
1 1 1 S 1 1 1 1 
1 1 1 0 0 1 1 1 
1 1 0 0 0 F 1 1 
1 1 1 H # F G 1 
1 1 0 # 0 # 1 1 
1 1 1 1 1 1 1 1 
1 1 1 1 1 1 1 1 
PU33 PR45 T5

Level191//2ezspore
1 1 1 1 1 1 1 1 
1 1 1 1 1 1 1 1 
1 1 0 # 1 F 1 1 
1 1 1 # 0 # 1 1 
1 1 0 H 0 0 S 1 
1 1 0 0 F 0 1 1 
1 1 1 G 1 1 1 1 
1 1 1 1 1 1 1 1 
PU25 PR44 T5

Level192/trickyfun
1 1 1 1 1 1 1 1 
1 1 1 1 1 1 1 1 
1 1 0 H # 0 1 1 
1 1 F 0 0 # S 1 
1 1 0 0 1 F 1 1 
1 1 1 0 0 # 1 1 
1 1 1 1 G 1 1 1 
1 1 1 1 1 1 1 1 
PU35 PR33 T5

Level193//notbad
1 1 1 1 1 1 1 1 
1 1 1 1 S 1 1 1 
1 1 1 0 # 0 1 1 
1 1 F 0 0 # 1 1 
1 1 0 # H 0 1 1 
1 1 F 0 0 0 1 1 
1 1 G 1 1 1 1 1 
1 1 1 1 1 1 1 1 
PU43 PR35 T6

Level194//tricky
1 1 1 1 1 1 1 1 
1 1 1 1 1 1 1 1 
1 1 0 # H 1 1 1 
1 1 0 0 0 0 1 1 
1 1 F F 0 0 S 1 
1 1 0 # 0 # 1 1 
1 1 1 G 1 1 1 1 
1 1 1 1 1 1 1 1 
PU23 PR44 T5

Level195//doblenotanaburrido
1 1 1 1 1 1 1 1 
1 1 S 1 1 1 1 1 
1 1 0 0 # 1 1 1 
1 1 0 F 0 1 1 1 
1 G 0 # # H 1 1 
1 1 F 1 0 0 1 1 
1 1 1 1 1 1 1 1 
1 1 1 1 1 1 1 1 
PU23 PR45 T5

Level196//doblenotanaburrido
1 1 1 1 1 1 1 1 
1 1 1 S 1 1 1 1 
1 1 F 0 # 1 1 1 
1 1 1 0 0 # 1 1 
1 1 0 0 0 1 1 1 
1 1 F H 0 # 1 1 
1 1 G 1 1 1 1 1 
1 1 1 1 1 1 1 1 
PU33 PR45 T6

Level197//notanchevere
1 1 1 1 1 1 1 1 
1 1 S 1 1 1 1 1 
1 1 0 # 0 1 1 1 
1 1 0 # F 1 1 1 
1 G 0 # 0 H 1 1 
1 1 F 0 0 0 1 1 
1 1 1 1 1 1 1 1 
1 1 1 1 1 1 1 1 
PU23 PR45 T5

Level198//distintilloboringish
1 1 1 1 1 1 1 1 
1 1 1 1 1 1 1 1 
1 1 0 1 0 0 1 1 
1 1 0 1 # 0 1 1 
1 G F F 0 # 1 1 
1 1 H 0 # 0 S 1 
1 1 1 1 1 1 1 1 
1 1 1 1 1 1 1 1 
PU53 PR35 T4

Level199//trickydoble
1 1 1 1 1 1 1 1 
1 1 1 1 S 1 1 1 
1 1 0 # 0 # 1 1 
1 G 0 1 0 0 1 1 
1 1 0 # 0 F 1 1 
1 1 0 F H 0 1 1 
1 1 1 1 1 1 1 1 
1 1 1 1 1 1 1 1 
PU44 PR24 T5

Level200//interesanteboring
1 1 1 1 1 1 1 1 
1 1 1 1 1 1 1 1 
1 1 0 0 # F 1 1 
1 1 H # 0 # S 1 
1 1 F 0 0 0 1 1 
1 G 0 0 0 1 1 1 
1 1 1 1 1 1 1 1 
1 1 1 1 1 1 1 1 
PU34 PR43 T6

Level201//maso
1 1 1 1 1 1 1 1 
1 1 1 1 1 1 1 1 
1 1 # H F 1 1 1 
1 1 0 0 0 # 1 1 
1 1 0 F 0 0 S 1 
1 1 1 0 # 1 1 1 
1 1 1 1 G 1 1 1 
1 1 1 1 1 1 1 1 
PU23 PR44 T7

Level202//nice, no mas doble
1 1 1 1 1 1 1 1 
1 1 1 1 G 1 1 1 
1 1 0 F F 0 1 1 
1 1 0 1 # 1 1 1 
1 S # # 0 H 1 1 
1 1 0 0 0 0 1 1 
1 1 1 1 1 1 1 1 
1 1 1 1 1 1 1 1 
PU44 PR25 T3

Level203//ez
1 1 1 1 1 1 1 1 
1 1 1 1 1 1 1 1 
1 1 0 1 0 F S 1 
1 1 # 0 H F 1 1 
1 1 0 0 0 # 1 1 
1 G # 0 0 0 1 1 
1 1 1 1 1 1 1 1 
1 1 1 1 1 1 1 1 
PU34 PR42 T4

Level204//ezdecent
1 1 1 1 1 1 1 1 
1 1 1 1 1 1 1 1 
1 S 0 0 # 0 1 1 
1 1 F 0 0 0 1 1 
1 1 # F 1 H 1 1 
1 1 1 0 0 # 1 1 
1 1 1 1 1 G 1 1 
1 1 1 1 1 1 1 1 
PU53 PR35 T3

Level205/mehish
1 1 1 1 1 1 1 1 
1 1 1 1 1 1 1 1 
1 1 0 # H 0 1 1 
1 1 # 0 1 0 1 1 
1 1 0 0 0 0 G 1 
1 1 0 F # F S 1 
1 1 1 1 1 1 1 1 
1 1 1 1 1 1 1 1 
PU33 PR25 T4

Level206
1 1 1 1 1 1 1 1 
1 1 1 S 1 1 1 1 
1 1 1 0 0 H 1 1 
1 G # 1 F 0 1 1 
1 1 # 0 # 0 1 1 
1 1 0 F 0 0 1 1 
1 1 1 1 1 1 1 1 
1 1 1 1 1 1 1 1 
PU32 PR34 T5

Level208//nice
1 1 1 1 1 1 1 1 
1 1 1 1 1 1 1 1 
1 1 1 0 0 F 1 1 
1 1 0 # H 0 S 1 
1 1 F 0 1 # 1 1 
1 1 0 0 # F G 1 
1 1 1 1 1 1 1 1 
1 1 1 1 1 1 1 1 
PU34 PR53 T5

Level209//eztreicky
1 1 1 1 1 1 1 1 
1 1 1 1 1 1 1 1 
1 1 0 H 0 0 1 1 
1 1 0 # 1 0 S 1 
1 1 # 0 # 1 1 1 
1 1 0 F F 0 1 1 
1 1 1 1 G 1 1 1 
1 1 1 1 1 1 1 1 
PU25 PR53 T4

Level210//puede ser introductorio
1 1 1 1 1 1 1 1 
1 1 1 G 1 1 1 1 
1 1 1 0 F # 1 1 
1 S 0 1 1 0 1 1 
1 1 F # 0 0 1 1 
1 1 0 H # 0 1 1 
1 1 1 1 1 1 1 1 
1 1 1 1 1 1 1 1 
PU25 PR44 T5

Level211//oktrickyfacil
1 1 1 1 1 1 1 1 
1 1 1 1 1 S 1 1 
1 G 0 F 1 0 1 1 
1 1 # 1 0 H 1 1 
1 1 # # 0 F 1 1 
1 1 0 0 0 0 1 1 
1 1 1 1 1 1 1 1 
1 1 1 1 1 1 1 1 
PU52 PR25 T6

Level212//chingon ez
1 1 1 1 1 1 1 1 
1 1 1 G 1 1 1 1 
1 1 # 0 0 0 1 1 
1 1 0 H 0 0 1 1 
1 S F 0 1 0 1 1 
1 1 F 0 # # 1 1 
1 1 1 1 1 1 1 1 
1 1 1 1 1 1 1 1 
PU32 PR42 T5

Level213//bueno
1 1 1 1 1 1 1 1 
1 1 1 1 1 1 1 1 
1 1 0 F 0 F 1 1 
1 1 0 0 0 H 1 1 
1 1 1 # 0 # 1 1 
1 1 0 # 0 0 S 1 
1 1 1 1 G 1 1 1 
1 1 1 1 1 1 1 1 
PU43 PR55 T7

Level214//chevere
1 1 1 1 1 1 1 1 
1 1 1 S 1 1 1 1 
1 1 1 0 0 # 1 1 
1 1 1 0 F # 1 1 
1 G 0 H 0 1 1 1 
1 1 0 # F 0 1 1 
1 1 1 1 1 1 1 1 
1 1 1 1 1 1 1 1 
PU25 PR33 T5

Level215//ez
1 1 1 1 1 1 1 1 
1 1 1 S 1 1 1 1 
1 1 1 0 0 F 1 1 
1 G 0 1 1 0 1 1 
1 1 # H 0 0 1 1 
1 1 # F 0 # 1 1 
1 1 1 1 1 1 1 1 
1 1 1 1 1 1 1 1 
PU32 PR44 T5

Level216//gud
1 1 1 1 1 1 1 1 
1 1 1 1 1 1 1 1 
1 1 # 0 H 0 1 1 
1 1 F F 0 F G 1 
1 1 0 0 1 # 1 1 
1 1 # 0 1 1 1 1 
1 1 S 1 1 1 1 1 
1 1 1 1 1 1 1 1 
PU24 PR43 T5

Level217//decent, ez
1 1 1 1 1 1 1 1 
1 1 1 1 1 1 1 1 
1 1 # # F F 1 1 
1 G 0 0 0 1 1 1 
1 1 1 H 0 0 1 1 
1 1 # 1 0 0 1 1 
1 1 1 1 1 S 1 1 
1 1 1 1 1 1 1 1 
PU33 PR44 T5

Level218//elegant ez
1 1 1 1 1 1 1 1 
1 1 1 1 1 1 1 1 
1 1 0 0 H 0 S 1 
1 1 F 0 1 0 1 1 
1 1 # F # 1 1 1 
1 1 0 # 0 0 1 1 
1 1 1 G 1 1 1 1 
1 1 1 1 1 1 1 1 
PU45 PR52 T5

Level219//notbad,trickyish
1 1 1 1 1 1 1 1 
1 1 1 1 G 1 1 1 
1 S 0 0 0 H 0 1 
1 1 0 # # 0 0 1 
1 1 H 0 0 0 0 1 
1 1 0 0 # 0 0 1 
1 1 0 H 0 1 1 1 
1 1 1 1 1 1 1 1 
PU42 PR35 T5

Level220//decent
1 1 1 1 1 1 1 1 
1 1 F 0 0 1 0 1 
1 G 0 0 0 H 1 1 
1 1 F H 1 1 # 1 
1 1 0 # 0 0 0 1 
1 1 0 0 0 F H 1 
1 1 1 1 S 1 1 1 
1 1 1 1 1 1 1 1 
PU25 PR31 T5

Level221//trickyish
1 1 1 1 1 1 1 1 
1 1 1 1 1 1 1 1 
1 1 0 0 0 0 0 1 
1 1 0 0 F H F 1 
1 1 H 0 0 H 0 S 
1 1 0 0 F 0 0 1 
1 1 0 0 0 0 0 1 
1 1 1 1 G 1 1 1 
PU36 PR64 T6

Level222//CHEVERISIMO
1 1 1 1 1 1 G 1 
1 1 1 # # F 0 1 
1 1 F 0 1 F # 1 
1 1 H 1 0 # 0 1 
1 1 0 0 0 0 1 1 
1 S F 0 0 H 0 1 
1 1 1 1 1 1 1 1 
1 1 1 1 1 1 1 1 
PU45 PR24 T5

Level223//notbad/trickyhard
1 1 1 1 1 1 1 1 
1 1 1 1 1 1 1 1 
1 1 0 0 H 0 F 1 
1 1 0 # 0 # 0 1 
1 1 0 0 H 0 0 S 
1 1 0 0 F 0 0 1 
1 1 H 0 1 0 0 1 
1 1 1 G 1 1 1 1 
PU25 PR54 T7

Level224//chvr
1 1 1 1 1 1 1 1 
1 0 F 0 1 0 1 1 
1 0 0 0 0 # 1 1 
1 1 F 0 1 F 1 1 
1 0 0 0 H # 1 1 
1 F 0 # # 0 S 1 
1 1 1 1 G 1 1 1 
1 1 1 1 1 1 1 1 
PU12 PR55 T5

Level225
1 1 1 1 1 1 1 1 
1 1 S 1 1 1 1 1 
1 0 # F 0 0 1 1 
1 0 0 0 0 F 1 1 
1 0 F F F F 1 1 
G 0 1 0 H # 1 1 
1 0 0 0 0 0 1 1 
1 1 1 1 1 1 1 1 
PU23 PR16 T5

Level226
1 1 1 1 1 1 1 1 
1 1 1 1 1 1 G 1 
1 1 1 0 0 H 0 1 
1 1 0 0 # 0 1 1 
1 1 1 0 0 0 0 1 
1 1 H 0 1 0 0 1 
1 1 F 0 0 0 0 1 
1 1 1 S 1 1 1 1 
PU62 PR34 T5

Level227//chvr
1 1 1 1 1 1 1 1 
1 1 0 1 0 # 0 1 
1 1 1 F H 0 F G 
1 1 1 F 0 0 0 1 
1 1 # H F # # 1 
1 1 # 0 0 0 0 1 
1 1 S 1 1 1 1 1 
1 1 1 1 1 1 1 1 
PU65 PR52 T6 gud

Level230//early
1 1 1 1 1 G 1 1 
1 H 1 0 0 # H 1 
1 1 1 0 0 F H 1 
1 0 # # 1 0 1 1 
1 # # 0 0 F 1 1 
1 0 0 # 0 H 0 1 
S 0 0 0 0 H F 1 
1 1 1 1 1 1 1 1 
PU53 PR26 T5

Level231//early
1 1 1 1 1 1 1 1 
S 0 0 # # # 0 1 
1 0 0 1 H H 0 1 
1 0 H 0 1 0 1 1 
1 0 # F H 0 1 1 
1 F H 0 1 0 0 1 
1 F 0 0 # 0 # 1 
1 1 1 1 1 G 1 1 
PU62 PR26 T5

Level232//early
1 1 1 1 1 1 1 1 
1 0 0 0 0 0 0 1 
1 0 H 0 0 F 0 S 
1 0 0 0 0 0 0 1 
1 0 F 1 0 0 0 1 
1 0 F 0 0 1 0 1 
1 1 0 0 0 1 0 1 
1 1 1 G 1 1 1 1 
PU45 PR32 T5

Level233//trickywal
1 1 G 1 1 1 1 1 
1 0 # F 0 0 0 1 
1 0 0 H # F 0 1 
1 H 0 0 0 1 # 1 
1 0 1 H 0 0 # 1 
1 # 0 0 0 1 # 1 
S 0 0 0 0 H 0 1 
1 1 1 1 1 1 1 1 
PU22 PR36 T5

Level235/trickywal
1 1 1 1 1 1 1 1 
1 H # 0 0 1 0 S 
1 0 # 0 F 1 F 1 
1 # 0 0 0 F # 1 
1 0 0 0 0 0 0 1 
1 1 0 F 0 # H 1 
1 0 # 0 # 0 0 1 
1 1 G 1 1 1 1 1 
PU34 PR61 T6

Level236//trickywall
1 1 1 1 1 1 1 1 
1 0 H 0 # # 0 1 
1 0 0 0 0 0 1 1 
1 1 1 0 0 1 0 S 
1 0 0 # 0 H 1 1 
1 1 0 0 0 1 0 1 
1 # 0 0 0 0 # G 
1 1 1 1 1 1 1 1 
PU44 PR63 T5

Level237
1 1 1 1 G 1 1 1 
1 0 0 H 0 0 1 1 
1 0 0 0 1 1 # 1 
S # 0 0 0 # 0 1 
1 # 0 H 0 0 # 1 
1 # 0 0 # # 0 1 
1 0 0 0 0 1 0 1 
1 1 1 1 1 1 1 1 
PU41 PR23 T5

Level239//Great
1 1 1 1 1 1 1 1 
1 1 0 0 F 1 0 1 
1 # 1 # H # 0 1 
1 F H 0 # 0 # 1 
1 0 H 0 F 0 0 1 
1 H 0 0 1 # 0 1 
1 0 0 # H F F 1 
1 1 1 G 1 1 S 1 
PU64 PR25 T6

Level240//decent
1 1 1 1 1 1 1 1 
1 0 0 0 0 F # 1 
1 # 1 1 0 0 1 1 
G 0 1 0 F # # 1 
1 1 0 # 1 0 F 1 
S 0 0 0 0 0 0 1 
1 1 0 0 0 0 F 1 
1 1 1 1 1 1 1 1 
PU42 PR33 T6

Level241//backandforthgud
1 1 1 1 1 1 1 1 
1 0 0 0 0 0 1 1 
1 H H 1 0 0 0 1 
1 1 0 H 1 1 0 1 
1 0 0 1 0 0 0 1 
1 0 0 0 0 0 0 1 
1 1 0 0 0 H 0 S 
1 1 1 G 1 1 1 1 
PU46 PR66 T8

Level242
1 1 1 1 1 1 1 1 
1 0 0 0 0 0 0 1 
1 0 H 0 H 0 0 1 
1 F 0 0 0 0 0 1 
G 0 0 0 0 1 1 1 
1 H 0 0 1 0 0 1 
1 0 H 0 0 0 0 1 
1 1 1 1 S 1 1 1 
PU33 PR36 T7

Level238//nicetrick
1 1 1 1 1 1 1 1 
1 0 0 0 # # # 1 
1 0 0 # 0 1 0 1 
S 0 1 # H # 0 1 
1 0 1 1 0 0 0 1 
1 1 0 0 0 0 H 1 
1 1 0 0 0 0 0 1 
1 1 G 1 1 1 1 1 
PU64 PR44 T7

Level239
1 1 S 1 1 1 1 1 
1 0 0 0 H H 0 1 
1 # H # 0 0 0 1 
1 H 1 0 0 F 0 1 
1 0 0 0 0 H 0 1 
1 0 0 0 1 0 0 1 
1 0 1 # 0 # 0 1 
1 G 1 1 1 1 1 1 
PU21 PR33 T6

Level240
1 1 1 1 1 1 1 1 
G 0 0 0 0 0 0 1 
1 1 H 1 0 F 0 1 
1 0 0 1 0 0 F 1 
1 0 0 # 1 1 H 1 
1 0 0 F 1 0 0 1 
1 0 0 0 H 0 1 1 
1 1 S 1 1 1 1 1 
PU24 PR42 T7

Level241//decent
1 1 1 1 1 1 1 1 1 1 
1 0 0 0 0 F 0 0 1 1 
1 0 0 # 1 0 # 0 1 1 
1 1 1 0 0 0 0 0 1 1 
1 0 0 H 1 H H # 1 1 
1 0 F # F 0 1 0 1 1 
1 0 1 0 0 F H 0 1 1 
1 0 1 0 0 0 1 0 1 1 
1 1 1 G 1 1 1 S 1 1 
1 1 1 1 1 1 1 1 1 1 
PU12 PR15 T6

Level241//3
1 1 1 1 1 1 1 1 1 1 
1 1 1 1 1 1 1 1 1 1 
1 G 0 H 0 # 0 1 # 1 
1 1 0 0 0 1 # 0 # 1 
1 1 0 F 0 0 H F # 1 
1 1 H H 1 H 0 1 0 1 
1 S 0 0 1 0 # # 0 1 
1 1 0 0 H 1 1 0 0 1 
1 1 0 F # 0 1 F F 1 
1 1 1 1 1 1 1 1 1 1 
PU37 PR33 T6

Level242
1 1 1 1 1 1 1 1 1 1 
1 1 1 1 1 1 1 S 1 1 
1 0 H 0 0 0 0 0 1 1 
1 0 0 0 1 0 0 F 1 1 
1 0 0 0 1 0 F 0 1 1 
1 0 H # 0 0 0 0 1 1 
G 0 1 F F 0 0 F 1 1 
1 1 F H 0 0 0 0 1 1 
1 0 0 0 1 0 0 0 1 1 
1 1 1 1 1 1 1 1 1 1 
PU34 PR32 T7

Level243//ezgud
1 1 1 1 1 1 1 S 1 1 
1 0 0 0 # 0 0 0 F 1 
1 0 0 0 F 0 0 0 0 1 
1 F 0 0 0 0 0 0 0 1 
1 0 0 0 0 0 1 0 0 1 
G 0 F 0 0 0 0 F 0 1 
1 0 0 # 0 0 0 0 0 1 
1 1 1 0 0 # 0 0 0 1 
1 # 0 0 0 0 F # 0 1 
1 1 1 1 1 1 1 1 1 1 
PU66 PR28 T3

Level246//BIEN
1 S 1 1 1 1 1 G 1 1 
1 F 0 0 0 0 0 # 0 1 
1 F 0 F 0 0 0 # F 1 
1 F 0 0 0 0 1 F 1 1 
1 0 1 0 0 F 1 0 0 1 
1 0 0 0 # 0 0 1 H 1 
1 0 # 0 0 0 0 H # 1 
1 # F # 0 F 0 0 0 1 
1 0 0 # F 0 0 1 0 1 
1 1 1 1 1 1 1 1 1 1 
PU74 PR25 T4

Level247//ezmaybeearly
1 1 1 1 1 1 1 G 1 1 
1 0 0 0 0 0 0 F 0 1 
1 1 0 0 0 # F # 0 1 
1 0 0 1 0 0 F F 0 1 
1 0 0 0 0 H 1 0 # 1 
1 0 # F F 0 0 0 0 1 
S 0 0 0 0 0 0 0 F 1 
1 0 0 0 F F H # 0 1 
1 0 0 0 0 F 0 0 0 1 
1 1 1 1 1 1 1 1 1 1 
PU76 PR15 T3

Level248//ezmaybearly
1 1 1 G 1 1 1 1 1 1 
1 # 0 F 0 0 1 0 0 1 
1 0 0 # 1 # H 0 0 1 
1 # F 0 0 0 0 F 0 1 
1 0 0 H 0 0 0 0 0 1 
1 0 0 F 0 0 1 0 # 1 
S 0 F F F 0 # 0 0 1 
1 0 0 0 0 0 0 0 0 1 
1 F 0 0 0 1 H 0 0 1 
1 1 1 1 1 1 1 1 1 1 
PU33 PR71 T3

Level249//ezmaybearly
1 1 S 1 1 1 1 1 1 1 
1 H F F 0 F 0 # 0 1 
1 0 0 0 0 # F # 0 1 
1 # H 1 H 0 0 0 F 1 
1 # H 0 0 0 0 0 0 1 
1 0 0 1 0 # 0 0 # 1 
G # F # 1 F 0 F 0 1 
1 0 0 1 0 0 0 0 0 1 
1 0 0 0 0 1 0 0 0 1 
1 1 1 1 1 1 1 1 1 1 
PU22 PR15 T5

Level250//tricygud
1 1 1 1 1 1 1 S 1 1 
1 0 0 0 # 0 0 # 1 1 
1 0 0 0 0 0 0 0 0 1 
1 # 0 0 # 1 # 0 H 1 
1 0 0 0 0 0 0 0 H 1 
1 F 0 0 F 0 0 H 0 1 
1 0 1 1 0 0 0 1 1 1 
G 0 1 # 0 0 0 0 1 1 
1 0 0 0 0 0 0 0 0 1 
1 1 1 1 1 1 1 1 1 1 
PU72 PR18 T5

Level251//trcikgud
1 1 1 S 1 1 1 1 1 1 
1 0 0 0 0 0 F 0 F 1 
G 0 0 F 0 F 0 1 # 1 
1 1 0 0 0 0 0 1 0 1 
1 0 0 H 0 F 0 0 0 1 
1 0 0 0 1 0 0 0 0 1 
1 0 0 # H F 0 0 1 1 
1 0 0 0 # # 0 H # 1 
1 0 0 0 0 0 0 0 1 1 
1 1 1 1 1 1 1 1 1 1 
PU31 PR43 T6

Level252//trickyezearly//makesmaller
1 1 1 1 G 1 1 1 1 1 
1 F 0 0 0 0 0 0 0 1 
S 0 0 0 0 # 0 H F 1 
1 F 0 # 0 0 0 H H 1 
1 0 H 0 1 0 0 0 0 1 
1 0 H 0 0 0 # 0 0 1 
1 # 0 0 0 F # 0 0 1 
1 F 0 0 0 F F 0 F 1 
1 0 0 # 1 0 0 0 0 1 
1 1 1 1 1 1 1 1 1 1 
PU42 PR21 T3

Level253//tricky
1 1 G 1 1 1 1 1 1 1 
1 0 0 1 # 0 # 0 # 1 
1 1 H F 0 # F H # 1 
1 0 # 1 0 0 H 0 0 1 
1 F 0 F # 0 F F F 1 
1 0 H 0 0 0 0 0 0 1 
S 0 0 0 1 0 0 0 0 1 
1 0 0 1 0 # 0 1 0 1 
1 0 1 0 H 0 0 # F 1 
1 1 1 1 1 1 1 1 1 1 
PU17 PR11 T4

Level254//tricky gud
1 1 1 1 1 1 1 S 1 1 
1 0 # 0 # F 0 0 0 1 
1 F 0 # 0 0 0 0 0 1 
1 0 F 0 0 1 1 0 0 1 
1 0 F # 0 0 F 0 # 1 
G F # 0 F 0 0 1 0 1 
1 # F 0 0 0 0 # 1 1 
1 0 # 0 0 0 F H 0 1 
1 H 0 0 0 0 # 0 0 1 
1 1 1 1 1 1 1 1 1 1 
PU56 PR54 T3

Map8//niceearlyish
1 1 1 1 1 1 1 1 
1 1 0 1 0 0 0 1 
1 S 0 0 0 H 0 G 
1 1 0 0 0 0 1 1 
1 1 # 1 0 F 0 1 
1 1 1 0 H F F 1 
1 1 1 1 1 1 1 1 
1 1 1 1 1 1 1 1 
PU42 PR23 T6

Map8//fun
1 1 1 1 1 1 1 1 
1 H H 0 0 0 1 1 
1 F 0 0 0 0 1 1 
1 1 F 0 0 0 1 1 
1 0 0 0 F 0 S 1 
1 0 1 0 0 F 1 1 
1 1 1 1 G 1 1 1 
1 1 1 1 1 1 1 1 
PU33 PR54 T5

Map8//dobuleportalmehish
1 1 1 1 1 1 1 1 
1 1 H 0 H F 0 S 
1 1 0 0 0 0 0 1 
1 1 # 0 0 0 0 1 
1 1 0 # 0 1 0 1 
1 1 0 1 1 1 0 G 
1 1 1 1 1 1 1 1 
1 1 1 1 1 1 1 1 
PU33 PR61 T5

Map8//decent
1 1 1 1 1 1 1 1 
1 1 S 1 1 1 1 1 
1 1 0 H 0 F 0 1 
1 1 0 0 F F # 1 
1 1 1 0 # 0 F 1 
1 G 0 H 0 0 0 1 
1 1 0 F 0 1 F 1 
1 1 1 1 1 1 1 1 
PU26 PR42 T5

Map8//fun
1 1 1 1 1 1 1 1 
1 1 1 1 1 1 1 1 
1 1 0 0 0 # 0 1 
1 1 0 H 0 0 0 1 
1 1 0 # H # 0 S 
1 1 0 0 0 F 0 1 
1 1 0 0 0 0 F 1 
1 1 1 1 1 G 1 1 
PU43 PR64 T5

Map8//niceearlyish
1 1 1 1 1 1 1 1 
1 1 1 H 1 1 1 1 
1 1 0 0 1 0 0 1 
1 G 0 0 H 0 # 1 
1 1 0 0 1 0 0 1 
1 1 H 1 H 0 0 1 
1 S 0 0 0 0 # 1 
1 1 1 1 1 1 1 1 
PU53 PR22 T8

Map8//testthis
1 1 1 S 1 G 1 1 
1 1 0 # 1 0 # 1 
1 1 0 0 0 F 1 1 
1 1 0 0 0 0 H 1 
1 1 0 0 0 0 0 1 
1 1 0 H 1 0 0 1 
1 1 1 1 1 1 1 1 
1 1 1 1 1 1 1 1 
PU53 PR34 T4

Map8//maso
1 1 1 1 1 1 1 1 
1 1 1 1 1 1 1 1 
1 S 0 0 0 0 0 1 
1 1 0 1 0 0 0 1 
1 G 0 1 0 H H 1 
1 1 F 0 1 0 0 1 
1 1 0 0 0 0 0 1 
1 1 1 1 1 1 1 1 
PU23 PR55 T7

Map8//masostuck
1 1 1 1 1 1 1 1 
1 1 1 S 1 1 1 1 
1 1 0 0 0 0 H 1 
1 G 0 0 0 0 0 1 
1 1 0 F 0 0 0 1 
1 1 0 0 0 0 F 1 
1 1 0 F 0 F 0 1 
1 1 1 1 1 1 1 1 
PU32 PR44 T6

Map8//trickygud
1 1 1 1 1 1 1 1 
1 1 G 1 1 1 S 1 
1 1 0 1 # 0 0 1 
1 1 0 F 0 0 F 1 
1 1 0 0 # 1 0 1 
1 1 0 0 0 F H 1 
1 1 F 0 # # F 1 
1 1 1 1 1 1 1 1 
PU62 PR24 T6

Map8//trickydecent
1 1 1 1 1 1 1 1 
1 1 1 1 1 1 1 1 
1 1 0 0 F 1 0 G 
1 1 0 0 1 # 1 1 
1 1 0 # 0 # 0 1 
1 1 0 0 0 0 0 1 
1 1 0 1 # H F 1 
1 1 S 1 1 1 1 1 
PU24 PR62 T7

Map8//nice
1 1 1 1 1 1 1 1 
1 1 0 F 1 H 0 1 
1 1 0 0 0 0 # 1 
1 1 F F # H 0 S 
1 1 F 0 0 0 0 1 
1 1 0 F F 0 0 1 
1 1 1 1 1 G 1 1 
1 1 1 1 1 1 1 1 
PU44 PR63 T7

Map8//decentearlyish
1 1 1 1 1 1 1 1 
1 1 # 0 F 0 0 1 
1 1 0 0 0 0 0 1 
1 1 0 1 0 F 1 1 
1 1 H 0 0 1 0 1 
1 1 1 F 0 0 0 1 
1 1 1 1 G 1 S 1 
1 1 1 1 1 1 1 1 
PU32 PR55 T7

Map8//fun
1 1 1 1 1 1 1 1 
1 1 1 1 1 G 1 1 
1 1 H 0 1 0 1 1 
1 0 0 0 F 0 1 1 
1 0 0 1 0 0 1 1 
1 H # 0 0 1 1 1 
1 0 0 # 0 0 1 1 
1 1 S 1 1 1 1 1 
PU46 PR23 T7

Map8//niceearly
1 1 1 1 1 1 1 1 
1 F H 0 0 0 1 1 
1 0 0 0 1 0 1 1 
1 0 0 1 H 0 1 1 
S 0 0 F H 0 G 1 
1 1 0 0 0 1 1 1 
1 1 1 1 1 1 1 1 
1 1 1 1 1 1 1 1 
PU24 PR12 T8

Map8//nice
1 1 G 1 1 S 1 1 
1 1 0 0 H 0 # 1 
1 1 0 0 0 H # 1 
1 1 1 0 0 0 # 1 
1 1 1 0 H F 1 1 
1 1 1 0 0 0 0 1 
1 1 1 1 1 1 1 1 
1 1 1 1 1 1 1 1 
PU51 PR43 T7

Map8//nice(mapsarebetterwhennotfirstorlast)
1 1 1 S 1 1 1 1 
1 1 F 0 0 0 0 1 
1 1 0 0 H 0 0 1 
1 1 H 0 0 F F 1 
1 1 0 0 0 1 F 1 
1 1 F H # 0 0 1 
1 1 1 1 1 G 1 1 
1 1 1 1 1 1 1 1 
PU65 PR34 T7

Map8//maso,eaz
1 1 1 1 1 1 1 1 
1 1 0 F 0 0 # 1 
1 G 0 0 F F 0 1 
1 1 1 F H 1 # 1 
1 1 0 0 0 # 1 1 
1 1 0 F 0 0 1 1 
1 1 S 1 1 1 1 1 
1 1 1 1 1 1 1 1 
PU62 PR24 T7

Map8//fucingyeah
1 1 1 1 1 1 1 1 
1 1 1 1 1 1 1 1 
S 0 # F F 0 1 1 
1 F 0 F 0 # 1 1 
1 0 1 0 0 0 1 1 
1 0 0 F 0 0 1 1 
G # 0 H # # 1 1 
1 1 1 1 1 1 1 1 
PU54 PR34 T8

Map8//decenteeraly
1 1 1 1 1 1 1 1 
1 1 1 1 1 1 1 1 
1 0 0 F 0 0 1 1 
1 0 F 1 0 # 1 1 
1 0 0 # 0 1 1 1 
G 0 # H 0 0 1 1 
1 0 # 0 1 0 1 1 
1 1 1 1 1 S 1 1 
PU14 PR45 T11

Map8//Fun
1 1 1 1 1 1 1 1 
1 1 # 0 0 0 F 1 
1 1 0 F 0 0 0 1 
1 1 0 0 H H 0 1 
1 1 F # 1 0 0 1 
1 1 0 0 0 F 1 1 
1 1 1 1 S G 1 1 
1 1 1 1 1 1 1 1 
PU25 PR42 T8

Map8//prettysweet
1 1 G 1 1 1 1 1 
1 1 0 F F 0 0 1 
1 1 0 0 0 0 0 1 
1 1 H 1 0 1 H 1 
1 1 0 F 0 0 0 1 
1 1 1 H 0 0 0 1 
1 1 1 1 S 1 1 1 
1 1 1 1 1 1 1 1 
PU65 PR42 T9

Map8//nice
1 1 1 1 1 1 1 1 
1 1 1 1 1 1 1 1 
1 S F 0 1 0 0 1 
1 1 1 0 0 0 0 1 
1 1 0 H 0 F 0 1 
1 1 0 1 0 0 0 1 
1 1 0 0 0 1 0 1 
1 1 G 1 1 1 1 1 
PU33 PR43 T9

Map8//trickysporadize
1 1 1 1 1 1 1 1 
1 1 S 1 1 1 1 1 
G 0 0 0 0 F 1 1 
1 0 F 0 F 0 1 1 
1 F 1 0 0 0 1 1 
1 0 H 0 0 H 1 1 
1 0 0 # H 0 1 1 
1 1 1 1 1 1 1 1 
PU22 PR34 T8

Map8//gudtough
1 S 1 1 1 1 1 1 
1 0 0 # H 0 1 1 
G # 0 F 1 0 1 1 
1 # # F 1 0 1 1 
1 F 0 0 0 0 1 1 
1 1 0 F 0 0 1 1 
1 1 1 1 1 1 1 1 
1 1 1 1 1 1 1 1 
PU11 PR24 T8

Map8//eazy
1 1 1 1 1 1 1 1 
1 1 1 1 1 1 1 1 
1 1 0 0 0 0 0 1 
1 1 1 0 0 0 0 1 
1 S 0 0 H 1 0 1 
1 1 0 0 1 1 0 1 
1 1 0 0 H 0 0 G 
1 1 1 1 1 1 1 1 
PU34 PR26 T8

Map8//okai
1 1 1 1 1 1 1 1 
1 1 1 1 1 1 1 1 
1 0 0 0 0 0 1 1 
1 0 0 0 0 F 1 1 
1 0 H 0 H 0 G 1 
1 0 1 0 # 0 1 1 
1 0 0 1 0 0 S 1 
1 1 1 1 1 1 1 1 
PU13 PR54 T7

Map8//mehish
1 1 1 1 1 1 1 1 
1 1 1 1 1 1 1 1 
1 S 0 1 0 0 0 1 
1 1 0 F 0 F 0 1 
1 1 1 1 # F # 1 
1 1 0 0 # 0 1 1 
1 G 0 0 H F # 1 
1 1 1 1 1 1 1 1 
PU36 PR42 T8

Map8//veryniceexceptionallynice
1 1 1 1 1 1 1 1 
1 1 0 0 H 0 1 1 
1 1 0 1 0 0 0 G 
1 1 H 0 0 1 H 1 
1 1 0 0 0 0 0 1 
1 1 0 0 0 0 0 S 
1 1 1 1 1 1 1 1 
1 1 1 1 1 1 1 1 
PU45 PR42 T8

Map8//decent,notsurenexttog
1 1 1 1 1 1 1 1 
1 S 1 G 1 1 1 1 
1 0 # 0 H 0 1 1 
1 1 0 1 H 0 1 1 
1 0 0 0 0 0 1 1 
1 0 0 1 0 0 1 1 
1 H 0 0 0 0 1 1 
1 1 1 1 1 1 1 1 
PU32 PR26 T8

Map8//ezish
1 1 1 1 1 1 1 1 
1 0 0 1 0 # 1 1 
1 # 0 H 0 F 1 1 
1 F H 0 # 0 1 1 
1 0 0 1 0 0 1 1 
S 0 # 1 # 1 1 1 
1 1 1 1 G 1 1 1 
1 1 1 1 1 1 1 1 
PU22 PR41 T8

Map8//nice
1 1 1 1 1 1 1 1 
1 0 0 0 0 0 1 1 
1 0 # 0 0 0 1 1 
1 1 0 F 0 0 G 1 
1 0 F 0 0 0 1 1 
1 1 H # 0 F S 1 
1 1 1 1 1 1 1 1 
1 1 1 1 1 1 1 1 
PU52 PR45 T8

Map8//sweet
1 1 1 1 G 1 1 1 
1 # 0 F F H 1 1 
1 F 0 H 0 F 1 1 
1 # # 0 1 F 1 1 
1 1 0 0 0 0 1 1 
1 0 0 1 0 # 1 1 
1 S 1 1 1 1 1 1 
1 1 1 1 1 1 1 1 
PU41 PR45 T10

Map8//sweetezish
1 1 1 1 1 1 1 1 
1 1 1 1 1 1 1 1 
1 1 1 0 # 0 0 1 
1 1 F F 1 F # G 
1 S 0 0 F 1 1 1 
1 1 0 0 0 # 0 1 
1 1 0 0 0 0 0 1 
1 1 1 1 1 1 1 1 
PU34 PR35 T8

Map8//verynice
1 1 1 1 1 1 1 1 
1 1 1 1 1 1 1 1 
1 # 0 0 0 0 1 1 
1 0 0 0 H 0 1 1 
1 0 # 0 0 F 1 1 
1 F 0 0 0 0 1 1 
1 F 0 0 # 0 S 1 
1 1 G 1 1 1 1 1 
PU36 PR32 T8

Map8//goodbutclose
1 1 G 1 1 1 1 1 
1 1 0 1 0 F 0 1 
1 1 F 0 0 0 0 1 
1 1 1 0 0 0 1 1 
1 1 0 0 0 0 F 1 
1 1 0 0 0 0 1 1 
1 1 1 1 1 S 1 1 
1 1 1 1 1 1 1 1 
PU21 PR52 T8

Map8//verynice
1 1 1 1 1 1 1 1 
1 0 0 1 1 # 0 1 
1 F H # # 1 1 1 
1 0 0 F # # # 1 
1 0 0 H 0 # 0 G 
1 0 H 0 0 0 0 1 
1 # 0 0 0 1 H 1 
1 S 1 1 1 1 1 1 
PU15 PR44 T7

Map8//tricks
1 1 1 S 1 1 1 1 
1 H # # 0 0 0 1 
1 0 0 0 # 0 0 1 
1 # 1 F 1 0 0 1 
1 H 0 0 H 1 0 1 
1 1 # 0 # 0 0 1 
1 0 # H 0 # 0 1 
1 G 1 1 1 1 1 1 
PU32 PR66 T7

Map8//decent
1 1 1 1 1 1 1 1 
G # 1 0 0 # F 1 
1 F 0 0 0 0 0 1 
1 0 1 # 0 # 0 1 
1 1 1 0 # # # 1 
1 0 0 0 0 0 0 1 
S F 0 0 1 0 # 1 
1 1 1 1 1 1 1 1 
PU13 PR31 T8

Map8//maso
1 1 1 1 1 1 1 1 
1 0 0 0 0 0 H 1 
1 0 0 0 0 0 0 G 
1 H 0 0 1 0 0 1 
1 0 0 1 0 H 0 1 
1 F 1 0 0 1 0 1 
1 0 0 H 0 0 0 1 
1 1 1 1 S 1 1 1 
PU12 PR62 T8

Map8//VeryNice
1 1 1 1 1 1 1 1 
1 # F 0 0 F # 1 
1 0 F 0 0 0 0 1 
1 0 0 0 0 F 0 1 
1 0 0 0 # # 0 1 
1 1 # 0 0 1 0 1 
1 0 F 0 0 0 0 S 
1 1 1 G 1 1 1 1 
PU46 PR41 T8

Map8//verynices
1 1 1 1 1 1 1 1 
1 1 H # H 0 0 1 
1 # 0 0 1 F 0 1 
1 0 1 0 1 0 0 1 
1 1 0 0 1 0 F 1 
1 0 # # 0 1 0 1 
1 0 0 0 0 0 # 1 
1 1 S 1 1 G 1 1 
PU46 PR51 T9

Map8//trickyhard
1 1 1 1 1 1 1 1 
1 0 1 1 F 0 0 1 
1 1 # 0 0 H 0 1 
1 0 0 0 0 F 0 1 
1 0 0 0 0 H F 1 
1 0 0 0 0 0 0 1 
1 F H H 0 # 0 S 
1 1 1 1 G 1 1 1 
PU35 PR66 T8

Map8//notbad
1 1 1 1 1 1 1 1 
1 0 F 1 0 0 0 1 
1 0 0 H 0 0 0 1 
1 H 0 0 0 1 0 S 
1 0 F 0 1 F F 1 
1 0 1 0 F H 0 1 
1 0 0 0 0 1 1 1 
1 1 G 1 1 1 1 1 
PU36 PR33 T9

Map8//good
1 1 1 1 1 1 1 1 
1 # 0 0 0 0 1 1 
1 0 0 0 0 0 0 1 
1 0 1 0 0 0 0 G 
1 1 0 0 0 0 1 1 
1 0 0 0 0 1 1 1 
1 0 0 0 1 0 0 1 
1 1 1 1 1 1 S 1 
PU32 PR56 T9

Map10//sweetnotbad
1 1 1 1 1 1 1 1 1 1 
1 1 1 1 1 1 1 1 1 1 
1 1 0 H F 1 0 0 0 1 
1 1 0 0 0 0 1 0 1 1 
1 1 F 0 F 0 # 0 1 1 
1 G 0 0 0 0 0 0 0 1 
1 1 0 1 0 1 0 1 0 1 
1 S F 0 0 0 0 F 1 1 
1 1 0 F 0 0 0 0 F 1 
1 1 1 1 1 1 1 1 1 1 
PU67 PR28 T6

Map10//fun
1 1 1 1 1 1 1 1 1 1 
1 1 1 1 1 1 1 1 1 1 
1 0 # H H # # 0 S 1 
1 0 0 # 0 0 0 0 1 1 
1 0 0 # F 0 0 0 1 1 
1 1 0 0 F F H 0 1 1 
G 0 H 0 0 # 0 H 1 1 
1 # 0 0 0 0 0 0 1 1 
1 # 0 1 0 0 0 0 1 1 
1 1 1 1 1 1 1 1 1 1 
PU23 PR72 T10

Map10//notbad
1 1 1 1 1 1 1 1 1 1 
1 1 0 0 0 1 0 0 0 1 
1 1 0 0 0 0 0 0 0 1 
1 G F 0 0 0 # 0 1 1 
1 1 0 1 0 0 0 0 1 1 
1 1 0 1 0 1 1 0 F 1 
1 1 0 0 0 0 0 0 H 1 
1 1 0 0 0 0 1 # F 1 
1 1 S 1 1 1 1 1 1 1 
1 1 1 1 1 1 1 1 1 1 
PU72 PR26 T9

Map10//gud
1 1 1 1 1 1 1 1 1 1 
1 1 1 S 1 1 1 1 1 1 
1 0 0 0 F 0 0 0 1 1 
1 0 0 0 # 0 1 # 1 1 
1 0 0 H F F 0 H 1 1 
G 0 1 0 F 0 0 0 1 1 
1 0 F # 0 1 0 F 1 1 
1 0 F 0 0 0 0 0 1 1 
1 0 0 0 0 0 0 F 1 1 
1 1 1 1 1 1 1 1 1 1 
PU14 PR33 T9

Map10//masodouble
1 1 1 1 1 1 1 1 1 1 
1 S 1 1 1 1 1 1 1 1 
1 0 0 0 # 0 0 0 1 1 
1 0 0 0 0 0 0 0 1 1 
1 # F F # 0 # 0 1 1 
1 F 1 # 0 F 0 # 1 1 
G F 0 0 0 0 0 1 1 1 
1 F 0 0 0 0 0 0 1 1 
1 # F 0 # 0 0 0 1 1 
1 1 1 1 1 1 1 1 1 1 
PU13 PR37 T7

Map10//notbad
1 1 1 1 S 1 1 1 1 1 
1 0 0 1 0 0 0 0 1 1 
1 0 0 0 0 0 0 1 1 1 
1 H 0 0 0 0 0 # 1 1 
G 0 0 1 0 0 0 0 1 1 
1 0 0 0 0 1 # 0 1 1 
1 F 0 0 0 F 0 0 1 1 
1 0 F 0 0 1 0 0 1 1 
1 1 1 1 1 1 1 1 1 1 
1 1 1 1 1 1 1 1 1 1 
PU41 PR25 T7

Map10//verygud
1 1 1 1 1 1 1 1 1 1 
1 1 # 0 1 0 0 0 1 1 
1 1 0 0 # 0 0 0 0 1 
1 G # # 0 0 1 0 H 1 
1 1 0 0 0 H 0 0 0 1 
1 1 0 0 1 0 0 H 0 1 
1 1 H 0 0 1 0 0 0 1 
1 1 H 0 0 0 0 # 0 1 
1 1 1 1 S 1 1 1 1 1 
1 1 1 1 1 1 1 1 1 1 
PU22 PR36 T7

Map10//verguisimatricky
1 1 1 1 1 1 1 1 1 1 
1 1 1 S 1 1 1 1 1 1 
1 1 H 0 0 0 0 F 0 1 
1 1 0 H H 0 F 0 0 1 
1 1 0 # 0 # 0 F 0 1 
1 1 0 F 0 0 0 0 1 1 
1 G # # 0 0 0 H H 1 
1 1 F 0 0 0 0 0 0 1 
1 1 # 0 0 1 F F 0 1 
1 1 1 1 1 1 1 1 1 1 
PU32 PR45 T10

Map10//facil
1 1 1 1 1 1 1 1 1 1 
1 1 F 0 0 0 0 0 0 1 
1 1 1 0 0 0 # 0 0 1 
1 G 0 0 0 0 0 0 1 1 
1 1 1 0 F 1 F # H 1 
1 1 # 0 0 1 H 0 0 1 
1 1 0 0 0 F 0 1 0 1 
1 1 0 0 1 H 0 0 0 1 
1 1 1 1 1 1 1 S 1 1 
1 1 1 1 1 1 1 1 1 1 
PU42 PR67 T7

Map10//facil
1 1 1 1 1 1 1 1 1 1 
1 1 0 0 0 H 0 0 1 1 
1 0 0 # 0 0 1 0 1 1 
1 0 1 # 0 0 0 0 1 1 
1 # 0 H # 0 0 0 1 1 
1 0 H F F H 0 0 1 1 
1 0 0 0 0 0 0 1 1 1 
1 0 # 1 0 1 # 0 G 1 
1 1 S 1 1 1 1 1 1 1 
1 1 1 1 1 1 1 1 1 1 
PU53 PR26 T7

Map10//facil
1 1 1 1 1 1 1 1 1 1 
1 0 0 0 1 # 0 0 1 1 
1 0 0 0 # 0 # 0 1 1 
1 1 # 1 # 0 0 0 1 1 
1 0 0 0 0 # 0 0 1 1 
1 0 0 0 0 1 0 H 1 1 
1 H 0 0 0 # # 1 1 1 
1 0 0 0 0 H H 0 S 1 
1 1 1 G 1 1 1 1 1 1 
1 1 1 1 1 1 1 1 1 1 
PU24 PR77 T9

Map10//facil
1 1 1 1 S 1 1 1 1 1 
1 0 F F # 0 H 0 1 1 
1 F 0 0 1 F 0 0 1 1 
1 1 F 0 0 0 # 0 1 1 
1 0 # 0 0 # 0 # 1 1 
1 0 0 0 F H # 1 1 1 
1 0 # 0 # 0 0 0 1 1 
1 0 0 0 0 0 0 H 1 1 
1 1 1 G 1 1 1 1 1 1 
1 1 1 1 1 1 1 1 1 1 
PU47 PR11 T8

Map10//trickyish
1 1 S 1 1 1 1 1 1 1 
1 0 0 # 0 F 0 0 0 1 
1 0 0 0 0 0 0 0 0 1 
1 0 # 0 0 0 0 0 1 1 
1 0 0 0 0 0 0 0 0 1 
1 0 F 0 0 0 0 0 1 1 
G F 0 0 F 0 # 0 F 1 
1 0 H 0 0 # 0 0 # 1 
1 0 0 0 # # 0 0 0 1 
1 1 1 1 1 1 1 1 1 1 
PU21 PR37 T6

Map10//facil
1 1 1 1 1 1 1 1 1 1 
1 0 F F 0 1 1 0 0 1 
S 0 1 H 0 0 0 # 0 1 
1 1 0 0 H F 0 0 0 1 
G 0 0 0 0 0 0 0 0 1 
1 H 0 0 0 0 F 0 0 1 
1 0 0 0 0 0 0 0 0 1 
1 H 1 0 0 0 0 0 H 1 
1 0 0 0 # 0 F 0 H 1 
1 1 1 1 1 1 1 1 1 1 
PU42 PR75 T8

Map10//facil
1 S 1 1 1 1 1 1 1 1 
1 0 0 1 0 0 0 0 0 1 
1 0 0 1 0 0 0 F 0 1 
1 0 0 0 F 0 0 0 # 1 
1 0 0 0 0 0 0 0 0 1 
1 0 0 0 F F 1 0 1 1 
1 0 0 F 0 0 0 0 0 1 
G 0 0 # 0 0 0 F F 1 
1 F F 0 0 0 0 0 0 1 
1 1 1 1 1 1 1 1 1 1 
PU11 PR48 T6

Map10//maso
1 1 1 1 1 1 1 1 1 1 
G 0 0 F H F 0 0 0 1 
1 1 0 0 0 0 F F 0 1 
S 0 0 H # 0 0 0 1 1 
1 0 0 1 1 0 0 H 0 1 
1 0 0 0 0 0 0 0 H 1 
1 0 0 H 0 1 0 0 0 1 
1 0 F F 0 F 0 0 0 1 
1 0 0 F F 0 0 0 0 1 
1 1 1 1 1 1 1 1 1 1 
PU23 PR18 T6

Map10//mehishgud
1 S G 1 1 1 1 1 1 1 
1 F 0 0 # # 0 0 0 1 
1 F 0 # 0 0 0 # 0 1 
1 F 0 0 0 H 0 0 0 1 
1 0 1 F 0 0 0 0 0 1 
1 0 F F 1 0 0 0 1 1 
1 0 0 # H 0 1 1 0 1 
1 # 0 0 0 0 # 0 0 1 
1 0 0 0 0 # 1 0 0 1 
1 1 1 1 1 1 1 1 1 1 
PU21 PR54 T8

Map10//eazy
1 1 1 1 1 1 1 1 1 1 
1 H 0 # 0 H F # 0 1 
1 F 0 0 0 0 0 0 0 1 
G 0 0 0 0 0 0 0 0 1 
1 0 # 0 0 0 1 1 0 1 
1 H 0 0 0 F 0 0 0 1 
1 0 H 0 0 1 H 0 0 1 
S 0 1 0 1 0 0 # 0 1 
1 0 1 # 0 # 0 0 1 1 
1 1 1 1 1 1 1 1 1 1 
PU18 PR32 T8

Map10//hmm
1 1 1 1 1 1 S 1 1 1 
1 0 # 0 0 # 0 0 0 1 
1 1 # # 0 H 0 0 0 1 
1 # 0 0 0 0 F 0 0 1 
G 0 0 0 1 0 H 0 0 1 
1 0 0 1 H H 0 0 0 1 
1 0 1 # H 0 0 0 0 1 
1 0 0 0 0 0 0 # 0 1 
1 # # 0 0 0 0 0 0 1 
1 1 1 1 1 1 1 1 1 1 
PU61 PR43 T7

Map10//2gud
1 1 1 1 S 1 1 1 1 1 
1 F 1 0 0 F 0 F 0 1 
1 0 H 0 H F 1 1 0 1 
1 0 0 0 # 0 # 0 0 1 
G 0 1 0 0 # 1 0 0 1 
1 1 0 0 0 0 H 1 1 1 
1 0 0 0 0 0 0 1 0 1 
1 F 0 0 0 H 0 # # 1 
1 F # 0 0 F 0 0 H 1 
1 1 1 1 1 1 1 1 1 1 
PU41 PR61 T7

Map10//fun
1 1 S 1 1 1 1 1 1 1 
1 1 0 F 0 1 F 0 0 1 
G 0 F 0 0 0 0 1 0 1 
1 0 0 0 0 H H 0 0 1 
1 0 # 0 0 # 0 0 H 1 
1 0 F 0 0 0 0 0 0 1 
1 # 0 0 0 # F 0 1 1 
1 0 F 1 0 0 0 0 0 1 
1 0 H F 0 0 0 0 0 1 
1 1 1 1 1 1 1 1 1 1 
PU21 PR45 T10

Map10//hmm
1 1 1 S 1 1 1 1 1 1 
1 0 0 0 0 1 0 0 F 1 
1 0 # H 0 0 0 F 0 1 
1 F # 0 0 0 0 0 # 1 
G 0 0 F # # 1 H 0 1 
1 0 0 F 0 0 1 0 1 1 
1 0 0 F 0 0 0 1 0 1 
1 0 0 1 # 0 0 F 0 1 
1 # 0 0 0 0 0 0 # 1 
1 1 1 1 1 1 1 1 1 1 
PU31 PR25 T7

Map10//mehish
1 1 1 1 1 1 S 1 1 1 
1 # 0 0 0 0 0 0 0 1 
1 0 0 0 H 0 H 0 1 1 
G 0 0 0 0 0 0 0 1 1 
1 0 F F 0 0 0 0 0 1 
1 # 0 1 0 0 F H 0 1 
1 0 0 0 0 0 0 0 0 1 
1 0 0 0 0 H F 0 F 1 
1 0 0 F 0 0 # # 0 1 
1 1 1 1 1 1 1 1 1 1 
PU61 PR54 T7

Map10//trickynotbad
1 1 1 1 1 1 S 1 1 1 
1 1 # 0 0 0 0 0 F 1 
1 0 0 # 0 0 H H F 1 
1 0 0 0 0 0 0 0 0 1 
G 0 0 0 0 0 0 1 H 1 
1 # 0 0 H 0 H # 1 1 
1 0 0 0 0 0 0 0 # 1 
1 0 F 0 F # # 1 # 1 
1 # F 0 0 0 0 0 0 1 
1 1 1 1 1 1 1 1 1 1 
PU61 PR13 T8

Map10//eaz
1 1 1 1 1 1 1 G 1 1 
1 F 0 0 # 0 0 0 1 1 
S 0 0 H 0 0 0 # 0 1 
1 0 0 0 0 0 0 0 F 1 
1 0 F 0 # 0 # 0 0 1 
1 F 0 0 0 0 0 0 0 1 
1 F F 0 0 H 0 0 0 1 
1 0 0 0 0 # 1 F 0 1 
1 0 F 0 0 # 0 H 0 1 
1 1 1 1 1 1 1 1 1 1 
PU22 PR18 T7

Map10//doublemeh
1 1 1 1 1 1 S 1 1 1 
1 0 0 0 # 0 0 # 0 1 
1 0 F 0 0 0 0 H # 1 
1 0 0 0 1 0 0 # 0 1 
1 0 0 0 1 0 0 0 0 1 
1 0 0 0 0 0 0 0 # 1 
1 0 # 0 # 0 0 0 0 1 
G 0 # 0 0 0 # 0 1 1 
1 0 H 0 F 0 F 0 0 1 
1 1 1 1 1 1 1 1 1 1 
PU66 PR78 T7

Map10//trickydecent
1 1 1 1 1 1 S 1 1 1 
1 0 0 1 0 F 0 F 0 1 
1 F 1 H 0 1 0 0 0 1 
1 0 0 1 H # H 0 0 1 
1 0 0 0 0 0 0 1 1 1 
1 F 1 # 0 0 0 0 F 1 
G 0 # 0 F 0 0 # 0 1 
1 0 H 0 0 0 0 # 0 1 
1 0 0 0 0 0 0 H 1 1 
1 1 1 1 1 1 1 1 1 1 
PU61 PR67 T8

Map10//mehish
1 1 1 1 1 S 1 1 1 1 
1 0 # 0 1 0 0 0 0 1 
1 0 # 0 0 0 0 0 0 1 
1 0 0 0 1 H 1 0 # 1 
G 0 # # 1 0 0 0 0 1 
1 0 H 0 0 0 1 0 0 1 
1 0 # 0 0 H 0 # 0 1 
1 0 # 0 0 H 0 0 0 1 
1 0 0 F 0 0 0 1 0 1 
1 1 1 1 1 1 1 1 1 1 
PU51 PR35 T8

Map10//yes
1 1 1 1 S 1 1 1 1 1 
1 0 0 1 0 H 0 0 0 1 
1 0 # 0 1 0 1 0 0 1 
1 0 F # 0 # 0 F 0 1 
1 1 0 F 0 0 0 F 0 1 
1 # 0 0 0 # 0 # 0 1 
G 0 0 F 0 0 0 0 0 1 
1 # 0 0 0 0 0 0 0 1 
1 # 0 0 # 0 0 0 0 1 
1 1 1 1 1 1 1 1 1 1 
PU41 PR27 T8

Map10//ok
1 1 1 1 1 G 1 1 1 1 
1 0 0 F 0 # 0 0 0 1 
1 0 0 H 0 0 0 0 0 1 
1 0 0 0 0 0 0 0 0 1 
1 1 0 0 # 0 0 0 # 1 
1 1 0 0 0 0 0 # 0 1 
S 0 1 0 0 1 0 0 0 1 
1 0 H H 0 0 0 0 0 1 
1 0 0 1 F 0 1 0 0 1 
1 1 1 1 1 1 1 1 1 1 
PU17 PR63 T7

Map10//good
1 1 1 1 1 1 S 1 1 1 
1 H 0 # 1 0 # F 0 1 
1 1 1 0 0 0 0 H 0 1 
1 0 0 1 0 H 0 0 # 1 
1 0 H 0 # 0 H 0 1 1 
1 0 0 1 0 0 0 0 0 1 
G 0 1 0 0 0 # 1 0 1 
1 0 0 0 0 0 0 0 0 1 
1 0 0 0 0 # 0 0 0 1 
1 1 1 1 1 1 1 1 1 1 
PU63 PR15 T11

Map10//notbad
1 1 1 1 1 1 1 1 1 1 
S 0 # 0 0 1 0 0 0 1 
1 0 0 1 1 0 # 0 H 1 
1 0 0 0 0 0 0 0 0 1 
1 0 H 0 0 F 0 0 1 1 
1 0 # # 0 # 0 0 0 1 
G 0 0 1 0 0 0 0 0 1 
1 F 0 H 0 0 0 # 0 1 
1 0 # 0 0 0 1 # 1 1 
1 1 1 1 1 1 1 1 1 1 
PU15 PR46 T9

Map10//notbad
1 1 1 1 1 1 1 1 1 1 
G F 0 0 H 0 0 0 0 1 
1 0 0 0 0 0 0 0 # 1 
1 0 F 0 H # 0 0 0 1 
S 0 0 H F 0 0 0 0 1 
1 0 0 0 0 0 0 # F 1 
1 0 1 0 # 0 0 # # 1 
1 F 0 0 0 0 0 H 1 1 
1 0 0 0 # # 1 # 0 1 
1 1 1 1 1 1 1 1 1 1 
PU24 PR51 T8

Map10//notbad
1 1 1 1 1 1 G 1 1 1 
1 # 0 1 F 1 0 0 0 1 
1 0 F 0 F 0 1 # 0 1 
1 0 0 0 0 # 0 0 F 1 
1 0 0 0 0 H 0 0 1 1 
1 # 0 0 0 0 0 0 0 1 
S 0 0 0 0 0 # H 1 1 
1 F 0 0 F 0 0 0 # 1 
1 0 0 0 F 0 0 0 F 1 
1 1 1 1 1 1 1 1 1 1 
PU26 PR64 T7

Map10//notbad
1 1 1 1 G 1 1 1 1 1 
1 # 1 0 0 0 0 # 0 1 
1 1 0 0 0 0 0 0 0 1 
S 0 1 0 0 0 0 0 0 1 
1 0 0 F H 0 0 0 1 1 
1 F 0 0 0 0 0 1 0 1 
1 H 0 F 0 0 # F 0 1 
1 0 0 0 F 0 H F 0 1 
1 0 # 1 0 H 0 0 0 1 
1 1 1 1 1 1 1 1 1 1 
PU14 PR51 T7

Map10//nb
1 1 1 S 1 1 1 1 1 1 
G # F 0 0 1 0 0 0 1 
1 0 0 F # 0 0 # 0 1 
1 0 0 1 0 F 0 0 0 1 
1 1 0 0 # 1 # 0 0 1 
1 0 0 0 F 0 1 0 0 1 
1 0 0 1 0 0 0 0 F 1 
1 1 0 0 H 0 0 0 0 1 
1 0 0 0 0 # 1 F 0 1 
1 1 1 1 1 1 1 1 1 1 
PU31 PR63 T7

Map10//nb
1 G 1 1 1 1 1 1 1 1 
1 0 # 1 0 0 0 0 0 1 
1 0 0 0 0 0 H 0 0 1 
1 H 0 0 0 0 F 0 0 1 
1 0 0 0 0 0 0 0 0 1 
1 0 0 0 0 0 0 0 1 1 
S 0 0 F F 1 0 0 0 1 
1 1 0 1 0 0 0 0 0 1 
1 0 0 0 0 0 0 0 0 1 
1 1 1 1 1 1 1 1 1 1 
PU26 PR14 T9

Map10//ok
1 1 1 1 S 1 1 1 1 1 
1 0 0 0 0 1 # 0 0 1 
1 0 1 0 H 0 0 1 F 1 
1 0 0 0 0 # 0 0 0 1 
1 0 0 F 0 # 0 0 0 1 
1 1 0 0 0 H 0 0 0 1 
G F 0 # # 0 0 0 0 1 
1 0 0 0 0 0 # 0 0 1 
1 # 0 F 0 # 0 0 1 1 
1 1 1 1 1 1 1 1 1 1 
PU41 PR75 T7

Map10//ok
1 1 1 1 1 1 S 1 1 1 
1 0 0 1 0 0 0 F 0 1 
1 0 0 # 0 0 0 0 0 1 
1 0 0 0 # # 0 0 0 1 
G 0 0 0 1 0 H 0 0 1 
1 0 F # 0 0 0 0 # 1 
1 # 1 0 0 # 0 0 # 1 
1 H 0 F F # F 0 0 1 
1 F 0 0 1 1 0 0 1 1 
1 1 1 1 1 1 1 1 1 1 
PU62 PR15 T7

Map10//ok
1 1 1 S 1 1 1 1 1 1 
1 F 0 0 0 0 1 0 0 1 
1 0 0 0 1 H H 0 # 1 
1 0 1 F 0 0 # # # 1 
1 0 # 1 0 0 0 0 0 1 
1 0 H 0 0 1 0 0 F 1 
1 0 F 0 H 0 F 0 # 1 
G 0 0 F 0 0 0 0 1 1 
1 H F 0 1 0 0 0 0 1 
1 1 1 1 1 1 1 1 1 1 
PU31 PR56 T7

Map10//ok
1 1 1 S 1 1 1 1 1 1 
1 0 # 0 0 1 0 F 1 1 
1 0 0 0 0 1 0 0 0 1 
G # # H 0 1 0 F F 1 
1 # H 0 0 0 0 1 # 1 
1 0 # F 0 H 0 0 0 1 
1 0 0 1 0 0 0 0 0 1 
1 0 0 0 0 0 0 0 0 1 
1 0 1 0 0 0 0 0 0 1 
1 1 1 1 1 1 1 1 1 1 
PU31 PR12 T7
