Map8
1 1 1 1 G 1 1 1 
1 1 H 0 # 1 # 1 
1 1 0 0 0 0 # 1 
1 1 0 0 0 H 0 1 
1 1 0 0 0 # 0 1 
1 1 0 H 0 0 0 S 
1 1 1 1 1 1 1 1 
1 1 1 1 1 1 1 1 
P63 P34 P55 T4

Map8
1 1 1 1 1 1 1 1 
1 0 0 0 1 H 1 1 
G 0 0 H 0 0 1 1 
1 H 0 0 0 0 1 1 
1 0 0 0 0 0 1 1 
1 0 0 0 0 0 1 1 
1 1 1 S 1 1 1 1 
1 1 1 1 1 1 1 1 
P21 P33 P14 T4

Map8
1 1 1 1 1 1 1 1 
1 1 1 1 1 1 1 1 
1 1 0 # H 0 0 1 
1 1 0 1 0 0 0 1 
1 S 0 0 H 0 0 1 
1 1 0 0 0 0 0 1 
1 1 0 0 0 H 0 1 
1 1 1 1 G 1 1 1 
P34 P55 P26 T4

Map8
1 1 1 1 1 1 1 1 
1 1 1 1 1 1 S 1 
1 1 0 0 1 0 0 1 
1 1 0 0 0 0 0 1 
1 1 0 0 0 0 0 1 
1 G 0 0 0 H 0 1 
1 1 H # 0 0 0 1 
1 1 1 1 1 1 1 1 
P33 P64 P46 T4

Map8
1 1 1 1 1 1 1 1 
1 1 1 1 1 G 1 1 
1 S 0 0 H # 0 1 
1 1 0 0 0 0 0 1 
1 1 0 0 0 1 0 1 
1 1 0 0 # 0 0 1 
1 1 0 0 0 0 1 1 
1 1 1 1 1 1 1 1 
P32 P63 P24 T4

Map8
1 1 1 1 G 1 1 1 
1 1 0 # 0 0 0 1 
1 1 H 0 0 0 1 1 
1 1 0 0 H 0 H 1 
1 1 1 0 0 0 0 1 
1 1 0 0 0 0 0 1 
1 1 1 1 1 1 S 1 
1 1 1 1 1 1 1 1 
P51 P64 P25 T5

Map8
1 1 1 1 1 1 1 1 
1 1 1 G 1 1 1 1 
1 1 H 0 0 0 0 1 
1 1 0 0 0 0 0 1 
1 1 0 H 0 0 0 1 
1 1 0 0 0 0 1 1 
1 1 0 0 0 0 0 S 
1 1 1 1 1 1 1 1 
P42 P23 P36 T4

Map8
1 1 1 1 1 1 1 1 
1 1 1 1 1 1 S 1 
1 1 0 0 0 0 0 1 
1 1 0 0 0 0 0 1 
1 1 0 0 0 0 0 1 
1 G 0 0 # 0 H 1 
1 1 H 0 0 0 0 1 
1 1 1 1 1 1 1 1 
P22 P63 P36 T4

Map8
1 1 S 1 1 1 1 1 
1 1 0 0 0 0 H 1 
1 1 0 0 0 0 0 1 
1 1 0 0 0 0 H 1 
1 G 0 0 0 0 0 1 
1 1 H 0 0 0 0 1 
1 1 1 1 1 1 1 1 
1 1 1 1 1 1 1 1 
P41 P22 P35 T4

Map8
1 1 1 1 1 1 1 1 
1 0 0 H 0 0 1 1 
1 0 0 H 0 0 S 1 
1 0 # 0 0 0 1 1 
1 0 0 0 0 0 1 1 
1 0 0 0 0 H 1 1 
1 1 G 1 1 1 1 1 
1 1 1 1 1 1 1 1 
P42 P13 P54 T4

Map8
1 1 1 G 1 1 1 1 
1 0 # 0 # 0 S 1 
1 0 1 0 H 0 1 1 
1 0 0 0 0 0 1 1 
1 0 0 0 0 0 1 1 
1 # H 1 0 # 1 1 
1 1 1 1 1 1 1 1 
1 1 1 1 1 1 1 1 
P43 P14 T4

Map8
1 1 1 1 1 1 1 1 
1 S # 0 0 # # 1 
1 1 0 0 0 0 0 1 
1 1 0 H # 0 0 G 
1 1 0 1 0 1 H 1 
1 1 0 0 0 0 0 1 
1 1 1 1 1 1 1 1 
1 1 1 1 1 1 1 1 
P42 P55 T6

Map8
1 1 1 1 1 1 1 1 
1 1 1 1 1 1 1 1 
1 1 0 0 0 # 0 S 
1 1 0 0 0 0 0 1 
1 1 H 1 # 0 0 G 
1 1 1 0 0 H # 1 
1 1 0 0 0 0 0 1 
1 1 1 1 1 1 1 1 
P32 P45 T3

Map8
1 1 1 1 1 1 1 1 
1 1 1 1 1 S 1 1 
1 0 1 1 H 0 1 1 
1 0 0 0 0 0 1 1 
1 0 # 0 0 0 1 1 
1 H 0 # 0 0 G 1 
1 # 0 0 # # 1 1 
1 1 1 1 1 1 1 1 
P34 P26 T4

Map8
1 1 1 S 1 1 G 1 
1 1 0 0 1 0 0 1 
1 1 0 0 0 0 0 1 
1 1 0 H # 0 0 1 
1 1 0 0 H 0 1 1 
1 1 0 0 0 0 0 1 
1 1 1 1 1 1 1 1 
1 1 1 1 1 1 1 1 
P32 P65 T7

Map8
1 1 1 1 1 1 1 1 
1 0 0 0 0 H 1 1 
1 0 H 0 0 0 1 1 
1 0 0 0 1 0 G 1 
1 # 0 0 0 1 1 1 
1 0 0 0 0 0 1 1 
1 S 1 1 1 1 1 1 
1 1 1 1 1 1 1 1 
P31 P12 T6

Map8
1 1 1 1 1 1 1 1 
1 1 1 S 1 1 1 1 
1 1 0 0 0 0 0 1 
1 1 0 0 0 0 0 1 
1 1 1 0 0 0 H 1 
1 G 0 H 0 0 0 1 
1 1 0 0 0 1 0 1 
1 1 1 1 1 1 1 1 
P52 P33 T6

Map8
1 1 1 S 1 1 1 1 
1 1 0 0 0 # 0 1 
1 1 0 0 0 # 0 1 
1 1 1 H 0 0 H 1 
1 G # 0 0 0 1 1 
1 1 # 0 # 0 0 1 
1 1 1 1 1 1 1 1 
1 1 1 1 1 1 1 1 
P61 P32 T6

Map8
1 1 1 1 1 1 1 1 
1 0 0 0 0 0 1 1 
1 1 0 0 0 0 1 1 
1 0 H 0 0 0 S 1 
1 0 1 0 0 0 1 1 
1 0 0 0 H 0 1 1 
1 G 1 1 1 1 1 1 
1 1 1 1 1 1 1 1 
P21 P43 T6

Map8
1 1 1 1 1 1 1 1 
1 1 1 1 1 1 1 1 
1 1 0 H 0 0 0 1 
1 1 0 0 0 0 # 1 
1 1 1 0 0 0 0 1 
1 G 0 0 0 1 0 1 
1 1 0 0 H 0 0 S 
1 1 1 1 1 1 1 1 
P42 P56 T9

Map8
1 1 1 1 1 1 1 1 
1 H 0 0 0 # 1 1 
1 0 # 1 0 0 G 1 
1 0 1 # 0 0 1 1 
1 0 # # 0 0 S 1 
1 0 0 0 H 0 1 1 
1 1 1 1 1 1 1 1 
1 1 1 1 1 1 1 1 
P31 P43 T6

Map8
1 1 1 1 1 1 1 1 
1 1 1 1 1 1 1 1 
1 G 0 H 0 1 0 1 
1 1 # 0 0 0 0 1 
1 1 1 0 0 H # 1 
1 1 0 0 0 0 0 1 
1 1 0 0 0 # 0 1 
1 1 1 S 1 1 1 1 
P62 P34 T6

Map8
1 1 1 1 1 1 1 1 
1 1 1 1 1 1 1 1 
1 0 0 0 1 0 1 1 
1 0 0 # 0 0 1 1 
1 1 0 # 0 0 1 1 
1 # # 0 H 0 1 1 
1 0 H 0 0 0 1 1 
1 G 1 1 1 S 1 1 
P52 P36 T7

Map8
1 1 1 1 1 1 1 1 
1 1 1 1 1 1 1 1 
1 1 0 1 0 0 # 1 
1 1 1 0 0 0 0 1 
1 1 0 0 0 # 0 1 
1 1 H 0 0 0 0 1 
1 1 0 0 H 0 # S 
1 1 G 1 1 1 1 1 
P44 P56 T8

Map8
1 1 1 1 1 G 1 1 
S 0 1 0 0 0 1 1 
1 0 0 1 0 H 1 1 
1 0 # 0 0 0 1 1 
1 0 0 0 0 0 1 1 
1 # 0 # H 0 1 1 
1 1 1 1 1 1 1 1 
1 1 1 1 1 1 1 1 
P53 P14 T6

Map8
1 1 1 G 1 1 1 1 
1 1 0 0 H 0 # S 
1 1 # 0 1 0 0 1 
1 1 # 0 0 0 0 1 
1 1 0 0 H # 0 1 
1 1 0 0 1 0 # 1 
1 1 1 1 1 1 1 1 
1 1 1 1 1 1 1 1 
P51 P64 T6

Map8
1 1 1 1 1 1 1 1 
1 1 1 1 1 1 1 1 
1 1 0 0 0 # # 1 
1 1 # 0 1 0 0 G 
1 1 0 0 H 0 # 1 
1 1 0 0 1 # 0 1 
1 1 H 0 0 0 0 1 
1 1 1 1 1 S 1 1 
P42 P54 T6

Map8
1 1 1 1 1 1 1 1 
1 1 1 1 1 1 1 1 
1 G 0 0 H 0 0 1 
1 1 0 0 0 H 0 1 
1 1 0 0 0 0 0 1 
1 1 0 0 1 0 0 1 
1 1 0 1 0 0 0 1 
1 1 1 1 1 S 1 1 
P63 P55 T6

Map8
1 1 1 1 1 1 1 1 
1 1 1 1 1 1 1 1 
1 0 0 H 0 0 S 1 
1 1 1 0 0 0 1 1 
1 0 0 0 0 0 1 1 
1 0 0 0 0 H 1 1 
1 0 0 0 # 0 1 1 
1 1 1 1 1 G 1 1 
P42 P54 T6

Map8
1 1 1 1 1 1 1 1 
1 0 0 0 # 0 1 1 
1 H 0 0 0 0 1 1 
1 0 # 0 0 0 1 1 
1 1 0 0 1 0 1 1 
1 0 # H 0 0 S 1 
1 G 1 1 1 1 1 1 
1 1 1 1 1 1 1 1 
P11 P45 T6

Map8
1 1 1 1 1 1 1 1 
1 S 0 0 H 0 # 1 
1 1 0 1 0 0 0 1 
1 1 0 0 0 H 0 1 
1 1 0 0 0 # 0 1 
1 1 # 0 1 0 0 G 
1 1 1 1 1 1 1 1 
1 1 1 1 1 1 1 1 
P31 P33 T7

Map8
1 1 1 1 1 1 1 1 
1 0 0 0 0 # 1 1 
1 1 H # 0 0 G 1 
1 0 0 # 0 0 1 1 
1 0 0 H 0 # 1 1 
1 0 0 1 0 0 1 1 
1 1 S 1 1 1 1 1 
1 1 1 1 1 1 1 1 
P41 P24 T8

Map8
1 1 1 1 1 1 1 1 
1 1 1 S 1 1 G 1 
1 1 0 0 H 0 0 1 
1 1 0 1 0 0 H 1 
1 1 0 0 0 0 0 1 
1 1 0 0 # 0 # 1 
1 1 # 0 0 1 0 1 
1 1 1 1 1 1 1 1 
P64 P25 T7

Map8
1 1 1 1 1 1 1 1 
1 1 1 1 1 G 1 1 
1 0 1 0 0 # 1 1 
1 0 0 H 0 H 1 1 
1 0 0 0 0 0 1 1 
1 0 # 0 0 0 1 1 
S 0 # 0 1 0 1 1 
1 1 1 1 1 1 1 1 
P34 P55 T6

Map8
1 1 1 1 1 1 1 1 
1 1 0 0 0 0 0 1 
1 1 0 H # 0 0 S 
1 1 1 0 0 0 H 1 
1 G # 0 1 # 0 1 
1 1 # 0 0 0 0 1 
1 1 1 1 1 1 1 1 
1 1 1 1 1 1 1 1 
P31 P52 T9

Map8
1 1 1 1 1 1 1 1 
1 1 1 1 1 S 1 1 
1 1 0 # 0 0 0 1 
1 1 1 0 0 0 H 1 
1 G 0 0 0 H # 1 
1 1 # 0 0 0 0 1 
1 1 0 0 0 1 0 1 
1 1 1 1 1 1 1 1 
P22 P53 T6

Map8
1 1 1 1 1 1 1 1 
1 1 1 1 S 1 1 1 
1 0 0 0 0 0 1 1 
1 H 0 0 0 0 1 1 
1 1 0 0 0 0 1 1 
G 0 0 0 H 0 1 1 
1 0 0 0 0 1 1 1 
1 1 1 1 1 1 1 1 
P12 P43 T6

Map8
1 1 1 1 1 1 1 1 
1 1 1 1 1 1 1 1 
1 0 # 0 # 0 1 1 
1 0 H 0 0 0 1 1 
1 0 0 0 0 H 1 1 
1 0 0 0 0 0 1 1 
1 1 0 1 0 0 1 1 
1 1 G 1 1 S 1 1 
P35 P55 T7

Map8
1 1 1 1 1 1 1 1 
1 1 0 0 0 0 0 1 
1 1 0 H 0 # 0 S 
1 1 0 # 1 # H 1 
1 1 # 0 0 0 0 1 
1 1 0 0 0 1 0 1 
1 1 1 G 1 1 1 1 
1 1 1 1 1 1 1 1 
P22 P42 T6

Map8
1 1 1 1 1 1 1 1 
1 1 1 1 S 1 1 1 
1 0 0 H # 0 1 1 
1 # 0 0 1 0 1 1 
1 0 0 0 0 0 G 1 
1 # 0 0 1 # 1 1 
1 H 0 0 # 0 1 1 
1 1 1 1 1 1 1 1 
P33 P26 T6

Map8
1 1 1 G 1 1 1 1 
1 0 1 0 0 0 1 1 
1 0 0 0 0 0 1 1 
S 0 0 H 0 0 1 1 
1 0 0 0 1 0 1 1 
1 0 0 H 0 0 1 1 
1 1 1 1 1 1 1 1 
1 1 1 1 1 1 1 1 
P11 P23 T6

Map8
1 1 1 1 1 1 1 1 
1 0 0 0 0 0 1 1 
S 0 0 H 0 0 1 1 
1 0 0 0 0 0 1 1 
1 0 0 0 0 1 1 1 
1 0 H 0 1 0 1 1 
1 1 1 G 1 1 1 1 
1 1 1 1 1 1 1 1 
P22 P23 T6

Map8
1 1 1 1 1 1 1 1 
1 H 0 0 # 0 1 1 
G 0 0 0 # 0 1 1 
1 0 0 0 1 H 1 1 
1 0 0 0 # 0 1 1 
1 # 0 0 0 1 1 1 
1 S 1 1 1 1 1 1 
1 1 1 1 1 1 1 1 
P21 P14 T6

Map8
1 1 1 1 1 1 1 1 
1 1 0 1 0 1 0 G 
1 1 0 0 0 0 0 1 
1 1 0 0 H # H 1 
1 1 0 0 # 0 0 1 
1 1 0 0 0 0 0 1 
1 1 1 1 1 1 S 1 
1 1 1 1 1 1 1 1 
P21 P64 T6

Map8
1 1 1 1 1 1 1 1 
1 1 S 1 1 1 1 1 
1 1 # # 0 0 0 1 
1 1 0 # 0 0 H 1 
1 1 1 0 0 0 0 1 
1 1 0 0 # H 0 G 
1 1 0 0 0 0 1 1 
1 1 1 1 1 1 1 1 
P43 P35 T6

Map8
1 1 1 1 1 1 1 1 
1 1 1 1 1 1 1 1 
1 # H 0 0 0 S 1 
1 0 1 0 # 1 1 1 
1 0 0 0 0 # 1 1 
1 0 0 0 H 0 1 1 
1 # 0 0 0 0 1 1 
1 1 1 1 1 G 1 1 
P32 P44 T6

Map8
1 1 G 1 S 1 1 1 
1 1 # 1 0 0 1 1 
1 0 0 0 0 0 1 1 
1 0 H 0 H 0 1 1 
1 0 0 0 0 0 1 1 
1 0 0 0 0 0 1 1 
1 1 1 1 1 1 1 1 
1 1 1 1 1 1 1 1 
P32 P42 T7

Map8
1 1 1 G 1 1 1 1 
1 0 # 0 0 0 1 1 
1 0 0 0 0 0 1 1 
1 0 0 # 1 0 1 1 
1 0 H 1 # 0 1 1 
1 0 H 0 # # S 1 
1 1 1 1 1 1 1 1 
1 1 1 1 1 1 1 1 
P14 P35 T7

Map8
1 1 1 S 1 1 G 1 
1 1 # 0 1 0 0 1 
1 1 0 0 0 0 0 1 
1 1 0 H 0 0 0 1 
1 1 0 0 0 0 1 1 
1 1 0 0 H 0 0 1 
1 1 1 1 1 1 1 1 
1 1 1 1 1 1 1 1 
P32 P25 T7

Map8
1 1 1 S 1 1 1 1 
1 0 H 0 0 # 1 1 
1 1 0 0 0 0 1 1 
1 0 0 H 0 0 1 1 
G 0 # 0 # 0 1 1 
1 1 0 # 0 # 1 1 
1 1 1 1 1 1 1 1 
1 1 1 1 1 1 1 1 
P32 P23 T6

Map8
1 1 1 1 1 1 1 1 
1 H 0 0 0 0 1 1 
1 # 0 0 # 1 1 1 
S 0 0 0 0 # 1 1 
1 0 0 0 0 1 1 1 
1 # 0 H 0 0 1 1 
1 1 1 1 1 G 1 1 
1 1 1 1 1 1 1 1 
P21 P33 T6

Map8
1 1 S 1 1 1 1 1 
1 0 0 0 0 0 1 1 
1 0 0 0 0 1 1 1 
1 1 H # 0 0 1 1 
1 0 # # 0 0 1 1 
1 0 0 0 H 0 G 1 
1 1 1 1 1 1 1 1 
1 1 1 1 1 1 1 1 
P41 P22 T8

Map8
1 1 1 1 1 1 1 1 
1 1 1 1 1 1 1 1 
1 1 0 0 0 # 0 1 
1 1 0 0 0 # H 1 
1 1 0 1 H 0 0 G 
1 1 # 0 0 1 0 1 
1 1 # 0 # 0 0 1 
1 1 1 1 S 1 1 1 
P62 P45 T6

Map8
1 1 1 1 1 1 1 1 
1 1 1 1 1 1 1 1 
1 0 0 0 0 0 1 1 
1 0 0 1 0 0 1 1 
1 H 0 0 0 H 1 1 
1 0 0 0 0 0 1 1 
1 0 0 0 1 0 G 1 
1 S 1 1 1 1 1 1 
P34 P15 T6

Map8
1 1 1 1 1 1 1 1 
1 1 1 1 1 1 1 1 
1 1 0 # H 0 0 S 
1 1 0 0 0 0 0 1 
1 1 0 0 1 0 # 1 
1 1 0 0 # 0 0 1 
1 1 H 0 1 0 0 1 
1 1 1 G 1 1 1 1 
P52 P23 T6

Map8
1 1 1 1 1 1 1 1 
1 # 0 0 0 H 1 1 
1 # 0 0 0 0 1 1 
G 0 0 1 H 0 1 1 
1 0 0 0 1 0 S 1 
1 # 0 0 0 0 1 1 
1 1 1 1 1 1 1 1 
1 1 1 1 1 1 1 1 
P31 P24 T7

Map8
1 1 1 1 1 G 1 1 
1 1 0 0 1 0 0 1 
1 1 0 1 0 0 # 1 
1 1 0 0 # 0 H 1 
1 S 0 0 0 H 0 1 
1 1 0 # 0 0 0 1 
1 1 1 1 1 1 1 1 
1 1 1 1 1 1 1 1 
P53 P44 T8

Map8
1 1 1 1 1 1 1 1 
1 1 1 1 1 1 1 1 
1 1 0 0 # 0 H 1 
1 1 0 0 0 0 0 1 
1 1 1 0 H 0 0 1 
1 1 0 0 0 0 0 G 
1 1 # 0 0 1 0 1 
1 1 1 1 S 1 1 1 
P63 P45 T10

Map8
1 1 1 1 1 1 1 1 
1 1 1 1 1 1 1 1 
1 1 0 0 1 0 # S 
1 1 1 0 0 0 0 1 
1 G 0 H 0 0 0 1 
1 1 0 0 0 0 # 1 
1 1 0 0 0 H # 1 
1 1 1 1 1 1 1 1 
P33 P54 T7

Map8
1 1 1 1 1 1 1 1 
1 1 S 1 1 1 1 1 
1 1 0 0 # 0 # 1 
1 1 0 0 0 0 H 1 
1 1 H 0 0 # 0 1 
1 1 0 0 0 0 # 1 
1 G 0 # 1 0 1 1 
1 1 1 1 1 1 1 1 
P52 P23 T6

Map8
1 1 1 1 1 1 1 1 
1 0 # H 0 0 S 1 
1 0 0 0 0 0 1 1 
1 0 0 0 0 1 1 1 
1 H 1 0 0 0 1 1 
1 0 0 0 0 0 1 1 
1 G 1 1 1 1 1 1 
1 1 1 1 1 1 1 1 
P41 P22 T6

Map8
1 1 1 1 1 1 1 1 
1 1 1 1 1 1 1 1 
1 G 0 0 # 1 0 1 
1 1 H # 0 0 0 1 
1 1 0 H 0 0 0 1 
1 1 0 0 0 # 0 1 
1 1 1 0 # # 0 1 
1 1 1 S 1 1 1 1 
P64 P35 T6

Map8
1 1 G 1 1 1 1 1 
1 0 0 1 0 0 1 1 
1 # 0 0 0 0 1 1 
1 0 1 0 0 0 1 1 
1 0 0 H 0 0 1 1 
1 0 # H 0 0 S 1 
1 1 1 1 1 1 1 1 
1 1 1 1 1 1 1 1 
P51 P45 T6

Map8
1 1 1 1 1 1 1 1 
1 1 1 1 1 1 1 1 
1 0 0 0 0 0 1 1 
1 0 0 1 0 0 1 1 
S 0 0 H 0 0 1 1 
1 1 0 0 # 0 1 1 
1 0 0 H 0 0 1 1 
1 G 1 1 1 1 1 1 
P24 P56 T8

Map8
1 1 1 1 1 1 1 1 
1 1 1 1 1 1 1 1 
G 0 1 0 # H 1 1 
1 0 0 # 0 0 1 1 
1 0 0 0 H 0 1 1 
1 1 0 0 0 0 1 1 
1 0 0 0 # 0 1 1 
1 1 1 1 S 1 1 1 
P45 P16 T6

Map8
1 1 1 1 1 1 1 1 
1 1 1 1 S 1 1 1 
1 0 0 0 0 H 1 1 
1 0 0 0 0 0 1 1 
1 0 0 0 0 1 1 1 
1 1 0 # 0 # 1 1 
1 0 # 0 H # 1 1 
1 1 1 1 1 G 1 1 
P44 P36 T7

Map8
1 1 1 1 1 1 1 1 
1 1 1 1 1 1 S 1 
1 1 # 0 0 0 # 1 
1 1 1 0 # 0 0 1 
1 1 0 H 0 0 0 1 
1 1 0 0 0 1 0 1 
1 G 0 H 0 0 0 1 
1 1 1 1 1 1 1 1 
P32 P46 T7

Map8
1 1 1 1 1 1 1 1 
1 1 1 1 1 1 1 1 
1 1 0 0 0 0 0 1 
1 1 0 0 0 0 0 1 
1 S 0 0 H 0 1 1 
1 1 0 1 0 0 0 G 
1 1 0 0 H # 0 1 
1 1 1 1 1 1 1 1 
P62 P34 T7

Map8
1 S 1 1 1 1 1 1 
1 # 0 0 # # 1 1 
1 0 0 0 0 0 1 1 
1 H H 0 0 1 1 1 
1 0 0 0 0 0 1 1 
G 0 0 1 0 0 1 1 
1 1 1 1 1 1 1 1 
1 1 1 1 1 1 1 1 
P12 P22 T8

Map8
1 1 1 1 1 1 1 1 
1 1 0 0 0 0 0 1 
1 1 0 0 H 0 0 S 
1 1 0 # 0 0 1 1 
1 1 0 # 0 0 0 1 
1 1 H 0 1 0 0 G 
1 1 1 1 1 1 1 1 
1 1 1 1 1 1 1 1 
P52 P24 T7

Map8
1 S 1 1 1 1 1 1 
1 # 0 0 0 0 1 1 
1 0 0 0 0 H 1 1 
1 0 0 # 0 0 G 1 
1 H 0 0 0 1 1 1 
1 0 0 0 1 0 1 1 
1 1 1 1 1 1 1 1 
1 1 1 1 1 1 1 1 
P32 P13 T6

Map8
1 1 1 1 1 1 1 1 
1 1 1 S 1 1 1 1 
1 1 0 0 # 1 0 G 
1 1 0 0 0 0 # 1 
1 1 0 H 0 0 0 1 
1 1 0 0 H 0 1 1 
1 1 0 0 0 0 # 1 
1 1 1 1 1 1 1 1 
P33 P44 T6

Map8
1 1 1 1 1 1 1 1 
1 1 1 1 1 1 1 1 
1 H # 0 0 0 1 1 
1 0 0 # 0 0 1 1 
1 0 0 0 0 0 1 1 
G 0 1 0 0 0 1 1 
1 1 0 0 0 H 1 1 
1 1 S 1 1 1 1 1 
P32 P46 T6

Map8
1 1 1 1 1 1 1 1 
1 1 1 1 1 1 G 1 
1 S # 0 0 H 0 1 
1 1 # 1 0 0 0 1 
1 1 0 H 0 0 0 1 
1 1 0 0 0 0 1 1 
1 1 0 0 0 0 0 1 
1 1 1 1 1 1 1 1 
P42 P56 T7

Map8
1 1 1 1 1 1 1 1 
1 1 1 S 1 1 1 1 
1 0 0 0 0 0 1 1 
1 0 1 0 0 H 1 1 
1 0 0 0 0 0 1 1 
1 0 0 H 0 0 G 1 
1 0 0 0 0 1 1 1 
1 1 1 1 1 1 1 1 
P33 P44 T6

Map8
1 1 1 1 1 1 1 1 
1 1 1 1 1 1 1 1 
1 G # 1 0 0 0 1 
1 1 0 0 0 0 0 1 
1 1 0 0 0 H H 1 
1 1 0 # 0 # 0 1 
1 1 0 1 0 0 0 1 
1 1 1 1 1 1 S 1 
P42 P65 T6

Map8
1 1 1 1 1 1 1 1 
1 1 # H 0 0 0 1 
1 1 0 0 # # # 1 
1 G 0 1 0 0 0 1 
1 1 1 0 0 0 0 1 
1 S # 0 0 H 0 1 
1 1 1 1 1 1 1 1 
1 1 1 1 1 1 1 1 
P61 P45 T7

Map8
1 1 1 1 1 1 1 1 
1 1 0 0 H 0 0 1 
1 1 0 0 0 0 0 1 
1 1 0 0 0 0 H 1 
1 1 0 1 0 0 0 1 
1 G 0 0 1 0 0 1 
1 1 1 1 1 1 S 1 
1 1 1 1 1 1 1 1 
P51 P64 T6

Map8
1 1 1 1 1 1 1 1 
1 1 1 1 1 S 1 1 
1 1 0 0 0 0 0 1 
1 1 1 0 0 0 H 1 
1 1 # # # 0 0 1 
1 1 0 0 0 H 0 1 
1 1 0 0 1 0 0 G 
1 1 1 1 1 1 1 1 
P22 P53 T8

Map8
1 1 1 1 1 1 1 1 
1 1 1 1 1 1 1 1 
1 # 0 0 0 1 1 1 
1 0 0 0 0 0 1 1 
1 1 0 0 # # 1 1 
G 0 0 0 H 0 1 1 
1 0 0 H 0 # S 1 
1 1 1 1 1 1 1 1 
P13 P46 T7

Map8
1 1 1 1 1 1 1 1 
1 1 G 1 1 1 1 1 
1 H 0 0 0 0 S 1 
1 0 0 0 0 0 1 1 
1 0 0 0 H 0 1 1 
1 0 0 0 0 1 1 1 
1 1 0 0 0 0 1 1 
1 1 1 1 1 1 1 1 
P42 P54 T8

Map8
1 1 1 1 1 1 1 1 
1 1 1 1 1 1 1 1 
G 0 H 0 # 0 1 1 
1 0 0 0 0 0 1 1 
1 H 0 1 0 1 1 1 
1 0 0 0 0 0 1 1 
1 0 0 0 0 0 1 1 
1 1 S 1 1 1 1 1 
P24 P55 T8

Map8
1 1 1 1 1 1 1 1 
1 # # 0 0 0 1 1 
G 0 0 0 H 1 1 1 
1 0 0 1 # # S 1 
1 0 0 0 0 0 1 1 
1 H 0 0 0 0 1 1 
1 1 1 1 1 1 1 1 
1 1 1 1 1 1 1 1 
P41 P45 T7

Map8
1 1 1 1 1 1 1 1 
1 1 1 G 1 1 1 1 
1 0 # 0 0 0 1 1 
1 1 H 0 0 # 1 1 
1 0 H 0 0 0 S 1 
1 0 0 0 0 0 1 1 
1 0 # 1 0 # 1 1 
1 1 1 1 1 1 1 1 
P44 P25 T6

Map8
1 1 1 1 1 1 1 1 
1 1 0 0 0 H 1 1 
1 1 # 0 0 0 0 1 
1 1 0 0 0 0 0 1 
1 1 0 0 0 0 1 1 
1 G # H 0 0 0 1 
1 1 1 1 1 1 S 1 
1 1 1 1 1 1 1 1 
P52 P45 T6

Map8
1 1 1 1 1 1 1 1 
1 1 1 1 1 G 1 1 
1 # # H 0 0 1 1 
1 0 # 0 0 0 1 1 
1 0 0 0 1 0 1 1 
1 0 0 H # 1 1 1 
1 0 0 0 0 # 1 1 
1 1 1 1 S 1 1 1 
P14 P16 T8

Map8
1 1 1 1 1 1 1 1 
1 1 1 1 1 1 1 1 
1 0 0 0 # 0 1 1 
1 0 H # 0 0 S 1 
1 0 0 1 0 0 1 1 
1 0 0 1 0 0 1 1 
1 0 0 0 0 H 1 1 
1 1 G 1 1 1 1 1 
P43 P15 T6

Map8
1 1 1 1 1 1 1 1 
1 1 1 1 1 1 1 1 
1 0 0 0 0 0 1 1 
1 0 0 0 H 0 1 1 
1 0 0 0 0 0 1 1 
1 0 0 1 0 H 1 1 
S 0 1 0 0 0 1 1 
1 1 1 G 1 1 1 1 
P13 P54 T6

Map8
1 1 1 1 1 1 1 1 
1 1 1 G 1 1 1 1 
1 0 0 0 0 0 1 1 
1 0 # 0 1 0 1 1 
1 0 # H 0 1 1 1 
1 0 0 # # # 1 1 
1 0 0 H 0 0 S 1 
1 1 1 1 1 1 1 1 
P12 P46 T6

Map8
1 1 1 1 S 1 1 1 
1 0 1 H 0 0 1 1 
1 0 # # 0 0 1 1 
1 0 1 0 # 0 1 1 
1 # 0 0 # 0 1 1 
G 0 0 0 H 0 1 1 
1 1 1 1 1 1 1 1 
1 1 1 1 1 1 1 1 
P42 P54 T6

Map8
1 1 1 1 1 1 1 1 
1 1 1 1 S 1 1 1 
1 1 0 # 0 0 1 1 
1 0 # 0 0 0 1 1 
1 0 1 0 0 0 G 1 
1 0 0 0 H # 1 1 
1 # H 0 0 0 1 1 
1 1 1 1 1 1 1 1 
P43 P35 T6

Map8
1 1 1 1 1 G 1 1 
1 0 H 0 H # 1 1 
1 0 0 0 0 0 1 1 
1 1 0 0 0 1 1 1 
1 0 0 0 0 0 1 1 
1 0 # 0 0 0 S 1 
1 1 1 1 1 1 1 1 
1 1 1 1 1 1 1 1 
P31 P44 T6

Map8
1 1 1 1 1 1 1 1 
1 1 1 1 G 1 1 1 
1 0 0 H 0 0 1 1 
1 0 0 0 0 0 1 1 
1 1 0 0 0 0 1 1 
1 0 0 H 0 0 1 1 
1 0 0 0 1 0 1 1 
1 S 1 1 1 1 1 1 
P53 P36 T8

Map8
1 1 G 1 1 1 1 1 
1 1 0 0 1 0 0 1 
1 1 H 0 0 0 0 S 
1 1 0 0 0 0 1 1 
1 1 0 0 0 0 0 1 
1 1 0 0 H 0 0 1 
1 1 1 1 1 1 1 1 
1 1 1 1 1 1 1 1 
P42 P24 T8

Map8
1 1 1 1 1 1 1 1 
1 1 H 0 0 0 0 1 
1 1 0 0 0 1 0 1 
1 1 0 0 0 H 0 1 
1 1 0 0 0 0 0 G 
1 1 0 0 # 0 1 1 
1 1 1 1 1 S 1 1 
1 1 1 1 1 1 1 1 
P54 P25 T6

Map8
1 1 1 1 1 1 1 1 
1 0 0 H 0 0 S 1 
1 1 0 0 0 0 1 1 
1 0 0 H 0 0 1 1 
1 0 0 0 0 0 1 1 
1 0 0 0 1 0 1 1 
1 1 1 G 1 1 1 1 
1 1 1 1 1 1 1 1 
P41 P53 T6

Map8
1 1 1 1 1 1 1 1 
1 G 0 H 0 0 0 1 
1 1 0 # 0 1 0 1 
1 1 0 H 0 0 # 1 
1 1 1 0 0 0 0 1 
1 1 0 0 0 # # 1 
1 1 1 1 1 1 S 1 
1 1 1 1 1 1 1 1 
P41 P35 T7

Map8
1 1 1 1 1 1 1 1 
1 1 1 1 1 1 1 1 
1 # 0 0 0 0 1 1 
1 # 0 # 0 0 1 1 
1 0 H H 0 1 1 1 
G 0 0 0 0 # 1 1 
1 1 0 0 0 0 1 1 
1 1 S 1 1 1 1 1 
P25 P56 T6

Map8
1 1 1 1 1 1 1 1 
1 1 H 0 # # 0 S 
1 1 1 0 H 0 0 1 
1 1 0 # 0 0 0 1 
1 1 0 0 0 1 0 1 
1 1 0 # 0 0 0 1 
1 1 1 1 G 1 1 1 
1 1 1 1 1 1 1 1 
P31 P23 T7

Map8
1 1 1 1 1 1 1 1 
1 1 1 1 1 1 1 1 
1 1 0 0 0 0 0 1 
1 1 H # 0 0 0 1 
1 1 1 0 0 0 0 1 
1 1 0 0 1 0 0 1 
1 1 # 0 H 0 # S 
1 1 G 1 1 1 1 1 
P22 P56 T6

Map8
1 1 1 1 S 1 1 1 
1 1 0 0 # 0 0 1 
1 1 0 # 0 1 0 1 
1 1 H 0 1 0 0 1 
1 1 0 # 0 0 0 G 
1 1 0 # 0 0 H 1 
1 1 1 1 1 1 1 1 
1 1 1 1 1 1 1 1 
P22 P55 T6

Map8
1 1 1 G 1 1 1 1 
1 1 1 0 1 0 0 1 
1 1 0 0 0 0 0 1 
1 1 0 0 0 0 0 1 
1 1 H H 0 0 0 S 
1 1 0 0 0 0 0 1 
1 1 1 1 1 1 1 1 
1 1 1 1 1 1 1 1 
P23 P54 T6

Map8
1 1 1 1 1 1 1 1 
1 1 1 1 1 1 1 1 
1 1 # 0 # 1 0 1 
1 1 H 0 0 0 0 1 
1 G 0 0 0 H # 1 
1 1 0 # 0 0 0 1 
1 1 0 0 1 0 0 S 
1 1 1 1 1 1 1 1 
P62 P33 T10

Map8
1 1 1 1 1 1 1 1 
1 1 1 1 1 1 1 1 
1 S 0 # 0 H 0 1 
1 1 0 0 0 0 0 1 
1 1 0 0 0 0 0 1 
1 1 H # 1 0 # 1 
1 1 0 1 0 0 # 1 
1 1 1 1 G 1 1 1 
P42 P34 T6

Map8
1 1 1 1 1 1 1 1 
1 1 S 1 1 1 1 1 
1 1 0 0 0 0 0 1 
1 1 # 0 0 0 H 1 
1 1 0 0 # 0 0 1 
1 1 H 1 0 0 # 1 
1 1 0 0 0 1 0 G 
1 1 1 1 1 1 1 1 
P43 P24 T6

Map8
1 1 1 1 1 1 1 1 
1 1 0 0 0 0 0 1 
1 1 0 1 H 0 # S 
1 G 0 0 0 0 1 1 
1 1 # 0 0 0 0 1 
1 1 0 0 0 H # 1 
1 1 1 1 1 1 1 1 
1 1 1 1 1 1 1 1 
P52 P45 T7

Map8
1 1 1 1 1 1 1 1 
1 # 0 0 0 0 1 1 
1 0 0 H # H 1 1 
1 0 # 1 0 # G 1 
1 0 1 0 0 0 1 1 
1 0 0 # 0 0 1 1 
1 1 S 1 1 1 1 1 
1 1 1 1 1 1 1 1 
P51 P44 T6

Map8
1 1 1 1 1 1 1 1 
1 1 1 1 1 1 1 1 
1 1 0 1 0 0 0 1 
1 1 0 0 H 0 0 1 
1 G 0 0 0 0 H 1 
1 1 1 0 0 0 0 1 
1 1 0 0 0 0 0 1 
1 1 1 1 1 1 S 1 
P65 P26 T6

Map8
1 1 1 1 G 1 1 1 
1 1 0 # 0 0 0 1 
1 1 0 0 0 1 0 S 
1 1 H 0 0 0 H 1 
1 1 0 0 0 0 0 1 
1 1 0 0 1 0 0 1 
1 1 1 1 1 1 1 1 
1 1 1 1 1 1 1 1 
P21 P33 T6

Map8
1 1 1 1 1 1 1 1 
S 0 0 H 0 0 1 1 
1 # 0 0 # 0 1 1 
1 0 # 1 # H 1 1 
1 0 0 0 0 0 1 1 
1 0 1 0 0 0 1 1 
1 1 1 G 1 1 1 1 
1 1 1 1 1 1 1 1 
P21 P15 T6

Map8
1 1 1 1 1 1 1 1 
G 0 0 H 0 0 S 1 
1 0 0 1 0 0 1 1 
1 0 0 1 0 0 1 1 
1 0 # 0 0 H 1 1 
1 0 0 0 # 0 1 1 
1 1 1 1 1 1 1 1 
1 1 1 1 1 1 1 1 
P41 P53 T7

Map8
1 1 1 1 1 1 1 1 
1 1 S 1 1 1 1 1 
1 0 0 0 H 0 G 1 
1 0 0 1 0 0 1 1 
1 0 0 0 0 0 1 1 
1 0 H 0 0 0 1 1 
1 1 0 0 0 0 1 1 
1 1 1 1 1 1 1 1 
P23 P15 T6

Map8
1 S 1 1 1 1 1 1 
1 0 0 0 0 H 1 1 
1 0 1 0 0 # G 1 
1 0 0 H 0 0 1 1 
1 0 0 0 0 0 1 1 
1 0 0 1 0 0 1 1 
1 1 1 1 1 1 1 1 
1 1 1 1 1 1 1 1 
P41 P15 T6

Map8
1 1 1 S 1 1 1 1 
1 0 0 0 1 0 1 1 
1 0 1 0 0 0 1 1 
1 0 0 0 0 0 1 1 
1 0 0 H 0 0 1 1 
1 0 0 H 0 0 1 1 
1 1 G 1 1 1 1 1 
1 1 1 1 1 1 1 1 
P33 P14 T6

Map8
1 1 G 1 S 1 1 1 
1 # 0 0 # 0 1 1 
1 0 # # # 0 1 1 
1 0 0 H 0 0 1 1 
1 0 0 0 0 0 1 1 
1 0 H 1 0 1 1 1 
1 1 1 1 1 1 1 1 
1 1 1 1 1 1 1 1 
P14 T6

Map8
1 1 1 1 1 1 1 1 
1 1 1 1 1 G 1 1 
1 0 0 # 0 0 1 1 
1 H 0 0 0 0 1 1 
1 0 0 0 0 0 1 1 
1 0 0 1 # 0 1 1 
1 # # # H 1 1 1 
1 1 1 S 1 1 1 1 
P14 T7

Map8
1 1 1 1 1 1 1 1 
1 1 1 1 1 1 1 1 
S 0 0 H # 0 1 1 
1 0 # 0 0 1 1 1 
1 1 # 0 0 0 G 1 
1 # 0 0 0 0 1 1 
1 0 H 0 0 0 1 1 
1 1 1 1 1 1 1 1 
P22 T7

Map8
1 1 1 1 1 1 1 1 
1 0 # # 1 0 G 1 
1 1 0 0 0 0 1 1 
1 0 # 0 H 0 1 1 
1 # # 0 0 0 1 1 
S 0 0 0 H 0 1 1 
1 1 1 1 1 1 1 1 
1 1 1 1 1 1 1 1 
P35 T7

Map8
1 1 1 1 1 1 1 1 
1 1 1 1 1 1 1 1 
1 0 0 0 0 0 1 1 
S 0 0 0 0 0 1 1 
1 0 0 1 0 H 1 1 
1 1 0 0 0 0 G 1 
1 0 0 0 0 H 1 1 
1 1 1 1 1 1 1 1 
P26 T6

Map8
1 1 1 1 1 1 G 1 
1 1 0 0 0 0 0 1 
1 1 0 0 0 H 0 1 
1 1 1 0 0 0 0 1 
1 1 0 1 0 0 H 1 
1 1 0 # 0 0 0 1 
1 1 S 1 1 1 1 1 
1 1 1 1 1 1 1 1 
P55 T6

Map8
1 1 1 1 1 1 1 1 
1 1 1 1 1 1 1 1 
1 # 0 H # 0 1 1 
1 0 0 0 # 0 G 1 
1 1 0 0 1 0 1 1 
1 0 # 0 0 H 1 1 
1 0 0 0 0 0 1 1 
1 1 1 S 1 1 1 1 
P35 T8

Map8
1 1 1 1 1 1 1 1 
1 1 # 0 0 0 # 1 
1 1 0 # 0 0 0 1 
1 1 0 0 1 1 0 1 
1 1 H 0 0 0 0 1 
1 1 H 0 # 0 0 1 
1 1 1 G 1 1 S 1 
1 1 1 1 1 1 1 1 
P41 T7

Map8
1 1 1 1 1 1 1 1 
1 1 0 H 0 0 H 1 
1 1 0 0 0 0 0 1 
1 1 0 0 0 0 0 1 
1 1 0 0 0 1 0 S 
1 1 0 0 1 0 0 1 
1 1 1 G 1 1 1 1 
1 1 1 1 1 1 1 1 
P62 T6

Map8
1 1 1 1 1 G 1 1 
1 0 0 0 0 0 1 1 
1 1 0 0 H H 1 1 
1 0 0 0 0 0 1 1 
1 0 0 0 0 0 1 1 
1 0 0 0 1 0 1 1 
1 1 1 1 1 S 1 1 
1 1 1 1 1 1 1 1 
P53 T7

Map8
1 1 1 1 1 1 1 1 
1 1 1 1 1 S 1 1 
1 # # 0 # 0 1 1 
1 # H 0 0 0 1 1 
1 0 0 0 0 0 1 1 
1 1 # 0 1 0 1 1 
1 0 H 0 0 0 1 1 
1 1 1 G 1 1 1 1 
P44 T6

Map8
1 1 1 1 1 1 1 1 
1 1 1 1 1 1 1 1 
1 1 # 0 0 1 0 1 
1 G 0 0 0 0 0 1 
1 1 # 0 0 1 H 1 
1 1 # 0 0 # # 1 
1 1 0 0 H 0 0 1 
1 1 1 1 1 S 1 1 
P44 T6

Map8
1 1 1 1 1 1 1 1 
G 0 H # 0 0 1 1 
1 0 0 H # 0 1 1 
1 0 0 0 0 0 1 1 
1 # 1 0 0 0 1 1 
1 1 0 0 0 0 1 1 
1 1 S 1 1 1 1 1 
1 1 1 1 1 1 1 1 
P52 T6

Map8
1 1 1 1 1 1 1 1 
1 1 H 0 # H 0 1 
1 1 # 0 0 0 0 1 
1 1 0 0 0 0 0 1 
1 1 0 # 0 1 0 1 
1 G 0 # 1 0 0 S 
1 1 1 1 1 1 1 1 
1 1 1 1 1 1 1 1 
P61 T6

Map8
1 G 1 1 1 1 1 1 
1 0 0 0 H 1 1 1 
1 0 1 0 0 0 1 1 
1 0 0 0 # 0 1 1 
1 0 0 # 0 0 1 1 
1 0 H 0 0 0 S 1 
1 1 1 1 1 1 1 1 
1 1 1 1 1 1 1 1 
P45 T6

Map8
1 1 1 1 1 1 1 1 
1 0 1 0 0 0 G 1 
1 0 H 0 0 0 1 1 
1 0 # 0 0 0 1 1 
S 0 0 1 0 0 1 1 
1 0 H # 0 0 1 1 
1 1 1 1 1 1 1 1 
1 1 1 1 1 1 1 1 
P12 T6

Map8
1 1 1 1 1 1 1 1 
1 1 1 1 1 1 1 1 
1 0 1 0 0 0 1 1 
1 0 0 0 0 0 G 1 
1 0 0 1 0 0 1 1 
1 0 H 0 0 0 1 1 
S # 0 0 0 H 1 1 
1 1 1 1 1 1 1 1 
P46 T7

Map8
1 1 1 1 1 1 1 1 
1 1 1 1 1 1 1 1 
1 0 0 0 1 0 G 1 
1 # 0 0 0 0 1 1 
1 0 # 0 0 1 1 1 
S 0 0 0 H 0 1 1 
1 0 H 0 # # 1 1 
1 1 1 1 1 1 1 1 
P35 T9

Map8
1 1 1 1 1 1 1 1 
1 1 1 1 1 1 1 1 
1 0 0 0 1 # G 1 
S 0 # 1 0 0 1 1 
1 0 H 0 0 H 1 1 
1 0 0 0 0 0 1 1 
1 # 0 0 # 0 1 1 
1 1 1 1 1 1 1 1 
P56 T8

Map8
1 1 1 1 1 1 1 1 
1 1 1 1 1 S 1 1 
1 1 # 0 0 0 0 1 
1 1 0 # 1 0 1 1 
1 1 0 0 H 0 0 1 
1 1 0 # # # 0 1 
1 1 H 0 0 0 0 1 
1 1 1 G 1 1 1 1 
P24 T6

Map8
1 1 1 1 G 1 1 1 
1 S # 1 0 0 # 1 
1 1 0 0 0 0 0 1 
1 1 0 0 H 1 0 1 
1 1 0 0 0 # 0 1 
1 1 0 0 # 0 H 1 
1 1 1 1 1 1 1 1 
1 1 1 1 1 1 1 1 
P23 T6

Map8
1 1 1 1 1 1 1 1 
1 1 1 1 1 1 1 1 
1 # 0 0 0 1 1 1 
1 0 0 0 0 0 G 1 
1 # H 0 0 0 1 1 
S 0 0 1 0 H 1 1 
1 0 # 0 0 0 1 1 
1 1 1 1 1 1 1 1 
P44 T6

Map8
1 1 1 1 1 1 1 1 
1 1 1 1 G 1 1 1 
1 H 0 0 # 1 1 1 
1 0 1 0 0 # 1 1 
1 0 # 0 0 0 1 1 
1 0 0 0 0 0 1 1 
1 0 H # 0 # S 1 
1 1 1 1 1 1 1 1 
P46 T6

Map8
1 1 1 1 1 1 1 1 
1 1 1 1 1 1 1 1 
1 1 0 H H 0 0 1 
1 1 0 0 # # 0 1 
1 S 0 0 0 1 0 G 
1 1 0 0 # # 1 1 
1 1 0 # 0 0 0 1 
1 1 1 1 1 1 1 1 
P22 T6

Map8
1 1 1 1 1 1 1 1 
1 1 G 1 1 1 1 1 
1 1 0 0 H 0 0 1 
1 1 0 0 0 1 0 1 
1 1 1 0 0 0 0 1 
1 1 0 0 H 0 0 1 
1 1 0 0 0 0 0 1 
1 1 S 1 1 1 1 1 
P46 T6

Map8
1 1 1 1 1 1 1 1 
1 0 0 # 0 # G 1 
1 H 0 0 0 1 1 1 
1 0 0 0 0 0 1 1 
1 0 0 H 0 0 S 1 
1 0 0 1 0 0 1 1 
1 1 1 1 1 1 1 1 
1 1 1 1 1 1 1 1 
P44 T7

Map8
1 1 1 1 1 1 1 1 
1 1 H # 0 0 0 1 
1 1 0 0 0 1 0 1 
1 1 0 0 0 H 0 1 
1 1 0 # # 0 0 1 
1 S 0 1 0 0 0 1 
1 1 1 1 G 1 1 1 
1 1 1 1 1 1 1 1 
P23 T6

Map8
1 1 1 1 1 1 1 1 
1 1 1 1 1 1 1 1 
1 1 # 1 0 # 0 G 
1 1 0 0 0 # 0 1 
1 1 0 0 0 0 H 1 
1 1 0 # 0 H 0 1 
1 1 1 0 0 # 0 1 
1 1 1 1 1 1 S 1 
P65 T6

Map8
1 G 1 1 1 1 1 1 
1 0 # 0 0 0 1 1 
1 H 0 1 0 H 1 1 
S 0 1 0 # 0 1 1 
1 0 0 0 0 # 1 1 
1 0 0 0 0 0 1 1 
1 1 1 1 1 1 1 1 
1 1 1 1 1 1 1 1 
P55 T6

Map8
1 1 1 1 1 1 1 1 
1 1 1 1 1 1 1 1 
1 0 0 0 0 # 1 1 
1 0 1 0 # 0 1 1 
1 0 H 0 0 # S 1 
1 0 0 0 0 0 1 1 
1 0 0 0 1 H 1 1 
1 1 1 G 1 1 1 1 
P34 T6

Map8
1 1 1 1 1 1 1 1 
1 1 1 S 1 1 1 1 
1 1 1 # 0 0 0 1 
1 G 0 1 0 0 H 1 
1 1 0 0 0 0 0 1 
1 1 # H 0 0 0 1 
1 1 0 0 0 0 0 1 
1 1 1 1 1 1 1 1 
P52 T6

Map8
1 1 1 1 1 1 1 1 
1 1 1 1 S 1 1 1 
1 1 0 0 0 H 0 1 
1 1 0 0 0 0 0 1 
1 1 1 0 H 0 0 1 
1 1 0 # 0 1 0 1 
1 1 0 0 0 # 0 1 
1 1 1 1 1 1 G 1 
P43 T7

Map8
1 1 1 1 1 1 1 1 
1 1 1 1 1 1 1 1 
1 1 0 H H 0 0 1 
1 1 0 0 1 0 0 1 
1 1 0 0 0 0 0 1 
1 1 0 0 0 0 0 1 
1 1 0 0 0 1 0 S 
1 1 1 1 G 1 1 1 
P63 T6

Map8
1 1 1 1 1 1 1 1 
1 1 1 1 1 1 1 1 
G 0 0 0 0 H 1 1 
1 0 0 0 0 1 1 1 
1 H 0 1 0 0 1 1 
1 0 0 # 0 0 1 1 
1 0 0 0 0 0 1 1 
1 S 1 1 1 1 1 1 
P15 T6

Map8
1 1 1 1 1 1 1 1 
1 1 S 1 1 1 1 1 
1 1 0 0 0 # 0 1 
1 1 # H 0 # 0 1 
1 1 0 0 0 0 0 1 
1 1 H # 0 0 1 1 
1 1 1 0 0 0 # 1 
1 1 1 G 1 1 1 1 
P24 T6

Map8
1 1 1 G 1 1 1 1 
1 1 1 0 1 0 0 S 
1 1 0 0 0 0 H 1 
1 1 0 H 0 0 0 1 
1 1 # 0 0 0 0 1 
1 1 0 0 0 0 0 1 
1 1 1 1 1 1 1 1 
1 1 1 1 1 1 1 1 
P42 T6

Map8
1 1 1 1 1 1 1 1 
1 1 0 0 # 0 0 G 
1 1 # H 0 0 0 1 
1 1 1 1 0 0 H 1 
1 1 0 0 0 0 0 1 
1 1 # # # 0 0 1 
1 1 1 1 1 1 S 1 
1 1 1 1 1 1 1 1 
P64 T6

Map8
1 1 1 1 1 1 1 1 
1 1 1 1 1 G 1 1 
1 1 # 0 0 0 H 1 
1 1 0 0 0 0 0 1 
1 S 0 0 1 0 0 1 
1 1 0 0 H 1 0 1 
1 1 0 0 0 0 0 1 
1 1 1 1 1 1 1 1 
P63 T6

Map8
1 1 S 1 1 1 1 1 
1 1 0 0 # 0 0 1 
1 1 0 0 0 0 0 1 
1 1 H 0 0 0 0 1 
1 1 # H 1 0 0 1 
1 1 0 0 0 0 1 1 
1 1 G 1 1 1 1 1 
1 1 1 1 1 1 1 1 
P22 T7

Map8
1 1 1 1 1 S 1 1 
1 0 # # 0 0 1 1 
1 # 0 0 0 1 1 1 
1 0 0 0 H 0 G 1 
1 1 0 0 H 0 1 1 
1 0 0 0 0 0 1 1 
1 1 1 1 1 1 1 1 
1 1 1 1 1 1 1 1 
P11 T6

Map8
1 1 1 1 S 1 1 1 
1 1 0 0 # 1 0 1 
1 1 # 0 0 0 0 1 
1 1 1 # H 0 0 1 
1 1 # # 0 0 H 1 
1 1 0 0 0 0 0 1 
1 1 1 1 1 1 G 1 
1 1 1 1 1 1 1 1 
P42 T7

Map8
1 1 1 1 1 1 1 1 
1 1 1 1 1 1 1 1 
1 1 0 0 0 1 0 1 
1 1 0 0 H 0 0 S 
1 1 0 0 0 H 0 1 
1 G 0 0 0 0 0 1 
1 1 1 0 0 0 0 1 
1 1 1 1 1 1 1 1 
P53 T7

Map8
1 1 1 1 1 1 1 1 
1 1 # 0 H 0 0 S 
1 1 0 0 0 # 0 1 
1 1 0 H 0 1 0 1 
1 1 # # 0 0 0 1 
1 1 0 0 0 0 1 1 
1 1 1 1 1 G 1 1 
1 1 1 1 1 1 1 1 
P51 T6

Map8
1 1 1 1 1 1 1 1 
1 1 0 0 # 1 0 1 
1 1 0 # 0 0 # 1 
1 1 H 0 0 0 0 1 
1 1 0 0 0 H # 1 
1 1 0 0 0 1 0 S 
1 1 G 1 1 1 1 1 
1 1 1 1 1 1 1 1 
P61 T8

Map8
1 1 1 1 1 1 1 1 
1 0 0 0 0 H 1 1 
1 1 H 0 0 0 G 1 
1 0 0 0 1 0 1 1 
1 0 # # 0 0 1 1 
1 0 0 0 0 # 1 1 
1 1 1 1 S 1 1 1 
1 1 1 1 1 1 1 1 
P31 T6

Map8
1 1 1 1 1 1 1 1 
1 1 1 1 1 1 1 1 
1 0 0 0 0 0 1 1 
1 0 0 0 # H 1 1 
1 0 # 0 1 0 1 1 
1 H 0 # 0 # 1 1 
S # 0 1 0 0 G 1 
1 1 1 1 1 1 1 1 
P42 T7

Map8
1 1 1 1 1 1 1 1 
1 0 H 1 # 0 1 1 
1 # 0 0 0 0 1 1 
1 H 0 0 0 # 1 1 
1 0 0 0 0 # 1 1 
1 0 0 0 0 1 1 1 
1 1 S G 1 1 1 1 
1 1 1 1 1 1 1 1 
P24 T7

Map8
1 1 1 1 1 1 1 1 
1 1 1 1 1 G 1 1 
1 1 0 H 0 0 # 1 
1 1 0 0 # 0 0 1 
1 1 0 0 H 0 # 1 
1 S 0 0 1 0 0 1 
1 1 0 # 1 0 0 1 
1 1 1 1 1 1 1 1 
P22 T7

Map8
1 1 1 1 1 1 1 1 
1 1 # 0 0 # 0 1 
1 1 0 # 0 0 0 1 
1 1 0 0 H 0 1 1 
1 1 0 H 0 0 0 1 
1 1 # 0 # 1 0 G 
1 1 S 1 1 1 1 1 
1 1 1 1 1 1 1 1 
P61 T6

Map8
1 1 1 1 S 1 1 1 
1 1 0 0 0 0 0 1 
1 1 0 0 # # # 1 
1 1 0 0 1 0 # 1 
1 1 0 0 H 0 0 G 
1 1 H 0 1 0 # 1 
1 1 1 1 1 1 1 1 
1 1 1 1 1 1 1 1 
P53 T6

Map8
1 1 1 1 1 1 1 1 
1 G 0 1 0 0 0 1 
1 1 0 0 0 0 H 1 
1 1 H 0 0 0 0 1 
1 1 # # 0 0 0 S 
1 1 0 1 # 0 0 1 
1 1 1 1 1 1 1 1 
1 1 1 1 1 1 1 1 
P41 T8

Map8
1 1 1 1 1 1 1 1 
1 1 1 1 1 1 1 1 
1 1 0 0 0 0 # 1 
1 1 0 # 0 0 0 G 
1 1 H # 0 1 # 1 
1 1 0 # 0 0 0 1 
1 1 H 0 1 0 0 1 
1 1 1 1 1 S 1 1 
P42 T6

Map8
1 1 1 1 S 1 1 1 
1 1 0 0 0 0 1 1 
1 0 0 H 0 0 1 1 
1 1 0 0 0 0 1 1 
G # # # H 0 1 1 
1 # 0 0 0 # 1 1 
1 1 1 1 1 1 1 1 
1 1 1 1 1 1 1 1 
P42 T6

Map8
1 1 1 1 1 1 1 1 
1 1 0 H 0 0 # 1 
1 1 0 0 H 0 0 G 
1 1 1 0 0 0 1 1 
1 1 0 0 0 # 0 1 
1 1 0 0 0 0 0 1 
1 1 1 1 1 1 S 1 
1 1 1 1 1 1 1 1 
P44 T6

Map8
1 1 1 1 1 1 1 1 
1 0 0 # 0 0 1 1 
S 0 0 0 1 1 1 1 
1 0 0 0 0 # 1 1 
1 0 H H 0 0 1 1 
1 0 0 # 0 # 1 1 
1 1 1 1 G 1 1 1 
1 1 1 1 1 1 1 1 
P33 T7

Map8
1 1 1 1 1 1 1 1 
1 1 0 0 0 0 0 1 
1 1 # # 0 0 0 1 
1 1 0 # 0 0 0 G 
1 1 H 0 # 1 1 1 
1 1 H 0 0 # 0 1 
1 1 1 1 1 S 1 1 
1 1 1 1 1 1 1 1 
P35 T6

Map8
1 1 1 1 1 1 1 1 
1 1 1 1 1 1 1 1 
1 1 0 0 0 0 H 1 
1 1 0 0 0 0 H 1 
1 1 0 1 0 0 0 G 
1 1 0 0 1 0 0 1 
1 1 # # 0 0 0 1 
1 1 1 S 1 1 1 1 
P52 T6

Map8
1 1 1 1 1 1 1 1 
1 1 1 1 1 1 1 1 
1 1 0 0 H 0 0 1 
1 1 # 0 0 0 0 S 
1 1 0 0 0 0 0 1 
1 1 1 0 0 0 1 1 
1 1 0 # H 0 0 1 
1 1 G 1 1 1 1 1 
P44 T6

Map8
1 1 1 1 1 1 1 1 
1 S 1 1 1 1 1 1 
1 0 0 0 1 0 G 1 
1 1 0 0 0 0 1 1 
1 0 0 0 0 0 1 1 
1 H 0 0 0 H 1 1 
1 0 0 0 0 0 1 1 
1 1 1 1 1 1 1 1 
P34 T6

Map8
1 1 1 1 1 1 1 1 
1 1 1 1 1 1 1 1 
1 0 0 0 1 1 1 1 
S 0 0 0 0 0 1 1 
1 0 0 0 0 0 1 1 
G # 0 0 0 # 1 1 
1 H 0 0 0 H 1 1 
1 1 1 1 1 1 1 1 
P36 T6

Map8
1 1 1 1 1 1 1 1 
1 1 1 1 1 1 1 1 
S 0 # # 1 0 1 1 
1 0 # 0 0 0 1 1 
1 0 0 # 0 0 1 1 
1 0 0 H 0 0 1 1 
1 1 H 0 0 # G 1 
1 1 1 1 1 1 1 1 
P14 T6

Map8
1 1 1 1 1 1 1 1 
1 1 0 0 H 0 # G 
1 1 # 1 0 0 0 1 
1 1 0 H 0 0 1 1 
1 1 0 0 0 0 0 1 
1 1 # 0 # 0 0 S 
1 1 1 1 1 1 1 1 
1 1 1 1 1 1 1 1 
P44 T6

Map8
1 1 1 1 1 1 1 1 
1 1 1 1 1 1 1 1 
1 1 0 0 1 0 # 1 
1 1 0 0 0 0 0 1 
1 1 0 0 H 0 0 1 
1 1 0 0 0 0 1 1 
1 S 0 0 H 0 0 G 
1 1 1 1 1 1 1 1 
P36 T7

Map8
1 1 1 1 1 1 1 1 
1 0 0 0 1 0 1 1 
S 0 0 0 0 # 1 1 
1 H 0 0 0 0 1 1 
G 0 0 0 0 1 1 1 
1 0 H 0 0 0 1 1 
1 1 1 1 1 1 1 1 
1 1 1 1 1 1 1 1 
P35 T6

Map8
1 1 1 1 1 1 1 1 
1 1 1 1 1 S 1 1 
1 1 0 0 0 0 1 1 
G 0 0 0 H 0 1 1 
1 0 0 0 0 0 1 1 
1 0 0 0 0 H 1 1 
1 0 1 0 0 0 1 1 
1 1 1 1 1 1 1 1 
P53 T6

Map8
1 1 1 1 1 1 1 1 
1 1 1 1 1 1 1 1 
1 1 0 0 0 0 1 1 
1 1 0 0 0 0 0 1 
1 1 H 0 H 0 0 1 
1 1 0 0 0 # 0 1 
1 1 0 0 1 0 0 G 
1 1 S 1 1 1 1 1 
P25 T6

Map8
1 1 1 1 1 1 1 1 
1 1 S 1 1 1 1 1 
1 1 0 0 0 0 # 1 
1 1 0 # 1 # 0 1 
1 1 # H # 0 0 1 
1 1 0 0 0 0 H 1 
1 1 0 1 0 0 0 1 
1 1 1 1 1 G 1 1 
P64 T6

Map8
1 1 1 1 1 1 1 1 
1 1 1 1 1 1 1 1 
1 1 0 0 0 0 0 1 
1 1 1 0 0 0 0 1 
1 1 H 0 0 0 # 1 
1 1 0 # 0 0 0 1 
1 G 0 1 H 0 # 1 
1 1 1 1 1 1 S 1 
P22 T6

Map8
1 1 1 1 1 1 1 1 
G # 0 0 0 H 1 1 
1 0 H # 0 0 1 1 
1 1 0 0 0 0 1 1 
1 0 0 0 0 0 1 1 
1 0 0 0 1 0 1 1 
1 1 1 1 1 S 1 1 
1 1 1 1 1 1 1 1 
P52 T6

Map8
1 1 1 1 1 1 1 1 
1 1 1 1 1 1 1 1 
G 0 1 1 0 0 1 1 
1 0 0 0 0 0 1 1 
1 0 0 0 0 0 1 1 
1 0 0 0 0 0 1 1 
1 H H # 0 0 S 1 
1 1 1 1 1 1 1 1 
P46 T7

Map8
1 1 1 1 1 1 1 1 
1 1 1 1 S 1 1 1 
1 0 0 0 0 0 1 1 
1 H 0 0 0 0 1 1 
1 0 H 0 0 0 1 1 
G 0 0 0 1 0 1 1 
1 0 1 0 0 0 1 1 
1 1 1 1 1 1 1 1 
P34 T6

Map8
1 1 1 1 1 1 1 1 
1 1 0 0 1 0 0 1 
1 1 0 0 0 1 0 1 
1 S 0 0 0 H H 1 
1 1 0 # 0 0 0 1 
1 1 0 0 0 0 0 1 
1 1 1 1 G 1 1 1 
1 1 1 1 1 1 1 1 
P33 T6

Map8
1 1 1 1 1 1 1 1 
1 1 1 1 1 1 1 1 
1 0 0 # 0 0 1 1 
1 0 0 H 0 0 1 1 
S 0 0 H 0 0 1 1 
1 0 0 0 0 0 1 1 
1 1 1 0 0 0 1 1 
1 1 1 G 1 1 1 1 
P24 T6

Map8
1 1 1 1 1 1 1 1 
1 1 0 1 0 0 0 1 
1 1 0 0 0 0 0 1 
1 1 0 0 0 0 0 1 
1 1 0 0 H 0 1 1 
1 1 0 H 0 0 0 S 
1 1 G 1 1 1 1 1 
1 1 1 1 1 1 1 1 
P45 T6

Map8
1 1 1 1 1 1 1 1 
G 0 0 0 # H 1 1 
1 1 0 H # 0 1 1 
1 0 0 0 # 0 1 1 
1 0 0 0 # 0 1 1 
S 0 0 # 1 0 1 1 
1 1 1 1 1 1 1 1 
1 1 1 1 1 1 1 1 
P33 T6

Map8
1 1 1 1 1 1 1 1 
1 1 1 1 1 S 1 1 
1 1 0 0 0 0 0 1 
1 1 0 0 0 0 0 1 
1 1 1 0 # H # 1 
1 1 # H 0 # 1 1 
1 1 0 0 0 0 0 1 
1 1 1 1 1 1 G 1 
P53 T7

Map8
1 1 1 G 1 1 1 1 
1 1 1 0 0 0 # 1 
1 1 # 0 # # H 1 
1 1 0 1 0 0 0 1 
1 1 0 0 H 0 0 1 
1 1 0 0 0 0 0 1 
1 1 S 1 1 1 1 1 
1 1 1 1 1 1 1 1 
P65 T6

Map8
1 1 1 1 1 1 1 1 
1 0 0 0 0 0 1 1 
1 0 0 0 0 0 1 1 
G 0 0 0 0 0 1 1 
1 H H 1 0 1 1 1 
1 0 0 0 0 0 1 1 
1 1 1 S 1 1 1 1 
1 1 1 1 1 1 1 1 
P55 T6

Map8
1 G 1 1 1 1 1 1 
1 0 1 0 0 0 1 1 
1 0 H 0 0 0 1 1 
1 0 0 0 0 0 1 1 
1 H 0 0 0 1 1 1 
1 0 0 0 0 0 S 1 
1 1 1 1 1 1 1 1 
1 1 1 1 1 1 1 1 
P25 T6

Map8
1 1 1 1 1 1 1 1 
1 1 1 1 1 1 1 1 
1 0 1 # 0 0 1 1 
G 0 0 0 1 0 1 1 
1 0 0 0 # 0 1 1 
1 0 H 0 0 0 1 1 
1 0 H # 0 0 1 1 
1 1 1 S 1 1 1 1 
P34 T6

Map8
1 1 1 1 1 S 1 1 
1 0 1 # 0 0 1 1 
1 0 0 0 0 1 1 1 
1 # H 0 0 0 1 1 
G 0 0 0 0 0 1 1 
1 H 0 # 0 0 1 1 
1 1 1 1 1 1 1 1 
1 1 1 1 1 1 1 1 
P53 T6

Map8
1 1 1 1 1 1 1 1 
1 1 1 1 1 1 1 1 
1 H 0 0 0 0 1 1 
G 0 0 0 0 1 1 1 
1 0 0 0 0 0 1 1 
S 0 0 0 0 0 1 1 
1 0 0 1 0 H 1 1 
1 1 1 1 1 1 1 1 
P22 T6

Map8
1 1 1 1 1 1 1 1 
1 0 0 0 0 0 1 1 
S 0 1 0 0 H 1 1 
1 # 0 0 H 0 1 1 
1 1 0 0 0 0 1 1 
1 # 0 0 0 0 1 1 
1 1 1 1 1 G 1 1 
1 1 1 1 1 1 1 1 
P41 T6

Map8
1 1 1 1 1 1 1 1 
1 1 0 1 0 0 0 1 
1 1 0 0 # 0 0 1 
1 1 0 # 0 # 0 S 
1 G 0 0 0 1 0 1 
1 1 H 0 0 0 H 1 
1 1 1 1 1 1 1 1 
1 1 1 1 1 1 1 1 
P45 T6

Map8
1 1 1 1 1 1 1 1 
1 1 S 1 1 1 1 1 
1 1 0 0 0 0 0 1 
1 1 1 H 0 0 0 1 
1 1 0 H 0 0 0 1 
1 1 0 0 0 0 0 1 
1 G 0 1 # 0 0 1 
1 1 1 1 1 1 1 1 
P66 T6

Map8
1 1 1 1 1 1 1 1 
1 0 0 0 0 0 1 1 
1 0 0 H 0 H 1 1 
1 # 0 # 0 0 1 1 
1 0 0 1 0 0 1 1 
1 0 0 # 1 0 1 1 
1 1 1 G 1 S 1 1 
1 1 1 1 1 1 1 1 
P53 T7

Map8
1 1 1 1 G 1 1 1 
1 0 1 0 0 1 1 1 
1 0 # # H 0 1 1 
1 0 0 0 H 0 1 1 
1 0 0 0 0 # 1 1 
1 # 0 0 0 0 1 1 
1 S 1 1 1 1 1 1 
1 1 1 1 1 1 1 1 
P45 T6

Map8
1 1 1 1 1 1 1 1 
1 1 1 1 1 1 S 1 
1 1 1 0 H 0 0 1 
1 1 0 0 0 0 0 1 
1 1 # 0 # 0 0 1 
1 1 0 H 1 0 0 1 
1 1 0 0 # 0 # 1 
1 1 1 1 1 G 1 1 
P64 T7

Map8
1 1 1 1 1 1 1 1 
1 1 1 1 1 1 1 1 
1 1 0 0 H 0 0 1 
1 1 0 H 1 0 0 1 
1 1 0 0 0 0 0 G 
1 1 0 0 0 0 0 1 
1 1 0 0 0 0 1 1 
1 1 1 S 1 1 1 1 
P35 T8

Map8
1 1 1 1 1 1 1 1 
1 1 1 1 1 1 1 1 
1 0 0 # 0 # S 1 
1 1 0 0 0 0 1 1 
1 0 0 0 0 1 1 1 
1 0 0 # # 0 1 1 
1 0 H # 0 H 1 1 
1 G 1 1 1 1 1 1 
P25 T7

Map8
1 G 1 1 1 1 1 1 
1 0 0 0 0 0 1 1 
1 0 0 0 # 0 1 1 
1 H 0 0 0 1 1 1 
1 0 1 H 0 0 1 1 
1 0 0 0 0 0 1 1 
1 1 1 1 1 S 1 1 
1 1 1 1 1 1 1 1 
P35 T6

Map8
1 1 1 1 1 1 1 1 
1 1 1 1 1 1 1 1 
1 0 0 0 H 1 1 1 
1 0 H 0 # 0 1 1 
1 0 0 0 0 1 1 1 
1 0 # 0 # 0 1 1 
1 # # 0 0 0 1 1 
1 1 G S 1 1 1 1 
P15 T6

Map8
1 1 1 1 1 1 1 1 
1 S 0 0 0 H 0 1 
1 1 0 0 0 # 0 1 
1 1 0 0 0 0 0 1 
1 1 H 1 0 0 0 1 
1 1 1 0 0 0 0 1 
1 1 1 G 1 1 1 1 
1 1 1 1 1 1 1 1 
P41 T6

Map8
1 1 S 1 1 1 1 1 
1 1 0 0 0 # 0 1 
1 1 1 0 0 0 1 1 
1 G 0 0 # 0 0 1 
1 1 0 0 0 0 0 1 
1 1 0 H H 0 0 1 
1 1 1 1 1 1 1 1 
1 1 1 1 1 1 1 1 
P61 T6

Map8
1 1 1 1 1 1 1 1 
1 1 1 1 1 1 1 1 
1 0 0 0 0 0 1 1 
S 0 0 H 0 # 1 1 
1 0 0 0 0 0 1 1 
1 0 1 H 0 0 1 1 
1 1 0 0 0 0 1 1 
1 1 G 1 1 1 1 1 
P23 T6

Map8
1 1 1 1 1 S 1 1 
1 0 0 1 0 0 1 1 
1 0 H 0 0 0 1 1 
1 0 0 0 0 1 1 1 
1 0 0 0 0 0 1 1 
1 H 0 0 0 # 1 1 
1 1 G 1 1 1 1 1 
1 1 1 1 1 1 1 1 
P14 T8

Map8
1 1 1 1 1 1 1 1 
1 1 1 1 1 1 1 1 
1 S # 0 0 H 0 1 
1 1 0 0 0 0 0 1 
1 1 0 0 0 0 0 1 
1 1 1 0 0 H 0 1 
1 1 # # 1 0 0 1 
1 1 1 1 1 G 1 1 
P32 T6

Map8
1 1 1 1 1 1 1 1 
1 0 0 0 0 H 1 1 
1 # 1 # # 0 1 1 
1 0 0 0 H 0 1 1 
1 0 0 0 0 0 1 1 
1 0 0 0 1 0 S 1 
1 1 1 G 1 1 1 1 
1 1 1 1 1 1 1 1 
P53 T6

Map8
1 1 1 1 1 1 1 1 
1 1 G 1 S 1 1 1 
1 # 0 # 0 0 1 1 
1 0 0 0 0 0 1 1 
1 0 # 0 # 1 1 1 
1 0 0 0 0 H 1 1 
1 1 0 H 0 0 1 1 
1 1 1 1 1 1 1 1 
P13 T6

Map8
1 1 1 1 1 1 1 1 
1 1 G 1 1 1 1 1 
1 1 0 0 0 0 0 1 
1 1 H 0 1 0 0 1 
1 1 0 1 0 0 0 1 
1 S 0 0 0 H 0 1 
1 1 0 0 0 0 0 1 
1 1 1 1 1 1 1 1 
P35 T6

