Map8
1 1 1 1 1 1 1 1 
1 1 1 1 1 1 1 1 
1 1 0 0 0 # 1 1 
1 S F 0 1 H 1 1 
1 1 0 # 0 0 G 1 
1 1 1 # 0 0 1 1 
1 1 1 1 1 1 1 1 
1 1 1 1 1 1 1 1 
D22 T2

Map8
1 1 1 1 1 1 1 1 
1 1 1 1 1 1 1 1 
1 1 0 0 H 0 1 1 
1 1 1 0 H 0 1 1 
1 1 F H 0 0 S 1 
1 1 1 0 # # G 1 
1 1 1 1 1 1 1 1 
1 1 1 1 1 1 1 1 
D53 T2

Map8
1 1 1 1 1 1 1 1 
1 1 1 1 1 1 1 1 
1 1 0 0 H # 1 1 
1 1 0 0 0 1 1 1 
1 1 0 0 F 0 S 1 
1 1 1 0 0 0 1 1 
1 1 1 G 1 1 1 1 
1 1 1 1 1 1 1 1 
D33 T1

Map8
1 1 1 1 1 1 1 1 
1 1 G 1 1 1 1 1 
1 1 F # 1 0 1 1 
1 1 0 1 H 0 S 1 
1 1 0 0 H 0 1 1 
1 1 # 0 0 0 1 1 
1 1 1 1 1 1 1 1 
1 1 1 1 1 1 1 1 
D52 T3

Map8
1 1 1 1 1 1 1 1 
1 1 1 1 1 1 1 1 
1 1 H H 0 1 1 1 
1 1 0 H 0 0 S 1 
1 1 F 0 # 0 1 1 
1 1 1 0 0 # 1 1 
1 1 1 G 1 1 1 1 
1 1 1 1 1 1 1 1 
D42 T3

Map8
1 1 1 1 1 1 1 1 
1 1 1 1 1 1 1 1 
1 1 0 0 0 1 1 1 
1 S 0 0 H 0 1 1 
1 1 F 0 0 1 1 1 
1 1 H # 0 0 1 1 
1 1 1 1 1 G 1 1 
1 1 1 1 1 1 1 1 
D32 T3

Map8
1 1 1 1 1 1 1 1 
1 1 1 1 1 1 1 1 
1 1 # 0 0 H 1 1 
1 1 H 0 0 # S 1 
1 1 0 F 1 # 1 1 
1 1 0 # 1 0 1 1 
1 1 G 1 1 1 1 1 
1 1 1 1 1 1 1 1 
D32 T3

Map8
1 1 1 1 1 1 1 1 
1 1 1 1 1 1 1 1 
1 1 1 0 0 0 1 1 
1 S 0 F 1 0 1 1 
1 1 0 0 0 H 1 1 
1 1 # 0 # # 1 1 
1 1 1 1 1 G 1 1 
1 1 1 1 1 1 1 1 
D32 T3

Map8
1 1 1 1 1 1 1 1 
1 1 1 1 1 1 1 1 
1 1 H 0 H 0 1 1 
1 1 0 0 H 0 1 1 
1 1 F 0 0 1 1 1 
1 1 0 0 1 # 1 1 
1 1 S G 1 1 1 1 
1 1 1 1 1 1 1 1 
D23 T3

Map8
1 1 1 1 1 1 1 1 
1 1 1 G 1 1 1 1 
1 1 H # H F 1 1 
1 1 0 0 1 0 1 1 
1 1 # 0 H 0 S 1 
1 1 1 0 # 0 1 1 
1 1 1 1 1 1 1 1 
1 1 1 1 1 1 1 1 
D53 T3

Map8
1 1 1 1 1 1 1 1 
1 1 1 1 1 1 1 1 
1 1 H 0 1 # G 1 
1 S 0 # 0 F 1 1 
1 1 H # 1 # 1 1 
1 1 0 0 0 0 1 1 
1 1 1 1 1 1 1 1 
1 1 1 1 1 1 1 1 
D32 T4

Map8
1 1 1 1 1 1 1 1 
1 1 1 1 1 1 1 1 
1 1 0 0 0 0 1 1 
1 S 0 1 0 # 1 1 
1 1 0 0 0 0 G 1 
1 1 0 0 0 0 1 1 
1 1 1 1 1 1 1 1 
1 1 1 1 1 1 1 1 
U25 T7

Map8
1 1 1 1 1 1 1 1 
1 1 1 1 1 1 1 1 
1 1 0 0 0 0 1 1 
1 G 0 H 0 0 1 1 
1 1 0 0 0 0 1 1 
1 1 0 0 1 0 1 1 
1 1 1 S 1 1 1 1 
1 1 1 1 1 1 1 1 
R24 T5

Map8
1 1 1 1 1 1 1 1 
1 1 1 1 1 1 1 1 
1 1 H # # 0 1 1 
1 1 1 H 0 0 1 1 
1 1 0 0 0 0 G 1 
1 1 0 0 0 0 1 1 
1 1 1 S 1 1 1 1 
1 1 1 1 1 1 1 1 
L45 T3

Map8
1 1 1 1 1 1 1 1 
1 1 1 1 1 1 1 1 
1 1 # H 1 0 1 1 
1 1 1 H 0 0 G 1 
1 1 0 0 0 H 1 1 
1 S # 0 0 H 1 1 
1 1 1 1 1 1 1 1 
1 1 1 1 1 1 1 1 
U45 T5

Map8
1 1 1 1 1 1 1 1 
1 1 S 1 1 1 1 1 
1 F 0 0 1 0 G 1 
1 0 # 0 H F 1 1 
1 H 0 0 # 0 1 1 
1 H 0 # F 0 1 1 
1 1 F 0 F 0 1 1 
1 1 1 1 1 1 1 1 
U24 T6

Map8
1 1 1 1 1 1 1 1 
1 1 1 1 1 1 G 1 
1 1 F H 0 0 0 1 
1 S # 1 H 1 F 1 
1 1 0 0 0 0 0 1 
1 1 0 # F 0 F 1 
1 1 1 0 # 0 1 1 
1 1 1 1 1 1 1 1 
U36 T5

Map8
1 1 1 1 1 1 1 1 
1 1 1 1 1 1 1 1 
1 G 0 0 H 0 1 1 
1 1 1 0 0 0 1 1 
1 1 0 0 0 # 1 1 
1 1 1 # 0 # 1 1 
1 1 1 1 S 1 1 1 
1 1 1 1 1 1 1 1 
L53 T3

Map8
1 1 S 1 1 1 1 1 
1 1 # 0 # 0 H 1 
1 1 1 # 0 0 H 1 
1 1 0 0 1 0 0 1 
1 1 0 0 0 0 0 1 
1 1 0 0 0 1 H 1 
1 1 G 1 1 1 1 1 
1 1 1 1 1 1 1 1 
D51 T6

Map8
1 1 1 1 1 1 1 1 
1 1 0 # 0 0 0 1 
1 1 0 # 0 0 0 G 
1 1 0 H 1 # 0 1 
1 S # 0 H 1 0 1 
1 1 0 0 0 # 0 1 
1 1 1 1 1 1 1 1 
1 1 1 1 1 1 1 1 
D23 T6

Map8
1 1 1 1 S 1 1 1 
1 1 0 0 0 1 0 G 
1 1 1 0 0 0 # 1 
1 1 0 0 # 0 0 1 
1 1 0 # H # # 1 
1 1 H 1 0 H 0 1 
1 1 1 1 1 1 1 1 
1 1 1 1 1 1 1 1 
L52 T7

Map8
1 1 1 1 1 1 1 1 
1 1 1 G 1 1 1 1 
1 1 0 0 1 0 0 S 
1 1 0 0 0 H 0 1 
1 1 0 0 0 # # 1 
1 1 1 H 0 0 # 1 
1 1 0 0 0 0 1 1 
1 1 1 1 1 1 1 1 
U46 T8

Map8
1 1 1 1 1 1 1 1 
1 1 1 1 1 1 1 1 
1 0 # 0 0 0 1 1 
1 0 # H # 0 S 1 
1 0 0 0 0 0 1 1 
1 1 1 0 0 0 1 1 
1 1 0 # H 0 1 1 
1 1 G 1 1 1 1 1 
U44 T7

Map8
1 1 1 1 1 1 1 1 
1 1 1 1 G 1 1 1 
1 1 1 0 0 # 1 1 
1 1 0 0 H 0 1 1 
1 1 0 0 0 0 1 1 
1 1 0 0 0 0 1 1 
1 1 S 1 1 1 1 1 
1 1 1 1 1 1 1 1 
D32 T6

Map8
1 1 1 1 1 1 1 1 
1 S 1 1 1 1 1 1 
1 0 1 0 0 # 1 1 
1 # # # 0 0 1 1 
1 0 1 # 0 0 G 1 
1 0 0 0 H 1 1 1 
1 0 0 0 H 0 1 1 
1 1 1 1 1 1 1 1 
U36 T7

Map8
1 1 G 1 1 1 1 1 
1 1 0 0 0 1 0 S 
1 1 H 1 0 0 0 1 
1 1 0 # 0 # # 1 
1 1 0 0 0 0 0 1 
1 1 0 H 0 0 0 1 
1 1 1 1 1 1 1 1 
1 1 1 1 1 1 1 1 
U45 T8

Map8
1 1 1 1 1 1 1 1 
1 1 1 S 1 1 1 1 
1 1 0 # 0 0 1 1 
1 1 0 0 H 1 1 1 
1 1 0 # 0 0 1 1 
1 1 H H # 0 G 1 
1 1 1 1 1 1 1 1 
1 1 1 1 1 1 1 1 
R24 T3

Map8
1 1 1 1 1 1 1 1 
1 0 0 0 0 1 1 1 
S 0 0 H 0 # 1 1 
1 0 0 0 # 1 1 1 
G 0 0 H 1 0 1 1 
1 0 0 # 0 H 1 1 
1 1 1 1 1 1 1 1 
1 1 1 1 1 1 1 1 
U13 T8

Map8
1 1 1 1 1 1 1 1 
1 1 S G 1 1 1 1 
1 1 # 0 # 1 1 1 
1 1 0 0 0 H 1 1 
1 1 1 0 0 0 1 1 
1 1 0 0 0 # 1 1 
1 1 1 1 1 1 1 1 
1 1 1 1 1 1 1 1 
L54 T5

Map8
1 1 1 1 S 1 1 1 
1 1 0 0 0 0 0 1 
1 1 0 0 # 0 H 1 
1 1 # 1 H 0 # 1 
1 1 0 1 0 0 # 1 
1 1 0 0 0 0 1 1 
1 1 1 1 G 1 1 1 
1 1 1 1 1 1 1 1 
L52 T8

Map8
1 1 1 1 1 1 1 1 
1 1 1 1 1 1 1 1 
1 1 1 0 0 # 1 1 
1 0 0 1 0 0 G 1 
1 # 0 # 0 1 1 1 
1 0 0 # 0 0 1 1 
1 # H 0 H 0 1 1 
1 1 1 1 1 S 1 1 
U36 T7

Map8
1 1 1 1 1 1 1 1 
1 G 1 1 1 1 1 1 
1 0 0 0 0 0 1 1 
1 1 0 H H 0 S 1 
1 0 0 0 0 0 1 1 
1 0 # 0 H 1 1 1 
1 0 # 1 # 0 1 1 
1 1 1 1 1 1 1 1 
D52 T7

Map8
1 1 1 1 G 1 1 1 
1 0 0 0 # 1 1 1 
S 0 H H 0 0 1 1 
1 # 1 0 0 # 1 1 
1 # # 0 0 0 1 1 
1 0 0 1 0 0 1 1 
1 1 1 1 1 1 1 1 
1 1 1 1 1 1 1 1 
D11 T7

Map8
1 1 1 1 1 1 1 1 
1 1 1 1 1 1 1 1 
1 1 H H 1 0 0 1 
1 G 0 # # 0 0 1 
1 1 0 # 0 0 1 1 
1 S 0 H 1 # 0 1 
1 1 0 0 0 0 0 1 
1 1 1 1 1 1 1 1 
D24 T8

Map8
1 1 1 1 1 1 1 1 
1 S 0 0 0 H # 1 
1 1 0 0 0 0 0 1 
1 1 H 1 0 H 1 1 
1 1 0 0 0 # 0 1 
1 1 0 # 1 0 0 1 
1 1 1 1 1 G 1 1 
1 1 1 1 1 1 1 1 
D41 T7

Map8
1 1 1 1 1 1 1 1 
1 1 G 1 1 S 1 1 
1 1 # 0 0 0 0 1 
1 1 0 0 H # 0 1 
1 1 H # 0 H 0 1 
1 1 0 0 0 # 0 1 
1 1 0 0 1 0 1 1 
1 1 1 1 1 1 1 1 
R42 T8

Map8
1 1 1 1 1 1 1 1 
1 1 1 1 1 1 1 1 
1 1 0 0 # H 1 1 
1 1 0 # 0 0 1 1 
1 1 1 0 0 0 1 1 
1 1 1 0 0 0 1 1 
1 1 1 1 G S 1 1 
1 1 1 1 1 1 1 1 
D53 T7

Map8
1 1 1 1 1 1 1 1 
1 1 1 1 G 1 1 1 
1 # H 0 0 1 1 1 
1 0 0 0 1 H 1 1 
1 0 0 1 0 H 1 1 
1 # 0 0 # 0 1 1 
S 0 0 0 # 1 1 1 
1 1 1 1 1 1 1 1 
R13 T8

Map8
1 1 1 1 1 1 1 1 
1 1 1 1 1 1 1 1 
1 1 0 0 0 0 1 1 
1 S 0 0 H H 1 1 
1 G 0 0 1 0 1 1 
1 1 0 0 0 # 1 1 
1 1 1 1 1 1 1 1 
1 1 1 1 1 1 1 1 
L34 P33 T2

Map8
1 1 1 1 1 1 1 1 
1 1 1 S 1 1 1 1 
1 1 0 0 0 0 1 1 
1 1 0 H # 1 1 1 
1 1 # 0 0 # 1 1 
1 1 0 0 0 0 1 1 
1 1 1 1 G 1 1 1 
1 1 1 1 1 1 1 1 
D44 L42 T3

Map8
1 1 1 1 1 1 1 1 
1 1 1 G 1 1 1 1 
1 1 0 # 0 1 1 1 
1 1 0 H 0 0 1 1 
1 1 1 # 0 # S 1 
1 1 0 H 0 H 1 1 
1 1 1 1 1 1 1 1 
1 1 1 1 1 1 1 1 
U45 P22 T3

Map8
1 1 1 1 1 1 1 1 
1 1 1 1 1 1 1 1 
1 1 H 1 H 0 1 1 
1 G 0 # 0 1 1 1 
1 1 0 # 0 H 1 1 
1 1 # 0 # 0 S 1 
1 1 1 1 1 1 1 1 
1 1 1 1 1 1 1 1 
L43 U35 T3

Map8
1 1 1 1 1 1 1 1 
1 1 1 1 1 1 1 1 
1 G 0 0 H H 1 1 
1 1 1 0 0 0 1 1 
1 S 0 0 # 0 1 1 
1 1 0 H 0 H 1 1 
1 1 1 1 1 1 1 1 
1 1 1 1 1 1 1 1 
L53 P54 T4

Map8
1 1 1 1 1 1 1 1 
1 1 1 1 G 1 1 1 
1 1 # 0 0 0 1 1 
1 1 # H 1 1 1 1 
1 1 0 0 # # 1 1 
1 1 0 0 0 0 1 1 
1 1 1 S 1 1 1 1 
1 1 1 1 1 1 1 1 
L45 P52 T4

Map8
1 1 1 1 1 1 1 1 
1 1 1 1 1 1 1 1 
1 1 0 # 0 H 1 1 
1 1 0 H 0 0 1 1 
1 1 0 # 0 1 1 1 
1 1 0 0 0 0 1 1 
1 1 1 S G 1 1 1 
1 1 1 1 1 1 1 1 
L44 P55 T4

Map8
1 1 1 1 1 1 1 1 
1 1 1 1 1 1 1 1 
1 G 0 H # H 1 1 
1 1 0 0 0 1 1 1 
1 1 H 0 0 0 1 1 
1 1 # 0 0 0 1 1 
1 1 1 1 1 S 1 1 
1 1 1 1 1 1 1 1 
L43 U35 T4

Map8
1 1 1 1 1 1 1 1 
1 1 1 1 1 1 1 1 
1 1 0 # H H 1 1 
1 G # # 0 0 1 1 
1 1 H 1 0 0 1 1 
1 1 1 H 0 0 S 1 
1 1 1 1 1 1 1 1 
1 1 1 1 1 1 1 1 
L53 P45 T4

Map8
1 1 1 1 1 1 1 1 
1 1 1 1 1 1 1 1 
1 1 0 # 1 H 1 1 
1 1 0 H 0 0 1 1 
1 1 0 0 0 H 1 1 
1 1 0 H 0 0 1 1 
1 1 S 1 1 G 1 1 
1 1 1 1 1 1 1 1 
D43 P23 T4

Map8
1 1 1 1 1 1 1 1 
1 1 S 1 1 1 1 1 
1 1 0 0 0 H 1 1 
1 1 0 0 0 # 1 1 
1 1 H 1 H 0 1 1 
1 1 # 0 0 0 1 1 
1 1 1 1 1 G 1 1 
1 1 1 1 1 1 1 1 
R23 P42 T4

Map8
1 1 1 1 1 1 1 1 
1 1 1 1 1 1 1 1 
1 1 # 0 1 1 1 1 
1 G 0 # 0 # 1 1 
1 1 0 0 H 0 1 1 
1 1 0 0 0 0 1 1 
1 1 1 1 S 1 1 1 
1 1 1 1 1 1 1 1 
L43 L55 T4

Map8
1 1 1 1 1 1 1 1 
1 1 G 1 1 1 1 1 
1 1 0 0 0 H 1 1 
1 1 H # 0 0 S 1 
1 1 1 0 # 0 1 1 
1 1 # 0 0 1 1 1 
1 1 1 1 1 1 1 1 
1 1 1 1 1 1 1 1 
D42 L54 T4

Map8
1 1 1 1 1 1 1 1 
1 1 1 S 1 1 1 1 
1 1 # 0 0 0 1 1 
1 1 # 0 H 1 1 1 
1 1 0 0 # 0 1 1 
1 1 0 H 1 # G 1 
1 1 1 1 1 1 1 1 
1 1 1 1 1 1 1 1 
L42 P25 T5

Map8
1 1 1 1 1 1 1 1 
1 1 1 1 1 1 1 1 
1 1 0 0 H 0 1 1 
1 1 1 0 0 0 G 1 
1 1 # 0 # H 1 1 
1 S # 0 H 0 1 1 
1 1 1 1 1 1 1 1 
1 1 1 1 1 1 1 1 
U35 P32 T4

Map8
1 1 1 1 1 1 1 1 
1 1 1 1 1 1 1 1 
1 1 0 # 0 H 1 1 
1 1 0 H 0 0 1 1 
1 1 0 # 0 1 1 1 
1 1 0 0 0 0 1 1 
1 1 1 S G 1 1 1 
1 1 1 1 1 1 1 1 
L44 P55 T4
