Map8
1 1 1 S 1 1 1 1 
1 0 0 # 0 1 1 1 
1 0 0 F # 1 # G 
1 0 # # 0 0 # 1 
1 F F H 0 0 H 1 
1 0 0 1 0 0 0 1 
1 0 1 # 0 0 1 1 
1 1 1 1 1 1 1 1 
L41 P13 T9

Map8
1 S 1 1 1 1 1 1 
1 0 0 F # # 1 1 
1 0 F 0 0 0 1 1 
1 0 0 0 1 H 1 1 
G # H F 0 F 1 1 
1 # 0 0 F 1 1 1 
1 1 1 1 1 1 1 1 
1 1 1 1 1 1 1 1 
D21 R13 T6

Map8
1 1 1 1 G 1 1 1 
S # # 0 F 0 1 1 
1 0 H # 0 1 0 1 
1 0 0 F 1 0 0 1 
1 # 0 # 0 0 0 1 
1 F 0 0 F 0 0 1 
1 0 # # 0 0 0 1 
1 1 1 1 1 1 1 1 
L31 P46 T6

Map8
1 1 1 1 1 1 1 1 
1 0 1 F 0 0 0 1 
1 F # 0 # # 0 1 
S 0 0 0 1 0 0 1 
1 0 F H 0 # 0 1 
1 1 0 0 # 0 0 1 
1 # 0 0 0 H 1 1 
1 1 1 1 G 1 1 1 
U25 D44 T7

Map8
1 1 1 1 1 1 1 1 
1 1 1 1 1 1 1 1 
1 1 0 0 0 F 1 1 
1 1 1 0 0 F G 1 
1 1 0 0 0 H 1 1 
1 S # 0 # F 1 1 
1 1 1 1 1 1 1 1 
1 1 1 1 1 1 1 1 
U35 P32 T4

Map8
1 1 1 1 1 1 1 1 
1 1 1 1 1 S 1 1 
1 1 0 F # # H 1 
1 1 0 H 0 F 0 1 
1 1 0 0 0 1 0 1 
1 1 # 0 # 0 0 1 
1 1 1 H 1 F 0 G 
1 1 1 1 1 1 1 1 
L63 U44 T6

Map8
1 1 1 1 S 1 1 1 
1 0 # 0 0 0 1 1 
1 0 1 F 0 H 1 1 
1 0 F 0 0 # 1 1 
1 0 F F F 1 1 1 
1 0 0 0 F 1 1 1 
1 1 1 G 1 1 1 1 
1 1 1 1 1 1 1 1 
U43 P14 T5

Map8
1 1 1 1 1 1 1 1 
1 1 1 1 1 1 1 1 
1 H 0 0 0 H 1 1 
1 1 0 0 # 0 1 1 
1 0 0 1 0 0 1 1 
1 # 1 0 F 0 S 1 
1 0 0 1 0 0 1 1 
1 G 1 1 1 1 1 1 
D22 D54 T8

Map8
1 1 1 1 1 1 1 1 
1 # 0 F # F 0 1 
1 H 0 0 H 0 0 G 
1 0 0 0 0 H 1 1 
1 1 0 0 0 # 1 1 
1 F 0 # 0 0 # 1 
1 0 0 1 0 1 0 S 
1 1 1 1 1 1 1 1 
R21 P25 T6

Map8
1 1 1 1 1 1 1 1 
1 0 # 0 0 1 1 1 
1 # 0 0 # 0 0 G 
1 1 1 0 0 1 H 1 
1 0 H 0 # 0 0 1 
1 # F F 0 # 0 1 
1 0 1 0 H 1 0 S 
1 1 1 1 1 1 1 1 
U36 P64 T6

Map8
1 1 1 1 1 1 1 1 
1 1 1 1 1 1 1 1 
1 0 0 F 0 0 1 1 
1 F 0 0 1 # S 1 
1 0 # 0 1 0 1 1 
1 F 0 F 0 H 1 1 
1 # F F 0 0 1 1 
1 1 1 G 1 1 1 1 
R14 P12 T5

Map8
1 1 S 1 1 1 1 1 
1 0 # # 1 0 G 1 
1 F # F 0 0 1 1 
1 1 F # 0 H 1 1 
1 H F 1 0 0 1 1 
1 # 1 0 0 F 1 1 
1 1 1 1 1 1 1 1 
1 1 1 1 1 1 1 1 
R11 U44 T6

Map8
1 1 1 1 1 1 1 1 
1 1 0 F 0 # 0 1 
1 S # 0 H 0 1 1 
1 1 0 F F F F 1 
1 1 0 0 # 1 0 1 
1 1 F 0 0 0 0 1 
1 1 1 1 1 1 G 1 
1 1 1 1 1 1 1 1 
D32 R24 T6

Map8
1 1 1 1 1 1 1 1 
1 1 1 S 1 1 1 1 
1 # 0 0 1 0 1 1 
1 H 0 0 0 H 1 1 
1 0 F 1 F # 1 1 
1 1 0 0 # # 1 1 
1 1 0 H 0 0 G 1 
1 1 1 1 1 1 1 1 
D22 P26 T5

Map8
1 1 1 1 1 1 1 1 
1 0 1 0 0 F 0 1 
1 0 # F 0 0 0 1 
1 0 0 1 # 0 0 1 
1 F F 0 # 0 0 1 
1 0 0 0 0 H F 1 
1 0 0 1 0 0 0 1 
1 1 G 1 1 S 1 1 
R46 P61 T6

Map8
1 1 1 1 1 1 1 1 
1 0 0 1 0 # H 1 
1 0 0 0 1 # 0 1 
1 F 0 1 1 # 0 1 
1 0 # 1 # 1 0 1 
1 0 0 # 0 0 F 1 
1 F 0 1 0 0 # 1 
1 1 G 1 1 1 S 1 
D64 L55 T6

Map8
1 1 1 1 1 1 1 1 
1 1 # 0 # 0 0 1 
1 0 0 0 F 1 # 1 
1 # # 0 0 0 0 S 
1 1 H 0 0 0 1 1 
1 F H 0 H F 1 1 
1 # 0 0 1 F 1 1 
1 G 1 1 1 1 1 1 
L32 R43 T9

Map8
1 1 1 1 1 1 1 1 
1 1 1 1 G 1 1 1 
1 1 1 0 0 F 1 1 
1 1 0 0 0 0 1 1 
1 1 0 0 0 0 1 1 
1 S # # 0 F 1 1 
1 1 1 1 1 1 1 1 
1 1 1 1 1 1 1 1 
L45 P53 T4

Map8
1 1 1 1 1 1 1 1 
1 0 1 F H 0 # 1 
1 0 0 1 0 0 0 1 
1 F 0 0 # 0 0 1 
1 0 0 H 0 0 0 1 
1 F # 0 # 0 0 1 
1 0 0 1 0 0 0 1 
1 S 1 1 G 1 1 1 
D14 P22 T7

Map8
1 1 1 1 1 1 1 1 
1 1 1 1 1 1 1 1 
1 1 0 1 0 0 1 1 
1 1 0 0 0 0 1 1 
1 1 0 H # 0 S 1 
1 1 0 0 0 F 1 1 
1 1 1 G 1 1 1 1 
1 1 1 1 1 1 1 1 
U45 P42 T5

Map8
1 1 1 1 1 1 1 1 
1 1 F 0 0 # # 1 
1 1 0 0 0 0 1 1 
1 1 0 0 H 1 0 G 
1 1 0 0 0 0 # 1 
1 1 0 F F 0 0 1 
1 1 1 1 S 1 1 1 
1 1 1 1 1 1 1 1 
L55 P23 T5

Map8
1 1 1 1 1 1 1 1 
1 1 1 1 1 S 1 1 
1 1 0 0 0 # 1 1 
1 1 0 # 0 F 1 1 
1 G 0 # H 0 1 1 
1 1 # 1 0 0 1 1 
1 1 1 1 1 1 1 1 
1 1 1 1 1 1 1 1 
U54 P22 T4

Map8
1 1 1 1 1 1 1 1 
1 0 0 H 0 # G 1 
1 F 0 1 H 0 1 1 
1 0 F 0 0 0 1 1 
1 0 # 0 0 H 1 1 
1 0 1 0 0 0 1 1 
1 S 1 1 1 1 1 1 
1 1 1 1 1 1 1 1 
R13 P34 T5

Map8
1 1 1 1 1 1 1 1 
1 1 1 1 S 1 1 1 
1 1 0 0 F 0 1 1 
1 1 0 0 1 0 1 1 
1 1 0 0 # # 1 1 
1 1 0 1 0 F 1 1 
1 1 1 1 1 G 1 1 
1 1 1 1 1 1 1 1 
L52 P22 T4

Map8
1 1 1 1 1 1 1 1 
1 1 F 0 0 # 0 1 
1 S F 0 F F H 1 
1 1 0 0 H 0 # 1 
1 1 0 F F 1 0 1 
1 1 0 0 1 0 0 G 
1 1 1 1 1 1 1 1 
1 1 1 1 1 1 1 1 
U33 P61 T6

Map8
1 1 1 1 1 1 1 1 
1 0 # 0 0 0 1 1 
S 0 F F 0 0 1 1 
1 # 1 0 F 0 1 1 
1 0 0 F 0 1 1 1 
1 H 0 0 0 F 1 1 
1 1 G 1 1 1 1 1 
1 1 1 1 1 1 1 1 
L44 P14 T5

Map8
1 1 1 1 1 1 1 1 
1 1 1 1 1 1 1 1 
1 1 # H 0 # 1 1 
1 1 0 F 0 1 1 1 
1 1 0 0 F F 1 1 
1 S 0 0 0 # 1 1 
1 1 1 1 G 1 1 1 
1 1 1 1 1 1 1 1 
U35 R23 T4

Map8
1 1 1 1 1 1 1 1 
1 1 1 1 1 1 1 1 
1 1 0 F # 0 1 1 
1 1 0 # # 0 1 1 
1 1 0 0 0 0 1 1 
1 1 # F 1 0 1 1 
1 1 G S 1 1 1 1 
1 1 1 1 1 1 1 1 
R22 P52 T4

Map8
1 1 1 1 1 1 1 1 
1 1 1 1 S 1 1 1 
G 0 0 1 0 H 1 1 
1 0 H 0 0 # 1 1 
1 0 # 0 0 F 1 1 
1 F # # F 0 1 1 
1 # 0 0 F 1 1 1 
1 1 1 1 1 1 1 1 
R33 U36 T6

Map8
1 1 1 1 1 1 1 1 
1 1 G 1 1 1 1 1 
1 0 0 1 # 0 1 1 
1 0 0 0 H F 1 1 
S 0 H 0 1 0 1 1 
1 0 0 # 0 0 1 1 
1 0 # 0 0 0 1 1 
1 1 1 1 1 1 1 1 
D13 P46 T5

Map8
1 S 1 1 1 1 1 1 
1 0 0 0 # 0 1 1 
1 1 1 0 0 F 1 1 
1 # 0 1 H 0 1 1 
1 H 0 0 0 # 1 1 
G # # 0 1 0 1 1 
1 1 1 1 1 1 1 1 
1 1 1 1 1 1 1 1 
D23 P55 T5

Map8
1 1 1 1 1 1 1 1 
1 1 1 1 1 1 1 1 
1 # 0 F 1 0 G 1 
1 0 F 1 # 0 1 1 
1 F # F 0 H 1 1 
1 0 0 0 # 0 1 1 
1 0 0 H # F 1 1 
1 1 S 1 1 1 1 1 
R15 P55 T5

Map8
1 1 1 1 1 1 1 1 
1 1 S 1 1 1 1 1 
1 0 0 # 1 0 1 1 
1 0 F 0 F 0 1 1 
1 # 0 H 0 1 1 1 
1 0 0 0 0 0 1 1 
1 # # 1 F # G 1 
1 1 1 1 1 1 1 1 
L33 P24 T7

Map8
1 1 1 1 1 1 1 1 
1 # 0 H F 0 1 1 
1 0 0 0 0 0 1 1 
1 0 H 1 # 0 1 1 
1 F # 1 0 # 1 1 
1 # 0 0 0 0 1 1 
1 1 G 1 S 1 1 1 
1 1 1 1 1 1 1 1 
R35 P51 T6

Map8
1 1 1 1 1 1 1 1 
1 0 H 1 0 # 0 1 
1 0 # 0 # # 0 1 
S F 0 0 # F H 1 
1 F 1 0 # 1 0 1 
1 0 1 # 1 0 0 1 
1 # 0 0 F 0 0 1 
1 G 1 1 1 1 1 1 
R12 P33 T9

Map8
1 1 1 1 1 1 1 1 
1 1 1 1 1 1 G 1 
1 1 # 0 F # 0 1 
1 1 F H H 0 H 1 
1 1 0 # # 0 F 1 
1 S F 1 0 0 1 1 
1 1 # F 0 0 0 1 
1 1 1 1 1 1 1 1 
D24 P66 T5

Map8
1 1 1 1 1 1 1 1 
1 1 1 1 1 1 1 1 
1 1 0 0 # F 0 1 
1 G # F # H 0 1 
1 S 0 # # H F 1 
1 1 F 0 1 1 0 1 
1 1 0 F 0 0 0 1 
1 1 1 1 1 1 1 1 
U35 R22 T5

Map8
1 1 1 1 1 1 1 1 
1 1 G 1 1 1 1 1 
1 1 0 # H # 0 1 
1 1 1 0 F 0 1 1 
1 1 0 H 0 0 F 1 
1 1 # H 0 0 1 1 
1 1 0 # 0 0 # 1 
1 1 1 1 1 S 1 1 
U45 L53 T5

Map8
1 1 1 1 1 1 1 1 
1 0 0 0 1 0 1 1 
S 0 1 0 0 0 1 1 
1 0 F 0 0 0 1 1 
1 # 1 0 0 H 1 1 
1 0 1 F # 0 1 1 
1 1 1 1 1 G 1 1 
1 1 1 1 1 1 1 1 
D42 P34 T7

Map8
1 1 1 1 1 1 1 1 
1 1 1 S 1 1 1 1 
1 1 0 0 0 0 1 1 
1 1 # H 0 0 1 1 
1 1 0 # F 0 1 1 
1 1 0 1 H 0 1 1 
1 1 1 1 1 G 1 1 
1 1 1 1 1 1 1 1 
L42 P25 T4

Map8
1 1 1 1 1 1 1 1 
1 # H 0 F # 0 1 
1 # 1 0 F F 1 1 
1 0 1 0 0 # 0 1 
1 1 0 0 1 0 0 1 
1 0 # # 0 1 0 1 
G F 0 H H 0 0 1 
1 1 1 1 1 S 1 1 
L45 D24 T6

Map8
1 1 1 1 1 1 1 1 
1 1 1 1 1 1 1 1 
1 # 0 0 0 0 1 1 
1 0 F 0 0 0 1 1 
1 1 F 0 0 # S 1 
1 0 0 H # 0 1 1 
G 0 1 # # 0 1 1 
1 1 1 1 1 1 1 1 
D22 P34 T8

Map8
1 1 1 1 1 1 1 1 
1 1 1 1 1 1 1 1 
1 1 1 0 0 0 1 1 
1 0 0 0 0 0 1 1 
1 0 F 0 H 0 1 1 
1 # 0 0 0 0 1 1 
1 0 # 0 0 F 1 1 
1 1 S 1 G 1 1 1 
R25 U55 T8

Map8
1 1 1 1 1 1 1 1 
1 1 1 1 S 1 1 1 
1 1 F 1 0 H 1 1 
1 1 1 0 0 # 1 1 
1 1 # 0 0 # 1 1 
1 G 0 F H 0 1 1 
1 1 1 1 1 1 1 1 
1 1 1 1 1 1 1 1 
R33 P55 T5

Map8
1 1 1 1 1 1 1 1 
1 1 1 1 1 1 1 1 
1 1 0 0 F 0 1 1 
1 1 0 # 0 F G 1 
1 1 0 0 0 0 1 1 
1 1 # 1 0 0 S 1 
1 1 1 1 1 1 1 1 
1 1 1 1 1 1 1 1 
L52 P24 T4

Map8
1 1 1 1 1 1 1 1 
1 1 1 1 1 1 1 1 
G # F 0 F F 1 1 
1 0 F 0 0 F 1 1 
1 F 0 0 # 0 1 1 
1 0 H 0 0 # 1 1 
1 1 0 1 # 0 1 1 
1 1 1 1 1 S 1 1 
L54 P24 T6

Map8
1 1 1 1 1 1 1 1 
1 1 1 1 1 1 1 1 
1 1 H 1 0 0 1 1 
1 1 F H 0 # S 1 
1 1 0 0 0 0 1 1 
1 1 H 0 1 H 1 1 
1 1 1 G 1 1 1 1 
1 1 1 1 1 1 1 1 
U54 P24 T5

Map8
1 1 1 1 1 1 1 1 
1 1 1 G 1 1 1 1 
1 # 0 0 # 1 1 1 
S 0 1 F 0 0 1 1 
1 0 H 0 0 0 1 1 
1 1 H # 0 # 1 1 
1 0 0 0 F 0 1 1 
1 1 1 1 1 1 1 1 
U34 P44 T5

Map8
1 1 1 1 1 1 1 1 
1 1 1 1 1 1 1 1 
1 S 0 0 # 0 1 1 
1 G 0 0 0 F 1 1 
1 1 # 0 # H 1 1 
1 1 1 # 0 0 1 1 
1 1 1 1 1 1 1 1 
1 1 1 1 1 1 1 1 
D43 P32 T6

Map8
1 1 1 1 1 G 1 1 
1 # F 0 0 # 1 1 
1 0 # 1 F F 1 1 
1 0 0 0 0 0 1 1 
1 1 0 0 0 1 1 1 
S 0 0 0 # H 1 1 
1 1 1 1 1 1 1 1 
1 1 1 1 1 1 1 1 
U35 P23 T5

Map8
1 1 1 1 1 1 1 1 
1 G 1 1 1 S 1 1 
1 0 0 H # 0 1 1 
1 1 0 1 H 0 1 1 
1 0 0 0 0 0 1 1 
1 # # 0 0 # 1 1 
1 H 0 0 F # 1 1 
1 1 1 1 1 1 1 1 
U26 P34 T6

Map8
1 1 1 1 1 1 1 1 
1 1 1 1 1 1 1 1 
1 1 0 H # H 1 1 
1 1 F # 0 # 1 1 
1 1 0 0 0 0 1 1 
1 1 1 # 1 0 G 1 
1 1 1 S 1 1 1 1 
1 1 1 1 1 1 1 1 
L43 D22 T4

Map8
1 1 1 1 1 1 1 1 
1 1 1 1 1 1 1 1 
1 1 # 0 0 0 S 1 
1 1 0 # # 0 1 1 
1 1 1 F # 0 1 1 
1 G 0 0 H 0 1 1 
1 1 1 1 1 1 1 1 
1 1 1 1 1 1 1 1 
D32 P54 T5

Map8
1 1 1 1 1 1 1 1 
1 S 1 1 1 1 1 1 
1 F 0 F H 0 1 1 
1 # 0 # F # 1 1 
1 0 F 0 0 1 1 1 
1 F 0 # 0 1 1 1 
1 0 H 0 0 0 1 1 
1 1 1 1 1 G 1 1 
R14 D22 T5

Map8
1 1 1 1 1 S 1 1 
1 0 0 0 1 0 F 1 
1 H 0 0 F 0 0 1 
1 0 0 0 1 0 H 1 
G F 0 0 # 1 0 1 
1 0 0 0 0 # F 1 
1 1 0 # 0 0 0 1 
1 1 1 1 1 1 1 1 
L62 U23 T6

Map8
1 1 1 1 1 1 1 1 
1 1 1 1 1 1 1 1 
1 1 # # F 0 1 1 
1 G # F 0 0 1 1 
1 S 0 F 1 0 1 1 
1 1 0 1 # H 1 1 
1 1 1 1 1 1 1 1 
1 1 1 1 1 1 1 1 
U25 P54 T4

Map8
1 1 1 1 1 1 1 1 
1 1 1 S 1 1 1 1 
1 1 H 0 0 0 1 1 
1 1 0 F 0 0 1 1 
1 G # F # F 1 1 
1 1 # 0 0 1 1 1 
1 1 1 1 1 1 1 1 
1 1 1 1 1 1 1 1 
R23 D42 T4

Map8
1 1 1 1 1 1 1 1 
1 # 0 0 H 1 1 1 
1 # F 1 0 F 1 1 
1 0 0 0 1 0 1 1 
1 1 # 0 0 F 1 1 
1 0 # # 0 0 1 1 
1 1 1 G 1 S 1 1 
1 1 1 1 1 1 1 1 
D53 P15 T7

Map8
1 1 1 1 1 1 1 1 
1 1 1 1 S 1 1 1 
1 1 # 0 0 0 1 1 
1 1 # 0 # 0 1 1 
1 1 0 F F F 1 1 
1 1 1 0 1 # G 1 
1 1 1 1 1 1 1 1 
1 1 1 1 1 1 1 1 
D53 L52 T4

Map8
1 1 1 1 1 1 1 1 
1 # 0 H 0 # 0 1 
1 0 0 0 0 # 0 1 
1 1 0 0 H # F 1 
S 0 # 0 1 0 1 1 
1 # 0 0 0 # F 1 
1 1 0 1 0 0 0 1 
1 1 1 1 G 1 1 1 
U25 P62 T7

Map8
1 1 1 1 1 1 1 1 
1 # 1 0 0 # 0 1 
1 0 0 # H 0 F S 
1 0 0 # 0 0 0 1 
1 # H 0 0 0 # 1 
1 0 # 0 0 0 # G 
1 F 0 H 1 0 0 1 
1 1 1 1 1 1 1 1 
U53 P34 T6

Map8
1 1 1 1 1 1 1 1 
G 0 F H # 0 1 1 
1 F F F 0 0 1 1 
1 0 F 0 0 1 1 1 
1 1 0 0 # # 1 1 
1 0 1 1 0 F 1 1 
1 1 1 1 1 S 1 1 
1 1 1 1 1 1 1 1 
U45 P42 T5

Map8
1 1 1 1 1 1 1 1 
1 1 0 # # 0 1 1 
1 H # # F 0 0 1 
1 0 F 0 F 0 H 1 
1 # # # H F H 1 
1 F 1 0 0 0 H 1 
1 0 0 1 0 0 0 1 
1 S 1 1 1 1 G 1 
U35 P13 T6

Map8
1 1 1 1 1 1 1 1 
1 G 0 0 0 1 0 1 
1 1 # H 0 # 0 1 
1 1 0 F 0 F 1 1 
1 1 F H 1 # 0 1 
1 1 F F H 0 # S 
1 1 1 1 1 1 1 1 
1 1 1 1 1 1 1 1 
U43 P55 T6

Map8
1 1 S 1 1 1 1 1 
1 0 F 0 1 0 1 1 
1 0 0 0 H 0 1 1 
1 0 0 0 0 1 1 1 
1 0 F # 0 0 1 1 
1 0 H # 0 0 G 1 
1 1 1 1 1 1 1 1 
1 1 1 1 1 1 1 1 
L31 P14 T5

Map8
1 1 1 1 1 1 1 1 
1 F F 1 # # 0 1 
1 H # 0 0 0 # 1 
S 0 # # 1 F 0 1 
1 F 0 H 0 0 0 1 
1 1 1 1 0 0 0 1 
1 F 1 1 # H H 1 
1 1 1 1 G 1 1 1 
L65 D44 T6

Map8
1 1 1 1 1 1 1 1 
1 0 0 # 0 F # S 
1 0 0 H # # 0 1 
1 1 # # 0 1 0 1 
1 0 0 0 # 1 F 1 
1 # 0 H 0 0 F G 
1 0 H 0 0 0 1 1 
1 1 1 1 1 1 1 1 
R14 P11 T6

Map8
1 1 1 1 1 1 1 1 
1 0 0 1 0 0 0 1 
1 0 1 0 H # 0 S 
1 0 0 0 0 0 0 1 
1 1 # # 0 0 F 1 
1 0 0 0 0 1 # 1 
1 0 1 # # F 0 1 
1 G 1 1 1 1 1 1 
U53 L45 T6

Map8
1 1 1 1 1 1 1 1 
1 1 1 1 1 1 1 1 
G 0 0 1 F 0 1 1 
1 1 0 0 1 0 1 1 
1 0 # 0 H F 1 1 
1 # 0 0 F 0 1 1 
1 0 0 0 0 0 1 1 
1 1 1 1 S 1 1 1 
R35 P16 T5

Map8
1 1 1 1 1 1 1 1 
1 1 1 1 1 1 1 1 
1 1 0 0 # 1 1 1 
1 1 F F 0 0 1 1 
1 1 # 1 0 0 1 1 
1 1 # H 0 0 S 1 
1 1 G 1 1 1 1 1 
1 1 1 1 1 1 1 1 
U44 P45 T5

Map8
1 1 1 1 1 1 1 1 
1 1 1 S 1 1 1 1 
1 1 F # # F 1 1 
1 1 0 0 0 H 1 1 
1 1 0 # 0 0 1 1 
1 1 1 H # F 1 1 
1 1 1 1 G 1 1 1 
1 1 1 1 1 1 1 1 
L43 P54 T4

Map8
1 1 1 1 1 1 1 1 
1 G 1 1 1 1 1 1 
1 # 0 # F 0 1 1 
1 0 0 F 1 H 1 1 
1 # F 1 F 0 1 1 
1 H F F 0 1 1 1 
1 H 0 0 0 # 1 1 
1 1 1 1 S 1 1 1 
U26 L45 T5

Map8
1 1 G 1 1 1 1 1 
1 0 # 1 0 0 1 1 
1 0 1 0 F 0 S 1 
1 F 0 # 0 # 1 1 
1 0 H 0 F 0 1 1 
1 F # 0 F # 1 1 
1 1 1 1 1 1 1 1 
1 1 1 1 1 1 1 1 
U14 P34 T5

Map8
1 1 1 1 1 1 1 1 
1 1 1 G 1 1 1 1 
1 S 0 0 F 0 1 1 
1 1 0 F 0 F 1 1 
1 1 0 0 1 # 1 1 
1 1 0 1 0 0 1 1 
1 1 1 1 1 1 1 1 
1 1 1 1 1 1 1 1 
L52 P25 T4

Map8
1 1 1 1 1 1 1 1 
1 1 1 1 1 S 1 1 
1 1 0 0 F 0 1 1 
1 1 H 1 0 0 1 1 
1 1 0 0 0 0 1 1 
1 1 0 0 H # 1 1 
1 1 1 G 1 1 1 1 
1 1 1 1 1 1 1 1 
L54 P24 T4

Map8
1 1 1 1 1 1 1 1 
1 1 1 1 1 1 1 1 
1 H 0 0 1 F 1 1 
1 0 # 0 0 1 1 1 
1 # 1 0 0 0 S 1 
1 # 0 0 F # 1 1 
1 # 0 0 0 H 1 1 
1 1 G 1 1 1 1 1 
L43 U36 T5

Map8
1 1 1 1 1 1 1 1 
1 0 0 # 0 H 0 G 
1 0 0 # 0 1 0 1 
S 0 H 0 0 F 0 1 
1 0 0 F 0 H 0 1 
1 0 # 0 1 0 0 1 
1 0 0 0 0 0 0 1 
1 1 1 1 1 1 1 1 
U14 P41 T6

Map8
1 1 1 1 1 1 1 1 
1 H 0 # 0 0 0 1 
1 F 0 0 0 F 0 1 
1 0 1 F 0 1 0 1 
1 # 0 0 1 # 0 1 
1 # 0 0 # # 0 1 
S F 0 1 0 1 F 1 
1 1 1 1 G 1 1 1 
L65 U35 T8

Map8
1 1 1 1 1 1 1 1 
1 1 1 0 0 0 H 1 
1 1 # 0 0 0 0 1 
1 S 0 F H 1 1 1 
1 1 0 0 1 # 0 1 
1 1 # # 0 0 0 1 
1 1 1 1 1 G 1 1 
1 1 1 1 1 1 1 1 
L42 U34 T6

Map8
1 1 S 1 1 1 1 1 
1 0 0 1 # H H 1 
1 # F 0 0 0 0 1 
1 0 F 0 0 0 1 1 
1 1 0 0 0 1 0 1 
1 0 H # # 0 0 1 
1 H 0 0 1 0 0 G 
1 1 1 1 1 1 1 1 
D42 L32 T6

Map8
1 1 1 1 1 1 1 1 
1 1 1 1 1 1 1 1 
1 1 0 F # 0 1 1 
1 1 0 1 H # G 1 
1 1 F 0 # 0 1 1 
1 1 0 0 0 # 1 1 
1 1 1 1 S 1 1 1 
1 1 1 1 1 1 1 1 
L54 U25 T4

Map8
1 1 1 1 1 1 1 1 
1 1 S 1 1 1 1 1 
1 1 0 0 0 F 1 1 
1 1 0 F 0 0 1 1 
1 G 0 1 0 0 1 1 
1 1 # 0 0 0 1 1 
1 1 1 1 1 1 1 1 
1 1 1 1 1 1 1 1 
R23 P42 T7

Map8
1 1 1 1 1 1 1 1 
1 1 G 1 1 1 1 1 
1 1 # 0 F 1 1 1 
1 1 0 # 0 F 1 1 
1 1 0 F 0 0 1 1 
1 1 H 0 0 0 1 1 
1 1 1 1 1 S 1 1 
1 1 1 1 1 1 1 1 
U35 L54 T5

Map8
1 1 1 1 1 G 1 1 
1 # 0 0 F # H 1 
1 0 0 0 F 0 0 1 
1 0 1 0 0 0 0 1 
S F H 0 0 0 1 1 
1 0 0 1 0 0 0 1 
1 F 0 0 # 0 0 1 
1 1 1 1 1 1 1 1 
U15 P31 T9

Map8
1 1 1 1 1 1 1 1 
1 1 1 1 1 1 1 1 
1 G 0 0 H # 0 1 
1 1 H 0 F 0 # 1 
1 1 F 0 F 0 F 1 
1 1 0 1 0 0 0 1 
1 1 # # 1 # 0 1 
1 1 1 1 1 S 1 1 
U34 P62 T6

Map8
1 1 1 1 1 1 1 1 
1 1 1 G 1 1 1 1 
1 1 0 # 0 1 1 1 
1 1 0 0 0 H 1 1 
1 1 0 # F 0 1 1 
1 1 # 1 # 0 1 1 
1 1 1 1 1 S 1 1 
1 1 1 1 1 1 1 1 
L54 P24 T4

Map8
1 1 1 1 1 1 1 1 
1 1 1 1 1 1 1 1 
1 1 # 1 H 0 1 1 
1 1 0 0 0 0 1 1 
1 1 F # H 0 G 1 
1 1 0 # 0 0 1 1 
1 1 1 1 S 1 1 1 
1 1 1 1 1 1 1 1 
L55 P25 T5

Map8
1 1 1 1 1 1 1 1 
1 1 S 1 1 1 1 1 
1 0 0 0 0 0 1 1 
1 0 0 0 F 0 1 1 
1 1 0 # 0 0 1 1 
G # H 0 0 # 1 1 
1 # 0 0 1 # 1 1 
1 1 1 1 1 1 1 1 
D32 P24 T5

Map8
1 1 1 1 1 1 1 1 
1 1 0 0 0 F 0 1 
1 1 0 # 0 0 # 1 
1 1 # H F F 0 1 
1 1 0 0 0 0 H 1 
1 1 1 F 1 0 0 S 
1 1 1 G 1 1 1 1 
1 1 1 1 1 1 1 1 
R42 P44 T7

Map8
1 G 1 1 1 1 1 1 
1 0 # 0 1 # 1 1 
1 0 F 0 H 0 1 1 
1 1 F 0 H # S 1 
1 # H 0 # 0 1 1 
1 0 0 0 0 0 1 1 
1 1 1 1 1 1 1 1 
1 1 1 1 1 1 1 1 
D52 P25 T5

Map8
1 1 1 1 1 1 1 1 
1 1 1 1 1 G 1 1 
1 1 0 # 0 F 1 1 
1 1 0 0 # F 1 1 
1 1 0 H 0 F 1 1 
1 S 0 1 0 # 1 1 
1 1 1 1 1 1 1 1 
1 1 1 1 1 1 1 1 
D42 P22 T5

Map8
1 1 1 1 1 1 1 1 
1 1 1 1 1 1 S 1 
1 1 # 0 # 0 0 1 
1 1 0 0 0 0 # 1 
1 1 0 1 0 1 # 1 
1 1 # 0 0 0 0 1 
1 1 0 0 H 0 F 1 
1 1 1 1 1 G 1 1 
U65 P26 T5

Map8
1 1 1 1 1 1 1 1 
1 1 0 0 0 0 F 1 
1 H 0 0 0 0 F 1 
G # # 1 0 # 0 1 
1 0 1 H # 1 F S 
1 0 0 0 0 1 0 1 
1 0 1 # 0 0 0 1 
1 1 1 1 1 1 1 1 
D63 R25 T7

Map8
1 1 1 1 1 1 1 1 
1 0 F # 0 0 H 1 
1 0 0 F # 0 0 1 
1 1 H 1 1 H 0 S 
G F # 0 1 0 0 1 
1 H 1 # 0 0 1 1 
1 0 0 # H 0 0 1 
1 1 1 1 1 1 1 1 
D62 P56 T6

Map8
1 1 1 1 1 1 1 1 
1 1 1 1 1 1 1 1 
1 1 0 0 0 0 1 1 
1 1 H 0 0 # 1 1 
1 1 0 0 1 F 1 1 
1 1 F 0 0 0 S 1 
1 1 G 1 1 1 1 1 
1 1 1 1 1 1 1 1 
R35 P22 T6

Map8
1 1 1 G 1 1 1 1 
1 # 0 0 1 0 0 S 
1 1 H 0 0 # 0 1 
1 0 0 F 0 H 0 1 
1 0 F 0 0 0 0 1 
1 0 # # 0 H 0 1 
1 1 H 0 F 1 0 1 
1 1 1 1 1 1 1 1 
U36 P65 T6

Map8
1 1 1 1 1 1 1 1 
1 1 1 1 1 1 1 1 
1 1 F 0 1 0 G 1 
1 1 # F 0 0 1 1 
1 1 0 0 0 0 1 1 
1 1 0 F 0 H 1 1 
1 1 1 S 1 1 1 1 
1 1 1 1 1 1 1 1 
L43 P25 T5

Map8
1 1 1 1 1 1 1 1 
1 0 # 0 0 0 1 1 
1 1 0 H H 0 S 1 
1 F 0 # 1 0 1 1 
1 0 1 # 1 0 1 1 
1 0 H # 0 # 1 1 
1 1 1 1 1 G 1 1 
1 1 1 1 1 1 1 1 
U53 P11 T7

Map8
1 1 1 1 1 1 1 1 
1 1 1 G 1 1 1 1 
1 1 0 0 0 H 1 1 
1 S # # F 1 1 1 
1 1 F F 0 0 1 1 
1 1 0 1 0 0 1 1 
1 1 1 1 1 1 1 1 
1 1 1 1 1 1 1 1 
U25 D42 T6

Map8
1 G 1 1 1 1 1 1 
1 0 0 F 0 1 # S 
1 0 0 H # 0 0 1 
1 1 # 0 0 0 1 1 
1 0 H 0 0 0 0 1 
1 1 0 0 0 1 F 1 
1 0 0 1 0 0 0 1 
1 1 1 1 1 1 1 1 
D41 P44 T7

Map8
1 1 1 G 1 1 1 1 
1 0 H 0 # 0 0 1 
1 0 1 0 0 0 0 1 
1 1 F 1 0 0 1 1 
1 F # 0 0 0 H 1 
1 # 0 0 0 1 0 1 
1 0 0 # 0 F 0 S 
1 1 1 1 1 1 1 1 
R25 P26 T7

Map8
1 1 1 1 1 1 1 1 
1 1 1 1 1 1 1 1 
1 1 0 0 0 # 1 1 
1 1 # F 0 1 1 1 
1 1 0 0 0 0 1 1 
1 1 # 0 H 0 1 1 
1 1 S 1 1 G 1 1 
1 1 1 1 1 1 1 1 
R34 P22 T4

Map8
1 1 1 1 1 1 1 1 
1 0 F 0 0 0 0 1 
1 F H # 0 # 0 1 
1 # 0 0 H 0 # 1 
S F 1 # 0 1 0 1 
1 0 H 1 0 0 # 1 
1 0 0 # 0 0 F G 
1 1 1 1 1 1 1 1 
U15 P41 T6

Map8
1 1 S 1 1 1 1 1 
1 1 0 0 0 F 0 1 
1 1 0 H 0 0 0 1 
1 1 1 F 0 0 0 1 
1 1 H # 0 1 H 1 
1 1 # 0 0 0 1 1 
1 1 G 1 1 1 1 1 
1 1 1 1 1 1 1 1 
L63 D42 T8

Map8
1 1 G 1 1 1 1 1 
1 1 0 0 F F 0 1 
1 1 1 0 # F 1 1 
1 1 0 0 0 0 0 1 
1 1 1 0 H 1 # 1 
1 1 0 0 0 F # 1 
1 1 1 1 S 1 1 1 
1 1 1 1 1 1 1 1 
R35 U34 T5

Map8
1 1 1 1 G 1 1 1 
1 0 F 0 # F 1 1 
1 # F 0 # H 1 1 
1 0 H 1 0 0 1 1 
1 0 0 0 1 0 S 1 
1 0 0 0 # 0 1 1 
1 1 1 1 1 1 1 1 
1 1 1 1 1 1 1 1 
U43 P11 T5

Map8
1 1 1 1 1 1 1 1 
1 1 1 1 1 1 1 1 
1 1 0 H F 1 0 G 
1 1 # # # 0 0 1 
1 1 0 # F 1 0 1 
1 1 0 # 0 1 0 1 
1 1 1 0 0 0 H 1 
1 1 1 1 1 S 1 1 
L45 P22 T7

Map8
1 1 1 1 1 1 1 1 
1 # 0 0 0 0 0 1 
G 0 # 0 0 0 0 1 
1 F 0 0 0 H 0 S 
1 0 0 # 0 0 0 1 
1 0 F 0 # 0 1 1 
1 1 1 0 0 0 0 1 
1 1 1 1 1 1 1 1 
D62 L42 T7

Map8
1 1 1 1 1 1 1 1 
1 0 0 0 # F F 1 
1 0 1 # 0 0 # 1 
1 0 H 0 0 # 0 S 
1 # F # 1 F H 1 
1 0 1 0 0 1 0 1 
1 H # # 0 F 0 G 
1 1 1 1 1 1 1 1 
D33 P15 T6

Map8
1 1 1 1 1 1 1 1 
1 1 1 1 1 1 1 1 
1 # # # 0 1 1 1 
1 0 H 0 0 F 1 1 
1 0 H 0 0 0 G 1 
1 0 0 F H 1 1 1 
1 0 0 # 0 0 1 1 
1 1 S 1 1 1 1 1 
R34 P25 T5

Map8
1 1 1 1 1 1 1 1 
1 1 1 1 1 1 1 1 
1 1 1 0 F 1 1 1 
1 1 0 H # # G 1 
1 1 0 0 0 0 1 1 
1 S 0 # 0 F 1 1 
1 1 1 1 1 1 1 1 
1 1 1 1 1 1 1 1 
R24 P45 T4

Map8
1 1 1 1 1 1 1 1 
1 1 1 1 S 1 1 1 
1 1 # 0 F F 1 1 
1 1 H 0 0 1 1 1 
1 1 0 0 0 H 1 1 
1 G 0 1 # # 1 1 
1 1 1 1 1 1 1 1 
1 1 1 1 1 1 1 1 
D32 P44 T5

Map8
1 1 1 1 1 1 1 1 
1 1 0 F 0 0 1 1 
1 S 0 H # # 0 G 
1 1 0 0 F F 0 1 
1 1 1 H 0 # 0 1 
1 1 F 1 0 F 0 1 
1 1 1 1 1 1 1 1 
1 1 1 1 1 1 1 1 
U23 P51 T6

Map8
1 1 1 1 S 1 1 1 
1 F 0 0 F 0 0 1 
1 0 # 0 1 1 # 1 
1 0 F 1 0 0 0 1 
1 0 0 0 # H F 1 
1 0 H 0 H F 1 1 
1 0 0 # 1 0 1 1 
1 1 1 G 1 1 1 1 
L51 P21 T6

Map8
1 1 1 1 1 1 1 1 
1 1 1 1 1 1 G 1 
1 1 0 H # 0 0 1 
1 1 0 # 0 1 H 1 
1 1 0 F 0 0 0 1 
1 1 1 0 H 1 1 1 
1 S F 0 0 0 0 1 
1 1 1 1 1 1 1 1 
R23 P46 T5

Map8
1 1 1 1 1 1 1 1 
1 1 1 1 1 1 1 1 
1 1 1 0 0 0 1 1 
1 1 0 H 0 F S 1 
1 1 0 0 # 0 1 1 
1 1 0 0 0 0 G 1 
1 1 1 1 1 1 1 1 
1 1 1 1 1 1 1 1 
U54 P32 T4

Map8
1 1 1 1 1 1 1 1 
1 1 1 1 1 1 1 1 
1 1 0 0 0 # 1 1 
1 1 1 0 0 F 1 1 
1 G # 0 # # 1 1 
1 1 F 0 F 0 S 1 
1 1 1 1 1 1 1 1 
1 1 1 1 1 1 1 1 
R35 P22 T5

Map8
1 S 1 1 1 1 1 1 
1 0 # 1 0 # 0 G 
1 0 H 0 # 1 0 1 
1 F 0 0 0 0 H 1 
1 0 0 0 F 0 F 1 
1 1 0 0 0 0 # 1 
1 F 0 0 0 H 1 1 
1 1 1 1 1 1 1 1 
D23 P46 T7

Map8
1 1 1 1 1 1 1 1 
1 F 0 0 0 1 1 1 
1 0 0 0 H F 1 1 
1 1 0 # 0 # 1 1 
1 # F # 0 H 1 1 
S F 0 1 F # 1 1 
1 1 1 1 G 1 1 1 
1 1 1 1 1 1 1 1 
D43 P41 T5

Map8
1 1 1 1 1 1 1 1 
1 1 1 1 1 1 1 1 
1 1 # 0 0 0 S 1 
1 1 # 0 # 1 1 1 
1 1 H 0 0 0 1 1 
1 1 0 0 F F 1 1 
1 1 G 1 1 1 1 1 
1 1 1 1 1 1 1 1 
D32 P44 T5

Map8
1 1 1 1 1 1 1 1 
1 1 1 1 1 1 1 1 
S 0 # 0 F F 1 1 
1 0 # 0 0 1 1 1 
1 F 1 0 F # 1 1 
1 0 1 H 0 # G 1 
1 0 0 0 # 1 1 1 
1 1 1 1 1 1 1 1 
R34 L32 T6

Map8
1 1 1 1 1 1 1 1 
1 1 1 1 1 G 1 1 
1 1 0 F H 0 1 1 
1 1 0 0 # 0 1 1 
1 1 0 # F 0 1 1 
1 1 0 1 # H 1 1 
1 1 1 1 S 1 1 1 
1 1 1 1 1 1 1 1 
L54 P22 T4

Map8
1 1 1 1 1 1 S 1 
1 G 0 0 H 0 # 1 
1 1 0 1 0 # 0 1 
1 1 F F H # 1 1 
1 1 0 0 0 0 # 1 
1 1 H 0 0 0 1 1 
1 1 1 1 1 1 1 1 
1 1 1 1 1 1 1 1 
D51 P55 T5

Map8
1 1 1 1 1 1 1 1 
1 1 H 0 1 F 0 G 
1 0 # 1 0 0 0 1 
1 0 0 0 1 0 1 1 
1 F 0 1 0 # 0 1 
S 0 F 0 0 H # 1 
1 F # # 0 # 0 1 
1 1 1 1 1 1 1 1 
D44 R42 T7

Map8
1 1 1 1 1 1 1 1 
1 1 1 1 1 1 1 1 
1 1 # 0 0 0 1 1 
1 1 0 # 0 F S 1 
1 1 F 0 0 F G 1 
1 1 1 # # 0 1 1 
1 1 1 1 1 1 1 1 
1 1 1 1 1 1 1 1 
R34 P52 T4

Map8
1 1 1 1 1 1 1 1 
1 1 # 0 0 0 F 1 
1 1 0 1 # 0 H 1 
1 S 0 # 1 0 0 1 
1 1 # 0 0 0 0 G 
1 1 H # 1 H 0 1 
1 1 1 1 1 1 1 1 
1 1 1 1 1 1 1 1 
D51 R44 T6

Map8
1 1 G 1 1 S 1 1 
1 0 0 1 # 0 0 1 
1 1 # 0 1 0 0 1 
1 F 0 0 0 0 0 1 
1 0 1 0 0 F 1 1 
1 0 # F 1 0 0 1 
1 H 0 0 0 1 0 1 
1 1 1 1 1 1 1 1 
U23 P52 T6

Map8
1 1 1 1 1 1 1 1 
1 1 1 G 1 1 1 1 
1 1 0 # H 0 1 1 
1 S # # # 0 1 1 
1 1 0 F H 0 1 1 
1 1 0 0 H 1 1 1 
1 1 1 1 1 1 1 1 
1 1 1 1 1 1 1 1 
U35 P25 T4

Map8
1 1 1 1 1 1 1 1 
1 # H 1 # H 0 G 
1 H 0 0 0 # # 1 
1 1 F 1 1 # 1 1 
1 0 F 0 # 0 0 S 
1 0 F 0 1 0 0 1 
1 0 0 0 F 0 0 1 
1 1 1 1 1 1 1 1 
R42 P66 T6

Map8
1 1 1 1 1 1 1 1 
1 F 0 0 # 0 0 1 
1 0 # 0 0 1 # S 
G 0 1 0 0 1 0 1 
1 1 F # 0 H 0 1 
1 0 1 F 1 H 0 1 
1 # # 0 0 0 0 1 
1 1 1 1 1 1 1 1 
L42 P21 T6

Map8
1 1 1 1 1 1 1 1 
1 1 1 1 1 1 1 1 
1 1 0 1 0 0 0 1 
1 1 0 F # F # 1 
1 1 # 0 0 0 0 1 
1 1 1 # H 0 0 S 
1 1 0 # 0 0 0 1 
1 1 1 1 G 1 1 1 
U56 R44 T10

Map8
1 1 G 1 1 1 1 1 
1 # F 1 0 0 0 1 
1 0 0 0 0 0 0 1 
1 F 0 H 0 # 0 S 
1 0 0 H 1 0 0 1 
1 0 1 # 0 0 0 1 
1 0 # F 0 F 0 1 
1 1 1 1 1 1 1 1 
R43 P12 T6

Map8
1 1 1 1 1 1 1 1 
1 1 1 1 1 1 1 1 
1 1 0 0 # 1 1 1 
1 1 0 1 # F 1 1 
1 S # H 0 0 1 1 
1 1 0 0 F 0 1 1 
1 1 1 1 1 G 1 1 
1 1 1 1 1 1 1 1 
R35 U25 T4

Map8
1 1 1 1 1 1 1 1 
1 1 1 F 0 H 0 1 
1 1 0 F 0 # 0 1 
1 1 0 F 1 0 0 1 
1 1 F 0 0 0 0 1 
1 1 0 0 # F F 1 
1 1 1 S G 1 1 1 
1 1 1 1 1 1 1 1 
L64 P34 T8

Map8
1 S 1 1 1 1 1 1 
1 # 0 0 F F # 1 
1 0 H 0 0 0 0 1 
1 1 0 1 # 1 # 1 
1 0 0 0 0 0 0 1 
1 1 0 0 0 1 0 1 
1 # 0 0 1 # F 1 
1 G 1 1 1 1 1 1 
D23 P65 T7

Map8
1 1 1 1 1 1 1 1 
1 1 0 0 # 0 F 1 
1 1 0 0 H H H 1 
1 1 0 # 0 0 0 G 
1 1 0 0 0 0 # 1 
1 1 # 1 # 0 1 1 
1 1 1 1 1 S 1 1 
1 1 1 1 1 1 1 1 
L54 P22 T5

Map8
1 1 1 1 1 1 1 1 
1 1 1 F 0 1 H 1 
1 1 0 H 0 0 1 1 
1 1 0 0 1 # # 1 
1 1 0 0 0 0 0 1 
1 S # F 0 H 0 G 
1 1 1 1 1 1 1 1 
1 1 1 1 1 1 1 1 
L45 P23 T5

Map8
1 1 1 1 1 1 1 1 
1 1 1 1 1 1 1 1 
1 0 0 F # # 1 1 
1 F H 1 0 F 1 1 
S 0 0 H # 0 1 1 
1 1 0 0 0 1 1 1 
1 F 0 0 0 1 1 1 
1 1 1 1 G 1 1 1 
D43 P24 T5

Map8
1 S 1 1 1 1 1 1 
1 0 # 0 0 H 1 1 
1 F F # 0 1 1 1 
1 0 # # F F 1 1 
G 0 0 1 0 0 1 1 
1 # 0 0 0 0 1 1 
1 1 1 1 1 1 1 1 
1 1 1 1 1 1 1 1 
U13 P31 T6

Map8
1 1 1 S 1 1 1 1 
G 0 H 0 1 1 1 1 
1 F 0 F # # 1 1 
1 # F H 0 F 1 1 
1 0 F 0 # 0 1 1 
1 0 1 H F 0 1 1 
1 1 1 1 1 1 1 1 
1 1 1 1 1 1 1 1 
R22 P55 T5

Map8
1 1 1 1 1 1 1 1 
1 1 1 1 1 1 1 1 
1 G 0 H 0 F 1 1 
1 1 0 F # 0 1 1 
1 1 0 H # 0 1 1 
1 1 1 # 0 0 S 1 
1 1 1 1 1 1 1 1 
1 1 1 1 1 1 1 1 
L53 U45 T5

Map8
1 1 1 1 1 1 1 1 
1 1 1 1 1 1 1 1 
G 0 1 F 0 0 1 1 
1 0 F 0 H 0 1 1 
1 # 0 0 0 0 1 1 
1 1 F 0 0 # 1 1 
1 F 0 0 F 0 1 1 
1 1 1 1 S 1 1 1 
R35 P53 T5

Map8
1 1 1 1 1 1 1 1 
1 1 1 1 1 1 1 1 
1 1 1 0 F H 1 1 
1 1 F H # H 1 1 
1 1 0 # 0 0 1 1 
1 1 1 # 0 0 1 1 
1 1 1 S 1 G 1 1 
1 1 1 1 1 1 1 1 
L44 P24 T4

Map8
1 1 1 1 1 1 G 1 
1 # # 0 H 0 # 1 
1 H # 0 1 0 H 1 
1 # 1 H 0 0 0 1 
1 F 0 # 0 0 F 1 
1 1 0 F 1 0 0 1 
1 0 0 0 1 0 H 1 
1 S 1 1 1 1 1 1 
U55 P36 T6

Map8
1 1 1 1 1 1 1 1 
1 0 # 0 # 0 1 1 
1 # # 0 F 0 S 1 
1 1 0 1 # H 1 1 
1 0 F 0 1 0 1 1 
1 F F 0 F 0 1 1 
1 1 1 G 1 1 1 1 
1 1 1 1 1 1 1 1 
R14 P31 T5

Map8
1 1 1 1 1 G 1 1 
1 F # # 1 # 0 1 
1 0 0 0 0 0 0 1 
1 0 0 0 # 0 H 1 
1 0 0 1 0 0 # 1 
1 0 1 0 # F H 1 
S 0 0 1 # 1 # 1 
1 1 1 1 1 1 1 1 
R12 P13 T8

Map8
1 1 1 1 1 1 1 1 
1 1 S 1 1 1 1 1 
1 1 F 0 1 # 1 1 
1 1 0 F H 0 1 1 
1 1 0 0 1 H 1 1 
1 1 F 0 0 0 1 1 
1 1 1 1 1 G 1 1 
1 1 1 1 1 1 1 1 
D32 P24 T4

Map8
1 1 1 S 1 1 1 1 
1 0 0 0 1 0 F 1 
1 0 0 0 0 F 0 1 
1 # H 0 # 1 F 1 
1 0 0 0 0 0 1 1 
1 # 0 H F 0 0 G 
1 1 0 0 F 0 0 1 
1 1 1 1 1 1 1 1 
D24 P32 T7

Map8
1 1 1 1 1 1 1 1 
1 1 S 1 1 1 1 1 
1 1 0 # F 1 1 1 
1 1 0 0 0 0 1 1 
1 1 # 0 # 0 1 1 
1 1 # 0 0 F 1 1 
1 1 1 1 1 G 1 1 
1 1 1 1 1 1 1 1 
R33 U45 T5

Map8
1 1 1 1 1 1 1 1 
1 1 1 1 1 1 S 1 
1 1 0 0 0 0 0 1 
1 1 0 # H 0 # 1 
1 1 H 0 0 1 0 1 
1 1 # F 0 0 0 1 
1 1 0 0 0 1 H 1 
1 1 1 1 G 1 1 1 
U64 P22 T5

Map8
1 G 1 1 1 1 1 1 
1 # # 1 1 F 0 1 
1 F 0 H 0 0 F 1 
1 1 0 # # 0 0 1 
1 F 0 0 0 0 0 1 
S 0 1 0 0 # 0 1 
1 0 0 # 1 # 0 1 
1 1 1 1 1 1 1 1 
L63 R24 T10

Map8
1 1 1 1 1 1 1 1 
1 # 0 # 0 # 0 G 
1 1 0 F # 1 H 1 
1 0 # 1 0 1 0 1 
1 F # 0 1 0 # 1 
1 0 1 F F 0 0 1 
1 F 0 0 0 0 # 1 
1 1 S 1 1 1 1 1 
U15 P46 T7

Map8
1 1 1 1 1 1 1 1 
1 1 1 1 1 1 1 1 
1 1 # 0 0 0 1 1 
1 1 0 1 # # 1 1 
1 1 # 0 0 F S 1 
1 1 1 0 H 0 1 1 
1 1 1 G 1 1 1 1 
1 1 1 1 1 1 1 1 
U55 P44 T5

Map8
1 1 1 1 1 1 1 1 
1 S 0 0 0 0 # 1 
1 1 0 0 H 0 1 1 
1 1 # 0 # F H 1 
1 1 H 1 F 0 0 1 
1 1 0 1 F 0 0 1 
1 1 1 1 1 1 G 1 
1 1 1 1 1 1 1 1 
D52 P41 T5

Map8
1 G 1 1 1 1 1 1 
1 0 1 0 0 # 0 1 
1 # 0 0 0 0 0 1 
1 0 H 1 H 0 # 1 
1 0 # # 0 F 0 1 
1 H 0 0 0 # H 1 
S 0 0 F 0 0 F 1 
1 1 1 1 1 1 1 1 
U56 R35 T6

Map8
1 1 1 1 1 1 1 1 
1 1 1 1 S 1 1 1 
G 0 H 0 F 0 1 1 
1 0 0 F F 0 1 1 
1 # 0 0 F 0 1 1 
1 1 # F 1 0 1 1 
1 H 0 F 1 # 1 1 
1 1 1 1 1 1 1 1 
R32 P54 T5

Map8
1 1 1 1 1 1 1 1 
1 1 1 1 1 1 1 1 
1 1 0 F 0 F 1 1 
1 1 0 # # H 1 1 
1 1 F 1 # 0 1 1 
1 1 0 0 1 0 G 1 
1 1 S 1 1 1 1 1 
1 1 1 1 1 1 1 1 
D42 P22 T5

Map8
1 1 1 1 1 1 1 1 
1 1 1 G 1 1 1 1 
1 1 # 0 0 0 S 1 
1 1 F F F 0 1 1 
1 1 1 0 0 0 1 1 
1 1 0 H # # 1 1 
1 1 1 1 1 1 1 1 
1 1 1 1 1 1 1 1 
L54 D42 T4

Map8
1 1 1 1 1 1 1 1 
1 1 # 0 0 F 1 1 
1 1 F F 0 # 0 1 
1 G 0 # H 0 F 1 
1 1 0 1 0 0 0 1 
1 1 0 1 0 # # 1 
1 1 1 1 1 S 1 1 
1 1 1 1 1 1 1 1 
D31 P53 T5

Map8
1 1 1 1 1 1 1 1 
1 1 1 1 1 1 1 1 
1 1 1 1 0 F F S 
1 1 F # 0 0 0 1 
1 1 F 0 # 0 F 1 
1 1 0 0 0 H 0 1 
1 1 F 0 # H 0 G 
1 1 1 1 1 1 1 1 
U35 L54 T5

Map8
1 1 1 1 S 1 1 1 
1 0 0 0 F # 1 1 
1 0 # 0 0 0 1 1 
1 1 0 # H 0 0 1 
1 F H 1 H 0 0 1 
1 0 F F 0 0 0 1 
1 0 0 0 1 0 1 1 
1 1 1 G 1 1 1 1 
R31 P56 T6

Map8
1 1 1 1 1 1 1 1 
1 1 # 0 1 0 # 1 
1 0 F 0 0 0 1 1 
1 0 0 1 0 0 0 1 
1 F 0 0 0 1 # 1 
G 0 H 0 0 H H 1 
1 0 0 0 0 # H 1 
1 1 S 1 1 1 1 1 
R16 U46 T7

Map8
1 1 1 1 1 1 1 1 
1 1 1 1 1 1 1 1 
1 # 1 F 0 0 1 1 
1 0 H 0 H 1 1 1 
1 0 # F 0 0 1 1 
1 # 0 # 0 0 1 1 
1 F 0 0 0 0 1 1 
1 G 1 S 1 1 1 1 
D33 P54 T5

Map8
1 1 1 1 1 1 1 1 
1 0 0 0 H H 1 1 
1 F 0 # 0 H 1 1 
G F # 0 0 0 1 1 
1 # 1 F # F 1 1 
1 0 1 0 0 0 1 1 
1 1 1 1 1 S 1 1 
1 1 1 1 1 1 1 1 
D53 P11 T6

Map8
1 1 1 1 1 G 1 1 
1 1 0 F # # 0 1 
S 0 F F 0 # # 1 
1 0 # H H 0 1 1 
1 0 0 0 1 0 0 1 
1 0 # 0 H 0 0 1 
1 0 1 0 0 # 0 1 
1 1 1 1 1 1 1 1 
D21 R14 T6

Map8
1 1 1 1 1 1 1 1 
1 1 1 1 1 1 1 1 
1 G # 0 H 1 # 1 
1 1 1 0 F F # 1 
1 1 F 0 0 0 # 1 
1 1 1 # 0 0 0 1 
1 1 F 0 0 0 0 1 
1 1 1 1 1 1 S 1 
L65 P46 T5

Map8
1 1 1 1 G 1 1 1 
1 # # # 0 # 1 1 
1 # 0 0 0 0 # 1 
1 0 # 0 0 0 0 1 
1 0 0 H 0 0 0 1 
S F 0 H F 1 # 1 
1 F 0 0 0 F 0 1 
1 1 1 1 1 1 1 1 
U26 P32 T7

Map8
1 1 1 1 G 1 1 1 
1 0 0 1 0 0 F 1 
1 H 0 0 0 0 0 1 
S 0 0 0 # F 0 1 
1 0 1 0 1 0 0 1 
1 # # 0 0 0 0 1 
1 0 0 0 0 1 0 1 
1 1 1 1 1 1 1 1 
D32 P65 T7

Map8
1 1 1 1 1 1 1 1 
1 1 1 1 G 1 1 1 
1 1 # 0 0 0 0 1 
1 1 # 0 # 0 0 1 
1 1 1 0 H F 0 S 
1 1 0 H 0 0 # 1 
1 1 1 0 1 0 1 1 
1 1 1 1 1 1 1 1 
D53 R45 T6

Map8
1 1 1 S 1 1 1 1 
1 # 0 0 H F 1 1 
1 0 # 1 F # 1 1 
1 0 0 # 0 0 1 1 
1 F # 0 0 F 1 1 
1 F F 0 0 1 1 1 
1 1 1 G 1 1 1 1 
1 1 1 1 1 1 1 1 
R13 P43 T6

Map8
1 1 1 1 1 1 1 1 
1 1 1 1 1 1 1 1 
1 1 F # 0 0 1 1 
1 1 0 # F H 1 1 
1 1 0 # 0 0 1 1 
1 1 1 # 0 0 1 1 
1 1 1 1 G S 1 1 
1 1 1 1 1 1 1 1 
R24 P54 T4

Map8
1 1 1 1 1 1 1 1 
1 # H 0 0 F 0 1 
1 # 0 0 H 0 H 1 
G # 0 0 0 1 0 1 
1 F H # 0 # F S 
1 1 0 # 0 0 0 1 
1 0 0 # 1 H 0 1 
1 1 1 1 1 1 1 1 
D43 P32 T6

Map8
1 1 1 1 1 S 1 1 
1 0 0 F F 0 0 1 
1 0 # # 0 0 0 1 
1 0 0 1 # 0 0 1 
1 0 F 0 0 0 0 1 
1 H 0 # 1 F F 1 
1 0 # 0 # # 0 1 
1 1 1 G 1 1 1 1 
R14 R44 T7

Map8
1 1 1 1 1 G 1 1 
1 0 # H 0 0 1 1 
S # 1 0 0 0 1 1 
1 0 0 F 1 0 1 1 
1 1 1 0 0 0 1 1 
1 0 H 0 0 F 1 1 
1 1 1 1 1 1 1 1 
1 1 1 1 1 1 1 1 
D32 P35 T5

Map8
1 1 1 1 1 1 1 1 
1 1 1 1 1 1 1 1 
1 S F 0 # 0 0 1 
1 1 1 1 # H # 1 
1 G 0 1 1 0 0 1 
1 1 F 0 0 # 0 1 
1 1 0 F 0 F F 1 
1 1 1 1 1 1 1 1 
U26 L65 T5

Map8
1 1 1 1 1 1 1 1 
1 # H 0 1 0 F S 
1 0 0 0 0 0 0 1 
1 H 0 0 1 1 1 1 
1 0 0 0 # 0 0 1 
1 0 F 0 1 0 0 1 
1 # 0 H 1 # 0 1 
1 1 1 1 1 G 1 1 
D31 R24 T6

Map8
1 G 1 1 1 1 1 1 
1 0 0 0 H 0 1 1 
1 F 1 0 F 0 1 1 
1 F # 1 F 0 S 1 
1 F 0 F 0 0 1 1 
1 0 # 1 # 0 1 1 
1 1 1 1 1 1 1 1 
1 1 1 1 1 1 1 1 
U54 P51 T5

Map8
1 1 1 1 1 1 1 1 
1 1 1 1 S 1 1 1 
1 H # 1 0 0 1 1 
1 # 1 0 F 0 1 1 
1 H F 0 # 0 1 1 
1 0 1 0 H # 1 1 
1 0 F F F # G 1 
1 1 1 1 1 1 1 1 
L53 P35 T5

Map8
1 1 1 1 G 1 1 1 
1 0 H 0 0 0 # 1 
1 # 0 1 0 # F 1 
1 0 0 0 # 1 H 1 
1 # 1 0 0 # 0 1 
1 0 # F 0 # 0 1 
1 H F F 0 1 0 S 
1 1 1 1 1 1 1 1 
L64 P45 T7

Map8
1 1 1 1 1 1 1 1 
1 1 1 1 1 1 1 1 
1 1 0 0 0 F 1 1 
1 S 0 F 1 0 1 1 
1 1 0 0 0 0 1 1 
1 G F # 1 0 1 1 
1 1 1 1 1 1 1 1 
1 1 1 1 1 1 1 1 
U24 P42 T4

Map8
1 1 1 1 1 1 1 1 
1 1 1 1 1 1 1 1 
1 1 1 0 F F 0 1 
1 1 # 0 # # F 1 
1 1 F 0 1 1 0 1 
1 1 0 0 F 1 # 1 
1 S 0 0 H # 0 1 
1 1 1 1 1 1 G 1 
U34 P36 T5

Map8
1 1 1 1 1 1 1 1 
1 1 1 1 1 1 1 1 
1 1 0 # # 0 # 1 
1 S 0 0 # # H 1 
1 1 0 1 0 F F 1 
1 1 1 0 F 0 1 1 
1 1 0 H 0 0 0 1 
1 1 1 1 1 1 G 1 
U24 P52 T5

Map8
1 1 S 1 1 1 1 1 
1 0 0 0 # 0 H 1 
1 0 # H H # 0 1 
1 0 H F # 0 0 1 
1 0 1 0 0 0 1 1 
1 # 0 0 0 # 0 1 
1 0 # F 0 # 0 1 
1 1 1 1 G 1 1 1 
L31 P35 T6

Map8
1 1 1 1 1 1 1 1 
1 1 1 1 1 1 1 1 
1 S # 0 0 F 1 1 
1 1 0 0 # 1 1 1 
1 1 F 0 0 F 1 1 
1 1 0 H # # 1 1 
1 1 1 1 1 G 1 1 
1 1 1 1 1 1 1 1 
R23 P42 T5

Map8
1 1 G 1 1 S 1 1 
1 0 F 0 H 0 0 1 
1 0 # 0 0 1 0 1 
1 0 0 0 0 H # 1 
1 1 0 0 1 # 0 1 
1 0 0 0 # # 0 1 
1 # F 0 0 0 H 1 
1 1 1 1 1 1 1 1 
L65 P15 T6

Map8
1 1 1 1 1 1 1 1 
1 1 1 1 1 G 1 1 
1 1 0 1 0 # 1 1 
1 1 1 0 0 H 1 1 
1 1 0 0 0 0 1 1 
1 S # # F 0 1 1 
1 1 1 1 1 1 1 1 
1 1 1 1 1 1 1 1 
L55 P54 T6

Map8
1 1 1 1 G 1 1 1 
1 H 0 0 0 # 1 1 
1 1 0 1 # 0 H 1 
1 0 # 0 # F 0 1 
1 F F H 0 0 H 1 
1 F 1 1 0 1 H 1 
1 0 0 F 0 0 0 1 
1 S 1 1 1 1 1 1 
L63 P33 T6

Map8
1 1 1 1 1 1 1 1 
1 1 1 1 1 1 1 1 
1 1 0 1 0 0 # 1 
1 1 F 0 F 0 F 1 
1 1 0 0 0 H F 1 
1 G F 0 1 0 0 1 
1 1 H 0 # # 0 S 
1 1 1 1 1 1 1 1 
D33 P36 T7

Map8
1 1 1 1 1 1 1 1 
1 1 1 1 1 G 1 1 
1 1 0 F 1 0 1 1 
1 1 0 0 0 0 1 1 
1 1 0 0 0 1 1 1 
1 S 0 F 0 # 1 1 
1 1 1 1 1 1 1 1 
1 1 1 1 1 1 1 1 
L45 P22 T4

Map8
1 1 1 1 1 1 1 1 
1 1 1 0 0 F 0 S 
1 1 0 0 0 0 0 1 
1 1 0 F 0 0 0 1 
1 G 0 H # 0 F 1 
1 1 1 0 0 0 # 1 
1 1 1 1 1 1 1 1 
1 1 1 1 1 1 1 1 
R41 P63 T5

Map8
1 1 1 1 1 1 1 1 
1 1 1 1 1 1 1 1 
1 1 # H # # 1 1 
1 1 0 0 0 1 0 1 
1 1 0 0 # 0 0 1 
1 S 0 # H F 0 1 
1 1 0 1 1 0 0 1 
1 1 1 1 1 G 1 1 
U26 P23 T5

Map8
1 1 1 1 1 1 1 1 
1 S 1 1 1 1 1 1 
1 0 0 # 1 0 1 1 
1 1 0 F 0 # 1 1 
1 # H 0 F 0 1 1 
1 0 0 F 0 0 1 1 
1 0 # 1 H 0 1 1 
1 G 1 1 1 1 1 1 
R23 P56 T6

Map8
1 1 1 1 1 1 1 1 
1 G 0 F 1 0 # 1 
1 1 0 0 H F F 1 
1 1 0 0 H 0 F 1 
1 1 H 0 # 0 0 1 
1 1 0 0 0 1 F 1 
1 1 1 1 1 1 S 1 
1 1 1 1 1 1 1 1 
U35 P32 T7

Map8
1 1 1 1 1 1 1 1 
1 1 1 1 1 1 1 1 
1 1 0 F H 0 1 1 
1 1 # 0 F # G 1 
1 1 1 0 0 0 1 1 
1 1 # 0 0 F 1 1 
1 1 S 1 1 1 1 1 
1 1 1 1 1 1 1 1 
R33 U45 T4

Map8
1 1 1 G 1 1 1 1 
1 1 # # 0 F 1 1 
1 1 1 # 0 F # 1 
1 1 0 H H 0 0 1 
1 1 F 0 F # 0 S 
1 1 H F 0 0 F 1 
1 1 1 1 1 1 1 1 
1 1 1 1 1 1 1 1 
D53 P55 T5

Map8
1 1 1 G 1 S 1 1 
1 0 0 0 0 F # 1 
1 0 0 # # H 0 1 
1 # 0 F F 0 0 1 
1 0 0 # 0 0 0 1 
1 H 0 F 0 0 0 1 
1 1 0 0 1 0 F 1 
1 1 1 1 1 1 1 1 
R41 P64 T6

Map8
1 1 1 S 1 1 1 1 
1 1 0 0 # F 0 1 
1 G 0 H 0 # 0 1 
1 1 0 1 0 0 0 1 
1 1 0 1 0 0 0 1 
1 1 0 0 0 0 H 1 
1 1 1 1 1 1 1 1 
1 1 1 1 1 1 1 1 
R21 P64 T7

Map8
1 1 1 1 1 1 1 1 
1 1 G 1 1 1 1 1 
1 1 0 # # 0 1 1 
1 1 1 0 H H 1 1 
1 1 0 # 0 0 1 1 
1 S 0 F 0 0 1 1 
1 1 1 1 1 1 1 1 
1 1 1 1 1 1 1 1 
L45 P44 T6

Map8
1 1 1 1 1 1 1 1 
1 1 1 1 1 1 1 1 
1 0 F 1 F 0 1 1 
S 0 # 0 H 0 1 1 
1 1 0 0 1 # 1 1 
1 # 0 0 0 # 1 1 
G 0 F 0 0 0 1 1 
1 1 1 1 1 1 1 1 
D33 R25 T5

Map8
1 1 1 1 1 G 1 1 
1 0 0 F 0 F 1 1 
1 H # 0 0 # 0 1 
1 1 0 # # 0 # 1 
1 0 1 # H F 0 1 
S 0 0 0 1 # 1 1 
1 1 F F # H 1 1 
1 1 1 1 1 1 1 1 
L42 D21 T6

Map8
1 1 1 1 1 1 1 1 
1 1 0 H 1 0 # 1 
1 1 # # 0 0 1 1 
1 G 0 0 0 0 H 1 
1 1 0 0 0 0 F 1 
1 1 1 # # F 1 1 
1 1 1 S 1 1 1 1 
1 1 1 1 1 1 1 1 
R24 P54 T5

Map8
1 1 1 1 1 1 1 1 
1 0 # 0 1 0 0 1 
1 0 0 0 0 # 0 1 
1 # 0 0 F 0 # 1 
1 1 0 H # 0 0 S 
1 0 F 0 0 1 H 1 
1 F # 0 0 F # G 
1 1 1 1 1 1 1 1 
D22 P54 T6

Map8
1 1 1 1 1 1 1 1 
1 1 1 S 1 1 1 1 
1 1 0 F 0 0 1 1 
1 1 F 0 0 0 1 1 
1 1 0 H 0 1 1 1 
1 1 0 # 0 F 1 1 
1 1 G 1 1 1 1 1 
1 1 1 1 1 1 1 1 
R22 P52 T4

Map8
1 1 1 1 1 1 S 1 
1 F 0 H 0 # 0 1 
1 H 1 # 0 # 1 1 
1 0 0 0 0 1 # 1 
1 0 # # # # 1 1 
1 0 0 0 0 1 1 1 
G 0 H F 0 F H 1 
1 1 1 1 1 1 1 1 
L43 P41 T7

Map8
1 1 1 1 1 1 1 1 
1 1 1 1 1 1 1 1 
1 1 0 0 H # 1 1 
1 1 0 F 0 1 1 1 
1 1 F 0 0 0 1 1 
1 1 # # # F 1 1 
1 1 1 S 1 G 1 1 
1 1 1 1 1 1 1 1 
R34 P22 T6

Map8
1 1 1 1 1 1 1 1 
1 1 1 1 1 1 1 1 
1 0 0 0 F 0 S 1 
1 1 0 H 0 0 1 1 
1 0 H F 0 # 1 1 
1 # 0 0 0 1 1 1 
1 # F # # 0 1 1 
1 G 1 1 1 1 1 1 
R32 D43 T5

Map8
1 1 1 1 1 1 1 1 
1 1 1 1 1 1 1 1 
1 1 0 0 0 F 0 1 
1 G # # 0 0 1 1 
1 1 1 # 0 0 0 1 
1 1 H 0 H F 1 1 
1 1 F 0 0 # # 1 
1 1 1 1 1 1 S 1 
L62 P46 T5

Map8
1 1 1 1 1 1 1 1 
1 1 0 # F 0 H 1 
1 1 F 0 0 F # 1 
1 G 0 # 1 0 0 1 
1 1 1 F 1 # 0 1 
1 1 0 # F 0 1 1 
1 1 1 1 S 1 1 1 
1 1 1 1 1 1 1 1 
L55 P25 T5

Map8
1 1 1 1 1 1 1 1 
1 1 1 1 G 1 1 1 
1 1 F 0 0 0 1 1 
1 1 F F # # S 1 
1 1 0 # 0 # 1 1 
1 1 0 H 0 1 1 1 
1 1 1 1 1 1 1 1 
1 1 1 1 1 1 1 1 
R24 D32 T4

Map8
1 1 1 1 1 1 1 1 
1 S F 0 0 # H 1 
1 1 0 # F 0 0 1 
1 1 1 0 0 F 1 1 
1 1 # H 0 0 # 1 
1 1 F 1 0 0 # 1 
1 1 1 1 1 1 G 1 
1 1 1 1 1 1 1 1 
D41 P33 T5

Map8
1 1 1 S 1 1 1 1 
1 0 0 0 1 H 0 G 
1 0 # 1 0 1 0 1 
1 0 H 0 # F F 1 
1 0 1 0 0 # 0 1 
1 F 0 0 0 H 0 1 
1 0 # 0 H 0 0 1 
1 1 1 1 1 1 1 1 
U36 P33 T9

Map8
1 1 1 1 1 1 1 1 
1 1 1 1 1 S 1 1 
1 1 1 0 0 # 1 1 
1 1 0 0 # 0 1 1 
1 1 0 0 0 F 1 1 
1 G # F F H 1 1 
1 1 1 1 1 1 1 1 
1 1 1 1 1 1 1 1 
L53 P32 T5

Map8
1 1 1 1 1 1 1 1 
1 1 1 1 1 1 1 1 
1 1 0 F 0 # 1 1 
1 1 0 0 0 1 1 1 
1 1 F 0 0 0 1 1 
1 1 0 0 H 0 1 1 
1 1 S 1 1 G 1 1 
1 1 1 1 1 1 1 1 
R34 P22 T4

Map8
1 1 1 1 1 1 1 1 
1 1 1 1 1 1 1 1 
1 S # 0 0 F 1 1 
1 1 0 F 0 0 1 1 
1 1 # # 1 0 1 1 
1 1 0 1 H 0 G 1 
1 1 1 1 1 1 1 1 
1 1 1 1 1 1 1 1 
R23 P42 T4

Map8
1 1 1 1 1 1 1 1 
1 0 1 # 0 F 0 1 
1 1 # # 0 H 0 1 
1 0 0 F 0 1 0 1 
1 # F 0 H 0 0 1 
S 0 # # H 0 # 1 
1 # F 0 0 0 0 1 
1 1 1 1 1 G 1 1 
L46 D34 T8

Map8
1 1 1 1 1 1 1 1 
1 1 1 1 0 0 0 S 
1 G # # 1 # 0 1 
1 1 F F # F 0 1 
1 1 0 0 F 1 0 1 
1 1 0 0 F H H 1 
1 1 1 1 1 1 1 1 
1 1 1 1 1 1 1 1 
U24 P64 T5

Map8
1 1 1 1 1 1 1 1 
1 0 0 0 # 0 0 S 
1 0 0 1 1 0 0 1 
1 1 1 0 F # 0 1 
G 0 1 0 0 1 H 1 
1 0 0 F 0 0 0 1 
1 # H 0 0 0 F 1 
1 1 1 1 1 1 1 1 
L63 L45 T8

Map8
1 1 1 1 1 S 1 1 
1 1 # 0 # # # 1 
1 0 0 1 0 0 0 1 
1 # # 0 0 H 0 G 
1 0 F 0 H # F 1 
1 0 0 0 # 0 0 1 
1 H 0 0 H 0 0 1 
1 1 1 1 1 1 1 1 
L62 P26 T7

Map8
1 1 1 1 1 1 1 1 
1 1 1 1 1 1 1 1 
1 1 F 0 0 # S 1 
1 1 0 0 F 1 1 1 
1 1 # # 0 # 1 1 
1 1 0 F 0 0 1 1 
1 1 1 G 1 1 1 1 
1 1 1 1 1 1 1 1 
D33 P32 T5

Map8
1 1 1 1 1 1 1 1 
1 1 1 1 1 1 1 1 
1 0 1 0 # 0 1 1 
1 0 0 # F # 1 1 
1 0 H F 0 F S 1 
1 0 0 0 0 F 1 1 
1 # F 1 0 0 1 1 
1 1 G 1 1 1 1 1 
U45 P15 T5

Map8
1 1 1 1 1 1 1 1 
1 1 0 0 0 F # 1 
1 1 F H 0 0 0 1 
1 S F H 0 0 0 1 
1 1 0 0 0 # 1 1 
1 1 H 0 1 0 0 1 
1 1 1 1 1 1 G 1 
1 1 1 1 1 1 1 1 
U24 P43 T7

Map8
1 1 1 1 1 1 1 1 
1 1 S 1 1 1 1 1 
1 1 0 # 0 # 1 1 
1 1 0 F 1 H 1 1 
1 1 0 F 0 0 G 1 
1 1 H H 1 0 1 1 
1 1 1 1 1 1 1 1 
1 1 1 1 1 1 1 1 
R24 P42 T4

Map8
1 1 1 1 1 1 1 1 
1 1 1 1 G 1 1 1 
1 1 H H 0 F 1 1 
1 1 0 # 0 1 1 1 
1 1 # 0 1 # 1 1 
1 S 0 0 H F 1 1 
1 1 1 1 1 1 1 1 
1 1 1 1 1 1 1 1 
U35 R23 T4

Map8
1 1 1 1 1 1 1 1 
1 1 G 1 1 1 1 1 
1 1 # H # 0 1 1 
1 1 0 0 0 1 0 1 
1 1 1 0 0 F # 1 
1 1 F 0 1 0 # S 
1 1 0 F 0 # 0 1 
1 1 1 1 1 1 1 1 
L43 P63 T6

Map8
1 1 1 1 1 1 1 1 
1 1 1 G 1 1 1 1 
1 1 0 # 1 1 1 1 
1 1 F F H 0 1 1 
1 1 0 # # 0 1 1 
1 1 F 0 # 0 1 1 
1 1 1 1 S 1 1 1 
1 1 1 1 1 1 1 1 
R35 P53 T6

Map8
1 1 1 1 1 1 1 1 
1 1 1 1 1 1 1 1 
1 0 1 H # 0 1 1 
G 0 0 0 0 F 1 1 
1 # 0 0 0 # 1 1 
1 0 0 F 1 0 1 1 
1 0 1 0 # 0 1 1 
1 1 1 1 S 1 1 1 
U25 P33 T5

Map8
1 1 1 1 1 1 G 1 
1 0 0 # 0 0 0 1 
1 0 0 F H H # 1 
1 0 0 # 0 # 0 1 
1 0 0 0 0 1 1 1 
1 0 0 H F 0 0 1 
1 # 0 # 0 H 0 1 
1 1 1 1 1 1 S 1 
U46 P43 T6

Map8
1 1 1 1 1 1 1 1 
1 # 0 H 0 0 1 1 
1 0 F 0 0 F 0 1 
1 0 1 H 0 0 0 1 
1 F 0 # # # 1 1 
1 0 0 # F 0 0 1 
1 # 0 F 0 0 # 1 
1 1 G S 1 1 1 1 
R24 P15 T6

Map8
1 1 1 1 1 1 1 1 
1 1 1 1 1 1 1 1 
1 1 0 0 0 # 1 1 
1 1 F F 0 1 1 1 
1 1 0 0 0 0 1 1 
1 1 0 F 0 # 1 1 
1 1 1 S G 1 1 1 
1 1 1 1 1 1 1 1 
D43 P25 T4

Map8
1 1 1 1 1 1 1 1 
1 1 G 1 1 1 1 1 
1 1 # # 0 0 1 1 
1 1 1 0 H 0 S 1 
1 1 0 F 0 F 1 1 
1 1 0 0 0 # 1 1 
1 1 1 1 1 1 1 1 
1 1 1 1 1 1 1 1 
D52 P25 T5

Map8
1 1 1 1 1 1 1 1 
1 # 0 F 0 0 # 1 
1 0 0 F 0 0 # 1 
1 # 0 # F # 0 S 
1 0 1 0 0 0 0 1 
1 F # H H F 0 G 
1 1 H 1 0 0 # 1 
1 1 1 1 1 1 1 1 
U64 P41 T6

Map8
1 1 1 1 1 1 1 1 
1 1 1 1 G 1 1 1 
1 0 H 0 F 1 1 1 
1 0 0 0 # # 1 1 
S 0 F 1 F 0 1 1 
1 0 0 0 0 0 1 1 
1 0 0 # 1 1 1 1 
1 1 1 1 1 1 1 1 
U25 L33 T8

Map8
1 1 1 1 1 1 1 1 
1 1 1 1 G 1 1 1 
1 1 0 F 0 0 S 1 
1 1 H 1 0 0 1 1 
1 1 H H # 0 1 1 
1 1 1 0 0 0 1 1 
1 1 1 1 1 1 1 1 
1 1 1 1 1 1 1 1 
R22 P54 T4

Map8
1 1 1 1 1 1 1 1 
1 1 1 1 1 S 1 1 
1 1 # # 0 F # 1 
1 1 0 0 0 F 0 1 
1 1 F # 0 0 0 1 
1 1 0 0 0 H 1 1 
1 1 0 F 1 1 F 1 
1 1 G 1 1 1 1 1 
R42 U35 T5

Map8
1 1 1 1 1 1 1 1 
1 1 1 1 1 1 1 1 
1 1 0 0 0 # 0 1 
1 1 0 0 0 # 1 1 
1 G 0 F 0 0 H 1 
1 1 1 0 H # H 1 
1 1 0 0 0 0 0 1 
1 1 1 1 S 1 1 1 
R36 P66 T5

Map8
1 1 1 1 1 1 1 1 
1 0 F 0 0 # H 1 
1 0 F F 0 0 0 1 
G 0 # F # F H 1 
1 0 0 0 # 0 0 1 
1 1 # 0 0 0 # 1 
1 0 1 # 0 1 # S 
1 1 1 1 1 1 1 1 
R14 P64 T8

Map8
1 1 1 1 1 1 1 1 
1 1 1 S 1 1 1 1 
1 # # 0 0 0 1 1 
1 H F 0 # F 1 1 
1 # F 1 0 1 1 1 
1 # 0 0 0 0 1 1 
1 0 0 0 F 0 1 1 
1 G 1 1 1 1 1 1 
D42 R35 T5

Map8
1 1 1 1 1 1 1 1 
1 1 1 1 1 1 1 1 
1 1 0 # 1 0 # 1 
1 1 1 0 0 0 0 1 
1 1 H F 0 # 0 1 
1 G 0 0 0 1 F 1 
1 1 0 F 0 1 0 S 
1 1 1 1 1 1 1 1 
D43 P46 T6

Map8
1 1 1 1 1 1 1 1 
1 1 G 1 1 1 1 1 
1 1 0 1 # # # S 
1 1 0 F H 0 0 1 
1 1 0 # 0 H 0 1 
1 1 1 0 0 0 0 1 
1 1 0 1 F H 0 1 
1 1 1 1 1 1 1 1 
L44 P66 T6

Map8
1 1 1 1 1 1 1 1 
1 0 # 0 # 0 H 1 
1 0 0 # 0 0 0 1 
1 F H 0 0 H 0 S 
1 1 0 0 0 0 0 1 
G 0 0 0 0 0 0 1 
1 0 0 0 0 1 F 1 
1 1 1 1 1 1 1 1 
D62 L65 T6

Map8
1 1 1 S 1 1 1 1 
1 1 0 # 0 # 0 1 
1 1 F 1 0 0 1 1 
1 1 0 1 0 0 # 1 
1 G # # F 0 H 1 
1 1 H F F F 0 1 
1 1 1 1 1 1 1 1 
1 1 1 1 1 1 1 1 
L54 P61 T5

Map8
1 1 1 1 1 1 1 1 
1 1 1 1 1 1 1 1 
1 1 H F 1 0 G 1 
1 1 0 # # 0 1 1 
1 1 0 # 0 # 1 1 
1 1 0 0 0 F 1 1 
1 1 1 S 1 1 1 1 
1 1 1 1 1 1 1 1 
L45 P23 T5

Map8
1 1 1 1 1 1 1 1 
1 1 1 1 1 1 1 1 
1 1 0 H # 0 1 1 
1 1 F 0 F 0 S 1 
1 1 0 0 # 0 1 1 
1 1 0 0 1 0 1 1 
1 1 G 1 1 1 1 1 
1 1 1 1 1 1 1 1 
R33 P55 T4

Map8
1 1 1 1 1 1 1 1 
1 1 S 1 1 1 1 1 
1 0 0 F 0 0 1 1 
1 # F 0 0 0 1 1 
1 # 0 0 0 H 1 1 
1 H F 0 1 0 1 1 
1 F # F 0 1 1 1 
1 1 1 G 1 1 1 1 
U24 P52 T5

Map8
1 1 1 1 1 S 1 1 
1 0 # 0 0 0 0 1 
1 1 0 0 0 # 0 1 
1 0 # 0 0 H 0 1 
1 1 1 0 F 0 F 1 
1 0 0 # # 0 1 1 
1 1 0 F F F 0 1 
1 1 1 G 1 1 1 1 
R41 P63 T6

Map8
1 1 1 1 1 1 1 1 
1 1 # 0 0 # H 1 
1 G 0 1 0 0 0 1 
1 1 1 F 1 F 0 1 
1 1 0 0 # 0 # 1 
1 1 0 0 0 1 0 1 
1 1 1 1 1 1 S 1 
1 1 1 1 1 1 1 1 
U54 L62 T6

Map8
1 1 1 1 1 1 1 1 
1 0 0 F 0 1 0 1 
1 1 # # # # # 1 
1 1 # 0 F 0 F 1 
G 0 # 1 0 1 F S 
1 0 0 0 0 0 0 1 
1 H 0 0 1 # 1 1 
1 1 1 1 1 1 1 1 
U65 P61 T8

Map8
1 1 1 1 1 1 1 1 
1 1 1 1 1 1 1 1 
1 1 0 0 0 0 1 1 
1 S 0 F H 1 1 1 
1 1 0 0 0 # 1 1 
1 1 # 1 0 0 G 1 
1 1 1 1 1 1 1 1 
1 1 1 1 1 1 1 1 
U24 P42 T6

Map8
1 1 1 1 1 1 1 1 
1 1 1 1 1 1 1 1 
G 0 F 1 H F 1 1 
1 F 0 # 0 0 1 1 
1 # F F # # 1 1 
1 1 0 0 H 0 1 1 
1 0 0 0 0 # 1 1 
1 1 S 1 1 1 1 1 
R16 P53 T5

Map8
1 1 1 1 1 1 1 1 
1 G 1 1 1 1 1 1 
1 # 0 0 # H 1 1 
1 0 0 0 0 0 1 1 
1 0 0 0 1 0 1 1 
1 1 F 0 F 0 S 1 
1 0 0 F F 0 1 1 
1 1 1 1 1 1 1 1 
R35 P16 T6

Map8
1 1 1 1 S 1 1 1 
1 0 H 0 0 0 0 1 
1 H 0 F # 0 0 1 
1 H 0 1 1 # 0 1 
1 1 1 1 # 0 H 1 
1 0 0 F 0 0 # 1 
1 0 0 # 0 H 0 1 
1 G 1 1 1 1 1 1 
D51 P55 T6

Map8
1 1 S 1 1 1 1 1 
1 0 F 1 0 1 1 1 
1 # 0 0 0 0 1 1 
1 0 F 0 0 H 1 1 
1 0 0 0 0 # 1 1 
1 0 H H 0 0 G 1 
1 1 1 1 1 1 1 1 
1 1 1 1 1 1 1 1 
L32 P15 T5

Map8
1 1 1 1 1 1 1 1 
1 1 1 1 1 G 1 1 
1 1 H 0 0 0 1 1 
1 1 0 # 1 0 1 1 
1 1 # 0 H 0 1 1 
1 1 F 0 0 0 1 1 
1 1 S 1 1 1 1 1 
1 1 1 1 1 1 1 1 
U35 P23 T4

Map8
1 1 1 1 1 1 1 1 
1 1 1 S 1 1 1 1 
1 1 # 0 0 H 1 1 
1 1 1 0 0 0 1 1 
1 1 0 0 # # 1 1 
1 1 0 F 0 F 1 1 
1 1 G 1 1 1 1 1 
1 1 1 1 1 1 1 1 
D42 P34 T4

Map8
1 1 1 1 1 1 1 1 
1 1 1 1 1 1 1 1 
1 1 H 0 0 H 1 1 
1 1 1 0 0 # 1 1 
1 S F 0 0 F 1 1 
1 1 1 0 H 0 G 1 
1 1 1 1 1 1 1 1 
1 1 1 1 1 1 1 1 
U35 P32 T4

Map8
1 1 1 1 1 1 1 1 
1 0 0 H 1 # 1 1 
1 0 H 0 H 1 1 1 
1 F 0 0 0 0 1 1 
1 0 0 0 1 0 G 1 
S 0 0 0 # 1 1 1 
1 1 1 1 1 1 1 1 
1 1 1 1 1 1 1 1 
U35 R23 T5

Map8
1 1 1 1 1 1 1 1 
1 1 1 1 1 S 1 1 
1 1 1 0 0 0 1 1 
1 1 # H # 0 1 1 
1 1 1 F 0 0 1 1 
1 1 # 0 0 H 1 1 
1 1 G 1 1 1 1 1 
1 1 1 1 1 1 1 1 
D42 P54 T4

Map8
1 1 1 1 1 1 1 1 
1 1 1 1 1 1 1 1 
1 1 0 0 # 1 # G 
1 1 1 # # 0 0 1 
1 1 0 0 H 0 0 1 
1 1 F 0 0 0 H 1 
1 1 1 0 0 0 H 1 
1 1 1 1 S 1 1 1 
L56 P32 T5

Map8
1 1 1 1 1 1 1 1 
1 H F F H 0 # G 
1 0 0 0 0 0 0 1 
1 0 0 0 1 0 # 1 
1 0 0 0 0 # # 1 
S 0 F H 0 0 0 1 
1 0 # 1 0 0 0 1 
1 1 1 1 1 1 1 1 
D14 P23 T6

Map8
1 1 1 1 1 1 1 1 
1 1 1 1 G 1 1 1 
1 1 0 0 0 0 1 1 
1 1 0 0 0 1 1 1 
1 1 0 H H 0 1 1 
1 1 # F 0 H 1 1 
1 1 1 S 1 1 1 1 
1 1 1 1 1 1 1 1 
L45 P22 T4

Map8
1 1 1 1 1 1 1 1 
1 1 1 1 1 1 1 1 
1 G 0 F 0 H 1 1 
1 1 0 0 0 0 1 1 
1 1 1 # 0 0 S 1 
1 1 H 0 H 1 1 1 
1 1 1 1 1 1 1 1 
1 1 1 1 1 1 1 1 
R23 P53 T4

Map8
1 1 1 1 1 1 1 1 
1 # 0 # 0 0 0 1 
1 0 0 0 H 0 1 1 
1 0 F 1 H # 0 G 
1 1 0 # F 0 F 1 
1 0 0 0 # 0 # 1 
1 1 H 0 # # H 1 
1 1 1 S 1 1 1 1 
L54 P61 T6

Map8
1 1 1 1 1 1 1 1 
1 1 1 1 1 1 1 1 
1 1 0 0 # 0 H 1 
1 1 F 0 0 F 0 S 
1 1 F 0 1 0 0 1 
1 1 0 # 0 0 0 1 
1 1 1 0 0 0 F 1 
1 1 1 1 G 1 1 1 
U34 P55 T5

Map8
1 1 1 1 1 1 1 1 
1 0 # 0 0 # F 1 
G 0 0 0 1 0 0 1 
1 1 0 F 0 # 0 1 
1 0 0 # 0 H 0 S 
1 F 0 0 0 1 0 1 
1 0 F 0 # # 0 1 
1 1 1 1 1 1 1 1 
D63 U25 T7

Map8
1 1 1 1 1 1 1 1 
1 S F 0 F F 0 1 
1 1 F 0 0 F 0 1 
1 1 0 0 0 # 1 1 
1 1 0 # 1 # 0 1 
1 1 0 H 0 F # 1 
1 1 1 1 1 1 G 1 
1 1 1 1 1 1 1 1 
R45 P32 T7

Map8
1 1 1 1 1 1 1 1 
1 1 1 1 1 1 1 1 
1 1 F 0 F # 1 1 
1 G 0 0 0 0 1 1 
1 1 F # 0 1 1 1 
1 1 # 0 # 0 1 1 
1 1 1 1 1 S 1 1 
1 1 1 1 1 1 1 1 
R32 P35 T5

Map8
1 1 G 1 1 1 1 1 
1 0 # F 0 # 0 1 
S 0 H 0 0 0 0 1 
1 0 1 0 0 1 # 1 
1 0 1 # 0 F H 1 
1 # 0 0 # F H 1 
1 0 # 1 0 0 0 1 
1 1 1 1 1 1 1 1 
D11 U46 T6

Map8
1 1 1 1 1 1 1 1 
1 G F 0 0 1 H 1 
1 1 0 0 0 0 H 1 
1 S 0 H 0 F F 1 
1 1 0 # 1 F # 1 
1 1 # 0 F 0 0 1 
1 1 1 1 1 1 1 1 
1 1 1 1 1 1 1 1 
D22 P65 T6

Map8
1 1 1 1 1 1 1 1 
1 0 0 # 0 # F 1 
1 1 1 0 0 0 # S 
1 # 0 # 1 # 0 1 
1 0 0 H 1 0 0 1 
1 F F 0 0 0 1 1 
1 0 F F 0 0 0 1 
1 1 G 1 1 1 1 1 
D24 P56 T6

Map8
1 1 S 1 1 1 1 1 
1 0 0 0 # F F 1 
1 1 0 0 0 # 1 1 
1 F 1 0 0 F 0 1 
1 0 0 1 0 H 0 1 
1 0 0 # 0 0 F 1 
1 # 0 1 0 0 0 1 
1 G 1 1 1 1 1 1 
R43 L55 T7

Map8
1 1 1 1 1 1 1 1 
1 # 0 0 # 0 F 1 
1 # 0 1 F 0 F 1 
1 0 0 0 1 1 1 1 
1 1 1 # 0 0 0 1 
1 0 0 # 0 H 0 1 
1 H # 0 0 # 0 1 
1 1 S 1 G 1 1 1 
U36 P33 T6

Map8
1 1 1 1 1 1 1 1 
1 0 0 F 1 1 0 1 
1 F 0 H 0 0 0 G 
1 0 0 # 0 0 F 1 
1 0 F # # 0 F 1 
S 0 # H 0 0 1 1 
1 0 0 1 0 0 1 1 
1 1 1 1 1 1 1 1 
D14 U54 T7

Map8
1 1 1 1 1 1 1 1 
1 1 1 1 1 1 1 1 
1 G F 0 1 0 S 1 
1 1 1 F 0 # 1 1 
1 1 0 0 H 0 1 1 
1 1 0 H H 0 1 1 
1 1 1 1 1 1 1 1 
1 1 1 1 1 1 1 1 
U34 P54 T4

Map8
1 1 1 1 1 1 1 1 
1 H H 0 0 0 0 1 
1 0 0 1 F # F S 
1 0 0 0 0 # 0 1 
1 1 0 F 0 # 1 1 
1 0 # F 0 0 0 1 
G 0 0 0 H 1 0 1 
1 1 1 1 1 1 1 1 
U43 P61 T6

Map8
1 1 1 1 S 1 1 1 
G 0 H # # # 0 1 
1 # 0 0 1 0 1 1 
1 0 F H 0 0 0 1 
1 0 1 # 0 H F 1 
1 0 F 0 F 0 0 1 
1 0 0 0 0 0 # 1 
1 1 1 1 1 1 1 1 
R43 P61 T7

Map8
1 1 1 1 1 1 1 1 
1 1 1 1 1 1 1 1 
1 G 0 0 F 1 1 1 
1 1 H 0 0 # 1 1 
1 1 1 0 F # 1 1 
1 1 0 F 0 # S 1 
1 1 1 1 1 1 1 1 
1 1 1 1 1 1 1 1 
U34 P45 T4

Map8
1 1 1 1 1 1 1 1 
1 G 0 H F 0 0 1 
1 1 0 # 0 0 0 1 
1 1 H # 0 0 1 1 
1 1 0 # 0 1 0 1 
1 1 0 0 1 1 # 1 
1 1 S 1 1 1 1 1 
1 1 1 1 1 1 1 1 
R24 L52 T6

Map8
1 1 1 1 1 1 1 1 
1 0 H # # 0 1 1 
1 0 0 0 0 0 G 1 
1 H 0 0 # 1 1 1 
1 0 0 F 1 0 1 1 
1 0 0 0 F 0 1 1 
1 1 1 1 S 1 1 1 
1 1 1 1 1 1 1 1 
L55 P25 T5

Map8
1 1 1 1 1 1 1 1 
1 1 1 1 1 1 1 1 
1 1 H H H 1 1 1 
1 1 0 0 # 0 1 1 
1 1 # # 0 F 1 1 
1 1 0 H F # G 1 
1 1 S 1 1 1 1 1 
1 1 1 1 1 1 1 1 
R23 P44 T5

Map8
1 1 1 1 S 1 1 1 
1 F 1 1 # # 0 1 
1 0 1 H 1 # 0 1 
1 0 F F H 0 H 1 
1 # 0 # 0 0 0 1 
1 1 0 0 0 F 0 1 
1 0 0 # H # 1 1 
1 G 1 1 1 1 1 1 
R44 P61 T8

Map8
1 1 1 1 1 1 1 1 
1 0 0 0 0 F 1 1 
1 0 # H F F 1 1 
1 0 # # 0 0 0 G 
1 1 0 # 1 # 0 1 
1 0 # # 0 1 1 1 
1 F 0 0 0 0 0 1 
1 1 1 1 1 1 S 1 
U26 P36 T7

Map8
1 1 1 1 1 1 1 1 
1 1 1 1 G 1 1 1 
1 1 0 F # 0 0 1 
1 1 0 # 0 0 1 1 
1 1 0 0 H 0 0 S 
1 1 0 0 0 0 1 1 
1 1 0 0 0 1 F 1 
1 1 1 1 1 1 1 1 
D53 P22 T5

Map8
1 1 G 1 S 1 1 1 
1 # 0 0 0 0 0 1 
1 # 0 0 0 0 0 1 
1 0 0 H H # 0 1 
1 0 F # H 0 0 1 
1 # 0 # F 0 1 1 
1 # 1 0 0 0 0 1 
1 1 1 1 1 1 1 1 
R31 P63 T6

Map8
1 1 1 1 1 1 1 1 
1 1 1 1 1 1 1 1 
1 1 0 F 0 0 1 1 
1 1 0 # 0 1 1 1 
1 1 H 0 0 0 G 1 
1 S 0 0 0 H 1 1 
1 1 1 1 1 1 1 1 
1 1 1 1 1 1 1 1 
R23 P45 T4

Map8
1 1 1 1 1 1 1 1 
1 1 1 1 1 1 1 1 
1 1 0 1 F 0 1 1 
1 1 # 0 0 0 1 1 
1 G 0 H 0 0 1 1 
1 1 0 # 0 0 1 1 
1 1 1 S 1 1 1 1 
1 1 1 1 1 1 1 1 
R25 P52 T5

Map8
1 1 1 1 1 1 1 1 
1 1 1 1 1 1 1 1 
1 1 1 0 0 # F 1 
1 G F # H # 1 1 
1 1 F 0 0 0 0 1 
1 1 0 0 0 0 0 1 
1 S 0 F 0 1 F 1 
1 1 1 1 1 1 1 1 
U55 R34 T5

Map8
1 1 1 1 1 1 1 1 
1 1 1 G 1 1 1 1 
1 1 0 0 H 0 0 1 
1 1 F 0 0 0 0 1 
1 1 0 0 H 0 # S 
1 1 0 # 0 0 F 1 
1 1 0 0 1 0 1 1 
1 1 1 1 1 1 1 1 
D53 P56 T5

Map8
1 1 1 1 1 1 1 1 
1 1 1 1 1 1 1 1 
1 1 F 1 F 0 0 S 
1 1 F H 0 0 0 1 
1 1 # F # 0 0 1 
1 1 # H 0 1 H 1 
1 G 0 F 0 0 F 1 
1 1 1 1 1 1 1 1 
D52 L64 T5

Map8
1 1 1 1 1 1 1 1 
1 1 1 1 1 1 1 1 
1 1 0 # F F 1 1 
1 1 0 F 0 # 1 1 
1 1 0 1 H 0 G 1 
1 1 0 0 0 0 1 1 
1 1 1 1 S 1 1 1 
1 1 1 1 1 1 1 1 
L55 P22 T5

Map8
1 1 1 1 1 1 1 1 
1 1 0 0 0 1 F 1 
1 1 0 0 F F 0 1 
1 G 0 H 0 0 # 1 
1 1 1 0 F 0 0 1 
1 S # 0 0 F 0 1 
1 1 1 1 1 1 1 1 
1 1 1 1 1 1 1 1 
L62 P43 T6

Map8
1 1 1 S 1 1 1 1 
1 # 0 0 0 0 1 1 
1 1 0 H F 0 0 1 
G 0 # 0 0 0 # 1 
1 # H 0 1 F 1 1 
1 0 1 # 0 0 0 1 
1 0 1 0 H # 0 1 
1 1 1 1 1 1 1 1 
R21 L43 T6

Map8
1 1 1 1 1 1 1 1 
1 1 0 0 F 0 # 1 
1 1 1 0 0 1 0 1 
1 1 0 F 0 1 0 1 
1 S 0 0 H 1 0 1 
1 1 0 # F H 0 1 
1 1 1 1 1 1 G 1 
1 1 1 1 1 1 1 1 
R31 P34 T5

Map8
1 1 1 1 1 1 1 1 
1 1 1 S 1 1 1 1 
1 1 0 F 0 0 1 1 
1 G 0 0 # F 1 1 
1 1 0 F 0 # 1 1 
1 1 H 0 1 0 1 1 
1 1 1 1 1 1 1 1 
1 1 1 1 1 1 1 1 
R22 P52 T5

Map8
1 1 1 G 1 1 1 1 
1 1 0 0 0 0 0 1 
1 H # 0 # H F 1 
1 H F 0 F H # 1 
1 0 0 0 0 0 # 1 
1 0 0 0 0 0 F S 
1 0 0 F 0 0 1 1 
1 1 1 1 1 1 1 1 
R14 R44 T8

Map8
1 1 1 1 1 1 1 1 
1 1 1 G S 1 1 1 
1 1 # 0 F 0 1 1 
1 1 0 0 H H 1 1 
1 1 0 # 1 0 1 1 
1 1 # 0 0 0 1 1 
1 1 1 1 1 1 1 1 
1 1 1 1 1 1 1 1 
L52 P45 T4

Map8
1 1 1 1 1 1 1 1 
1 1 1 G 1 1 1 1 
1 0 1 0 # 1 1 1 
1 F 1 F 0 0 1 1 
1 # 0 F 0 0 1 1 
1 0 # H 0 0 S 1 
1 F 0 0 0 # 1 1 
1 1 1 1 1 1 1 1 
D54 P36 T5

Map8
1 1 1 S 1 1 1 1 
1 H 0 0 0 0 0 1 
1 0 # # 1 # 1 1 
1 F 0 1 # 0 0 1 
1 # F 0 # H 0 G 
1 0 F H 0 0 0 1 
1 0 0 H 0 # 0 1 
1 1 1 1 1 1 1 1 
L63 P61 T8

Map8
1 1 1 1 1 1 G 1 
1 0 1 F 0 0 # 1 
1 H 0 0 1 0 0 1 
1 0 0 0 0 0 1 1 
1 F 1 0 0 # F 1 
1 0 F 0 0 # F 1 
1 # 0 0 0 1 0 1 
1 1 S 1 1 1 1 1 
R15 D34 T7

Map8
1 1 1 1 G 1 1 1 
1 1 0 # 0 H # 1 
1 1 # F 0 0 1 1 
1 0 # 0 0 0 0 1 
1 0 0 1 0 F 1 1 
1 0 0 0 0 0 0 1 
1 1 0 # 1 # # 1 
1 1 S 1 1 1 1 1 
L33 L63 T7

Map8
1 1 1 1 1 1 1 1 
1 1 # # # 0 1 1 
1 H 0 0 1 F S 1 
1 H 0 # 1 0 1 1 
1 0 # F 0 0 1 1 
1 0 1 F H 0 1 1 
1 1 1 G 1 1 1 1 
1 1 1 1 1 1 1 1 
U53 P23 T5

Map8
1 1 1 1 1 1 1 1 
1 1 1 1 1 1 1 1 
S # F 0 0 H 1 1 
1 0 0 F 0 F 1 1 
1 0 # 0 0 F 1 1 
1 1 F 1 0 H 1 1 
G # # 0 # 1 1 1 
1 1 1 1 1 1 1 1 
L32 P34 T5

Map8
1 1 1 1 1 1 1 1 
1 1 H 0 0 # 0 1 
1 1 0 0 1 F 1 1 
1 1 # 1 0 0 0 1 
1 1 0 0 F 0 0 1 
1 1 0 0 0 H # G 
1 1 S 1 1 1 1 1 
1 1 1 1 1 1 1 1 
R24 U45 T6

Map8
1 1 1 1 1 1 1 1 
1 1 1 1 1 1 1 1 
1 1 H # 0 # 1 1 
1 1 0 F 0 0 1 1 
1 G 0 H # 1 1 1 
1 1 0 # 0 0 1 1 
1 1 1 S 1 1 1 1 
1 1 1 1 1 1 1 1 
R25 P55 T7

Map8
1 1 G 1 1 1 1 1 
1 F F 0 0 # # 1 
1 1 0 0 0 # # 1 
1 0 H 1 0 0 0 1 
1 0 # # 0 0 0 1 
1 0 F F 0 0 # 1 
1 0 # 1 0 0 0 1 
1 1 S 1 1 1 1 1 
R14 P41 T6

Map8
1 1 1 1 1 1 1 1 
1 F H 1 0 0 # 1 
1 0 # 0 0 0 0 1 
1 # 0 0 # 1 # 1 
1 # F 0 0 0 0 G 
S 0 H 0 0 F 0 1 
1 0 F # 0 # 1 1 
1 1 1 1 1 1 1 1 
U16 P12 T6

Map8
1 1 1 1 1 1 1 1 
1 1 1 1 1 G 1 1 
1 1 1 0 0 0 1 1 
1 1 # F # 0 1 1 
1 1 H 0 H # 1 1 
1 1 0 0 # 0 1 1 
1 1 1 1 S 1 1 1 
1 1 1 1 1 1 1 1 
L55 P25 T4

Map8
1 1 S 1 1 1 1 1 
1 0 0 F F 0 0 1 
1 0 0 # F 0 F 1 
1 1 1 0 # 0 1 1 
1 # F 0 0 1 0 1 
1 0 0 H # # 0 1 
1 1 1 # 1 0 0 1 
1 1 1 1 1 1 G 1 
D51 P33 T6

Map8
1 1 1 1 1 1 1 1 
1 1 1 1 1 1 1 1 
1 1 0 F F F S 1 
1 1 0 # 0 H 1 1 
1 1 0 0 0 0 G 1 
1 1 H 0 1 1 1 1 
1 1 1 1 1 1 1 1 
1 1 1 1 1 1 1 1 
R24 P43 T4

Map8
1 1 1 1 1 1 1 1 
1 1 1 1 1 1 1 1 
1 S 0 # 0 H 1 1 
1 1 0 F 0 # 1 1 
1 1 H F # 0 1 1 
1 1 0 1 1 0 1 1 
1 1 1 1 1 G 1 1 
1 1 1 1 1 1 1 1 
D42 R23 T4

Map8
1 1 1 1 1 1 1 1 
1 F H # H 0 0 G 
1 H 0 0 F 0 # 1 
1 0 # # 1 1 0 1 
S 0 # 0 F 0 1 1 
1 1 # 1 0 1 0 1 
1 0 H F F 0 0 1 
1 1 1 1 1 1 1 1 
R22 P34 T6

Map8
1 1 1 1 1 1 1 1 
1 1 1 1 1 1 1 1 
1 1 # 0 0 F 1 1 
1 S F 0 F 1 1 1 
1 1 0 0 # 0 G 1 
1 1 # 0 0 # 1 1 
1 1 1 1 1 1 1 1 
1 1 1 1 1 1 1 1 
U24 P42 T6

Map8
1 1 1 1 1 1 1 1 
1 1 S 1 1 1 1 1 
1 1 0 0 1 1 1 1 
1 1 # 0 0 F 1 1 
1 1 F 0 # # 1 1 
1 1 0 0 H 0 1 1 
1 1 1 1 1 G 1 1 
1 1 1 1 1 1 1 1 
U25 P35 T5

Map8
1 1 1 1 1 1 1 1 
1 H 0 0 0 0 1 1 
1 0 1 0 F 0 1 1 
1 0 H F 0 # 1 1 
1 0 1 0 H 0 S 1 
1 F 0 0 # 0 1 1 
1 1 1 1 G 1 1 1 
1 1 1 1 1 1 1 1 
U55 P21 T5

Map8
1 1 1 1 1 1 1 1 
1 1 1 1 1 1 1 1 
1 # H 0 1 1 1 1 
1 F 0 F 0 0 1 1 
1 0 F 0 H # 1 1 
1 F 0 0 0 0 1 1 
1 0 0 0 F 1 1 1 
1 G 1 1 S 1 1 1 
R35 D32 T5

Map8
1 1 1 1 S 1 1 1 
1 F 0 0 0 0 1 1 
1 # # 0 0 0 1 1 
1 0 0 # H 0 1 1 
1 0 1 F 0 0 1 1 
G 0 0 F 0 1 1 1 
1 1 1 1 1 1 1 1 
1 1 1 1 1 1 1 1 
R31 P53 T5

Map8
1 1 1 1 1 1 1 1 
1 1 G 1 1 1 1 1 
1 1 0 0 1 0 # 1 
1 1 1 F # 0 # 1 
1 1 0 F H 0 0 1 
1 S 0 F H 1 0 1 
1 1 0 0 0 H 1 1 
1 1 1 1 1 1 1 1 
D24 P46 T5

Map8
1 G 1 1 1 1 1 1 
1 0 0 # F 1 0 S 
1 1 0 1 0 0 0 1 
1 # 0 0 1 0 # 1 
1 F 0 1 0 # 1 1 
1 # F F # 0 0 1 
1 H 1 0 # 0 H 1 
1 1 1 1 1 1 1 1 
U24 L65 T8

Map8
1 1 1 1 1 1 1 1 
1 1 1 1 1 1 1 1 
1 1 0 0 H H 1 1 
1 1 F # # # S 1 
1 1 0 0 # 0 G 1 
1 1 0 0 F 1 1 1 
1 1 1 1 1 1 1 1 
1 1 1 1 1 1 1 1 
U34 P32 T4

Map8
1 1 1 1 1 1 1 1 
1 # # 0 1 0 G 1 
1 H 0 H 0 F 1 1 
1 0 F F # 0 1 1 
S F 1 0 0 F 1 1 
1 0 0 0 0 1 1 1 
1 1 1 1 1 1 1 1 
1 1 1 1 1 1 1 1 
D13 P42 T6

Map8
1 1 1 1 1 1 1 1 
1 1 1 1 1 1 1 1 
1 0 0 0 # 0 1 1 
1 F # F # 0 1 1 
S 0 0 F 0 H 1 1 
1 0 0 F 1 # 1 1 
1 1 0 # 0 0 1 1 
1 1 1 1 1 G 1 1 
U15 P32 T5

Map8
1 1 1 1 1 1 1 1 
1 0 0 0 0 0 F 1 
1 # 1 H # 1 # 1 
1 0 0 1 0 0 # 1 
S # 0 1 # 0 1 1 
1 # H H 0 F 0 1 
1 F # 1 H 1 0 1 
1 1 1 1 1 1 G 1 
R45 P51 T8

Map8
1 1 S 1 1 1 1 1 
1 0 0 0 0 0 1 1 
1 F H 0 0 # 1 1 
1 0 F 0 0 1 1 1 
1 0 0 0 # 0 1 1 
1 0 0 1 0 0 1 1 
1 1 G 1 1 1 1 1 
1 1 1 1 1 1 1 1 
R11 P41 T6

Map8
1 1 1 1 1 1 1 1 
1 1 1 F 0 0 0 1 
1 1 0 1 0 0 0 1 
1 1 0 # 0 0 0 1 
1 1 0 H 0 0 0 S 
1 1 # # 0 0 # 1 
1 1 1 G 1 1 1 1 
1 1 1 1 1 1 1 1 
U45 P42 T5

Map8
1 1 1 1 1 1 1 1 
1 0 0 0 F # 1 1 
G 0 0 0 0 0 1 1 
1 0 # 1 0 F 1 1 
1 F # 1 # # 1 1 
1 0 H H 0 0 1 1 
1 1 1 1 S 1 1 1 
1 1 1 1 1 1 1 1 
D42 P21 T6

Map8
1 1 1 1 1 1 1 1 
1 1 1 1 S 1 1 1 
1 1 0 # 0 H 1 1 
1 1 1 0 F H 1 1 
1 1 0 0 0 H 1 1 
1 1 # # H 0 1 1 
1 1 G 1 1 1 1 1 
1 1 1 1 1 1 1 1 
U44 P22 T5

Map8
1 1 1 1 1 1 1 1 
1 1 1 1 1 S 1 1 
1 0 0 0 # 0 1 1 
1 0 0 F 0 0 1 1 
1 1 H 0 # 0 1 1 
1 1 0 0 1 # 1 1 
1 0 F # 0 0 1 1 
1 1 1 1 G 1 1 1 
U56 P22 T5

Map8
1 1 1 1 1 1 1 1 
G 0 0 0 0 # 0 1 
S F 0 F 1 0 # 1 
1 0 0 0 0 H 1 1 
1 0 1 # 0 1 1 1 
1 0 F 0 0 1 0 1 
1 0 # 0 0 1 H 1 
1 1 1 1 1 1 1 1 
D31 P13 T6

Map8
1 1 1 1 1 1 1 1 
1 0 1 0 0 0 1 1 
1 1 0 0 H 0 S 1 
1 # 0 0 F 0 1 1 
1 F F # 1 0 1 1 
1 0 F F # # G 1 
1 1 1 1 1 1 1 1 
1 1 1 1 1 1 1 1 
U53 L33 T7

Map8
1 1 1 1 1 1 1 1 
1 1 1 1 1 S 1 1 
1 1 # 0 # # 1 1 
1 1 0 0 0 0 1 1 
1 G 0 0 1 F 1 1 
1 1 # 1 0 F 1 1 
1 1 1 1 1 1 1 1 
1 1 1 1 1 1 1 1 
D32 P53 T5

Map8
1 1 1 1 1 1 1 1 
1 1 0 0 1 0 0 G 
1 1 0 0 0 0 # 1 
1 1 0 H 0 # 1 1 
1 1 F 0 F 0 0 1 
1 1 0 0 0 0 F 1 
1 1 1 S 1 1 1 1 
1 1 1 1 1 1 1 1 
R25 P55 T5

Map8
1 1 1 1 1 1 1 1 
1 0 H 0 0 1 0 G 
1 0 F 0 # 1 # 1 
1 0 0 H 0 0 0 1 
1 0 1 0 0 0 0 1 
S 0 0 # 0 F 1 1 
1 # 1 H F H 0 1 
1 1 1 1 1 1 1 1 
L45 P11 T7
