Map10
1 1 1 1 1 1 1 1 1 1 
1 1 1 1 1 1 1 1 1 1 
S 0 0 0 1 0 H # 1 1 
1 0 1 H 0 0 0 0 1 1 
1 0 0 0 0 H F 1 1 1 
1 F F 0 F 0 0 0 1 1 
1 0 1 0 0 0 0 0 G 1 
1 0 0 0 0 0 0 H 1 1 
1 0 H 0 0 0 0 0 1 1 
1 1 1 1 1 1 1 1 1 1 
p16 U48 R36 T5

Map10
1 1 1 1 1 1 1 1 1 1 
1 1 F 1 0 0 0 H # 1 
1 S 0 0 F 0 0 0 # 1 
1 1 0 0 0 0 0 0 H 1 
1 G 0 # # # 0 1 0 1 
1 1 F F 1 H H # 0 1 
1 1 0 0 H F # # 1 1 
1 1 F F 0 0 0 # 0 1 
1 1 1 1 1 1 1 1 1 1 
1 1 1 1 1 1 1 1 1 1 
p62 p53 T7

Map10
1 1 1 1 1 1 1 1 1 1 
1 0 0 F 0 1 # 0 S 1 
G F 0 0 0 0 0 0 1 1 
1 0 0 0 F 1 F F 1 1 
1 1 # # F F 0 # 1 1 
1 F 0 0 0 # F # 1 1 
1 0 0 0 0 F 1 1 1 1 
1 0 # 0 0 # 0 0 1 1 
1 1 1 1 1 1 1 1 1 1 
1 1 1 1 1 1 1 1 1 1 
p21 U26 T6

Map10
1 S 1 G 1 1 1 1 1 1 
1 # 0 F F F 0 H 1 1 
1 0 0 0 F 0 F 0 1 1 
1 0 0 F 0 0 0 0 1 1 
1 0 # F 0 0 # 0 1 1 
1 0 0 0 1 0 F 0 1 1 
1 0 0 H 0 0 F 0 1 1 
1 0 1 0 0 0 0 # 1 1 
1 1 1 1 1 1 1 1 1 1 
1 1 1 1 1 1 1 1 1 1 
p14 T4

Map10
1 G 1 1 1 1 1 1 1 1 
1 0 # 0 H 1 0 0 S 1 
1 # # 1 1 0 0 # 1 1 
1 1 0 1 0 0 0 0 1 1 
1 H # F 0 0 0 0 1 1 
1 0 0 # F H # F 1 1 
1 0 0 0 F 0 1 0 1 1 
1 # 0 0 0 H 0 # 1 1 
1 1 1 1 1 1 1 1 1 1 
1 1 1 1 1 1 1 1 1 1 
p37 P64 T9

Map10
1 1 G 1 1 1 1 1 1 1 
1 1 0 0 0 1 0 1 0 1 
1 1 1 1 0 # H 0 # 1 
1 1 H H 1 # 0 0 0 1 
1 1 1 # # 0 0 1 0 1 
1 1 0 0 H 0 0 H # 1 
1 1 # 0 # F 1 0 F 1 
1 1 # 0 F 0 0 # F 1 
1 1 1 1 1 1 1 S 1 1 
1 1 1 1 1 1 1 1 1 1 
p67 R37 D76 T7

Map10
1 1 1 1 1 1 1 1 1 1 
1 1 1 1 1 1 1 G 1 1 
1 1 1 0 0 0 1 0 0 1 
1 S 0 0 1 0 1 0 # 1 
1 1 0 0 F 1 0 0 H 1 
1 1 0 0 0 # 0 0 0 1 
1 1 0 0 0 0 0 0 0 1 
1 1 # 0 0 1 0 # 1 1 
1 1 0 0 0 1 0 0 # 1 
1 1 1 1 1 1 1 1 1 1 
p34 P85 T5

Map10
1 1 1 1 1 1 1 1 1 1 
1 1 1 1 S 1 1 1 1 1 
1 1 F 0 0 0 F 0 1 1 
1 G F # 1 # # # 0 1 
1 1 F 0 0 0 F 1 0 1 
1 1 # 0 1 1 0 F F 1 
1 1 F 0 F # 0 0 0 1 
1 1 F F # 0 0 # 0 1 
1 1 0 0 0 0 0 0 0 1 
1 1 1 1 1 1 1 1 1 1 
p34 p48 T10

Map10
1 1 G 1 1 1 1 S 1 1 
1 # 0 0 0 0 1 F 1 1 
1 0 0 0 0 1 1 0 1 1 
1 0 # 0 0 0 F 0 1 1 
1 1 0 0 0 0 1 0 1 1 
1 0 0 1 1 F 0 1 1 1 
1 0 0 0 0 0 0 0 1 1 
1 0 0 1 0 F 0 0 1 1 
1 1 1 1 1 1 1 1 1 1 
1 1 1 1 1 1 1 1 1 1 
p72 P13 T4

Map10
1 1 1 1 1 1 1 1 1 1 
1 1 1 1 1 1 1 1 1 1 
1 0 0 1 0 0 0 0 1 1 
1 0 H 0 H 0 0 H 1 1 
S 0 H 0 1 0 0 0 G 1 
1 0 F H 0 0 # 0 1 1 
1 F H 0 0 H 0 0 1 1 
1 0 0 0 0 F 0 1 1 1 
1 0 0 # 0 0 0 0 1 1 
1 1 1 1 1 1 1 1 1 1 
p58 D13 P63 T5

Map10
1 1 1 1 1 1 1 1 1 1 
1 1 1 1 1 1 1 1 1 1 
1 0 1 0 0 F 0 0 1 1 
1 0 0 F 1 0 1 # G 1 
S # 0 # 0 F 0 1 1 1 
1 F F # 0 # 0 F 1 1 
1 0 0 0 # F F F 1 1 
1 1 1 0 # # 1 H 1 1 
1 H 1 H F # # 1 1 1 
1 1 1 1 1 1 1 1 1 1 
p24 L44 T5

Map10
1 1 1 1 1 1 1 1 1 1 
1 1 F F F 0 0 0 0 1 
1 S F 0 0 0 0 1 0 1 
1 1 0 1 0 0 F 0 0 1 
1 1 F 1 1 0 0 F 0 1 
1 1 1 # 0 0 F 0 0 1 
1 1 0 1 0 # F 0 F 1 
1 1 F 0 0 # 0 0 0 1 
1 1 1 1 1 G 1 1 1 1 
1 1 1 1 1 1 1 1 1 1 
p42 T3

Map10
1 1 1 1 1 1 1 1 1 1 
1 1 1 1 1 1 1 1 1 1 
1 # F 0 0 0 0 0 1 1 
S 0 0 F 1 1 0 0 1 1 
1 0 0 F 0 0 F F 1 1 
1 F H 0 # 0 0 # G 1 
1 0 F 0 0 # 1 0 1 1 
1 F F # 0 # # F 1 1 
1 0 F # 0 0 0 0 1 1 
1 1 1 1 1 1 1 1 1 1 
p52 P23 T6

Map10
1 1 1 1 1 G 1 1 1 1 
1 1 0 F F F 0 1 0 1 
1 1 # 0 # # 0 0 0 1 
1 1 0 0 0 0 1 0 0 1 
1 1 F 0 0 F 0 0 0 1 
1 1 # 0 0 0 F 1 1 1 
1 1 # 0 0 F 0 # F 1 
1 1 1 0 0 F 0 0 0 1 
1 1 1 1 1 1 S 1 1 1 
1 1 1 1 1 1 1 1 1 1 
p62 P81 T6

Map10
1 1 1 1 1 1 1 1 1 1 
1 1 0 0 0 0 0 F 0 1 
1 1 0 0 F # 0 F # 1 
1 S 0 0 0 0 0 0 # 1 
1 1 1 0 0 0 0 # 0 1 
1 1 F 0 F F 0 0 0 1 
1 1 # 1 # 0 0 F 0 1 
1 1 # 0 # # 0 # 0 1 
1 1 1 1 G 1 1 1 1 1 
1 1 1 1 1 1 1 1 1 1 
p33 T3

Map10
1 1 1 1 1 1 S 1 1 1 
1 1 0 1 1 0 0 0 # 1 
1 1 0 0 F 0 0 1 0 1 
1 1 H 0 H # F 1 0 1 
1 1 H F 1 0 0 1 0 1 
1 1 1 1 # 0 F 0 F 1 
1 1 F 0 H 0 0 0 0 1 
1 1 0 0 F 0 F 0 0 1 
1 1 1 1 1 1 1 G 1 1 
1 1 1 1 1 1 1 1 1 1 
p55 L71 p66 T6

Map10
1 1 1 1 1 1 1 1 1 1 
1 1 1 1 1 1 G 1 1 1 
1 1 F 0 0 H 0 0 # 1 
1 1 0 0 1 0 0 0 0 1 
1 1 0 0 F F 0 1 0 1 
1 S 0 F 1 H 0 F 0 1 
1 1 0 0 0 0 0 0 0 1 
1 1 0 0 F 0 0 0 0 1 
1 1 1 1 0 0 0 0 0 1 
1 1 1 1 1 1 1 1 1 1 
p34 p57 U36 T7

Map10
1 1 1 1 1 1 1 1 1 1 
1 1 1 1 1 1 1 1 1 1 
1 1 F 0 0 0 0 0 0 1 
1 S F 0 # 0 0 H 0 1 
1 1 H 0 0 0 0 0 0 1 
1 1 0 0 0 0 0 0 0 1 
1 G 0 0 0 1 0 0 0 1 
1 1 H 1 0 0 0 0 0 1 
1 1 0 0 0 0 0 H 0 1 
1 1 1 1 1 1 1 1 1 1 
p45 P53 T4

Map10
1 1 1 1 1 1 1 1 1 1 
1 1 0 0 # 0 0 # 0 1 
1 1 H H H 1 # # 0 1 
1 1 0 0 0 0 0 F # 1 
1 1 0 # 0 0 H 1 0 1 
1 1 0 F 0 F H F 0 1 
1 G 0 0 # 0 0 0 0 1 
1 1 1 # 0 0 0 # # 1 
1 1 1 1 1 1 1 S 1 1 
1 1 1 1 1 1 1 1 1 1 
p84 D76 T7

Map10
1 1 1 1 1 1 1 1 1 1 
1 1 0 0 0 1 0 1 1 1 
1 1 F F H 0 0 F 0 1 
1 1 0 0 # H 0 H 0 1 
1 G 0 0 0 0 0 # 0 1 
1 1 F F 0 0 1 H 0 1 
1 1 F 1 0 # 0 0 0 1 
1 1 0 0 H 0 F 0 0 1 
1 1 1 1 1 S 1 1 1 1 
1 1 1 1 1 1 1 1 1 1 
p85 R46 T4

Map10
1 1 1 1 1 1 1 1 1 1 
1 1 1 1 1 1 1 1 1 1 
1 0 0 0 F 0 1 0 1 1 
1 # 0 0 0 F F 0 1 1 
S F 0 0 F 0 F 1 1 1 
1 1 0 # H 0 F 0 1 1 
1 F 0 0 0 0 0 0 G 1 
1 0 0 1 0 F 1 F 1 1 
1 1 # 0 H 0 1 F 1 1 
1 1 1 1 1 1 1 1 1 1 
p24 L54 T3

Map10
1 1 1 1 1 1 1 1 1 1 
1 S F F 0 0 0 0 0 1 
1 G 0 0 0 0 1 H 0 1 
1 1 F 0 0 0 0 0 1 1 
1 1 0 0 0 F 1 F 0 1 
1 1 F 0 0 0 0 1 0 1 
1 1 0 F 0 1 0 0 F 1 
1 1 # 0 F F F 0 0 1 
1 1 1 1 1 1 1 1 1 1 
1 1 1 1 1 1 1 1 1 1 
p41 U46 T5

Map10
1 1 1 1 1 1 1 1 1 1 
1 1 1 0 0 0 F 0 0 1 
1 1 1 0 0 0 # 0 # 1 
1 1 0 # 0 F 0 H F 1 
1 1 H # 0 0 0 0 F 1 
1 1 # 0 0 F 0 0 0 1 
1 1 H H 0 F F 0 # 1 
1 1 0 0 F 0 F # # 1 
1 1 1 1 S 1 G 1 1 1 
1 1 1 1 1 1 1 1 1 1 
p52 R32 T3

Map10
1 1 1 1 1 1 1 1 1 1 
1 1 F 1 1 1 0 # 0 1 
1 G 0 0 0 0 0 1 0 1 
1 1 0 H 0 1 0 1 0 1 
1 1 0 0 0 # F # F 1 
1 1 1 0 0 F 0 0 1 1 
1 1 1 0 H 0 0 F 0 1 
1 S # 0 0 F F 0 0 1 
1 1 1 1 1 1 1 1 1 1 
1 1 1 1 1 1 1 1 1 1 
p63 P56 T6

Map10
1 1 1 1 1 1 1 1 1 1 
1 1 0 F 0 # 0 0 F 1 
1 G # 0 0 0 0 # 0 1 
1 1 0 0 1 0 0 F H 1 
1 1 0 0 0 F 0 1 # 1 
1 1 0 # F 0 0 0 0 1 
1 S 0 F 0 # 0 0 0 1 
1 1 # 0 F F 1 0 F 1 
1 1 1 1 1 1 1 1 1 1 
1 1 1 1 1 1 1 1 1 1 
p53 p46 T5
