Map8
1 1 1 1 1 1 1 1 
1 1 1 1 1 S 1 1 
1 1 0 F # 0 0 1 
1 1 # 0 F 0 0 1 
1 G # 0 1 0 1 1 
1 1 0 0 0 0 1 1 
1 1 0 # 1 F 0 1 
1 1 1 1 1 1 1 1 
p33 U55 T8

Map8
1 1 1 1 1 1 G 1 
1 0 0 1 # 0 0 1 
1 0 # 0 0 1 0 1 
1 1 0 0 1 1 0 1 
1 0 0 # # 0 1 1 
1 0 F 0 0 # # 1 
1 0 # F 0 # H 1 
1 1 1 1 S 1 1 1 
p14 T11

Map8
1 1 1 1 1 1 G 1 
1 1 F F 0 1 0 1 
1 1 H 0 0 0 # 1 
1 1 0 0 0 0 1 1 
1 1 F 1 F 0 0 1 
1 1 1 0 0 0 0 1 
1 1 1 1 1 1 S 1 
1 1 1 1 1 1 1 1 
p43 p55 T8

Map8
1 1 1 1 1 S 1 1 
1 0 0 0 0 # 1 1 
1 1 0 F 0 0 1 1 
G 0 # 0 1 0 1 1 
1 F 0 0 0 0 1 1 
1 0 0 F 0 1 1 1 
1 1 1 1 1 1 1 1 
1 1 1 1 1 1 1 1 
p31 T8

Map8
1 1 1 1 1 1 1 1 
1 S # 0 H 0 0 G 
1 1 F # F 1 0 1 
1 1 0 0 1 0 0 1 
1 1 0 F 0 0 1 1 
1 1 # 0 0 0 # 1 
1 1 1 1 1 1 1 1 
1 1 1 1 1 1 1 1 
p23 P31 T8

Map8
1 1 1 1 1 1 1 1 
1 1 1 S 1 1 1 1 
1 F 0 0 F 0 1 1 
1 1 0 0 0 0 1 1 
1 0 0 0 0 0 1 1 
1 0 0 0 0 0 1 1 
1 1 0 0 F 0 1 1 
1 1 1 1 G 1 1 1 
p54 T9

Map8
1 1 1 1 1 1 1 1 
1 1 H 1 0 0 # S 
1 1 0 0 H 0 0 1 
1 1 1 H # 0 0 1 
1 G 0 1 0 # # 1 
1 1 0 0 # 1 0 1 
1 1 1 1 1 1 1 1 
1 1 1 1 1 1 1 1 
p41 T9

Map8
1 1 1 G 1 1 1 1 
1 0 # 0 1 H 0 1 
1 0 # F 1 1 1 1 
1 0 0 0 # 0 H 1 
1 1 # H F 0 0 1 
1 0 1 0 F 0 0 1 
1 0 0 # 0 # 0 1 
1 S 1 1 1 1 1 1 
p46 T9

Map8
1 1 1 1 G 1 1 1 
1 1 0 # F 0 0 1 
1 1 0 F F # F 1 
1 1 0 0 0 F 0 1 
1 1 0 0 0 0 1 1 
1 1 0 0 0 0 0 1 
1 1 1 S 1 1 1 1 
1 1 1 1 1 1 1 1 
p23 p35 T8

Map8
1 1 1 1 1 1 1 1 
1 0 0 # F 0 0 1 
G 0 0 1 0 H 1 1 
1 1 F F H 0 0 S 
1 0 F 0 0 F 0 1 
1 # 0 # 0 # 1 1 
1 0 0 0 0 # 0 1 
1 1 1 1 1 1 1 1 
p36 D53 T9

Map8
1 1 1 1 1 1 1 1 
1 0 0 0 1 0 F 1 
1 0 F 0 0 1 0 1 
1 # 0 0 # H 0 1 
1 H 0 0 0 0 0 1 
S # 1 0 0 # 0 G 
1 0 0 0 0 0 # 1 
1 1 1 1 1 1 1 1 
p36 T10

Map8
1 1 1 1 1 1 1 1 
1 1 1 G 1 1 1 1 
1 0 # 0 F 0 1 1 
1 # 0 0 0 1 1 1 
1 F 0 # # 0 1 1 
1 0 0 # 0 0 1 1 
1 0 F 0 0 0 1 1 
1 1 S 1 1 1 1 1 
p24 T8

Map8
1 G 1 1 1 1 1 1 
1 # 0 1 H 0 0 1 
1 H 0 0 0 0 0 S 
1 0 0 0 0 H F 1 
1 0 0 0 F 0 0 1 
1 1 F H 0 # # 1 
1 0 0 1 # 0 0 1 
1 1 1 1 1 1 1 1 
p33 R42 T9

Map8
1 1 G 1 1 1 1 1 
1 0 0 1 # 0 1 1 
1 0 0 0 # 0 # 1 
1 H 0 0 H 1 1 1 
1 H 1 0 H 0 0 1 
1 # 0 0 0 0 0 1 
1 F 1 F 0 0 0 1 
1 1 1 1 1 1 S 1 
p45 p66 T9

Map8
1 1 S 1 1 1 1 1 
1 # 0 # 0 0 0 1 
1 0 F 0 0 1 0 1 
1 0 0 F 0 0 0 1 
1 0 H 0 0 # 1 1 
1 0 F F 0 0 0 1 
1 0 F # 0 # 1 1 
1 1 1 1 G 1 1 1 
p51 L32 T9

Map8
1 1 1 1 1 1 1 1 
1 1 F F 0 0 0 1 
1 0 # 1 0 # 1 1 
1 0 0 # 0 1 F 1 
1 0 # H 1 0 0 G 
1 0 0 0 0 F # 1 
1 0 1 # 0 0 0 1 
1 S 1 1 1 1 1 1 
p46 P45 T9

Map8
1 1 1 1 1 1 1 1 
1 1 1 1 1 1 1 1 
1 1 0 1 F F 0 G 
1 1 0 F 0 # 0 1 
1 1 0 0 0 0 1 1 
1 1 0 0 0 1 0 1 
1 1 1 0 F 0 0 1 
1 1 1 1 1 S 1 1 
p24 P34 T9

Map8
1 1 1 1 1 1 1 1 
1 1 1 1 1 1 1 1 
S # 1 0 0 # 1 1 
1 0 0 # 1 0 G 1 
1 # 0 0 0 1 1 1 
1 0 0 0 F 0 1 1 
1 0 0 0 0 F 1 1 
1 1 1 1 1 1 1 1 
p13 p24 T9

Map8
1 1 1 1 1 1 1 1 
G 0 0 H 0 0 0 1 
1 H # # 0 0 0 1 
1 0 0 0 0 # 1 1 
1 # 1 1 0 1 0 S 
1 0 F 0 F # 0 1 
1 1 # # # 0 0 1 
1 1 1 1 1 1 1 1 
p56 U23 T9

Map8
1 1 S 1 1 1 1 1 
1 1 # 0 0 H F 1 
1 1 0 # 0 0 # 1 
1 0 # 0 0 # 0 1 
1 0 0 F 0 0 0 1 
1 1 1 0 0 0 1 1 
1 0 # F 0 0 H 1 
1 1 1 G 1 1 1 1 
p33 p44 T9

Map8
1 1 1 1 1 1 1 1 
1 1 0 0 # 0 0 1 
1 S # 0 0 # 0 1 
1 1 1 F 0 # 1 1 
1 1 0 0 0 H # 1 
1 1 0 0 F 0 0 1 
1 1 G 1 1 1 1 1 
1 1 1 1 1 1 1 1 
p21 T8

Map8
1 1 1 1 1 1 1 1 
1 1 1 1 S 1 1 1 
1 H 0 0 0 0 1 1 
1 0 0 0 0 0 1 1 
1 0 H 0 H 0 1 1 
1 0 1 0 0 0 1 1 
G 0 1 0 0 0 1 1 
1 1 1 1 1 1 1 1 
p34 P43 T9

Map8
1 1 1 1 1 1 1 1 
1 S 0 F 0 0 0 1 
1 1 0 # # 0 H 1 
1 1 F 0 0 0 1 1 
1 1 0 0 # # 1 1 
1 G 0 1 0 0 1 1 
1 1 1 1 1 1 1 1 
1 1 1 1 1 1 1 1 
p41 T8

Map8
1 1 1 1 1 1 1 1 
1 1 1 1 1 S 1 1 
1 0 # 0 F 0 1 1 
1 # F 1 0 1 1 1 
1 H 0 0 0 0 G 1 
1 H 0 0 1 0 1 1 
1 0 0 0 0 F 1 1 
1 1 1 1 1 1 1 1 
p32 p24 T8

Map8
1 1 1 1 1 1 1 1 
1 0 0 0 0 0 1 1 
1 0 0 1 0 F 0 1 
1 0 # 1 # 1 0 S 
1 H 0 0 # 0 F 1 
G F 0 0 0 H 0 1 
1 0 0 # # 0 0 1 
1 1 1 1 1 1 1 1 
p31 p24 T9

Map8
1 1 1 1 1 1 1 1 
1 0 # 0 1 # 0 1 
1 F 0 0 1 0 # 1 
1 1 F 0 H 0 0 G 
1 # 0 0 # # F 1 
1 0 0 0 0 1 F 1 
1 F 0 # 0 0 0 1 
1 1 S 1 1 1 1 1 
p52 T9

Map8
1 S G 1 1 1 1 1 
1 0 0 1 # # 1 1 
1 0 0 0 F 0 1 1 
1 F # 0 0 0 1 1 
1 # F 0 F 0 1 1 
1 0 F # 0 0 1 1 
1 1 1 1 1 1 1 1 
1 1 1 1 1 1 1 1 
p53 T8

Map8
1 1 1 1 1 1 1 1 
1 S 1 1 1 1 1 1 
1 0 0 F F F 1 1 
1 0 0 0 0 1 1 1 
1 F 0 F # 1 1 1 
1 0 0 # 0 0 1 1 
G F # H 0 0 1 1 
1 1 1 1 1 1 1 1 
p12 U15 T8

Map8
1 1 1 1 1 1 1 1 
1 1 1 1 1 S 1 1 
1 1 # 0 0 0 0 1 
1 1 # 0 0 H 0 G 
1 1 0 # H H 0 1 
1 1 # 0 0 1 0 1 
1 1 0 1 0 0 0 1 
1 1 1 1 1 1 1 1 
p42 L62 T8

Map8
1 1 1 1 1 1 1 1 
1 0 0 0 F 0 1 1 
1 0 # 0 0 0 1 1 
1 1 1 F 0 0 1 1 
G 0 0 0 0 0 1 1 
1 0 F 0 F F 1 1 
1 1 1 1 1 S 1 1 
1 1 1 1 1 1 1 1 
p42 p53 T8

Map8
1 1 1 1 1 1 1 1 
1 1 0 0 0 0 H 1 
1 # 0 # 0 0 0 1 
1 1 1 0 0 0 # G 
1 0 # F 1 1 F 1 
1 0 0 0 0 1 0 1 
1 0 0 0 0 0 0 1 
1 1 S 1 1 1 1 1 
p42 p26 T12

Map8
1 1 1 1 1 S 1 1 
1 0 # 0 F 0 0 1 
1 0 # 0 # 0 0 1 
1 0 0 0 0 0 # 1 
1 1 F 0 F H F 1 
1 # 0 1 0 0 0 G 
1 0 0 0 0 0 0 1 
1 1 1 1 1 1 1 1 
p46 P53 T12

Map8
1 1 1 1 1 1 1 1 
1 0 0 0 F # 0 1 
1 H 0 F # # 0 1 
1 0 0 0 0 1 0 1 
G # 1 1 0 0 # 1 
1 1 0 0 0 0 0 1 
1 F 0 0 # # 0 1 
1 1 1 1 S 1 1 1 
p31 P43 T9

Map8
1 1 1 1 1 1 1 1 
1 1 1 1 1 1 1 1 
1 0 0 0 # # 1 1 
S # 0 1 0 H 1 1 
1 1 # 0 0 0 1 1 
1 0 H 0 0 F 1 1 
1 H F 0 1 # 1 1 
1 1 1 1 1 G 1 1 
p32 p43 T8

Map8
1 1 1 1 1 1 S 1 
1 # 0 F 0 # F 1 
G 0 0 0 # # 0 1 
1 0 0 1 H # 0 1 
1 1 1 H 0 0 0 1 
1 F 0 0 1 # 0 1 
1 # 0 H 0 # 0 1 
1 1 1 1 1 1 1 1 
p21 p64 T9

Map8
1 1 1 1 1 1 1 1 
1 1 1 1 1 1 1 1 
1 0 1 0 0 0 1 1 
1 H # H 0 0 1 1 
1 0 0 0 0 0 1 1 
1 0 0 H # 0 1 1 
1 0 0 1 0 0 1 1 
1 S 1 1 G 1 1 1 
p25 P15 T8

Map8
1 1 1 1 1 1 1 1 
1 0 # F # # 0 1 
G # 0 # 0 0 # 1 
1 0 H 0 # 0 0 1 
1 0 0 0 0 1 0 1 
1 1 0 0 1 0 0 1 
1 0 F 0 0 0 1 1 
1 1 S 1 1 1 1 1 
p63 P24 T9

Map8
1 1 1 1 G 1 1 1 
1 1 0 0 0 1 0 1 
1 1 0 0 H 0 0 1 
1 1 0 F 0 0 0 1 
1 1 1 1 0 0 0 S 
1 1 0 0 # 0 0 1 
1 1 1 1 1 1 1 1 
1 1 1 1 1 1 1 1 
p64 T9

Map8
1 1 1 1 1 1 1 1 
1 1 1 S 1 1 1 1 
1 1 F 0 0 0 0 1 
1 1 1 0 H 0 1 1 
1 G 0 1 0 0 0 1 
1 1 0 0 0 0 0 1 
1 1 F 0 1 0 0 1 
1 1 1 1 1 1 1 1 
p42 T12

Map8
1 1 1 1 1 1 1 1 
1 0 # 0 1 # 0 1 
1 F H 0 0 0 0 1 
1 0 F # # 0 0 1 
1 F 1 0 F # 0 1 
1 F 0 H # 0 0 1 
1 0 0 H 0 0 0 G 
1 1 S 1 1 1 1 1 
p31 U34 T9

Map8
1 1 1 1 1 1 G 1 
1 1 1 0 0 0 0 1 
1 1 1 # F 1 H 1 
1 1 0 0 0 0 0 1 
1 1 0 1 H 0 # 1 
1 1 0 # 0 0 0 1 
1 1 1 1 1 1 S 1 
1 1 1 1 1 1 1 1 
p23 P63 T9

Map8
1 1 S 1 1 1 1 1 
1 1 0 0 0 0 1 1 
1 1 0 0 F # 0 1 
1 1 0 0 F 0 F 1 
1 G 0 # 1 F # 1 
1 1 F 0 0 0 0 1 
1 1 1 1 1 1 1 1 
1 1 1 1 1 1 1 1 
p33 P22 T9

Map8
1 1 S 1 1 1 1 1 
1 1 0 0 # # 1 1 
1 1 0 0 0 0 # 1 
1 1 1 1 H 1 0 1 
1 1 0 0 0 0 # 1 
1 1 # 0 F 0 0 1 
1 1 1 1 1 G 1 1 
1 1 1 1 1 1 1 1 
p44 T8

Map8
1 1 1 1 1 1 S 1 
1 0 0 1 1 0 0 1 
1 0 0 0 0 0 0 1 
1 # F 0 # H 0 1 
1 H 0 1 1 0 1 1 
1 F 0 H 1 0 # G 
1 H 0 0 0 # 0 1 
1 1 1 1 1 1 1 1 
p61 T9

Map8
1 1 1 G 1 1 1 1 
1 H 0 0 F 0 1 1 
1 # 0 # 0 0 1 1 
1 0 # 1 0 0 1 1 
1 0 # 0 H 0 1 1 
1 0 1 # 0 0 1 1 
1 1 1 S 1 1 1 1 
1 1 1 1 1 1 1 1 
p42 p53 T8

Map8
1 1 1 1 1 1 1 1 
1 0 F # 1 0 H 1 
1 1 0 0 0 F # 1 
G 0 0 # # 1 1 1 
1 0 0 0 # 1 0 1 
1 1 1 0 0 0 0 1 
1 0 0 0 0 0 0 1 
1 S 1 1 1 1 1 1 
p36 T9

Map8
1 1 1 1 1 1 1 1 
1 1 0 0 F H 0 1 
1 # 0 0 1 0 # 1 
1 1 0 0 0 F 0 1 
1 1 1 0 # F 0 S 
1 0 0 0 # 0 0 1 
1 1 F 0 F 0 1 1 
1 1 1 1 G 1 1 1 
p55 T9

Map8
1 1 1 1 1 1 1 1 
1 S 0 0 0 0 0 1 
1 1 0 0 0 0 0 1 
1 1 1 1 1 0 0 1 
1 1 0 # 1 # F G 
1 1 0 0 0 # 0 1 
1 1 1 1 1 1 1 1 
1 1 1 1 1 1 1 1 
p53 L41 T8

Map8
1 1 1 1 1 1 1 1 
1 0 F 0 0 1 0 1 
1 0 1 0 0 0 # 1 
1 # F 1 # F 0 1 
1 1 0 0 # 1 # 1 
1 0 0 0 0 H F 1 
1 0 # 0 0 0 # 1 
1 G 1 1 1 S 1 1 
p63 R46 T9

Map8
1 1 1 S 1 1 1 1 
1 0 H 0 0 0 1 1 
1 0 1 0 # # 1 1 
1 F F 1 0 # 0 1 
1 1 0 0 F 0 # 1 
1 F H 0 0 # 0 1 
1 0 0 0 1 0 # 1 
1 G 1 1 1 1 1 1 
p65 P24 T10

Map8
1 1 1 1 1 G 1 1 
1 1 1 H 0 0 0 1 
1 0 0 0 0 # # 1 
1 1 # F 1 0 # 1 
1 # F 0 1 F 0 1 
1 # 0 0 0 # F 1 
1 0 0 0 # 1 1 1 
1 S 1 1 1 1 1 1 
p42 p35 T10

Map8
1 1 1 1 1 1 1 1 
1 # 0 0 0 0 0 1 
S 0 0 H # 0 0 1 
1 0 0 1 F 0 1 1 
G F 0 0 F 0 1 1 
1 1 # 0 0 0 0 1 
1 0 0 0 0 0 # 1 
1 1 1 1 1 1 1 1 
p31 U23 T9

Map8
1 1 1 1 1 1 1 1 
1 0 0 # 0 0 # 1 
1 H 0 0 0 H 0 1 
S # # 1 0 0 0 1 
1 0 1 0 0 0 # 1 
1 0 0 0 0 F # 1 
1 1 0 0 # 0 F 1 
1 1 G 1 1 1 1 1 
p51 T10

Map8
1 1 1 1 1 1 1 1 
1 0 0 1 0 0 0 1 
1 0 0 0 # 0 0 1 
1 1 0 H 0 F 0 S 
1 0 F 0 0 0 # 1 
1 H # # # 0 0 1 
1 # # 1 0 0 0 1 
1 G 1 1 1 1 1 1 
p43 D52 T10

Map8
1 1 1 1 G 1 1 1 
1 0 0 # 0 0 0 1 
1 F 0 H # 1 0 1 
1 # 0 F 0 # 0 1 
1 0 0 H 0 # # 1 
1 # H H 0 H 0 1 
1 0 # 0 0 0 1 1 
1 S 1 1 1 1 1 1 
p62 p36 T9

Map8
1 1 1 1 1 1 1 1 
1 1 1 1 1 G 1 1 
1 1 0 0 0 0 F 1 
1 1 0 0 0 0 0 1 
1 1 0 F 0 0 0 1 
1 1 0 F 1 1 0 S 
1 1 0 0 0 F 0 1 
1 1 1 1 1 1 1 1 
p43 p24 T8

Map8
1 1 1 G 1 1 1 1 
1 S # 0 0 0 1 1 
1 1 0 0 0 0 # 1 
1 1 0 0 0 0 0 1 
1 1 0 1 0 0 0 1 
1 1 0 H H 0 1 1 
1 1 1 1 1 1 1 1 
1 1 1 1 1 1 1 1 
p22 T8

Map8
1 1 G S 1 1 1 1 
1 0 0 # # H 0 1 
1 0 0 # 0 0 0 1 
1 0 # 0 0 F # 1 
1 1 1 0 0 # 0 1 
1 0 F F 0 0 0 1 
1 # 1 # 0 0 0 1 
1 1 1 1 1 1 1 1 
p33 p64 T10

Map8
1 1 1 1 1 1 1 1 
1 1 1 G S 1 1 1 
1 1 0 0 # F 0 1 
1 1 0 F # 0 0 1 
1 1 F 0 0 0 1 1 
1 1 0 0 0 0 0 1 
1 1 # F 0 0 0 1 
1 1 1 1 1 1 1 1 
p25 T8

Map8
1 1 1 S 1 1 G 1 
1 1 0 0 H 0 0 1 
1 # 0 1 F F 0 1 
1 0 1 # # 0 # 1 
1 0 # 0 # 0 F 1 
1 1 1 0 0 F 0 1 
1 0 1 0 1 # 0 1 
1 1 1 1 1 1 1 1 
p34 L54 T9

Map8
1 1 1 1 1 1 1 1 
1 0 1 F 0 1 0 1 
1 H 1 0 0 0 1 1 
1 0 F # 1 0 0 S 
1 # 0 0 F 1 0 1 
1 # # # # 0 H 1 
1 H 0 0 0 # 0 1 
1 1 G 1 1 1 1 1 
p34 P13 T9

Map8
1 1 1 1 1 1 1 1 
1 1 1 1 1 1 1 1 
1 0 0 0 0 0 1 1 
1 0 0 0 F 0 G 1 
1 0 0 0 0 F 1 1 
1 0 0 0 0 0 1 1 
1 F 1 0 0 0 1 1 
1 1 1 1 1 S 1 1 
p32 T9

Map8
1 1 1 1 1 1 1 1 
1 1 1 1 1 1 1 1 
1 0 0 0 F 0 S 1 
1 0 0 0 0 0 G 1 
1 0 0 0 0 0 1 1 
1 F 0 0 0 0 1 1 
1 0 1 0 0 0 1 1 
1 1 1 1 1 1 1 1 
p32 T8

Map8
1 1 1 1 1 1 1 1 
1 0 0 0 0 0 F 1 
1 F # # 0 # 0 1 
1 F 0 1 0 H 0 G 
1 1 0 0 # F 0 1 
1 # # F 0 0 0 S 
1 0 0 # # 0 1 1 
1 1 1 1 1 1 1 1 
p23 L64 T9

Map8
1 1 1 1 1 1 1 1 
1 1 # 0 1 # F 1 
1 1 0 # F # 0 1 
1 1 0 # 0 0 0 1 
1 1 0 1 1 0 F 1 
1 1 0 0 1 F 0 1 
1 1 1 S 1 G 1 1 
1 1 1 1 1 1 1 1 
p43 T8

Map8
1 1 1 1 1 1 1 1 
G 0 1 # 0 0 1 1 
1 0 # 0 0 0 0 1 
1 # 0 # # F # 1 
1 F 0 0 0 0 1 1 
1 # 0 1 0 # 0 1 
1 0 H 0 0 0 0 1 
1 1 1 S 1 1 1 1 
p44 T9

Map8
1 1 G 1 1 1 1 1 
1 0 0 0 0 1 H 1 
1 # 0 0 0 F F 1 
1 1 0 0 0 1 0 1 
1 0 0 # 0 0 0 1 
1 1 # H H 1 0 S 
1 0 1 H 1 H 0 1 
1 1 1 1 1 1 1 1 
p44 P63 T9

Map8
1 1 1 1 1 1 1 1 
G # 0 H 0 0 1 1 
1 0 0 # 0 0 1 1 
1 0 0 H 0 1 1 1 
1 1 0 # 0 # 1 1 
1 1 # 0 0 0 1 1 
1 1 1 S 1 1 1 1 
1 1 1 1 1 1 1 1 
p35 R24 T9

Map8
1 1 1 1 1 1 1 1 
1 G 1 1 1 1 1 1 
1 F 0 1 0 0 1 1 
1 F 0 0 0 0 1 1 
1 0 0 0 0 H 1 1 
1 0 F 0 0 H 1 1 
1 0 0 0 0 F 1 1 
1 1 S 1 1 1 1 1 
p24 T8

Map8
1 1 1 G 1 1 1 1 
1 H 0 0 0 # 0 1 
1 # 0 0 0 # 0 1 
1 0 1 0 F F # 1 
1 0 0 0 1 0 0 1 
1 0 0 0 0 # 0 1 
1 0 0 1 1 0 0 1 
1 1 1 1 1 S 1 1 
p61 T10

Map8
1 1 G 1 1 1 1 1 
1 0 # 0 1 0 0 1 
1 H 0 0 0 # 0 1 
1 0 # 0 # 0 0 1 
1 0 0 0 0 1 F 1 
1 0 F 0 0 0 1 1 
1 0 0 0 0 F 0 1 
1 S 1 1 1 1 1 1 
p33 R13 T9

Map8
1 1 1 1 1 1 1 1 
1 0 0 0 # F # 1 
1 F 0 0 0 H 0 1 
1 0 # 0 0 0 1 1 
1 0 # F 0 0 1 1 
G 0 # 1 0 0 0 1 
1 0 1 H 1 # # S 
1 1 1 1 1 1 1 1 
p31 T9

Map8
1 1 1 1 1 1 1 1 
1 1 1 1 1 G 1 1 
1 1 # # F 0 1 1 
1 # 1 F 0 1 1 1 
1 0 0 # 0 1 1 1 
1 0 F 0 0 0 1 1 
1 0 0 F 0 F S 1 
1 1 1 1 1 1 1 1 
p24 p15 T8

Map8
1 1 1 1 1 1 1 1 
1 H 0 1 0 0 0 S 
1 # 0 0 # # 0 1 
1 # H 0 F 0 0 1 
1 0 0 0 0 1 0 1 
1 0 0 F F 0 0 G 
1 0 0 0 0 H F 1 
1 1 1 1 1 1 1 1 
p61 p14 T9

Map8
1 1 1 1 1 1 1 1 
1 1 1 1 1 1 1 1 
1 0 # 0 H 0 G 1 
1 0 0 0 0 0 1 1 
1 0 0 1 0 F S 1 
1 0 1 0 0 0 1 1 
1 # 0 0 0 0 1 1 
1 1 1 1 1 1 1 1 
p14 T8

Map8
1 1 1 1 1 1 1 1 
1 0 H F 0 0 0 G 
1 H 1 0 0 H # 1 
1 F 0 0 0 0 1 1 
1 F 0 F 0 0 1 1 
1 0 0 # 0 # 0 1 
1 # 0 # 1 0 0 S 
1 1 1 1 1 1 1 1 
p33 P15 T9

Map8
1 S 1 1 1 1 1 1 
1 F 1 0 0 0 # G 
1 # F # 0 0 1 1 
1 # 1 0 0 1 F 1 
1 0 0 1 # 0 0 1 
1 1 0 # 0 # # 1 
1 F 0 H F 0 0 1 
1 1 1 1 1 1 1 1 
p45 P26 T9

Map8
1 1 1 1 1 1 S 1 
1 1 1 1 # 0 0 1 
1 0 0 0 0 0 0 1 
1 # 0 0 0 0 H 1 
1 F 0 F 1 0 0 1 
1 # 0 0 0 0 # G 
1 0 # 0 0 0 0 1 
1 1 1 1 1 1 1 1 
p54 P62 T9

Map8
1 1 1 1 1 1 1 1 
1 1 1 G 1 S 1 1 
1 H 0 0 1 0 1 1 
1 0 # 0 0 0 1 1 
1 0 0 1 0 0 1 1 
1 1 0 1 # 0 1 1 
1 0 0 # 0 0 1 1 
1 1 1 1 1 1 1 1 
p52 T8

Map8
1 1 1 1 1 1 1 1 
1 1 1 1 1 1 1 1 
1 F 0 0 1 1 1 1 
1 0 0 0 0 1 1 1 
1 0 0 0 # # 1 1 
G F 0 F 0 0 1 1 
1 # 0 0 1 # 1 1 
1 1 1 1 1 S 1 1 
p34 T9

Map8
1 1 1 1 1 1 1 1 
1 0 0 0 1 F 0 1 
1 1 1 0 0 0 # 1 
1 1 0 0 # 0 0 1 
1 # 0 # F 0 1 1 
1 1 H F 0 0 # G 
1 # 1 0 # 0 0 1 
1 1 1 S 1 1 1 1 
p33 T9

Map8
1 1 1 1 1 1 1 1 
1 1 1 0 0 0 0 1 
1 0 0 1 0 0 0 1 
1 0 0 0 # F F 1 
1 0 0 # 1 0 F 1 
1 0 0 0 H 0 # 1 
1 F 0 H 0 0 0 S 
1 1 G 1 1 1 1 1 
p51 P46 T9

Map8
1 1 1 1 1 S 1 1 
1 # 0 F # 0 0 1 
1 # 0 0 0 1 0 1 
1 1 0 0 0 0 1 1 
G 0 0 0 0 H 1 1 
1 # 0 F 0 0 # 1 
1 0 0 0 F 0 1 1 
1 1 1 1 1 1 1 1 
p22 T9

Map8
1 1 1 1 1 1 1 1 
1 1 1 1 1 1 1 1 
1 0 # F H 1 1 1 
1 0 # 0 0 0 1 1 
S 0 # F H F 1 1 
1 # 0 0 0 0 1 1 
1 H # 0 0 1 1 1 
1 1 1 1 G 1 1 1 
p14 U25 T9

Map8
1 1 1 1 1 1 1 1 
1 1 1 1 1 1 1 1 
1 1 0 # 0 0 H 1 
1 1 0 0 0 0 0 1 
1 1 0 0 0 0 0 1 
1 S # 0 F 0 0 1 
1 1 0 0 0 0 # 1 
1 1 1 1 1 G 1 1 
p43 p24 T8

Map8
1 1 1 1 1 1 1 1 
1 S 1 1 1 1 1 1 
1 0 0 F # # 1 1 
1 0 H 1 0 0 1 1 
1 0 H 0 0 1 1 1 
1 0 1 F 0 0 1 1 
1 0 F 1 # F 1 1 
1 1 1 1 1 G 1 1 
p44 T9

Map8
1 G 1 1 1 1 1 1 
1 0 0 F 1 0 1 1 
1 1 0 # 0 0 1 1 
1 H F H 1 0 0 1 
1 0 0 0 0 F H 1 
S 0 1 1 0 # H 1 
1 0 0 # 0 0 0 1 
1 1 1 1 1 1 1 1 
p53 p46 T10

Map8
1 1 1 S 1 1 1 1 
1 1 0 # 1 F 0 1 
1 0 # 1 # F 0 1 
1 0 0 0 F # 0 1 
1 1 0 0 H 0 0 1 
1 0 # 0 1 0 0 1 
1 # # H 0 0 0 1 
1 1 1 1 1 G 1 1 
p64 T12

Map8
1 1 S 1 1 1 1 1 
1 0 0 0 F F 1 1 
1 F 1 1 1 F 1 1 
1 0 0 F 0 0 G 1 
1 0 0 0 0 # 1 1 
1 0 F # 0 0 1 1 
1 1 1 1 1 1 1 1 
1 1 1 1 1 1 1 1 
p13 p34 T8

Map8
1 1 1 1 1 1 1 1 
S 0 0 0 0 H 0 1 
1 0 0 0 0 0 0 1 
1 0 0 0 1 0 # 1 
1 1 H 0 0 H 0 1 
1 0 # 0 0 F 0 1 
G 0 1 F 0 F # 1 
1 1 1 1 1 1 1 1 
p64 L31 T10

Map8
1 1 1 S 1 G 1 1 
1 # 0 # 1 0 0 1 
1 0 # 0 0 0 # 1 
1 0 # F 0 1 0 1 
1 0 F H 0 0 F 1 
1 0 0 0 1 F 0 1 
1 0 H 0 0 0 0 1 
1 1 1 1 1 1 1 1 
p12 P32 T10

Map8
1 1 1 1 1 1 1 1 
1 1 0 0 0 0 0 1 
S 0 0 1 0 0 0 1 
1 F H 0 0 # 0 1 
1 0 0 0 0 0 F 1 
1 0 0 # 0 0 0 1 
1 # 0 F 0 0 0 1 
1 1 G 1 1 1 1 1 
p15 P14 T9

Map8
1 1 G 1 1 1 1 1 
1 0 0 1 0 0 0 1 
1 0 # # 0 # 1 1 
1 0 F # 0 0 0 1 
1 F H F 1 F 1 1 
1 0 0 1 1 0 1 1 
S 0 0 F 0 0 # 1 
1 1 1 1 1 1 1 1 
p46 T9

Map8
1 1 1 1 1 1 1 1 
1 1 1 S 1 1 1 1 
1 1 1 0 0 0 0 1 
1 1 0 1 H F 0 1 
1 1 F 0 0 0 1 1 
1 1 0 0 0 0 H 1 
1 G 0 1 H 0 F 1 
1 1 1 1 1 1 1 1 
p42 p54 T8

Map8
1 1 1 1 1 1 1 1 
1 0 # 1 F H 1 1 
G 0 # H 1 0 1 1 
1 1 0 0 # 0 1 1 
S F 0 0 # 0 1 1 
1 0 0 F 0 0 1 1 
1 1 1 1 1 1 1 1 
1 1 1 1 1 1 1 1 
p34 T8

Map8
1 1 G 1 1 S 1 1 
1 F 0 0 0 0 0 1 
1 0 # 0 0 0 0 1 
1 0 F H 0 0 0 1 
1 0 0 0 0 F 0 1 
1 H 1 0 # # H 1 
1 0 0 0 0 1 0 1 
1 1 1 1 1 1 1 1 
p32 p43 T9

Map8
1 1 1 1 1 1 1 1 
G 0 1 # 0 1 1 1 
1 0 0 0 0 # 0 1 
1 F 0 0 1 F 0 1 
1 0 1 0 0 0 0 1 
1 1 0 0 0 H 0 S 
1 1 0 0 0 # # 1 
1 1 1 1 1 1 1 1 
p46 D64 T9

Map8
1 1 1 1 1 1 1 1 
1 1 1 1 G 1 1 1 
S 0 0 # 0 F 1 1 
1 0 0 # # 0 1 1 
1 1 H # 0 H 1 1 
1 0 0 0 0 1 1 1 
1 0 0 0 # 0 1 1 
1 1 1 1 1 1 1 1 
p23 P22 T9

Map8
1 1 1 1 1 1 1 1 
1 0 F 1 1 0 1 1 
1 0 F F 0 0 S 1 
1 0 F 0 0 0 G 1 
1 F 0 F # 1 1 1 
1 0 # 0 0 0 1 1 
1 1 1 1 1 1 1 1 
1 1 1 1 1 1 1 1 
p35 T8

Map8
1 1 1 1 G 1 1 1 
1 F 0 0 0 1 0 1 
1 0 F 1 H # 0 1 
1 1 0 # 0 0 0 1 
1 1 0 1 0 0 0 S 
1 0 0 # 0 0 # 1 
1 0 1 0 0 # 0 1 
1 1 1 1 1 1 1 1 
p64 T9

Map8
1 1 1 1 1 1 1 1 
1 0 0 0 0 0 # 1 
1 0 0 # F 0 # 1 
S 0 0 1 1 # H 1 
1 0 0 1 0 F 0 1 
1 1 1 0 0 0 0 1 
1 0 F 0 0 1 0 1 
1 1 1 1 G 1 1 1 
p41 T9

Map8
1 1 1 1 1 1 1 1 
1 # F 0 H 0 0 1 
1 0 H H 0 0 0 G 
1 1 H 0 F 0 F 1 
1 # # 0 0 0 0 1 
1 0 1 0 F F 0 S 
1 0 0 0 H 0 0 1 
1 1 1 1 1 1 1 1 
p53 p44 T9

Map8
1 1 1 1 1 S 1 1 
1 0 0 # 0 0 0 1 
1 1 0 F 0 F 0 1 
1 # # 0 0 0 1 1 
1 1 0 1 0 0 0 1 
1 0 0 1 H # 1 1 
G # 1 0 # 0 0 1 
1 1 1 1 1 1 1 1 
p43 p53 T10

Map8
1 1 1 1 1 1 1 1 
1 1 H 0 H H 0 1 
1 G 0 0 0 0 0 1 
1 1 1 0 0 0 1 1 
1 S 0 0 0 F 0 1 
1 1 0 F 0 0 0 1 
1 1 1 1 1 1 1 1 
1 1 1 1 1 1 1 1 
p33 p44 T8

Map8
1 1 1 1 1 1 1 1 
1 0 0 F 0 F 0 1 
1 1 0 0 1 0 0 1 
1 1 0 0 0 0 F 1 
1 0 1 0 0 # 0 1 
1 0 0 # H 0 0 1 
1 1 0 0 # 1 0 S 
1 1 1 1 G 1 1 1 
p21 P11 T9

Map8
1 1 1 1 1 1 1 1 
1 1 0 # # 0 H 1 
1 0 0 1 F 0 H 1 
G 0 0 1 0 0 0 1 
1 H 0 H F 1 1 1 
S # 1 1 # 0 H 1 
1 0 0 0 0 0 0 1 
1 1 1 1 1 1 1 1 
p22 p36 T9

Map8
1 1 1 1 1 1 1 1 
1 # 0 1 F 0 F G 
1 0 # 0 1 # 0 1 
1 # 1 0 0 0 0 1 
S 0 0 0 # H 1 1 
1 0 # F 0 0 F 1 
1 # 0 F # H 0 1 
1 1 1 1 1 1 1 1 
p43 P34 T11

Map8
1 S 1 1 1 1 1 1 
1 0 0 H # 0 0 1 
1 0 # 0 0 0 F 1 
1 1 1 1 H 0 F 1 
1 0 0 F 0 0 0 1 
1 0 1 0 0 # 0 1 
1 0 0 0 F 0 0 1 
1 1 1 1 G 1 1 1 
p54 D51 T9

Map8
1 1 1 1 1 1 1 1 
1 1 1 1 1 S 1 1 
1 # 0 0 # # 1 1 
1 1 0 0 F 0 1 1 
1 F 0 0 0 # 1 1 
1 F 0 0 0 1 1 1 
1 1 0 0 # 0 1 1 
1 1 1 1 G 1 1 1 
p32 p24 T8

Map8
1 1 1 1 1 1 1 1 
1 1 F F 0 # 0 1 
1 0 0 0 0 0 F 1 
1 1 0 0 0 H H 1 
1 0 # 0 0 # 0 1 
1 0 # 0 # 0 0 1 
G 0 1 # 0 0 0 S 
1 1 1 1 1 1 1 1 
p44 p56 T9

Map8
1 1 1 1 1 1 1 1 
1 1 1 1 1 1 1 1 
1 1 0 0 0 0 S 1 
G 0 0 0 1 0 1 1 
1 1 F 0 0 0 1 1 
1 H 1 0 0 # 1 1 
1 0 0 0 0 0 1 1 
1 1 1 1 1 1 1 1 
p34 p54 T8

Map8
1 1 1 1 1 1 1 1 
1 0 0 # 0 0 0 1 
S F # 1 0 H 0 1 
1 0 1 0 1 # 0 1 
1 1 # # 0 # 0 1 
1 0 0 0 0 F 0 G 
1 F 0 # # 1 H 1 
1 1 1 1 1 1 1 1 
p44 L64 T10

Map8
1 S 1 1 1 1 1 1 
1 0 0 0 0 0 0 1 
1 1 0 0 0 0 0 G 
1 0 0 0 0 0 H 1 
1 0 F 0 # # F 1 
1 0 # 0 0 1 0 1 
1 0 # 0 1 H 1 1 
1 1 1 1 1 1 1 1 
p31 T9

Map8
1 1 1 1 1 1 1 1 
1 H # 1 0 0 # 1 
1 0 0 0 0 0 0 1 
1 0 0 0 0 0 1 1 
1 # 0 F 0 # 1 1 
1 0 0 F 1 0 0 1 
1 0 0 F # # 0 1 
1 1 G 1 S 1 1 1 
p32 T10

Map8
1 1 1 1 1 1 1 1 
S # F 0 0 0 # 1 
1 # 0 0 0 H 0 1 
1 0 F H 0 # F 1 
1 0 H 0 F 0 0 1 
1 0 0 # 1 H 1 1 
1 1 0 0 # # 0 1 
1 1 G 1 1 1 1 1 
p31 P43 T9

Map8
1 1 1 1 1 1 1 1 
1 0 1 0 0 # # 1 
1 0 0 0 0 0 0 G 
1 F 0 H H # 0 1 
1 0 0 0 F 0 0 1 
1 0 0 1 1 0 1 1 
1 0 H 0 # # 0 1 
1 1 1 1 S 1 1 1 
p34 P66 T9

Map8
1 1 1 1 1 1 1 1 
1 0 0 0 # 0 0 1 
1 0 0 0 1 H F S 
1 H 0 0 0 0 0 1 
1 0 1 0 0 F 0 G 
1 F 0 0 0 0 0 1 
1 # 0 # 0 0 0 1 
1 1 1 1 1 1 1 1 
p31 U63 T9

Map8
1 1 G 1 1 S 1 1 
1 1 0 0 H 0 0 1 
1 1 H # # 0 1 1 
1 1 0 0 0 0 0 1 
1 1 0 1 # # F 1 
1 1 0 0 0 0 # 1 
1 1 1 1 1 1 1 1 
1 1 1 1 1 1 1 1 
p43 T8

Map8
1 1 1 1 1 1 1 1 
1 0 0 0 0 0 1 1 
1 0 # # 0 H 1 1 
1 0 F 0 # 0 H 1 
1 0 H 0 0 0 0 1 
S 0 # 1 0 F 0 1 
1 H 0 0 # 0 # 1 
1 1 1 1 1 G 1 1 
p21 p44 T9

Map8
1 1 1 1 1 1 1 1 
1 1 1 1 1 1 1 1 
1 0 0 1 0 0 1 1 
1 1 # # 1 F 1 1 
S 0 1 0 0 0 1 1 
1 0 H 0 0 0 G 1 
1 0 0 0 0 0 1 1 
1 1 1 1 1 1 1 1 
p36 T8

Map8
1 1 1 1 1 1 1 1 
1 0 1 # 1 0 1 1 
1 H 1 0 H 0 0 1 
1 1 # # 0 0 # 1 
1 0 0 0 0 F 1 1 
S 0 1 0 F 0 # G 
1 H # H # 0 0 1 
1 1 1 1 1 1 1 1 
p43 P34 T10

Map8
1 1 1 1 1 1 1 1 
1 1 0 0 1 0 0 1 
1 0 # 0 0 F H 1 
1 0 0 1 F 0 1 1 
1 0 0 F 0 0 0 1 
1 0 # 0 1 # 1 1 
1 0 0 1 0 0 0 1 
1 1 S 1 1 1 G 1 
p44 p15 T10

Map8
1 1 1 1 1 1 1 1 
1 F # # F 1 0 S 
1 F 1 0 0 # 0 1 
1 0 1 1 0 0 0 1 
G F 0 1 0 1 0 1 
1 0 # # 0 0 # 1 
1 1 # 0 H 0 0 1 
1 1 1 1 1 1 1 1 
p64 p45 T9

Map8
1 1 1 1 1 1 1 1 
1 0 0 0 0 0 0 1 
1 # 1 F 0 # F S 
1 1 0 0 0 F 0 1 
1 0 0 # 0 F 0 1 
1 0 0 0 H 0 0 1 
1 0 0 0 1 F 0 G 
1 1 1 1 1 1 1 1 
p41 U43 T9

Map8
1 1 1 1 1 1 S 1 
1 1 0 0 0 0 0 1 
1 0 0 # 0 1 0 1 
1 1 0 0 0 # # 1 
1 0 0 0 0 F # 1 
1 0 F # 0 0 0 1 
G # 1 H 0 0 # 1 
1 1 1 1 1 1 1 1 
p51 p43 T9

Map8
1 1 1 1 1 1 1 1 
S F 0 # 1 1 H 1 
1 0 0 # 0 0 0 1 
1 0 0 # 0 0 # 1 
1 0 0 1 0 1 0 1 
1 1 0 # 0 0 1 1 
1 F # 0 0 0 # 1 
1 1 1 1 1 G 1 1 
p24 T9

Map8
1 1 1 1 1 1 G 1 
1 0 0 1 # H # 1 
1 # 0 0 1 0 0 1 
1 0 1 0 0 1 0 1 
S 0 1 0 H 0 0 1 
1 # 0 0 0 0 0 1 
1 F # 0 1 F 1 1 
1 1 1 1 1 1 1 1 
p34 T9

Map8
1 1 1 1 1 S 1 1 
1 1 0 # 0 0 1 1 
1 0 0 0 1 0 1 1 
1 0 0 1 H # 1 1 
1 # H 0 0 0 1 1 
G 0 0 1 0 0 1 1 
1 1 1 1 1 1 1 1 
1 1 1 1 1 1 1 1 
p41 T8

Map8
1 1 1 1 1 1 1 1 
1 1 1 1 1 1 1 1 
1 1 0 F F F 0 1 
1 S 0 # 0 0 0 1 
1 1 1 1 # 0 F 1 
1 1 0 0 F 0 1 1 
1 1 0 0 0 F 0 1 
1 1 G 1 1 1 1 1 
p53 T8

Map8
1 1 1 1 1 1 1 1 
1 # 0 0 1 F 0 1 
1 1 # 0 # 0 0 1 
1 F 0 H F 1 F 1 
1 1 0 1 0 0 0 1 
S 0 0 1 # 0 0 G 
1 H 0 0 1 0 0 1 
1 1 1 1 1 1 1 1 
p23 T10

Map8
1 1 1 1 1 1 1 1 
1 0 0 H 1 0 1 1 
1 0 0 # 0 0 1 1 
1 # 0 F 1 0 0 1 
G # H # H F 1 1 
1 0 0 0 1 0 0 1 
1 0 F # # 0 0 1 
1 1 S 1 1 1 1 1 
p53 R15 T10

Map8
1 1 G 1 1 1 1 1 
1 # F 1 H 0 0 1 
1 1 0 1 F 1 # 1 
1 # 0 0 F 0 1 1 
1 0 0 1 0 0 # 1 
1 0 0 H 0 H 0 1 
1 # 0 F 0 1 0 S 
1 1 1 1 1 1 1 1 
p15 T9

Map8
1 1 1 1 1 1 1 1 
1 1 1 G 1 1 1 1 
1 F 1 F 0 0 1 1 
1 F # 0 0 F 1 1 
1 0 0 0 0 0 1 1 
1 0 0 0 0 0 1 1 
1 0 0 1 0 0 1 1 
1 1 1 1 S 1 1 1 
p43 T11

Map8
1 1 1 1 1 S 1 1 
1 # 0 H 0 # # 1 
1 0 F 0 0 0 0 G 
1 F 0 1 0 0 0 1 
1 # 0 F 0 0 0 1 
1 F 1 H # 0 1 1 
1 # # 0 0 1 0 1 
1 1 1 1 1 1 1 1 
p43 T10

Map8
1 1 1 1 1 1 1 1 
1 1 1 1 1 1 S 1 
1 1 0 1 F 1 F 1 
1 1 1 0 0 0 0 1 
1 1 H F 0 0 1 1 
1 1 0 0 0 F 0 1 
1 G 0 H 0 0 0 1 
1 1 1 1 1 1 1 1 
p53 T9

Map8
1 1 1 1 1 1 S 1 
1 0 F H 0 0 # 1 
1 0 # 0 0 F # 1 
1 0 0 0 0 0 0 1 
1 0 0 0 0 1 0 1 
1 1 F # F 0 0 1 
1 0 # 0 # 0 0 1 
1 1 1 G 1 1 1 1 
p44 p56 T9

Map8
1 1 1 1 1 1 1 1 
1 1 0 # 1 0 0 1 
1 1 0 0 0 0 0 1 
1 1 F 0 0 0 0 1 
1 G 0 0 F 1 0 S 
1 1 F 0 1 1 0 1 
1 1 1 1 1 1 1 1 
1 1 1 1 1 1 1 1 
p33 p63 T9

Map8
1 1 1 1 1 1 1 1 
1 1 G 1 1 1 1 1 
1 F # # 0 0 1 1 
1 0 0 0 1 0 1 1 
1 # 0 0 0 1 1 1 
1 0 0 0 0 0 1 1 
S 0 1 # 0 0 1 1 
1 1 1 1 1 1 1 1 
p15 D13 T8

Map8
1 1 1 1 1 1 1 1 
1 F 1 0 0 0 # 1 
1 0 0 0 1 1 0 1 
1 0 F 1 0 0 # 1 
1 0 F 0 0 0 F S 
1 # 0 # 0 0 0 1 
1 0 # 0 H H F 1 
1 1 1 G 1 1 1 1 
p14 U45 T10

Map8
1 1 1 1 S 1 1 1 
1 1 0 0 0 0 0 1 
1 1 H 0 # 0 0 1 
1 1 1 H 1 0 0 1 
1 G # # # # 0 1 
1 1 1 1 0 0 H 1 
1 1 1 1 1 1 1 1 
1 1 1 1 1 1 1 1 
p41 T8

Map8
1 1 1 1 1 1 1 1 
1 1 0 0 1 0 1 1 
1 0 0 F 0 # 1 1 
1 0 0 F 1 0 1 1 
1 0 F # # 0 1 1 
1 # 1 F 0 0 1 1 
1 1 1 S 1 G 1 1 
1 1 1 1 1 1 1 1 
p13 P23 T8

Map8
1 1 1 1 1 1 1 1 
1 1 1 1 1 1 1 1 
S 0 0 # 1 # 1 1 
1 1 0 0 0 0 G 1 
1 0 0 0 0 1 1 1 
1 0 0 0 0 0 1 1 
1 0 0 F # 0 1 1 
1 1 1 1 1 1 1 1 
p12 T8

Map8
1 1 1 1 1 1 1 1 
1 1 0 0 0 0 1 1 
1 1 1 0 0 0 0 1 
1 1 0 0 0 0 0 1 
1 G 0 0 1 0 0 1 
1 1 # 0 0 0 0 1 
1 1 1 1 1 S 1 1 
1 1 1 1 1 1 1 1 
p33 T8

Map8
1 1 1 1 1 1 1 1 
1 # 0 1 H 0 F G 
1 0 0 # 0 0 1 1 
1 # 0 F 0 0 0 1 
1 # 0 0 0 0 0 1 
1 0 0 H # H 0 1 
1 0 F F 1 0 # S 
1 1 1 1 1 1 1 1 
p23 T10

Map8
1 1 1 1 S 1 1 1 
1 1 0 0 F 0 # 1 
G 0 0 0 F # # 1 
1 H 0 1 0 0 1 1 
1 1 0 0 1 F 0 1 
1 # 0 0 0 F H 1 
1 0 1 1 # 0 F 1 
1 1 1 1 1 1 1 1 
p35 P21 T9

Map8
1 1 1 1 1 1 1 1 
1 0 0 0 0 H 0 1 
S # 0 # 0 0 H 1 
1 1 0 0 0 # 1 1 
1 F 1 # F 0 F 1 
1 0 0 H 1 0 0 1 
1 F F 0 # 0 0 1 
1 1 1 1 1 1 G 1 
p31 P42 T9

Map8
1 1 1 1 1 1 1 1 
1 0 0 0 1 0 0 1 
1 0 1 0 0 # # 1 
1 # 0 F 1 F 1 1 
1 H 1 0 # F 1 1 
1 0 0 # 1 # F S 
1 H F # # H H 1 
1 1 G 1 1 1 1 1 
p34 P15 T9

Map8
1 1 1 1 1 1 1 1 
1 1 1 S 1 1 G 1 
1 1 0 F 0 0 0 1 
1 1 0 0 H 0 1 1 
1 1 0 1 0 0 0 1 
1 1 0 0 0 0 0 1 
1 1 0 # 0 1 0 1 
1 1 1 1 1 1 1 1 
p24 p45 T9

Map8
1 1 1 1 1 1 1 1 
1 1 1 G 1 1 1 1 
1 S F # 0 0 # 1 
1 1 0 0 0 0 0 1 
1 1 0 0 0 # 0 1 
1 1 0 0 # F F 1 
1 1 0 0 1 0 0 1 
1 1 1 1 1 1 1 1 
p52 T8

Map8
1 1 1 1 1 G 1 1 
1 0 0 0 H 0 0 1 
1 0 0 F 0 # 1 1 
1 0 0 H 0 0 # 1 
1 0 0 0 0 0 0 1 
1 1 0 0 0 1 0 1 
1 0 0 F 0 0 # 1 
1 S 1 1 1 1 1 1 
p13 p65 T9

Map8
1 1 G 1 1 1 1 1 
1 0 0 1 1 H 0 1 
1 # 0 0 0 0 0 1 
1 0 0 0 1 0 F 1 
1 # 1 F 0 0 F 1 
1 H F 0 0 0 0 S 
1 0 # # 0 0 F 1 
1 1 1 1 1 1 1 1 
p46 P45 T9

Map8
1 1 1 1 1 S 1 1 
1 0 0 0 0 # 0 1 
1 1 H 0 0 0 0 1 
1 1 # # # 0 H 1 
G 0 1 0 F F H 1 
1 0 0 0 # 1 0 1 
1 1 0 0 1 # # 1 
1 1 1 1 1 1 1 1 
p41 P52 T9

Map8
1 1 S 1 1 1 1 1 
1 0 0 0 0 0 0 1 
1 1 1 0 0 F F G 
1 0 0 # # # 0 1 
1 # F H 0 0 0 1 
1 F # 0 1 0 0 1 
1 0 0 0 0 0 0 1 
1 1 1 1 1 1 1 1 
p31 p23 T12

Map8
1 1 1 1 1 1 1 1 
1 0 0 F 0 0 0 1 
1 H 0 0 0 0 0 S 
1 0 0 1 0 H 0 1 
G F 0 0 1 0 0 1 
1 0 0 0 # 0 0 1 
1 # F 1 0 0 # 1 
1 1 1 1 1 1 1 1 
p35 U23 T9

Map8
1 1 1 1 1 1 1 1 
1 # 1 0 0 0 0 1 
1 0 0 # # 1 H 1 
1 H 0 0 0 0 0 1 
1 F 0 F H # 0 S 
G 0 0 # 0 0 0 1 
1 1 # 0 0 0 0 1 
1 1 1 1 1 1 1 1 
p36 U55 T10

Map8
1 1 1 1 1 1 1 1 
1 1 0 0 1 0 0 S 
1 G F 0 1 0 0 1 
1 1 # 0 0 1 0 1 
1 1 0 0 # 0 0 1 
1 1 0 0 0 0 0 1 
1 1 1 1 1 1 1 1 
1 1 1 1 1 1 1 1 
p33 p45 T8

Map8
1 1 1 1 1 1 1 1 
1 0 0 0 0 # 1 1 
1 0 F H 0 0 1 1 
1 F 0 0 0 # 1 1 
1 0 1 1 0 0 G 1 
S 0 0 # # # 1 1 
1 1 1 1 1 1 1 1 
1 1 1 1 1 1 1 1 
p31 p43 T8

Map8
1 1 1 1 1 S 1 1 
1 0 0 0 0 0 1 1 
1 F H 0 H 0 # 1 
1 # 0 0 0 # 1 1 
G 0 # # 0 F # 1 
1 # 0 1 0 0 # 1 
1 0 0 F 0 1 0 1 
1 1 1 1 1 1 1 1 
p21 T9

Map8
1 1 1 1 1 1 1 1 
1 # 0 0 0 0 1 1 
1 0 0 # 0 H 1 1 
G 0 0 0 0 # 1 1 
S 0 # 0 F # 1 1 
1 0 0 0 0 0 1 1 
1 1 1 1 1 1 1 1 
1 1 1 1 1 1 1 1 
p21 p34 T8

Map8
1 1 1 1 1 1 1 1 
1 1 0 0 # 1 0 1 
1 1 1 0 0 0 0 1 
1 1 0 H 0 0 0 1 
1 1 0 H 0 H 0 S 
1 1 1 0 0 0 0 1 
1 1 1 1 1 G 1 1 
1 1 1 1 1 1 1 1 
p61 U65 T8

Map8
1 1 1 1 1 1 1 1 
1 1 1 1 1 1 1 1 
1 1 0 0 0 0 1 1 
1 1 0 H 1 0 # 1 
1 S 0 0 0 0 1 1 
1 1 0 0 # 0 0 1 
1 1 # 0 0 H 0 G 
1 1 1 1 1 1 1 1 
p24 T8

Map8
1 1 1 1 1 1 1 1 
1 1 1 1 1 1 1 1 
1 F 0 0 0 0 1 1 
S 0 # 0 1 0 1 1 
1 0 F 1 1 F 1 1 
1 0 0 F 0 1 1 1 
1 0 H H 0 0 1 1 
1 1 1 1 1 G 1 1 
p14 T8

Map8
1 1 G 1 1 1 1 1 
1 0 0 1 H # 1 1 
1 0 1 # 0 # 0 S 
1 0 0 0 0 # 1 1 
1 0 0 F 1 0 0 1 
1 F 0 # 0 0 1 1 
1 1 F 0 0 0 0 1 
1 1 1 1 1 1 1 1 
p54 p46 T10

Map8
1 1 1 1 1 1 1 1 
1 0 0 H 0 H 0 1 
1 0 0 0 0 0 0 1 
1 # 0 F 0 1 # G 
1 0 0 1 # 0 1 1 
1 1 0 F 1 0 0 1 
1 0 H 0 0 1 0 1 
1 1 1 1 1 1 S 1 
p43 T9

Map8
1 1 S 1 1 1 1 1 
1 1 0 F 0 0 H 1 
1 0 # H # 0 # 1 
1 0 1 0 1 0 F 1 
1 H H 0 F 0 0 1 
1 F H 1 0 # 0 1 
1 0 F 0 0 # 0 1 
1 1 1 1 G 1 1 1 
p64 P51 T9

Map8
1 S 1 1 1 1 1 1 
1 0 0 0 0 0 0 1 
1 # H 0 0 0 0 1 
1 1 0 F 0 0 F 1 
1 H 0 0 0 F 0 1 
1 # 0 H 0 0 0 1 
1 F 1 0 0 # # 1 
1 G 1 1 1 1 1 1 
p31 P44 T9

Map8
1 1 1 1 1 1 S 1 
1 # # 0 0 F 0 1 
1 F # 0 0 1 0 1 
1 F # 1 0 1 0 1 
1 1 F 0 # 1 # 1 
1 1 H 0 0 F # 1 
1 0 0 0 0 0 1 1 
1 G 1 1 1 1 1 1 
p41 T9

Map8
1 1 1 1 G 1 1 1 
1 1 0 0 0 # F 1 
1 1 0 0 0 0 F 1 
1 1 1 0 0 # 0 1 
1 1 1 0 0 0 1 1 
1 1 0 F 0 # 0 1 
1 1 S 1 1 1 1 1 
1 1 1 1 1 1 1 1 
p52 p45 T8

Map8
1 1 1 1 1 G 1 1 
1 S 0 0 1 0 0 1 
1 1 0 1 1 H 0 1 
1 1 0 0 0 0 0 1 
1 1 # 0 # 0 # 1 
1 1 0 0 0 # H 1 
1 1 1 1 1 1 1 1 
1 1 1 1 1 1 1 1 
p22 T8

Map8
1 S 1 G 1 1 1 1 
1 F 1 0 # 0 F 1 
1 0 0 F # F 1 1 
1 1 0 0 # 0 0 1 
1 0 0 0 0 0 0 1 
1 0 0 0 0 0 0 1 
1 0 0 H 0 0 0 1 
1 1 1 1 1 1 1 1 
p54 D51 T9

Map8
1 1 1 1 1 G 1 1 
1 1 0 1 F 0 0 1 
1 1 0 0 0 0 0 1 
1 1 H 0 0 0 0 1 
1 1 0 0 0 1 0 1 
1 1 0 1 1 0 0 1 
1 1 1 1 1 1 S 1 
1 1 1 1 1 1 1 1 
p42 p63 T9

Map8
1 1 1 1 1 1 1 1 
1 1 F # 0 0 F S 
1 1 F 0 1 F 0 1 
1 1 # 0 0 0 1 1 
1 1 H 0 1 1 0 G 
1 1 0 0 F F # 1 
1 1 1 1 1 1 1 1 
1 1 1 1 1 1 1 1 
p43 P41 T8

Map8
1 1 1 1 1 1 1 1 
1 1 1 1 S 1 1 1 
1 1 F 0 # 0 0 1 
1 1 1 0 0 1 # 1 
1 1 # # 1 F 0 1 
1 1 0 0 0 F 0 1 
1 1 0 # F F 0 1 
1 1 1 1 G 1 1 1 
p64 p35 T12

Map8
1 1 1 1 1 S 1 1 
1 0 0 # F 0 1 1 
1 F F 0 0 0 1 1 
1 0 F 0 0 0 1 1 
1 0 F 0 0 0 1 1 
1 0 0 0 F 0 1 1 
1 1 1 1 G 1 1 1 
1 1 1 1 1 1 1 1 
p13 p34 T8

Map8
1 1 1 1 1 1 1 1 
1 0 0 0 F 0 0 S 
1 0 0 0 1 1 0 1 
1 0 0 0 # # 1 1 
1 1 0 0 0 0 0 1 
1 # 0 0 0 0 F 1 
1 H H F 0 1 0 1 
1 1 1 1 1 1 G 1 
p23 p35 T9

Map8
1 1 1 1 1 1 1 1 
S # 0 0 1 0 0 1 
1 1 0 0 0 0 0 1 
1 0 0 0 # 0 # 1 
1 0 H F # 0 0 1 
1 0 F H # 0 1 1 
1 0 F 0 0 0 0 1 
1 1 1 1 G 1 1 1 
p53 R22 T9

Map8
1 S 1 1 1 1 1 1 
1 # 0 H 0 # # 1 
1 0 0 H 1 0 # G 
1 0 0 1 0 0 1 1 
1 0 0 1 F H 0 1 
1 0 0 0 # 0 # 1 
1 F 0 0 F F 0 1 
1 1 1 1 1 1 1 1 
p35 R15 T10

Map8
1 1 1 1 1 1 1 1 
1 0 0 0 0 F 0 1 
1 0 0 0 0 1 0 1 
1 F 0 1 1 # 0 1 
G 0 # 0 F 0 1 1 
1 0 0 F 0 H 1 1 
1 0 # 1 0 0 0 S 
1 1 1 1 1 1 1 1 
p25 R34 T11

Map8
1 1 1 1 1 1 G 1 
1 H 0 0 # 1 0 1 
1 0 0 0 1 # 0 1 
1 0 0 1 0 0 0 1 
1 0 F # 0 H 0 1 
1 0 F 0 0 F 1 1 
1 0 0 0 1 1 0 1 
1 1 S 1 1 1 1 1 
p23 U45 T9

Map8
1 1 1 1 1 1 1 1 
1 0 # 0 0 0 1 1 
1 0 # 0 # 0 1 1 
1 0 0 0 0 0 1 1 
1 F 0 0 0 0 1 1 
1 0 # 0 F 0 S 1 
1 1 1 G 1 1 1 1 
1 1 1 1 1 1 1 1 
p52 p43 T8

Map8
1 1 1 1 1 1 1 1 
1 1 1 1 S 1 1 1 
1 1 0 0 0 0 1 1 
1 0 0 1 0 H 1 1 
1 # 0 0 1 0 1 1 
1 0 0 0 0 0 1 1 
1 F 0 1 0 0 1 1 
1 1 1 1 G 1 1 1 
p24 T9

Map8
1 1 1 1 1 1 1 1 
1 1 1 1 1 1 1 1 
1 # 0 0 0 # 1 1 
G 0 0 F F 1 1 1 
1 1 F # 0 0 1 1 
1 # 0 0 F 0 1 1 
1 0 # 0 0 0 1 1 
1 S 1 1 1 1 1 1 
p16 T8

Map8
1 1 1 1 1 1 1 1 
S # 1 F 0 0 0 1 
1 0 0 H F 0 1 1 
1 0 0 1 0 0 # 1 
1 1 0 # 0 0 0 1 
1 0 0 0 0 0 1 1 
1 1 H 0 F 0 # 1 
1 1 1 1 1 1 G 1 
p24 P25 T9

Map8
1 1 1 1 1 1 1 1 
1 0 # # # # 0 1 
1 0 H # 0 0 0 S 
1 0 1 H 0 H 0 1 
1 0 0 0 0 F H 1 
1 0 0 0 0 0 0 1 
1 0 1 0 F 0 0 1 
1 1 1 G 1 1 1 1 
p14 P42 T9

Map8
1 1 1 1 1 1 1 1 
1 1 1 1 1 G 1 1 
1 1 1 0 H F 1 1 
1 1 0 0 0 0 # S 
1 1 1 0 0 # 1 1 
1 1 0 0 0 # 0 1 
1 1 0 0 H # 0 1 
1 1 1 1 1 1 1 1 
p43 p45 T8

Map8
1 1 1 1 1 1 1 1 
1 1 1 1 1 G 1 1 
1 S 0 0 F 0 F 1 
1 1 0 0 0 # F 1 
1 1 1 0 0 # 0 1 
1 1 0 0 0 0 0 1 
1 1 0 # 0 H # 1 
1 1 1 1 1 1 1 1 
p45 D32 T8

Map8
1 1 1 1 1 1 1 1 
1 1 1 S 1 G 1 1 
1 1 0 0 0 0 F 1 
1 1 0 0 0 0 0 1 
1 1 0 # 0 0 0 1 
1 1 0 0 0 1 1 1 
1 1 0 1 # # 0 1 
1 1 1 1 1 1 1 1 
p44 T8

Map8
1 1 1 1 1 1 G 1 
1 0 F 1 0 1 0 1 
S # 1 F 0 0 0 1 
1 0 1 0 0 H 0 1 
1 F 0 0 0 0 H 1 
1 # 0 0 0 0 0 1 
1 0 0 1 0 # 0 1 
1 1 1 1 1 1 1 1 
p43 P54 T9

Map8
1 1 1 1 1 1 1 1 
1 # # 0 0 F 0 S 
1 0 0 1 # 0 0 1 
1 0 H # 1 0 0 1 
1 # 0 0 0 0 1 1 
G 0 # 1 0 # 0 1 
1 F 1 0 F # 0 1 
1 1 1 1 1 1 1 1 
p34 R41 T12

Map8
1 1 1 1 1 1 1 1 
1 0 1 F H 0 0 1 
1 0 0 # H F H 1 
1 0 0 0 0 # 1 1 
1 0 0 1 0 0 1 1 
1 F F H 0 1 0 1 
1 # 0 F 0 1 # 1 
1 1 G 1 S 1 1 1 
p14 R33 T9

Map8
1 1 1 1 S 1 G 1 
1 0 # H F 0 F 1 
1 # 0 0 # 1 0 1 
1 0 H 1 0 0 0 1 
1 # 0 # 0 1 0 1 
1 0 1 0 # # F 1 
1 H 0 # 0 H 1 1 
1 1 1 1 1 1 1 1 
p13 p44 T11

Map8
1 1 1 1 1 1 1 1 
1 1 1 1 1 1 1 1 
1 1 0 0 0 0 0 1 
1 1 0 1 H 0 0 1 
1 1 0 0 0 0 1 1 
1 1 0 0 0 H 0 1 
1 S 0 1 0 0 0 1 
1 1 1 1 1 1 G 1 
p34 p25 T8

Map8
1 1 1 1 1 1 1 1 
1 0 1 0 0 1 1 1 
1 H 0 0 0 0 S 1 
1 0 0 0 0 0 1 1 
1 1 F 0 F 0 1 1 
G 0 0 1 0 0 1 1 
1 1 1 1 1 1 1 1 
1 1 1 1 1 1 1 1 
p33 P42 T8

Map8
1 1 1 1 1 1 1 1 
1 # 0 # 0 0 0 1 
1 H 0 # 0 1 # S 
1 0 0 F 0 1 1 1 
1 0 0 0 F # F G 
1 F 0 F 0 # 0 1 
1 0 0 0 1 0 0 1 
1 1 1 1 1 1 1 1 
p51 T10

Map8
1 1 1 1 1 1 1 1 
1 0 0 H 0 0 F 1 
1 H 0 # 0 0 0 1 
1 0 H 0 0 1 0 S 
1 0 # 0 0 0 0 1 
1 0 H # F 0 0 1 
1 1 0 0 1 0 0 1 
1 1 G 1 1 1 1 1 
p44 T9

Map8
1 1 1 1 1 1 1 1 
1 1 1 1 1 1 1 1 
1 0 0 F F 0 1 1 
S 0 F 0 0 # 1 1 
1 0 0 H H 0 1 1 
1 0 0 0 # 0 1 1 
1 0 # 0 F 0 1 1 
1 1 1 1 G 1 1 1 
p14 p35 T8

Map8
1 1 1 G 1 1 1 1 
1 H # 0 0 0 0 1 
1 0 0 F 0 0 0 1 
1 # 0 0 0 1 0 1 
1 1 F 1 F 0 0 1 
1 1 0 # 0 H 0 1 
1 0 0 0 0 F # 1 
1 S 1 1 1 1 1 1 
p16 D41 T10

Map8
1 S 1 1 1 1 1 1 
1 F 0 0 F 0 0 1 
1 0 # 0 1 # 0 1 
1 0 H # 0 0 F 1 
1 1 1 1 0 F 0 G 
1 0 0 0 0 0 0 1 
1 # 1 1 0 # 0 1 
1 1 1 1 1 1 1 1 
p45 P13 T9

Map8
1 1 1 S 1 1 1 1 
1 # 0 # 0 F F 1 
1 0 0 0 0 0 0 1 
1 0 0 # 0 0 0 G 
1 # 1 F 0 0 H 1 
1 0 # 0 0 0 # 1 
1 1 0 # 0 0 0 1 
1 1 1 1 1 1 1 1 
p32 p13 T9

Map8
1 1 1 1 1 1 1 1 
1 # 0 0 0 1 0 1 
1 # 0 0 0 0 # 1 
1 F H 0 0 0 0 1 
G 0 0 0 0 1 F 1 
1 H 0 # 1 0 0 S 
1 H 0 0 H # # 1 
1 1 1 1 1 1 1 1 
p63 T9

Map8
1 1 1 1 1 G 1 1 
1 H 0 0 1 0 0 1 
1 # 0 F # 0 0 1 
1 0 0 0 F F # 1 
1 # 0 1 0 H 1 1 
1 H 0 0 1 # 0 1 
S 0 0 # 0 0 0 1 
1 1 1 1 1 1 1 1 
p16 T9

Map8
1 1 1 1 1 1 1 1 
1 1 1 1 1 1 1 1 
1 0 0 1 0 0 1 1 
1 # 0 0 0 0 1 1 
G F 0 0 # 1 1 1 
1 0 1 0 0 1 1 1 
1 0 0 0 0 0 1 1 
1 1 1 1 1 S 1 1 
p46 T9
