Map10
1 1 1 1 1 1 1 1 1 1 
1 1 1 1 1 1 1 1 1 1 
1 # 0 1 1 0 0 0 S 1 
1 0 0 1 0 0 1 0 1 1 
G 0 0 1 0 1 0 0 1 1 
1 # F F 0 0 0 1 1 1 
1 0 0 0 # 0 0 0 1 1 
1 1 0 0 0 1 0 0 1 1 
1 0 F 0 0 0 0 0 1 1 
1 1 1 1 1 1 1 1 1 1 
l24 p36 T11

Map10
1 1 1 1 1 1 1 1 1 1 
1 1 1 1 1 G 1 1 1 1 
1 0 # 0 1 0 F 0 1 1 
1 0 0 # 0 0 # 0 1 1 
1 # 0 0 0 H 1 0 1 1 
S # 0 1 F 0 # F 1 1 
1 0 1 0 0 0 0 0 1 1 
1 0 # # 1 1 0 0 1 1 
1 0 0 0 0 0 1 # 1 1 
1 1 1 1 1 1 1 1 1 1 
r23 T7

Map10
1 1 1 1 1 1 1 1 1 1 
1 1 0 0 1 H 1 0 # 1 
1 S 0 0 H 0 H 0 1 1 
1 G 0 0 F 0 0 F 0 1 
1 1 F F # 0 # 0 1 1 
1 1 0 0 F 0 H 1 0 1 
1 1 # # 1 0 0 1 0 1 
1 1 0 # # 0 # H 0 1 
1 1 1 1 1 1 1 1 1 1 
1 1 1 1 1 1 1 1 1 1 
l33 D31 T3

Map10
1 1 G 1 1 1 S 1 1 1 
1 0 0 0 0 H 0 0 1 1 
1 0 0 0 0 0 0 H 1 1 
1 0 0 0 0 0 0 1 1 1 
1 1 0 1 0 0 0 0 1 1 
1 0 0 # 0 0 0 H 1 1 
1 0 0 0 0 H H 1 1 1 
1 0 0 0 0 1 0 1 1 1 
1 1 1 1 1 1 1 1 1 1 
1 1 1 1 1 1 1 1 1 1 
u22 P63 T4

Map10
1 1 1 1 1 1 1 1 1 1 
1 1 0 F 0 F F 1 H 1 
1 1 1 0 0 1 F # H 1 
1 1 0 1 0 F 0 0 # 1 
1 1 # # F 0 0 H # 1 
1 S 0 0 # F 0 F # 1 
1 1 0 # 0 0 # # 0 1 
1 G F # 0 0 H 0 0 1 
1 1 1 1 1 1 1 1 1 1 
1 1 1 1 1 1 1 1 1 1 
d35 P87 T4

Map10
1 1 1 1 1 1 1 1 1 1 
1 1 1 1 G 1 1 1 1 1 
1 1 0 0 0 1 H # 0 1 
1 1 H 0 1 1 0 0 0 1 
1 1 1 0 # # 1 H 0 1 
1 1 0 0 0 0 0 # 1 1 
1 S 0 0 F # 0 1 0 1 
1 1 0 0 # # 0 F 1 1 
1 1 # # # 0 0 1 # 1 
1 1 1 1 1 1 1 1 1 1 
u36 T5

Map10
1 1 1 G 1 S 1 1 1 1 
1 1 0 0 F 0 1 0 0 1 
1 1 0 1 0 0 F F 0 1 
1 1 0 0 0 0 0 0 0 1 
1 1 0 0 0 0 0 1 0 1 
1 1 # 0 0 0 1 0 0 1 
1 1 # # 1 F 0 1 0 1 
1 1 0 0 # 0 0 0 0 1 
1 1 1 1 1 1 1 1 1 1 
1 1 1 1 1 1 1 1 1 1 
u54 P21 T8

Map10
1 1 1 1 1 1 1 1 1 1 
1 1 1 1 1 1 1 1 1 1 
1 S F 0 0 0 F 0 0 1 
1 1 0 0 H 0 0 0 0 1 
1 1 0 # 0 1 0 0 1 1 
1 1 H # 0 F 0 0 # 1 
1 1 0 0 0 0 0 # 0 1 
1 G 0 0 # 0 0 0 0 1 
1 1 0 H 0 0 0 0 0 1 
1 1 1 1 1 1 1 1 1 1 
d72 P78 T4

Map10
1 1 1 1 1 1 1 1 1 1 
1 0 H 0 0 0 0 H 1 1 
1 F 0 1 0 0 1 0 1 1 
1 0 0 0 0 0 # 1 1 1 
1 F F 0 0 # 0 H 1 1 
G # 0 1 0 1 0 0 1 1 
1 # 0 0 0 0 0 0 1 1 
1 0 0 F 0 0 0 0 1 1 
1 1 1 1 1 1 S 1 1 1 
1 1 1 1 1 1 1 1 1 1 
l25 p33 T6

Map10
1 1 1 1 1 1 1 1 1 1 
1 1 1 1 1 1 G 1 1 1 
1 0 0 1 0 0 0 1 1 1 
1 0 0 0 0 1 F 0 1 1 
1 F F 0 0 0 0 0 1 1 
1 0 0 0 1 F H 0 S 1 
1 0 0 F 0 0 0 0 1 1 
1 F 0 0 0 0 0 0 1 1 
1 0 0 F 0 0 0 0 1 1 
1 1 1 1 1 1 1 1 1 1 
r13 D74 T8

Map10
1 1 1 1 1 1 1 1 1 1 
1 1 1 1 1 1 1 1 1 1 
1 1 0 0 0 H 0 # 1 1 
1 G # 0 1 0 0 0 1 1 
1 1 F 0 1 0 0 0 0 1 
1 1 0 0 0 0 # 0 H 1 
1 1 0 0 H 0 0 0 0 1 
1 S 0 0 0 1 H # 0 1 
1 1 0 H F # 0 # 0 1 
1 1 1 1 1 1 1 1 1 1 
l33 p27 T5

Map10
1 1 1 1 1 1 1 1 1 1 
1 # 0 1 # 0 0 F 1 1 
1 0 0 0 0 0 0 1 1 1 
1 0 0 0 0 1 H 0 1 1 
1 0 # H 0 0 0 0 1 1 
1 # 0 0 # # 0 # 1 1 
1 0 # 1 0 0 0 1 1 1 
1 0 0 1 1 0 0 F 1 1 
1 S 1 1 1 1 G 1 1 1 
1 1 1 1 1 1 1 1 1 1 
r13 T6

Map10
1 1 1 1 1 1 1 1 1 1 
1 1 1 S 1 1 1 1 1 1 
1 1 H 0 0 0 0 0 1 1 
1 1 0 0 H 0 0 0 # 1 
1 G 0 0 0 H H 0 F 1 
1 1 F F F 0 F F H 1 
1 1 F 0 0 # F 0 1 1 
1 1 0 0 1 F 0 # F 1 
1 1 1 0 F 0 0 1 1 1 
1 1 1 1 1 1 1 1 1 1 
l34 P38 T3

Map10
1 1 1 1 1 G 1 1 1 1 
1 1 0 0 1 0 # H 1 1 
1 1 H # 0 0 F 0 0 1 
1 1 # # 1 0 0 0 # 1 
1 1 1 1 0 0 0 0 0 1 
1 S F 0 F 0 0 0 0 1 
1 1 1 0 1 0 0 # 1 1 
1 1 0 # 0 0 0 0 F 1 
1 1 1 1 1 1 1 1 1 1 
1 1 1 1 1 1 1 1 1 1 
u55 T5

Map10
1 1 1 1 1 1 1 1 1 1 
1 1 0 0 0 0 # H H 1 
1 1 F # # 0 0 0 0 1 
1 G # 0 # 0 # 1 # 1 
1 1 0 F F # # 0 1 1 
1 1 0 0 H H H 1 H 1 
1 1 F 0 0 H 0 0 F 1 
1 1 1 0 0 F 0 F # 1 
1 1 1 1 1 1 S 1 1 1 
1 1 1 1 1 1 1 1 1 1 
l33 D66 T5

Map10
1 1 1 1 1 1 1 1 1 1 
1 H 0 0 F 1 F 0 1 1 
1 F 0 F 0 0 0 0 S 1 
1 0 0 H F 0 0 1 1 1 
1 1 0 1 F 0 H 0 1 1 
1 F F H F 0 0 0 1 1 
1 0 0 0 0 0 0 0 1 1 
1 0 F 0 0 1 0 F 1 1 
1 1 1 G 1 1 1 1 1 1 
1 1 1 1 1 1 1 1 1 1 
d36 P42 T5

Map10
1 1 1 1 1 1 1 1 1 1 
1 1 1 G 1 1 1 1 1 1 
1 0 0 F 0 1 0 1 1 1 
1 0 0 F 0 0 F 0 1 1 
S F 0 0 0 F F 0 1 1 
1 0 1 0 0 0 0 1 1 1 
1 0 0 0 0 F 0 1 1 1 
1 0 F F 0 1 # 1 1 1 
1 F 0 0 0 1 1 0 1 1 
1 1 1 1 1 1 1 1 1 1 
u34 T3

Map10
1 1 1 1 1 1 1 S 1 1 
1 1 0 0 0 0 0 F 0 1 
1 1 1 0 F F 0 0 0 1 
1 1 0 0 F 0 F 0 # 1 
1 1 0 0 0 F 0 H 0 1 
1 1 0 0 1 1 F 1 0 1 
1 1 0 F 0 H F 0 0 1 
1 1 0 # 0 # 0 F F 1 
1 1 1 1 1 1 G 1 1 1 
1 1 1 1 1 1 1 1 1 1 
d62 P73 T6

Map10
1 1 1 1 1 1 1 1 1 1 
1 0 0 0 F F F 0 G 1 
1 0 0 H H 0 0 0 1 1 
1 H 0 0 0 0 0 0 1 1 
1 1 0 0 F 0 0 0 1 1 
1 0 0 F 0 1 1 F 1 1 
1 0 0 0 0 0 0 1 1 1 
1 0 0 0 0 0 1 F 1 1 
1 1 1 1 1 S 1 1 1 1 
1 1 1 1 1 1 1 1 1 1 
u26 T5

Map10
1 1 1 1 1 1 1 1 1 1 
1 1 F # 0 0 1 0 0 1 
1 G 0 F F # 0 0 0 1 
1 1 # 0 0 1 0 0 0 1 
1 1 0 # F 0 1 0 0 1 
1 1 F F F # 0 F 0 1 
1 1 # 0 F F 0 0 0 1 
1 1 H F # # # 0 0 1 
1 1 1 1 1 1 S 1 1 1 
1 1 1 1 1 1 1 1 1 1 
l82 T5

Map10
1 1 1 1 1 S G 1 1 1 
1 1 1 F 1 F # # 1 1 
1 1 0 0 0 0 0 0 0 1 
1 1 0 0 0 F 0 F # 1 
1 1 # F 1 0 H # 1 1 
1 1 F F 0 0 F 1 0 1 
1 1 # H 1 0 0 0 0 1 
1 1 1 H H F H 0 # 1 
1 1 1 1 1 1 1 1 1 1 
1 1 1 1 1 1 1 1 1 1 
u63 R43 T3

Map10
1 1 1 S 1 1 1 1 1 1 
1 1 0 0 0 1 0 0 F 1 
1 1 0 0 0 F 0 F # 1 
1 1 F H F H 0 # # 1 
1 1 1 0 F 0 0 0 1 1 
1 G 0 # 0 F F 0 F 1 
1 1 1 # 0 0 0 0 0 1 
1 1 1 1 0 0 1 0 0 1 
1 1 1 1 1 1 1 1 1 1 
1 1 1 1 1 1 1 1 1 1 
l45 P32 T6

Map10
1 1 1 1 1 1 1 1 1 1 
1 1 1 1 1 1 1 1 1 1 
1 F 0 0 F 0 F # 1 1 
1 0 # # F 0 H F 1 1 
1 0 0 1 0 0 0 0 1 1 
G 0 0 F 0 0 0 1 1 1 
1 H 0 0 0 0 0 0 1 1 
S F 0 # F 0 F # 1 1 
1 0 0 F # F H 0 1 1 
1 1 1 1 1 1 1 1 1 1 
u27 l25 T6

Map10
1 1 1 1 1 1 1 1 1 1 
1 1 1 1 1 S 1 1 1 1 
1 0 0 0 0 # 0 # 1 1 
1 0 0 0 F 1 0 0 1 1 
1 # 0 1 # 0 0 0 G 1 
1 1 1 0 0 1 1 0 1 1 
1 0 0 0 0 0 F # 1 1 
1 0 0 0 0 0 F F 1 1 
1 0 # 1 0 # 0 0 1 1 
1 1 1 1 1 1 1 1 1 1 
d42 p75 T9

Map10
1 1 1 1 1 1 1 1 1 1 
1 0 0 1 F 0 0 0 1 1 
1 0 # F # # 0 0 1 1 
1 0 0 0 1 0 0 H 1 1 
1 0 # 0 0 0 H 0 1 1 
G 0 0 0 1 0 0 # 1 1 
1 F # 0 0 0 0 0 S 1 
1 # 0 # 0 0 0 0 1 1 
1 1 1 1 1 1 1 1 1 1 
1 1 1 1 1 1 1 1 1 1 
r13 P36 T8

Map10
1 1 1 1 1 1 G S 1 1 
1 0 0 F 1 0 0 0 1 1 
1 0 0 0 0 # 0 0 1 1 
1 0 0 0 0 0 0 0 1 1 
1 # 0 1 0 0 1 0 1 1 
1 1 0 0 1 F 0 0 1 1 
1 0 # # 1 0 1 1 1 1 
1 0 # 0 0 0 # 0 1 1 
1 1 1 1 1 1 1 1 1 1 
1 1 1 1 1 1 1 1 1 1 
u62 p71 T6

Map10
1 1 1 1 1 1 1 1 1 1 
1 0 0 0 0 0 # 0 1 1 
1 0 F 0 0 F 0 0 1 1 
1 1 0 0 F # 0 0 1 1 
1 1 # 0 0 0 # 1 1 1 
1 # 0 F 0 0 0 F 1 1 
1 0 # 1 0 # H # 1 1 
1 0 0 0 0 1 0 0 1 1 
1 1 1 G S 1 1 1 1 1 
1 1 1 1 1 1 1 1 1 1 
d21 p47 T6

Map10
1 1 1 1 1 1 1 1 1 1 
1 1 1 1 G S 1 1 1 1 
1 1 # 0 0 0 1 0 1 1 
1 1 0 0 0 F 0 0 0 1 
1 1 H 1 0 0 1 0 F 1 
1 1 0 0 0 F 0 0 0 1 
1 1 F F F 1 H F 1 1 
1 1 F 0 1 0 0 0 0 1 
1 1 0 0 H 1 1 H 0 1 
1 1 1 1 1 1 1 1 1 1 
u43 L63 T3

Map10
1 1 1 1 1 1 1 1 1 1 
1 1 1 G 1 1 1 1 1 1 
1 0 0 F # 0 0 0 1 1 
1 0 0 0 # 0 0 0 1 1 
1 0 0 0 # 0 0 0 1 1 
1 0 0 0 0 # 0 0 1 1 
1 0 0 0 0 0 0 0 1 1 
S 0 0 1 0 H 0 0 1 1 
1 # 0 0 1 0 0 0 1 1 
1 1 1 1 1 1 1 1 1 1 
u33 p24 T6

Map10
1 1 1 1 1 1 1 1 1 1 
1 1 1 1 1 G S 1 1 1 
1 1 1 F 0 F 0 0 F 1 
1 1 0 F F 0 0 0 0 1 
1 1 0 0 0 0 0 0 0 1 
1 1 0 0 F 1 0 F 0 1 
1 1 0 0 F 0 F 0 H 1 
1 1 0 0 0 0 0 0 0 1 
1 1 0 F 0 0 F 0 0 1 
1 1 1 1 1 1 1 1 1 1 
u54 L74 T3

Map10
1 1 1 1 1 1 1 1 1 1 
1 1 1 1 1 1 G 1 1 1 
1 S F 0 # 1 F # # 1 
1 1 F 0 # F 0 0 # 1 
1 1 0 0 H 0 H # 0 1 
1 1 0 H 0 0 1 0 F 1 
1 1 H 0 # 0 0 0 # 1 
1 1 0 # 0 # H 0 0 1 
1 1 0 1 0 0 H # F 1 
1 1 1 1 1 1 1 1 1 1 
u63 R33 T4

Map10
1 1 1 1 1 1 1 1 1 1 
1 1 1 1 1 1 1 1 1 1 
G 0 0 # 0 H H F 1 1 
1 1 0 1 0 0 1 0 1 1 
1 0 0 0 F F 0 0 1 1 
S 0 0 0 0 0 F 0 1 1 
1 F F 0 0 0 0 F 1 1 
1 F 0 F 0 1 1 F 1 1 
1 F 1 0 0 0 0 0 1 1 
1 1 1 1 1 1 1 1 1 1 
u25 T6

Map10
1 1 1 1 1 S 1 1 1 1 
1 1 F 0 0 0 # 0 1 1 
1 1 F F 0 # # 0 F 1 
1 1 0 0 1 0 0 0 0 1 
1 1 1 0 0 0 0 0 # 1 
1 1 H 0 F 0 0 # 0 1 
1 1 0 0 0 # 0 F 0 1 
1 1 0 # 0 # 0 F 0 1 
1 1 1 1 1 1 G 1 1 1 
1 1 1 1 1 1 1 1 1 1 
d66 p55 T5

Map10
1 1 1 1 1 1 1 1 1 1 
1 0 0 0 F 1 0 0 1 1 
1 0 F 0 0 0 F 0 1 1 
1 F 0 0 0 F 0 0 1 1 
S 0 0 F 0 F 0 0 1 1 
1 0 1 1 0 0 1 0 1 1 
1 0 # 1 0 0 1 0 1 1 
1 0 0 0 F 0 0 F 1 1 
1 1 1 1 1 G 1 1 1 1 
1 1 1 1 1 1 1 1 1 1 
l72 D56 T6

Map10
1 1 1 1 1 1 1 1 1 1 
1 1 1 0 0 0 0 0 H 1 
1 1 1 F 0 0 0 F 0 1 
1 1 F F # 1 1 0 # 1 
1 G 0 0 0 H H # 0 1 
1 1 0 # # 0 H 0 0 1 
1 1 F 0 # 0 0 H F 1 
1 S F 0 0 0 # 0 0 1 
1 1 1 1 1 1 1 1 1 1 
1 1 1 1 1 1 1 1 1 1 
l44 P57 T4

Map10
1 1 1 S 1 1 1 1 1 1 
1 # H 0 0 H 0 0 1 1 
1 0 0 # H H H F 1 1 
1 1 1 0 0 0 0 F G 1 
1 0 0 0 # 0 # # 1 1 
1 # 0 0 0 0 1 0 1 1 
1 0 # 0 1 0 0 0 1 1 
1 H 0 0 0 1 # # 1 1 
1 1 1 1 1 1 1 1 1 1 
1 1 1 1 1 1 1 1 1 1 
r33 p54 T12

Map10
1 1 1 1 1 1 1 1 1 1 
1 # 0 0 1 0 0 0 1 1 
1 0 0 0 H 0 0 0 1 1 
1 0 0 0 0 1 0 H 1 1 
G 0 0 # 0 # 0 0 1 1 
1 H 0 0 0 0 0 0 1 1 
S F 0 F H H 0 0 1 1 
1 0 0 0 0 0 H 0 1 1 
1 1 1 1 1 1 1 1 1 1 
1 1 1 1 1 1 1 1 1 1 
l24 U27 T3

Map10
1 1 1 1 1 1 1 1 1 1 
1 1 1 1 1 1 1 G 1 1 
1 1 0 0 1 0 0 0 # 1 
1 1 F # 0 # 0 0 # 1 
1 1 0 0 # 0 0 0 0 1 
1 1 0 0 1 0 0 # F 1 
1 1 0 0 0 1 F # # 1 
1 S 0 1 1 0 0 1 0 1 
1 1 0 1 1 0 0 0 0 1 
1 1 1 1 1 1 1 1 1 1 
r24 P84 T5

Map10
1 1 1 1 1 1 1 1 1 1 
1 1 1 1 1 1 1 1 1 1 
1 0 # 0 0 0 0 0 1 1 
1 H # 0 0 1 0 0 1 1 
1 0 0 0 0 0 0 0 G 1 
1 0 0 0 0 H 0 0 S 1 
1 H 0 0 0 0 0 0 1 1 
1 0 0 0 0 0 0 1 1 1 
1 0 0 0 0 1 0 0 1 1 
1 1 1 1 1 1 1 1 1 1 
r64 U66 T3

Map10
1 1 1 1 1 1 1 1 1 1 
1 1 S 1 1 G 1 1 1 1 
1 1 F F 1 0 # # 0 1 
1 1 # 0 0 0 0 0 # 1 
1 1 F 0 # 1 F 0 0 1 
1 1 0 0 F 0 0 0 0 1 
1 1 # # 1 0 F 0 F 1 
1 1 0 # 0 # F 0 F 1 
1 1 0 0 1 F 0 0 # 1 
1 1 1 1 1 1 1 1 1 1 
r25 T6

Map10
1 1 1 1 1 1 1 1 1 1 
1 S F # 0 0 # F 0 1 
1 1 # 0 H 0 0 0 # 1 
1 1 0 F 0 0 0 0 0 1 
1 1 0 0 F F F 0 0 1 
1 1 # F # # # 0 0 1 
1 1 0 0 1 0 1 1 0 1 
1 1 0 0 0 0 0 H 0 1 
1 1 1 1 1 G 1 1 1 1 
1 1 1 1 1 1 1 1 1 1 
d51 P83 T3

Map10
1 1 1 1 1 1 1 1 1 1 
1 1 1 1 1 1 1 1 1 1 
G 0 0 0 0 0 H # 1 1 
1 0 0 # 0 0 0 0 1 1 
1 1 0 1 0 0 0 # 1 1 
1 0 0 0 0 0 # # 1 1 
1 0 F 0 # 0 0 0 S 1 
1 0 F H 0 H 0 0 1 1 
1 0 H # F 0 F 0 1 1 
1 1 1 1 1 1 1 1 1 1 
u56 T4

Map10
1 1 1 1 1 1 1 1 1 1 
1 1 1 1 1 1 1 1 1 1 
1 F 0 # 0 F 0 0 1 1 
1 # 0 0 0 0 0 F G 1 
1 0 F 0 # 0 # 0 S 1 
1 0 0 # 0 0 0 1 1 1 
1 0 0 # 0 F F F 1 1 
1 # F 0 # H H 1 1 1 
1 # 0 0 # F F 0 1 1 
1 1 1 1 1 1 1 1 1 1 
r63 P54 T4

Map10
1 1 1 1 1 1 1 1 1 1 
1 1 1 1 1 1 1 1 1 1 
G 0 # 0 0 F 0 0 1 1 
1 1 0 0 0 # F 1 1 1 
1 # 0 0 F 0 1 1 1 1 
1 # 0 0 F 0 0 0 S 1 
1 0 1 F H 0 1 H 1 1 
1 0 0 # 0 0 F H 1 1 
1 H F 0 H 0 1 0 1 1 
1 1 1 1 1 1 1 1 1 1 
u25 T4

Map10
1 1 1 1 1 1 1 1 1 1 
1 1 1 1 1 1 G S 1 1 
1 F H 0 H 0 0 0 1 1 
1 0 0 # # 0 0 # 1 1 
1 0 0 0 1 H 0 # 1 1 
1 0 0 # 1 0 0 0 1 1 
1 0 0 0 0 0 0 0 1 1 
1 H 0 0 0 0 H 0 1 1 
1 0 H 0 H 0 F 0 1 1 
1 1 1 1 1 1 1 1 1 1 
u63 p72 T6

Map10
1 1 1 1 1 1 1 1 1 1 
1 1 1 1 1 1 S 1 1 1 
1 1 0 0 0 0 0 0 1 1 
1 0 0 F 0 0 0 0 1 1 
1 0 1 F 0 0 F 0 1 1 
G 0 0 1 0 0 F 0 1 1 
1 1 0 0 F 0 F 0 1 1 
1 0 # 0 0 0 0 H 1 1 
1 0 0 # 0 # 0 0 1 1 
1 1 1 1 1 1 1 1 1 1 
u28 T5

Map10
1 1 1 1 1 1 1 1 1 1 
1 1 1 1 1 1 1 1 1 1 
1 0 F # F # F F 1 1 
1 0 0 1 # 0 H 0 1 1 
S 0 0 F 0 1 0 # 1 1 
1 # 0 0 0 1 0 H 1 1 
1 0 0 0 0 1 F F 1 1 
G 0 # # H 0 H # 1 1 
1 0 1 0 1 H 0 0 1 1 
1 1 1 1 1 1 1 1 1 1 
d24 P46 T4

Map10
1 1 1 1 1 1 1 1 1 1 
1 1 1 1 1 1 G 1 1 1 
1 0 0 0 0 0 F 0 1 1 
1 H 1 0 0 F 0 0 1 1 
1 1 0 0 0 F 0 0 1 1 
S 0 # # 0 1 1 # 1 1 
1 F # 1 # 0 0 0 1 1 
1 H F F # 0 0 0 1 1 
1 1 0 1 F F # F 1 1 
1 1 1 1 1 1 1 1 1 1 
u63 p44 T6

Map10
1 1 1 1 1 1 G 1 1 1 
1 1 0 # # 0 F 0 0 1 
1 1 0 # 0 0 0 0 0 1 
1 1 0 F 0 0 F 0 # 1 
1 1 0 0 0 0 1 0 H 1 
1 1 0 F 0 F 1 0 F 1 
1 1 0 1 # # 0 0 0 1 
1 1 0 # 0 0 H 0 H 1 
1 1 1 1 1 S 1 1 1 1 
1 1 1 1 1 1 1 1 1 1 
u62 p53 T5

Map10
1 1 1 1 1 1 1 1 1 1 
1 1 1 1 1 1 G 1 1 1 
1 1 0 F F # F 0 0 1 
1 1 0 0 0 0 0 F 0 1 
1 1 0 # 0 H 0 0 F 1 
1 S 0 1 0 H 0 # H 1 
1 1 1 0 1 F # # 0 1 
1 1 0 0 H # 0 0 0 1 
1 1 F F 0 0 0 0 H 1 
1 1 1 1 1 1 1 1 1 1 
u63 P22 T5

Map10
1 1 1 1 1 1 1 1 1 1 
1 1 0 0 1 0 0 1 0 1 
1 1 0 0 0 0 0 0 H 1 
1 1 1 0 0 H # 0 0 1 
1 1 1 0 0 H 0 0 0 1 
1 1 0 0 0 0 0 0 0 1 
1 1 H 0 1 0 0 0 0 1 
1 G 0 0 1 1 # 1 0 1 
1 1 1 1 1 1 S 1 1 1 
1 1 1 1 1 1 1 1 1 1 
l62 T7

Map10
1 1 1 1 1 1 1 1 1 1 
1 1 1 1 1 1 1 1 1 1 
1 1 0 0 0 H F # F 1 
1 1 0 0 F F 0 # # 1 
1 1 0 0 0 0 0 0 F 1 
1 G 0 0 F # F 1 F 1 
1 1 # 0 F 0 0 0 # 1 
1 S 0 0 # H 0 0 1 1 
1 1 F 0 0 0 0 F 0 1 
1 1 1 1 1 1 1 1 1 1 
l35 U38 T3

Map10
1 1 1 1 1 1 1 1 1 1 
1 # # 0 0 0 0 0 1 1 
1 0 # F # 0 0 0 1 1 
1 1 1 0 F # # 0 1 1 
G F 0 0 0 0 0 0 1 1 
1 0 0 0 H # # F 1 1 
1 0 0 0 0 H 0 1 1 1 
1 # 0 0 # 0 F 0 1 1 
1 1 1 1 1 1 S 1 1 1 
1 1 1 1 1 1 1 1 1 1 
d31 P35 T5

Map10
1 1 1 1 1 1 1 1 1 1 
1 1 1 1 1 S 1 1 1 1 
1 0 0 0 0 0 F 0 1 1 
1 0 F 1 H 0 0 0 1 1 
G F 0 H 1 1 F F 1 1 
1 0 0 0 F 0 0 F 1 1 
1 1 0 0 0 F 0 H 1 1 
1 0 0 0 0 0 0 F 1 1 
1 0 # F 0 H F 1 1 1 
1 1 1 1 1 1 1 1 1 1 
l24 p32 T8

Map10
1 1 1 1 1 1 1 1 1 1 
1 1 1 G 1 1 1 1 1 1 
1 1 0 # 0 F 0 0 1 1 
1 0 0 0 0 0 # 0 1 1 
1 0 0 0 0 # 0 0 S 1 
1 1 0 0 0 # 0 0 1 1 
1 # 0 0 0 0 0 0 1 1 
1 0 # 0 0 0 0 0 1 1 
1 0 0 0 0 # 0 0 1 1 
1 1 1 1 1 1 1 1 1 1 
u34 T3

Map10
1 1 1 1 1 1 1 1 1 1 
1 1 1 1 1 1 1 1 1 1 
1 1 1 0 0 0 0 0 1 1 
1 1 0 0 0 0 0 0 0 1 
1 1 0 # # 0 0 1 0 1 
1 1 1 0 0 0 1 0 F 1 
1 S 0 0 0 0 0 0 0 1 
1 G 0 0 0 0 1 0 0 1 
1 1 0 0 0 1 0 0 0 1 
1 1 1 1 1 1 1 1 1 1 
d53 T6

Map10
1 1 1 1 G 1 1 1 1 1 
1 0 # # F 0 0 0 1 1 
1 0 0 0 0 F H 1 1 1 
1 0 0 # 0 0 # 0 1 1 
S 0 0 # 0 0 # 0 1 1 
1 # H # 0 0 # H 1 1 
1 0 0 0 0 0 0 F 1 1 
1 0 0 0 1 # 0 # 1 1 
1 1 1 1 1 1 1 1 1 1 
1 1 1 1 1 1 1 1 1 1 
u44 T3

Map10
1 1 1 1 G 1 S 1 1 1 
1 1 0 F 0 0 # 0 0 1 
1 1 0 0 0 0 0 0 1 1 
1 1 0 # 0 0 F 0 0 1 
1 1 0 0 0 # 1 0 0 1 
1 1 F F 0 0 0 # 0 1 
1 1 # # 0 0 F # # 1 
1 1 # 0 # 0 0 0 H 1 
1 1 1 1 1 1 1 1 1 1 
1 1 1 1 1 1 1 1 1 1 
u42 L72 T3

Map10
1 1 S 1 1 1 1 1 1 1 
1 1 0 0 0 1 0 0 1 1 
1 1 1 1 0 1 0 0 # 1 
1 1 0 0 0 0 0 F 0 1 
1 1 0 0 0 0 0 0 0 1 
1 1 F F 0 0 1 0 0 1 
1 1 0 0 0 F 0 H 1 1 
1 1 1 0 1 0 0 F 0 1 
1 1 1 1 1 1 G 1 1 1 
1 1 1 1 1 1 1 1 1 1 
d53 D66 T11

Map10
1 1 1 1 1 1 1 1 1 1 
1 1 S 1 1 1 1 1 1 1 
1 0 0 0 # F 0 0 1 1 
1 # 0 0 0 0 F 0 1 1 
1 0 0 0 0 0 0 1 1 1 
1 # F 0 # 0 # 0 1 1 
1 0 F 1 0 0 0 # G 1 
1 0 H # 0 0 0 0 1 1 
1 0 1 F # # # 0 1 1 
1 1 1 1 1 1 1 1 1 1 
r66 R14 T4

Map10
1 1 1 1 1 1 1 1 1 1 
1 1 1 1 1 1 1 1 1 1 
1 1 0 0 0 F 1 0 0 1 
1 1 0 0 0 0 # # 0 1 
1 G 0 0 F 0 0 0 0 1 
1 1 0 0 # 0 0 0 0 1 
1 1 0 0 0 0 # 0 0 1 
1 S 0 0 0 0 0 H 0 1 
1 1 0 0 0 1 0 0 0 1 
1 1 1 1 1 1 1 1 1 1 
l34 P47 T4

Map10
1 1 1 1 1 1 1 1 1 1 
1 1 1 1 1 1 1 1 1 1 
1 H 0 0 F 0 0 0 1 1 
1 0 1 F 0 1 0 0 1 1 
1 F F 1 0 1 0 F G 1 
1 0 F 0 0 0 0 H 1 1 
1 0 # 0 0 F 0 0 S 1 
1 0 0 0 1 0 1 F 1 1 
1 1 # 0 F 0 0 F 1 1 
1 1 1 1 1 1 1 1 1 1 
u66 P63 T6

Map10
1 1 1 1 1 1 1 1 1 1 
1 1 1 1 1 1 1 1 1 1 
1 1 0 0 H 1 0 0 0 1 
1 G 0 0 0 0 0 0 0 1 
1 1 0 0 0 0 0 0 0 1 
1 1 0 0 0 1 0 0 0 1 
1 1 H 0 0 0 0 0 0 1 
1 S F 0 0 0 0 H 0 1 
1 1 1 0 0 1 0 0 0 1 
1 1 1 1 1 1 1 1 1 1 
l33 P47 T4

Map10
1 1 G 1 1 1 1 S 1 1 
1 1 F 0 0 1 0 0 # 1 
1 1 0 F # 0 0 0 H 1 
1 1 F 0 1 F F F 0 1 
1 1 0 F # 1 0 0 # 1 
1 1 1 0 0 # 0 0 0 1 
1 1 0 # F # 1 0 0 1 
1 1 0 F # 1 0 1 F 1 
1 1 1 1 1 1 1 1 1 1 
1 1 1 1 1 1 1 1 1 1 
l72 P75 T4

Map10
1 1 1 1 1 1 1 1 1 1 
1 1 1 1 1 1 1 G 1 1 
1 1 0 H 0 0 0 F 0 1 
1 1 0 # 0 1 F # 0 1 
1 1 0 1 0 0 0 # 0 1 
1 1 1 0 1 # 0 0 1 1 
1 S 0 0 0 1 0 # 0 1 
1 1 1 0 F 0 # 0 # 1 
1 1 0 0 1 0 0 H 0 1 
1 1 1 1 1 1 1 1 1 1 
u77 R37 T4

Map10
1 1 1 1 1 1 1 1 1 1 
1 1 1 1 S 1 1 1 1 1 
1 1 1 0 F # 0 # F 1 
1 1 0 0 F 0 F # 0 1 
1 1 0 0 H F 0 F 0 1 
1 1 # # 0 F 0 # 1 1 
1 1 1 0 0 F 0 0 1 1 
1 G 0 0 # # # # F 1 
1 1 H 0 0 1 1 0 0 1 
1 1 1 1 1 1 1 1 1 1 
d53 R33 T4

Map10
1 1 1 1 1 1 1 1 1 1 
1 1 0 1 F 0 0 0 1 1 
1 0 # F F # 0 0 1 1 
1 # 1 0 F 1 0 0 1 1 
1 0 H # 1 F 0 0 G 1 
1 0 1 1 0 0 0 F 1 1 
1 F 0 F F 0 # F S 1 
1 0 1 0 0 0 0 # 1 1 
1 1 1 1 1 1 1 1 1 1 
1 1 1 1 1 1 1 1 1 1 
r64 U67 T3

Map10
1 1 1 1 1 1 1 1 1 1 
1 1 1 1 1 1 G 1 1 1 
1 1 0 1 0 H 0 0 0 1 
1 1 0 0 0 0 0 0 0 1 
1 1 F 0 1 H 0 0 0 1 
1 S 0 0 F # 0 F 0 1 
1 1 0 F 0 0 1 0 0 1 
1 1 0 F 0 0 0 0 # 1 
1 1 0 0 1 0 0 0 0 1 
1 1 1 1 1 1 1 1 1 1 
u65 P83 T3

Map10
1 1 1 1 1 1 1 1 1 1 
1 1 1 1 S 1 1 1 1 1 
1 1 0 0 0 F 0 F 1 1 
1 F 1 0 0 0 0 0 G 1 
1 0 0 F F 0 1 0 1 1 
1 0 0 0 0 0 0 0 1 1 
1 0 1 0 F 0 F F 1 1 
1 F 0 0 0 0 F 0 1 1 
1 F 1 1 # 0 0 0 1 1 
1 1 1 1 1 1 1 1 1 1 
r43 P68 T3

Map10
1 1 1 1 1 1 1 1 1 1 
1 1 1 1 1 1 1 1 1 1 
1 0 1 0 0 0 1 F 1 1 
1 1 0 0 H 1 0 H 1 1 
1 0 1 H # H F 1 1 1 
S F 1 H 0 F F 0 G 1 
1 0 F 0 0 0 0 0 1 1 
1 0 F 0 F 0 0 0 1 1 
1 0 0 1 F 1 F 0 1 1 
1 1 1 1 1 1 1 1 1 1 
r16 D14 T5

Map10
1 1 1 1 S 1 1 1 1 1 
1 1 0 0 0 H H 1 0 1 
1 1 0 0 0 # 0 0 0 1 
1 1 1 F 0 0 0 0 0 1 
1 1 0 0 0 0 1 H 0 1 
1 1 F 0 0 0 H 1 0 1 
1 G 0 0 1 # F 0 0 1 
1 1 H 0 1 0 1 0 0 1 
1 1 1 1 1 1 1 1 1 1 
1 1 1 1 1 1 1 1 1 1 
d31 p35 T7

Map10
1 1 1 1 1 1 1 G 1 1 
1 1 # 0 F 0 0 0 1 1 
1 1 0 F 0 H # # H 1 
1 1 0 0 0 0 H F 0 1 
1 1 H F 0 F 0 # # 1 
1 1 1 0 0 1 H 0 0 1 
1 1 F H F H 0 # 0 1 
1 S 0 0 0 0 F 0 # 1 
1 1 1 1 1 1 1 1 1 1 
1 1 1 1 1 1 1 1 1 1 
u77 P85 T3

Map10
1 1 1 1 1 1 G 1 1 1 
1 1 0 H F 0 0 1 0 1 
1 1 0 F # 0 0 0 0 1 
1 1 0 F F 0 0 0 0 1 
1 1 0 0 0 1 # 0 1 1 
1 1 1 H 0 1 0 1 1 1 
1 1 F # 0 0 0 0 F 1 
1 1 1 F 0 F 0 0 1 1 
1 1 1 1 S 1 1 1 1 1 
1 1 1 1 1 1 1 1 1 1 
u67 P46 T4

Map10
1 1 1 1 1 1 1 1 1 1 
1 1 1 1 1 1 1 1 1 1 
1 1 # 0 0 0 0 0 0 1 
1 1 # 0 0 # 0 0 0 1 
1 1 1 F 1 0 0 0 0 1 
1 S # # 0 0 # 0 0 1 
1 1 0 0 0 0 1 F 0 1 
1 G 0 0 # # 0 0 0 1 
1 1 0 1 0 0 0 0 # 1 
1 1 1 1 1 1 1 1 1 1 
d32 T6

Map10
1 1 1 1 1 1 1 1 1 1 
1 0 # 1 0 H 0 0 1 1 
1 1 0 0 # 0 0 F 1 1 
1 # 0 # 0 0 0 0 1 1 
1 0 0 0 0 0 0 0 1 1 
1 0 0 H 0 0 0 F 1 1 
G 0 0 0 0 0 0 0 1 1 
1 H 0 0 0 0 H 0 1 1 
1 1 1 1 1 1 1 S 1 1 
1 1 1 1 1 1 1 1 1 1 
l76 P73 T5

Map10
1 1 1 1 1 1 1 1 1 1 
1 1 1 1 S 1 1 1 1 1 
1 0 # 0 F F 0 0 1 1 
1 0 0 # F 0 0 0 1 1 
G # 0 0 0 F 0 F 1 1 
1 0 0 0 # F 0 # 1 1 
1 1 1 0 0 0 0 0 1 1 
1 H 0 # # # 0 0 1 1 
1 0 0 0 0 F # # 1 1 
1 1 1 1 1 1 1 1 1 1 
l44 P28 T3

Map10
1 1 1 1 1 1 1 1 1 1 
1 1 1 1 1 1 1 1 1 1 
1 1 0 0 # 0 # 0 G 1 
1 0 F 0 0 0 0 0 S 1 
1 0 0 0 1 0 0 0 1 1 
1 F 0 0 F # 0 0 1 1 
1 F F 0 1 # # F 1 1 
1 0 F 0 # 0 F # 1 1 
1 0 0 1 # # 0 0 1 1 
1 1 1 1 1 1 1 1 1 1 
r14 T6

Map10
1 1 1 S 1 1 1 1 1 1 
1 1 F 0 H 0 0 0 0 1 
1 1 0 F 0 H 0 0 0 1 
1 1 0 0 F 0 1 0 0 1 
1 1 F 0 1 0 0 0 0 1 
1 G 0 0 0 F 0 0 0 1 
1 1 H F 1 F 0 0 F 1 
1 1 0 0 0 0 0 0 0 1 
1 1 1 1 1 1 1 1 1 1 
1 1 1 1 1 1 1 1 1 1 
l65 p57 T6

Map10
1 1 1 1 1 1 1 1 1 1 
1 0 0 0 F 0 0 0 1 1 
S 0 # 1 0 F # 0 1 1 
1 # 0 0 # H F H 1 1 
1 1 0 0 0 1 0 # 1 1 
1 0 1 0 0 # 0 # 1 1 
1 0 0 F # # # 0 1 1 
1 0 F F 0 1 F 0 1 1 
1 1 G 1 1 1 1 1 1 1 
1 1 1 1 1 1 1 1 1 1 
d26 P47 T7

Map10
1 1 1 1 1 1 1 1 1 1 
1 1 G 1 1 S 1 1 1 1 
1 F 0 0 F 0 # 1 1 1 
1 1 F 0 0 0 # 0 1 1 
1 1 # 0 # 0 0 H 1 1 
1 # F F F F # # 1 1 
1 0 1 1 0 0 # F 1 1 
1 0 F # 0 0 0 0 1 1 
1 1 F H 0 # H 0 1 1 
1 1 1 1 1 1 1 1 1 1 
l54 P57 T4

Map10
1 1 1 1 1 1 1 1 1 1 
1 1 1 S 1 1 G 1 1 1 
1 0 H 0 0 0 0 0 1 1 
1 0 0 0 0 F 0 0 1 1 
1 0 0 H 0 1 0 0 1 1 
1 0 0 0 0 H 0 0 1 1 
1 0 0 0 F 0 0 1 1 1 
1 0 0 0 0 0 0 0 1 1 
1 0 0 0 0 0 0 0 1 1 
1 1 1 1 1 1 1 1 1 1 
u63 R23 T3

Map10
1 1 1 1 1 1 1 1 1 1 
1 1 F 0 H 0 F F # 1 
1 1 0 0 0 0 F 0 F 1 
1 1 0 H 0 H 0 1 0 1 
1 G 0 # F 0 0 0 0 1 
1 1 0 # 0 # 0 F 1 1 
1 1 0 0 1 0 0 0 0 1 
1 1 0 0 F 0 F 0 0 1 
1 1 1 S 1 1 1 1 1 1 
1 1 1 1 1 1 1 1 1 1 
u77 R27 T4

Map10
1 1 1 1 1 1 1 1 1 1 
1 1 1 1 1 1 1 1 1 1 
1 1 0 0 0 0 0 0 0 1 
1 1 0 1 F 0 0 0 0 1 
1 1 0 # 1 0 H 0 0 1 
1 1 0 0 0 1 H H 0 1 
1 G 0 0 0 1 0 0 0 1 
1 S 0 0 H 0 1 0 H 1 
1 1 0 0 0 0 0 # 0 1 
1 1 1 1 1 1 1 1 1 1 
l36 U38 T3

Map10
1 1 1 1 1 1 1 1 1 1 
1 0 0 H H 0 0 F 1 1 
1 H 0 1 0 0 0 F 1 1 
1 0 0 0 F 0 # H 1 1 
1 0 F H 1 0 # F 1 1 
G 0 # # F 0 0 H 1 1 
S 0 0 0 0 0 F F 1 1 
1 0 1 F 0 0 0 0 1 1 
1 1 1 1 1 1 1 1 1 1 
1 1 1 1 1 1 1 1 1 1 
l65 U67 T4

Map10
1 1 1 1 1 G 1 1 1 1 
1 H 1 0 # F 0 1 1 1 
1 # 0 0 0 # 0 0 1 1 
1 1 0 0 # 0 0 0 1 1 
1 0 1 1 0 # 0 1 1 1 
1 0 0 # 0 0 F 0 1 1 
1 1 1 # 0 # # 1 1 1 
1 0 0 0 0 0 0 0 1 1 
1 1 1 1 1 1 S 1 1 1 
1 1 1 1 1 1 1 1 1 1 
u53 p64 T5

Map10
1 1 1 1 1 1 1 1 1 1 
1 1 G 1 1 1 1 1 1 1 
1 1 0 0 0 0 0 0 0 1 
1 1 0 0 1 0 0 0 F 1 
1 S 0 H 0 0 0 0 0 1 
1 1 # F # 0 0 H 0 1 
1 1 0 0 0 0 0 1 F 1 
1 1 0 0 0 0 0 0 H 1 
1 1 0 0 1 H 0 1 0 1 
1 1 1 1 1 1 1 1 1 1 
r26 D23 T6

Map10
1 1 1 1 1 1 1 1 1 1 
1 1 0 H 0 1 0 0 F 1 
1 1 # 0 # 0 # 0 0 1 
1 1 # 0 0 1 H 0 0 1 
1 G 0 0 H F 1 0 0 1 
1 1 1 0 H 0 0 0 1 1 
1 1 F 0 H # F 0 0 1 
1 1 1 F # # F 1 # 1 
1 1 1 1 1 1 S 1 1 1 
1 1 1 1 1 1 1 1 1 1 
l72 T7

Map10
1 1 1 1 1 1 1 1 1 1 
1 1 # 0 # H 0 0 0 1 
1 1 0 H # 0 0 0 H 1 
1 1 0 0 0 1 0 0 H 1 
1 1 0 H # 0 0 0 F 1 
1 1 F 0 0 0 0 1 0 1 
1 1 0 H 0 0 F 0 0 1 
1 1 1 0 0 H 0 F 0 1 
1 1 1 1 S 1 1 G 1 1 
1 1 1 1 1 1 1 1 1 1 
d76 p47 T5

Map10
1 1 1 1 1 1 1 1 1 1 
1 S 1 1 1 1 1 G 1 1 
1 0 0 # # 1 F 0 1 1 
1 F 0 H 0 0 0 0 1 1 
1 0 0 1 H 1 0 0 1 1 
1 0 F 1 0 F 0 0 1 1 
1 0 F H 0 0 0 1 1 1 
1 0 0 0 # 0 0 0 1 1 
1 0 F 0 0 F 0 # 1 1 
1 1 1 1 1 1 1 1 1 1 
u68 R53 T5

Map10
1 1 1 1 1 1 1 1 1 1 
1 1 1 1 1 1 1 1 1 1 
1 0 1 F 0 1 # 0 G 1 
1 F F F 1 0 F F 1 1 
1 0 # # 0 0 0 # 1 1 
S 0 # 0 1 1 0 0 1 1 
1 1 1 0 0 # 0 1 1 1 
1 F 0 F 0 F 0 0 1 1 
1 0 0 0 0 F 0 0 1 1 
1 1 1 1 1 1 1 1 1 1 
u68 T6

Map10
1 1 1 1 1 1 1 1 1 1 
1 1 1 G 1 1 1 1 1 1 
1 1 F 0 0 1 0 0 H 1 
1 1 F 0 F 0 0 F 0 1 
1 S 0 0 0 F 0 # 0 1 
1 1 0 F 0 0 0 0 0 1 
1 1 F # 0 H 0 0 0 1 
1 1 # 0 0 0 0 1 H 1 
1 1 0 0 0 0 0 0 0 1 
1 1 1 1 1 1 1 1 1 1 
u34 p64 T6

Map10
1 1 1 1 1 1 G 1 1 1 
1 # 1 F 0 1 0 0 1 1 
1 0 1 0 0 1 F F 1 1 
1 0 F F 0 1 0 F 1 1 
1 0 0 0 F 1 0 0 1 1 
1 0 F 0 0 0 1 # 1 1 
1 0 0 0 0 F F 0 1 1 
1 1 0 0 # 0 0 # 1 1 
1 1 1 1 1 S 1 1 1 1 
1 1 1 1 1 1 1 1 1 1 
d35 T8
