Map10
1 1 1 1 1 1 1 S 1 1 
1 0 0 H 0 0 H 0 0 1 
1 F # 1 0 1 0 # 1 1 
G 0 0 H 0 H 0 0 F 1 
1 0 0 F 0 0 # 0 H 1 
1 1 0 F 0 0 0 0 0 1 
1 # H 1 H 0 1 0 0 1 
1 0 # 0 0 0 # 0 0 1 
1 0 0 0 0 1 0 0 F 1 
1 1 1 1 1 1 1 1 1 1 
l23 P76 T5

Map10
1 1 S 1 G 1 1 1 1 1 
1 0 # # # 0 F # 0 1 
1 H 0 F 0 0 1 0 F 1 
1 0 0 # 0 0 0 0 F 1 
1 H 0 0 0 H 1 1 0 1 
1 # F 0 F # # 0 # 1 
1 H 0 0 0 0 0 F 0 1 
1 0 H # F 0 F 0 H 1 
1 1 0 0 1 0 # 0 F 1 
1 1 1 1 1 1 1 1 1 1 
u42 P23 T4

Map10
1 1 1 1 1 1 1 1 1 1 
1 # 0 0 F # 0 0 # 1 
G 0 0 F 0 0 H H H 1 
1 0 # F 1 0 0 # 0 1 
1 H 0 0 0 F F H # 1 
S 0 # 0 0 0 0 0 0 1 
1 0 0 0 1 # 0 F 0 1 
1 0 # 0 0 0 0 # 0 1 
1 F 0 0 1 0 # # F 1 
1 1 1 1 1 1 1 1 1 1 
l22 P35 T4

Map10
1 1 1 1 1 1 1 1 1 1 
1 0 0 0 0 0 # 0 0 1 
1 0 0 0 0 0 F 0 0 1 
1 F 1 0 0 0 F F 0 1 
1 0 0 F 0 H 0 0 0 1 
1 F 0 0 1 0 H F 0 1 
G 0 0 H F 0 F 0 0 1 
S F 0 0 0 0 1 0 0 1 
1 # 0 F # F 0 # 0 1 
1 1 1 1 1 1 1 1 1 1 
l26 U28 T3

Map10
1 1 1 1 G 1 S 1 1 1 
1 0 0 1 0 0 F 1 # 1 
1 1 0 1 0 0 0 F 0 1 
1 0 1 0 # F 0 0 # 1 
1 0 0 # 0 1 # 0 1 1 
1 0 F 0 0 0 1 # 0 1 
1 0 # 1 0 0 0 # 0 1 
1 0 # 0 0 0 0 0 0 1 
1 # # 0 0 # 0 0 F 1 
1 1 1 1 1 1 1 1 1 1 
u48 T7

Map10
1 G 1 1 1 1 1 1 1 1 
1 0 1 0 0 # 0 0 0 1 
S 0 0 0 0 0 F 0 0 1 
1 0 0 0 0 1 0 1 0 1 
1 0 0 0 F 0 0 0 0 1 
1 0 0 0 0 0 0 # 0 1 
1 0 0 0 1 0 0 # 0 1 
1 0 0 0 0 1 0 0 0 1 
1 0 1 0 1 0 0 1 0 1 
1 1 1 1 1 1 1 1 1 1 
l42 T5

Map10
1 1 1 1 1 S 1 1 1 1 
1 0 0 0 0 0 0 0 0 1 
1 F 0 1 0 0 0 0 # 1 
1 0 0 0 0 0 0 F 0 1 
1 0 F 0 0 F 1 0 0 1 
G F # 0 0 0 0 0 0 1 
1 0 F 0 0 0 0 0 F 1 
1 0 0 0 1 0 0 F 0 1 
1 0 0 0 F 0 F 0 0 1 
1 1 1 1 1 1 1 1 1 1 
l85 T6

Map10
1 1 1 S 1 1 1 1 1 1 
1 0 1 0 0 0 # 0 0 1 
1 F 1 0 0 1 0 0 0 1 
1 0 0 # 0 0 0 1 0 1 
1 1 # 0 F 0 # 1 # 1 
1 # # F H H 0 # F 1 
G 0 F 0 # 0 0 0 1 1 
1 1 0 0 # 0 # # 0 1 
1 0 1 0 0 0 0 0 0 1 
1 1 1 1 1 1 1 1 1 1 
l36 T4

Map10
1 1 1 1 S 1 G 1 1 1 
1 0 # 0 0 # 0 0 0 1 
1 # 0 0 1 H 0 0 0 1 
1 0 0 0 0 0 0 0 0 1 
1 0 0 0 0 1 0 F 0 1 
1 0 0 F H 0 1 # F 1 
1 0 0 1 0 0 0 # # 1 
1 0 H H 0 0 H 0 # 1 
1 0 0 0 F 0 1 0 0 1 
1 1 1 1 1 1 1 1 1 1 
l84 T6

Map10
1 1 1 1 1 1 S 1 1 1 
1 0 0 0 0 0 0 H 0 1 
1 0 0 0 1 0 0 0 0 1 
G 0 0 0 0 0 0 0 0 1 
1 H 0 0 0 0 0 0 0 1 
1 0 0 0 F 0 0 0 0 1 
1 0 0 0 0 0 0 0 0 1 
1 H 0 0 0 0 F 0 0 1 
1 0 0 0 1 0 0 1 0 1 
1 1 1 1 1 1 1 1 1 1 
l63 T3

Map10
1 1 1 1 1 1 1 S 1 1 
1 F 1 0 F 1 1 0 0 1 
1 F 0 # 0 1 0 0 F 1 
1 0 0 # 0 F 1 0 # 1 
1 F 0 0 0 0 F # 0 1 
G # 0 0 0 0 F # 0 1 
1 F 0 F 0 0 0 F 0 1 
1 0 # 0 0 0 0 0 F 1 
1 0 0 # 0 0 0 # 0 1 
1 1 1 1 1 1 1 1 1 1 
l85 T5

Map10
1 1 1 1 1 1 1 1 1 1 
G 0 0 1 0 0 0 0 # 1 
1 0 0 0 # 0 0 0 0 1 
1 0 0 1 0 0 0 0 # 1 
1 0 # 0 # 0 0 0 F 1 
1 0 0 0 0 1 0 0 0 1 
S 0 0 # 0 0 F 0 0 1 
1 0 1 0 0 0 0 0 0 1 
1 0 0 1 # 0 0 1 # 1 
1 1 1 1 1 1 1 1 1 1 
l56 T6

Map10
1 1 1 1 1 1 1 1 1 1 
S # 0 0 0 1 0 0 0 1 
1 F 0 0 F 0 0 0 0 1 
1 0 0 0 0 0 0 0 0 1 
1 F 0 0 0 1 0 1 0 1 
G 0 0 0 0 F 0 0 0 1 
1 0 0 0 F 0 0 F 0 1 
1 1 0 # 0 0 0 F 0 1 
1 F 1 0 0 0 0 F 0 1 
1 1 1 1 1 1 1 1 1 1 
l45 T4

Map10
1 1 1 1 1 1 1 1 1 1 
1 0 0 0 0 0 0 0 0 1 
S 0 0 # 0 1 0 0 0 1 
1 0 0 0 0 0 H 0 0 1 
1 0 0 0 # 1 0 # 0 1 
G 0 0 0 0 0 0 1 0 1 
1 H 0 0 0 0 0 0 0 1 
1 0 0 0 0 0 H 0 0 1 
1 # 0 0 1 0 0 1 0 1 
1 1 1 1 1 1 1 1 1 1 
l45 T6

Map10
1 1 G 1 S 1 1 1 1 1 
1 0 0 0 0 0 1 0 0 1 
1 0 0 F 0 0 0 0 0 1 
1 0 0 0 0 H H 0 0 1 
1 0 F F 0 F 0 0 0 1 
1 0 0 0 F 0 H 0 F 1 
1 1 0 F 0 0 0 0 0 1 
1 0 0 0 0 1 0 0 0 1 
1 0 0 0 0 0 H 0 0 1 
1 1 1 1 1 1 1 1 1 1 
u28 T4

Map10
1 1 G 1 1 1 1 1 1 1 
1 0 0 # # 0 1 # 0 1 
1 0 0 # 0 0 0 F 0 1 
1 0 # 0 0 0 0 # 0 1 
S 0 0 F 0 1 0 0 0 1 
1 0 1 0 F 0 # F 0 1 
1 H 1 0 0 F 0 0 0 1 
1 0 F F 0 F 0 0 # 1 
1 1 0 0 # 0 0 0 # 1 
1 1 1 1 1 1 1 1 1 1 
u24 T5

Map10
1 1 1 1 1 1 1 1 1 1 
1 0 0 # 0 0 1 0 0 1 
G F 0 0 F F 0 0 0 1 
1 0 0 0 0 0 0 0 0 1 
S # 0 0 0 0 0 0 0 1 
1 # 0 0 0 1 0 1 # 1 
1 0 # 0 # # 0 # 0 1 
1 0 0 F 0 0 F 0 0 1 
1 0 0 0 F F H 0 F 1 
1 1 1 1 1 1 1 1 1 1 
l82 T4

Map10
1 G 1 1 1 1 S 1 1 1 
1 0 0 0 0 0 0 0 0 1 
1 0 0 0 0 0 F 0 0 1 
1 0 0 0 0 F 0 0 # 1 
1 1 0 0 0 F 0 0 0 1 
1 0 1 0 0 0 0 0 0 1 
1 1 0 0 0 1 F 0 0 1 
1 0 0 0 0 0 0 1 0 1 
1 0 0 0 0 # 0 H 0 1 
1 1 1 1 1 1 1 1 1 1 
u38 T6

Map10
1 G 1 1 S 1 1 1 1 1 
1 0 H H F 0 0 0 1 1 
1 F F 0 F 0 0 0 0 1 
1 0 0 0 0 F H 1 0 1 
1 1 1 0 0 H 0 1 0 1 
1 0 H 0 # F 0 0 0 1 
1 0 0 0 1 0 H H 0 1 
1 0 0 F 0 H # # 0 1 
1 0 0 0 0 # F F 0 1 
1 1 1 1 1 1 1 1 1 1 
l43 T5

Map10
1 G 1 1 1 1 1 1 1 1 
1 0 0 1 0 0 # F 1 1 
1 0 0 F 0 0 0 0 F 1 
1 0 0 1 0 # H 0 F 1 
1 # 0 1 0 0 # F # 1 
1 0 0 0 0 # # H 0 1 
S F 0 0 0 0 0 0 0 1 
1 0 F 0 0 1 # # 1 1 
1 1 0 0 0 # # 0 F 1 
1 1 1 1 1 1 1 1 1 1 
u26 T6

Map10
1 1 1 G 1 1 S 1 1 1 
1 H 0 F F F 0 0 0 1 
1 0 1 0 0 0 0 0 0 1 
1 0 0 0 H 0 0 0 1 1 
1 0 1 0 0 0 0 # 0 1 
1 0 0 0 1 0 F 0 0 1 
1 H 0 0 0 0 0 0 1 1 
1 0 0 0 0 0 0 0 1 1 
1 0 F 1 1 0 0 H 0 1 
1 1 1 1 1 1 1 1 1 1 
l62 T4

Map10
1 1 G 1 1 1 1 1 1 1 
1 0 0 F 1 1 # 0 0 1 
1 1 # F 0 0 0 1 F 1 
1 0 0 0 0 0 # 0 F 1 
S 0 0 0 # F 0 F 0 1 
1 0 F F # 0 0 0 0 1 
1 0 F 0 0 F 0 0 0 1 
1 0 # 0 0 0 0 1 0 1 
1 0 0 0 0 F 0 0 0 1 
1 1 1 1 1 1 1 1 1 1 
u24 T5

Map10
1 1 1 1 1 G 1 1 1 1 
1 0 0 0 0 0 1 0 0 1 
1 0 H 0 1 0 0 0 0 1 
1 0 1 0 # 0 F 0 F 1 
1 1 0 1 # 0 0 0 0 1 
1 # 0 # 0 0 # F 0 1 
S 0 0 # 1 1 0 0 H 1 
1 H 1 0 0 # F # 0 1 
1 0 0 0 # # # H 0 1 
1 1 1 1 1 1 1 1 1 1 
l82 T7

Map10
1 1 1 1 1 1 1 1 1 1 
1 0 1 0 0 0 0 0 1 1 
1 F 0 F F F F 0 H 1 
1 0 0 0 0 0 # 0 0 1 
G 0 0 0 0 F F 0 0 1 
1 0 H F F 0 F 0 0 1 
S 0 0 0 0 0 1 H F 1 
1 0 1 1 0 0 0 0 H 1 
1 0 F H 0 1 0 1 0 1 
1 1 1 1 1 1 1 1 1 1 
l44 T6

Map10
1 1 1 1 1 G 1 S 1 1 
1 0 0 0 F F 0 0 F 1 
1 1 1 0 0 0 0 0 F 1 
1 0 F 0 0 0 F F 1 1 
1 0 # 0 0 0 0 0 0 1 
1 F 0 0 0 0 0 0 0 1 
1 F F 0 0 0 0 0 0 1 
1 0 0 0 0 0 0 0 0 1 
1 0 0 0 0 0 F 0 0 1 
1 1 1 1 1 1 1 1 1 1 
u54 T6

Map10
1 G 1 1 1 S 1 1 1 1 
1 0 0 0 0 # 0 0 1 1 
1 H 0 1 F 0 0 1 0 1 
1 0 0 0 0 F 0 0 0 1 
1 0 0 H 0 0 0 0 1 1 
1 0 0 0 F 0 0 F 0 1 
1 F # 0 F 0 0 F 0 1 
1 H F 0 0 1 0 0 0 1 
1 0 0 0 0 0 F 0 F 1 
1 1 1 1 1 1 1 1 1 1 
u66 T6

Map10
1 1 1 1 1 1 1 1 1 1 
1 0 F 0 0 0 0 0 0 1 
S 0 # F 0 0 0 0 0 1 
1 # 0 F F 0 0 0 H 1 
1 F # 0 # 1 0 0 0 1 
1 1 H F 0 0 0 F # 1 
G 0 0 # # 0 F 0 0 1 
1 # 1 0 # 0 0 0 0 1 
1 # # 0 0 1 0 # 0 1 
1 1 1 1 1 1 1 1 1 1 
d42 T7

Map10
1 1 1 1 1 1 1 1 1 1 
1 0 0 0 0 0 0 1 F 1 
1 0 F 1 0 0 F 0 F 1 
S 0 0 0 0 0 F 0 0 1 
1 F 0 0 0 0 0 0 0 1 
G 0 0 F 0 # 0 0 1 1 
1 0 0 0 0 0 0 1 0 1 
1 H 0 0 0 0 0 F 0 1 
1 0 0 0 0 0 0 # F 1 
1 1 1 1 1 1 1 1 1 1 
d73 T4

Map10
1 1 1 1 1 1 1 1 1 1 
1 0 0 0 0 0 0 0 0 1 
1 # # F 0 0 0 0 0 1 
1 # 1 F 0 0 0 0 F 1 
G 0 0 0 0 0 0 # 0 1 
1 # 0 # 0 0 0 0 0 1 
S # 0 0 0 1 0 0 1 1 
1 0 0 # 0 0 # 0 0 1 
1 0 0 0 0 F 0 # 0 1 
1 1 1 1 1 1 1 1 1 1 
u26 T6

Map10
1 1 1 1 G 1 1 1 1 1 
1 0 1 1 0 0 1 # # 1 
1 0 0 0 0 0 # 0 # 1 
1 0 0 # 0 0 0 # 0 1 
1 0 0 0 1 0 0 0 0 1 
1 0 0 0 F 0 # 0 0 1 
1 0 0 1 0 0 0 # 0 1 
S F # 0 # 1 0 0 0 1 
1 0 1 0 0 0 0 0 0 1 
1 1 1 1 1 1 1 1 1 1 
l84 T9

Map10
1 1 1 1 G S 1 1 1 1 
1 0 1 0 F 0 0 0 1 1 
1 0 0 H 0 0 0 # 1 1 
1 0 1 0 0 0 0 0 # 1 
1 1 0 0 F 0 F 0 0 1 
1 0 H 0 0 0 0 0 # 1 
1 1 0 F 0 1 0 0 1 1 
1 0 F F # 0 0 0 0 1 
1 # 0 0 0 F # 0 0 1 
1 1 1 1 1 1 1 1 1 1 
u48 T7

Map10
1 1 1 G 1 1 1 1 1 1 
1 0 0 0 0 0 H 0 0 1 
1 0 0 H H 0 H 0 0 1 
S 0 0 1 0 0 0 H H 1 
1 0 0 0 0 0 0 1 0 1 
1 0 0 0 F 0 0 0 1 1 
1 0 F 1 0 0 0 0 0 1 
1 0 0 H 0 0 0 1 0 1 
1 0 0 0 0 0 1 0 0 1 
1 1 1 1 1 1 1 1 1 1 
d21 T7

Map10
1 1 1 1 1 1 1 1 1 1 
G F 0 F 0 H 0 0 0 1 
S 0 0 0 0 F 0 0 1 1 
1 0 0 # 0 # 0 # 0 1 
1 1 0 0 # 0 0 1 0 1 
1 F # 0 H 0 F 0 1 1 
1 # 0 0 1 0 0 1 0 1 
1 0 0 0 # 1 0 0 H 1 
1 1 # # # # 0 # 0 1 
1 1 1 1 1 1 1 1 1 1 
d32 T6

Map10
1 1 1 1 S 1 1 1 1 1 
G # F 0 # 0 0 F 1 1 
1 0 # 1 F 0 0 0 0 1 
1 # 0 1 # F 0 0 0 1 
1 1 1 0 1 0 0 0 0 1 
1 0 0 0 0 0 0 1 0 1 
1 0 0 F 0 F 0 0 0 1 
1 # 0 1 0 H F # F 1 
1 0 F F 0 1 F # 0 1 
1 1 1 1 1 1 1 1 1 1 
u63 T5

Map10
1 1 1 1 S 1 G 1 1 1 
1 # 0 0 F 0 0 0 0 1 
1 0 0 0 0 # 0 0 1 1 
1 0 0 0 0 0 0 0 1 1 
1 # # 0 0 0 0 0 0 1 
1 0 F # # 0 0 0 0 1 
1 1 0 F # 0 # 1 0 1 
1 0 # 0 0 0 0 0 0 1 
1 0 0 # 0 # 0 0 0 1 
1 1 1 1 1 1 1 1 1 1 
u68 T5

Map10
1 G 1 1 1 1 1 1 1 1 
1 0 0 0 0 1 0 1 1 1 
1 1 0 0 0 1 0 0 0 1 
1 0 0 0 0 0 0 0 0 1 
S 0 0 F 0 0 1 0 0 1 
1 0 0 0 0 0 0 0 0 1 
1 0 # 0 0 F 0 H 0 1 
1 H 0 0 0 0 0 0 0 1 
1 1 F F 0 0 0 0 H 1 
1 1 1 1 1 1 1 1 1 1 
u24 T5

Map10
1 1 1 1 1 1 G 1 1 1 
1 H F 0 1 0 # # 0 1 
1 0 0 F # 0 0 0 1 1 
S 0 # 1 H # 0 0 0 1 
1 F 0 0 0 F 0 0 0 1 
1 0 0 0 1 0 H F F 1 
1 F 1 H F 0 # 1 H 1 
1 1 0 0 0 F F H # 1 
1 # 0 # 1 0 0 0 0 1 
1 1 1 1 1 1 1 1 1 1 
u64 T7

Map10
1 1 1 1 1 G 1 1 1 1 
1 0 0 1 1 0 1 # 0 1 
1 0 0 0 1 0 0 H 0 1 
S 0 0 0 F 0 0 0 0 1 
1 0 0 1 F F # # # 1 
1 H 0 0 # 0 0 0 0 1 
1 0 0 0 F 0 0 1 # 1 
1 0 0 0 0 1 0 0 0 1 
1 1 # 0 1 0 0 0 # 1 
1 1 1 1 1 1 1 1 1 1 
u53 T4

Map10
1 1 1 1 1 1 1 G 1 1 
1 0 0 F 0 0 0 0 1 1 
1 0 0 F 0 0 F F 0 1 
1 0 0 F 1 0 0 0 0 1 
1 0 0 0 0 0 0 1 1 1 
1 F 1 # 0 0 0 0 0 1 
S 0 0 0 0 0 0 F 0 1 
1 F 0 F 0 0 1 0 0 1 
1 F 1 0 0 0 0 1 0 1 
1 1 1 1 1 1 1 1 1 1 
u56 T5

Map10
1 1 1 1 1 1 1 1 1 1 
G F F 0 0 H 0 # F 1 
1 F 0 F 1 0 0 1 F 1 
1 1 0 0 0 0 0 # 0 1 
S 0 # 0 0 0 0 0 # 1 
1 0 0 1 0 F 0 0 1 1 
1 F # 0 0 0 0 0 F 1 
1 0 # F 0 1 1 0 0 1 
1 F 0 0 # 0 F 0 0 1 
1 1 1 1 1 1 1 1 1 1 
u34 T5

Map10
1 1 1 1 G 1 1 1 1 1 
1 1 0 0 0 0 0 H H 1 
1 0 0 0 0 H 0 1 0 1 
1 0 0 0 0 0 0 0 1 1 
1 0 H 0 F 0 1 0 0 1 
1 0 0 1 0 0 0 0 0 1 
S 0 0 0 0 0 0 F 0 1 
1 0 F 0 H 0 0 0 0 1 
1 1 0 0 0 0 H 0 H 1 
1 1 1 1 1 1 1 1 1 1 
u43 T7

Map10
1 1 1 1 S 1 1 1 1 1 
1 0 H 1 0 0 0 0 0 1 
1 # 0 0 0 0 # 0 0 1 
1 1 # 0 # 0 0 0 0 1 
G 0 0 0 0 0 0 0 0 1 
1 0 # 0 0 0 0 0 0 1 
1 0 0 0 0 0 0 0 0 1 
1 1 0 0 0 0 0 0 0 1 
1 0 0 0 0 0 0 0 0 1 
1 1 1 1 1 1 1 1 1 1 
l44 T5

Map10
1 1 1 1 1 1 1 1 1 1 
1 H 0 1 # # 0 0 H 1 
1 0 0 0 0 0 0 0 0 1 
1 0 F 0 0 0 0 # 0 1 
1 0 0 0 0 0 0 0 # 1 
G 0 H H H 0 0 0 0 1 
1 1 H 0 F # 0 0 0 1 
S 0 0 0 0 0 1 0 F 1 
1 0 0 0 0 0 0 # 0 1 
1 1 1 1 1 1 1 1 1 1 
l52 T6

Map10
1 1 1 1 S 1 1 G 1 1 
1 0 0 0 0 H F 0 1 1 
1 1 F 0 0 # # 0 0 1 
1 0 # 0 0 0 # 0 # 1 
1 0 0 F 0 H 0 0 1 1 
1 0 F 0 0 0 0 H 0 1 
1 # 0 # # 0 0 0 0 1 
1 H 0 # 1 0 F 0 # 1 
1 0 0 0 1 0 1 # 0 1 
1 1 1 1 1 1 1 1 1 1 
u73 T6

Map10
1 1 1 1 1 1 1 1 1 1 
G 0 0 1 F 0 0 0 F 1 
1 0 # 0 # 0 0 F 0 1 
1 1 F 0 0 # # 0 F 1 
1 0 0 0 F 1 H # 0 1 
S 0 F 0 # 0 0 0 0 1 
1 0 0 F F # F 0 1 1 
1 # 0 # F 1 H F 0 1 
1 0 # 0 0 0 0 0 0 1 
1 1 1 1 1 1 1 1 1 1 
u35 T9

Map10
1 1 1 1 1 S 1 1 1 1 
1 0 0 0 0 F 0 0 1 1 
1 0 1 F 0 F 0 0 0 1 
1 0 0 0 0 0 F 0 1 1 
1 0 0 0 F 0 0 0 0 1 
1 # F F F F 0 1 F 1 
G 0 0 0 # 0 # 0 # 1 
1 0 0 0 0 0 0 0 0 1 
1 0 0 0 0 1 0 0 F 1 
1 1 1 1 1 1 1 1 1 1 
l56 T5

Map10
1 1 1 1 1 1 G 1 1 1 
1 0 F 0 0 0 # 0 1 1 
1 0 0 1 0 0 F 0 0 1 
1 0 F 0 0 # 0 # # 1 
S # 0 0 1 0 0 0 F 1 
1 0 0 F 0 0 # 0 0 1 
1 F 0 0 # 0 0 0 F 1 
1 # # 0 # 0 0 F F 1 
1 1 # F 0 0 0 1 # 1 
1 1 1 1 1 1 1 1 1 1 
u63 T5

Map10
1 1 1 1 1 1 1 1 1 1 
1 0 1 1 1 # 0 0 1 1 
S 0 # 0 F # 0 0 0 1 
1 0 0 F 0 F 0 0 0 1 
1 # 0 # 0 0 # # 1 1 
G 0 0 0 0 0 0 0 0 1 
1 # 0 0 0 # 0 0 0 1 
1 F 0 1 0 0 F 0 # 1 
1 F 0 1 0 # 1 # 0 1 
1 1 1 1 1 1 1 1 1 1 
d32 T6

Map10
1 1 1 1 G 1 1 1 1 1 
1 F 0 H 0 H 0 0 0 1 
1 0 0 0 0 F 1 H 0 1 
1 F 0 0 0 F 0 F 0 1 
1 0 F 0 0 0 0 1 0 1 
S 0 0 1 0 0 H 1 1 1 
1 0 F 0 0 0 0 0 0 1 
1 0 0 F 0 0 0 F 0 1 
1 1 F F 0 0 F 0 0 1 
1 1 1 1 1 1 1 1 1 1 
u47 T6

Map10
1 1 1 1 1 1 G 1 1 1 
1 0 0 0 F 0 0 0 0 1 
1 0 0 F F 0 F 0 0 1 
1 0 0 F 0 1 F F 0 1 
S 0 # 0 1 0 0 0 0 1 
1 0 0 0 0 F F # 0 1 
1 F 1 1 F H 0 0 1 1 
1 0 F 0 0 0 0 # 0 1 
1 0 0 1 0 1 0 0 0 1 
1 1 1 1 1 1 1 1 1 1 
r17 T8

Map10
1 1 1 1 G 1 S 1 1 1 
1 0 0 F 0 0 0 F 0 1 
1 1 0 0 0 0 0 0 0 1 
1 # 0 0 0 0 0 0 0 1 
1 0 0 F 0 0 0 0 0 1 
1 0 0 0 0 0 1 0 H 1 
1 0 0 0 0 0 0 H 0 1 
1 0 0 0 # 0 0 0 1 1 
1 0 0 0 0 0 0 0 0 1 
1 1 1 1 1 1 1 1 1 1 
u44 T4

Map10
1 1 1 1 1 1 1 1 1 1 
1 0 0 H 1 F 1 0 # 1 
1 F 0 # 0 0 0 0 0 1 
1 # 0 0 1 0 0 0 F 1 
G 0 0 F # 0 0 # 0 1 
S 0 F 0 0 0 # 0 0 1 
1 0 0 F 0 H F # 0 1 
1 F H 0 0 0 0 0 0 1 
1 0 F # F 0 0 0 0 1 
1 1 1 1 1 1 1 1 1 1 
l84 T4

Map10
1 1 1 1 1 1 S G 1 1 
1 0 0 0 F 0 0 0 # 1 
1 # 0 0 1 0 F # 0 1 
1 # 0 0 F 0 # 0 0 1 
1 F 0 H 1 0 0 0 0 1 
1 0 0 0 # 0 0 0 0 1 
1 1 0 H 1 # # 0 H 1 
1 1 0 F F # 1 H 0 1 
1 1 0 # # 0 F 0 0 1 
1 1 1 1 1 1 1 1 1 1 
l61 T8

Map10
1 1 1 1 1 1 1 1 1 1 
1 0 0 1 0 0 1 # 0 1 
1 0 F 0 # 0 1 0 0 1 
G F # 0 # # F 0 0 1 
1 0 0 1 # F F F 0 1 
1 # 0 0 1 0 0 0 0 1 
1 0 0 0 1 1 F 0 0 1 
S 0 0 0 0 0 0 0 0 1 
1 0 0 0 0 F 1 0 1 1 
1 1 1 1 1 1 1 1 1 1 
l83 T4

Map10
1 1 1 1 1 1 1 1 1 1 
1 0 0 0 F 0 0 0 0 1 
1 0 0 0 0 1 # 0 # 1 
S 0 0 F # # 0 F 0 1 
1 0 0 0 # 0 0 F 0 1 
G F 0 0 F # 0 0 1 1 
1 # 1 # 0 0 1 F F 1 
1 0 0 0 0 # # H 0 1 
1 0 0 0 0 0 F 0 0 1 
1 1 1 1 1 1 1 1 1 1 
d23 T4

Map10
1 1 1 1 1 1 1 1 1 1 
1 1 0 0 1 0 H 0 0 1 
1 0 0 1 F 0 0 0 F 1 
1 0 # 0 0 0 0 # 1 1 
G 0 0 1 0 0 0 0 0 1 
S 0 0 0 0 0 0 0 0 1 
1 0 0 # 0 0 0 0 1 1 
1 0 0 H 0 0 0 0 0 1 
1 0 0 0 0 0 0 0 0 1 
1 1 1 1 1 1 1 1 1 1 
r13 T9

Map10
1 1 1 1 1 1 G 1 1 1 
1 # 0 1 0 0 0 1 0 1 
1 0 0 0 0 0 # 0 0 1 
1 # 1 # 0 0 # # 1 1 
1 # F 0 F # F 0 0 1 
S 0 0 F # 0 F 0 # 1 
1 0 # 0 0 # 0 H H 1 
1 0 0 0 0 0 0 F F 1 
1 H 0 0 F F 0 1 0 1 
1 1 1 1 1 1 1 1 1 1 
u55 T5

Map10
1 1 1 1 1 S 1 1 1 1 
1 0 1 0 0 F 0 0 0 1 
G 0 0 0 0 F 0 0 0 1 
1 0 0 0 0 0 1 0 0 1 
1 0 0 0 0 F 0 0 0 1 
1 0 0 0 0 0 0 0 F 1 
1 0 0 0 0 0 0 F 0 1 
1 0 0 F 0 0 0 0 1 1 
1 1 F 1 0 0 0 0 0 1 
1 1 1 1 1 1 1 1 1 1 
l42 T5

Map10
1 1 1 1 1 1 1 1 1 1 
1 0 0 0 # 0 0 0 0 1 
1 0 0 1 0 0 # 0 1 1 
1 0 F # # 0 0 0 # 1 
G 0 0 0 H 0 0 1 0 1 
1 # 0 0 0 0 0 F # 1 
S # 0 0 # 0 0 0 0 1 
1 F # 0 1 0 0 0 0 1 
1 0 # 0 0 0 0 # 1 1 
1 1 1 1 1 1 1 1 1 1 
r13 T12

Map10
1 1 1 1 1 1 1 1 1 1 
1 F 0 0 0 F 0 F 0 1 
1 0 0 0 0 0 H H 0 1 
1 0 0 0 0 0 F 0 0 1 
1 0 0 0 0 0 0 0 0 1 
G 0 0 0 F 0 F 0 1 1 
1 1 0 0 0 0 0 1 0 1 
S # 0 0 0 F 0 F 0 1 
1 0 0 0 0 0 0 F 0 1 
1 1 1 1 1 1 1 1 1 1 
u28 T10

Map10
1 1 1 1 1 1 1 G 1 1 
1 0 0 0 0 0 0 0 1 1 
1 0 0 F 0 0 1 F H 1 
1 1 F 0 0 0 0 0 0 1 
1 0 F 0 0 H 0 0 0 1 
1 F F F F 0 0 0 1 1 
1 0 # # 0 0 F 0 # 1 
S 0 0 0 0 0 0 F 0 1 
1 0 1 0 0 0 0 1 0 1 
1 1 1 1 1 1 1 1 1 1 
u27 T5

Map10
1 1 1 1 S 1 1 1 1 1 
1 0 F 0 0 F H 1 F 1 
1 0 0 # 0 0 0 0 0 1 
1 0 0 0 0 F 0 0 0 1 
1 H 1 H 0 0 0 0 1 1 
1 0 0 0 F 0 0 0 0 1 
1 0 0 0 0 1 F 0 0 1 
G 0 1 0 0 0 0 0 0 1 
1 1 0 0 0 F F F F 1 
1 1 1 1 1 1 1 1 1 1 
l46 T6

Map10
1 1 1 1 1 1 1 S 1 1 
1 0 0 0 0 0 0 0 0 1 
1 0 0 0 1 0 1 0 0 1 
1 1 0 0 0 0 F 0 0 1 
1 0 0 0 1 0 0 0 0 1 
G 0 0 1 0 0 0 0 0 1 
1 0 1 1 0 0 0 0 # 1 
1 0 0 0 F 0 0 0 0 1 
1 0 1 0 0 # 0 0 0 1 
1 1 1 1 1 1 1 1 1 1 
d21 T6

Map10
1 1 1 1 1 1 G 1 1 1 
1 0 # # 0 F 0 0 0 1 
1 0 0 0 0 0 F # # 1 
1 0 0 1 0 1 0 # 0 1 
S # 0 0 0 0 1 0 0 1 
1 0 H 0 H 0 0 # 0 1 
1 H 0 0 # H 0 # 1 1 
1 0 0 1 0 0 0 0 0 1 
1 # # 0 0 0 0 # 0 1 
1 1 1 1 1 1 1 1 1 1 
l83 T9

Map10
1 1 1 1 1 1 1 1 1 1 
1 0 # 0 H 0 1 0 0 1 
1 F 0 H 0 F # # # 1 
S # 0 # 0 F F 0 0 1 
1 0 H 0 0 0 # 0 1 1 
1 1 1 0 # 0 0 1 0 1 
G 0 F 1 F F 0 H 0 1 
1 0 F 0 # 0 F F F 1 
1 # # 0 0 0 # 0 0 1 
1 1 1 1 1 1 1 1 1 1 
d43 T8

Map10
1 1 S 1 1 G 1 1 1 1 
1 H F 0 0 0 1 0 0 1 
1 0 0 0 0 F 0 0 0 1 
1 0 0 0 1 0 0 0 0 1 
1 F 0 1 1 0 0 0 0 1 
1 1 0 F 0 1 0 0 0 1 
1 0 0 0 0 F 0 0 0 1 
1 0 F 0 F 0 1 1 F 1 
1 0 0 F 1 0 0 H H 1 
1 1 1 1 1 1 1 1 1 1 
l83 T8

Map10
1 1 1 1 1 1 1 1 1 1 
G 0 0 0 1 0 0 0 F 1 
1 1 1 0 0 0 F 0 0 1 
1 0 0 0 0 0 F H 0 1 
S 0 F 0 0 0 0 0 0 1 
1 0 F 0 F 1 0 0 F 1 
1 0 1 0 0 F 0 H F 1 
1 0 0 H 0 0 0 H 0 1 
1 1 0 0 0 0 1 0 1 1 
1 1 1 1 1 1 1 1 1 1 
u34 T6

Map10
1 1 1 1 1 1 S 1 1 1 
1 0 0 # 0 0 # 0 0 1 
1 # 0 0 1 0 # 0 # 1 
1 1 F 0 0 # 0 # 0 1 
1 0 0 0 # 0 F 0 0 1 
1 0 1 0 0 0 0 0 0 1 
1 1 0 0 1 # 0 F 0 1 
G 0 F 0 1 0 # # 0 1 
1 0 F 1 # 0 0 0 H 1 
1 1 1 1 1 1 1 1 1 1 
l65 T6

Map10
1 1 1 1 1 1 1 1 1 1 
1 0 1 0 0 0 1 0 0 1 
1 0 # 0 0 0 H 0 0 1 
G 0 0 # 0 0 # F 0 1 
1 0 0 1 0 0 0 1 0 1 
S # 0 0 0 # 0 0 0 1 
1 # 0 0 F 0 0 0 1 1 
1 1 0 0 0 0 1 # 0 1 
1 # 0 1 # 0 0 0 0 1 
1 1 1 1 1 1 1 1 1 1 
l83 T4

Map10
1 1 G 1 1 1 1 1 1 1 
1 0 F F F 0 0 0 F 1 
1 # F F 0 0 0 # 0 1 
1 1 0 0 0 F 1 1 0 1 
1 0 0 F # 0 # 0 1 1 
1 0 0 0 # 0 0 0 # 1 
1 0 F 0 H 0 0 0 F 1 
S 0 F 0 0 0 1 0 0 1 
1 F # 0 0 0 0 0 0 1 
1 1 1 1 1 1 1 1 1 1 
u25 T7

Map10
1 1 1 1 1 1 1 1 1 1 
1 1 0 0 H 0 0 H 0 1 
1 0 0 0 0 0 0 0 0 1 
1 0 0 0 1 0 0 0 0 1 
G 0 0 0 1 0 0 1 1 1 
1 0 0 0 0 1 0 0 0 1 
S 0 0 0 1 0 0 F 0 1 
1 0 0 F 0 0 H 0 H 1 
1 0 0 0 0 0 0 0 0 1 
1 1 1 1 1 1 1 1 1 1 
l34 T4

Map10
1 S G 1 1 1 1 1 1 1 
1 0 0 1 0 0 1 0 0 1 
1 0 0 0 # # 0 0 # 1 
1 0 0 0 0 0 0 # F 1 
1 0 F 0 H # # 1 1 1 
1 0 0 # 0 0 F 0 0 1 
1 0 0 F 1 0 0 F 1 1 
1 F F 0 0 0 0 # # 1 
1 0 F 0 0 0 # # 0 1 
1 1 1 1 1 1 1 1 1 1 
u38 T8

Map10
1 1 1 1 1 1 1 1 1 1 
1 1 0 0 0 0 0 0 # 1 
G 0 0 0 0 H 0 0 0 1 
1 0 0 0 0 # # 0 1 1 
1 H H 0 # F 0 0 # 1 
S 0 0 0 1 F 1 1 0 1 
1 # 0 0 0 0 0 0 0 1 
1 # 0 0 0 0 0 # 0 1 
1 0 0 0 0 0 # 0 1 1 
1 1 1 1 1 1 1 1 1 1 
l32 T4

Map10
1 1 1 1 1 1 1 1 1 1 
1 0 0 F 0 0 0 0 F 1 
1 F F 0 1 0 0 1 0 1 
1 0 0 F 0 1 0 0 0 1 
1 0 0 0 0 1 0 0 0 1 
G 0 0 0 0 0 0 0 F 1 
1 0 0 0 # 0 0 F 0 1 
S 0 0 0 0 0 0 0 1 1 
1 0 0 0 0 1 1 0 0 1 
1 1 1 1 1 1 1 1 1 1 
l75 T4

Map10
1 1 1 1 1 1 G 1 1 1 
1 0 0 0 0 # 0 0 0 1 
1 0 0 1 0 0 0 0 0 1 
S # 1 # 1 H 0 0 # 1 
1 0 0 F 0 0 0 # 0 1 
1 F 0 0 0 0 # 0 # 1 
1 # 0 0 0 # 0 1 0 1 
1 0 0 0 0 0 0 0 0 1 
1 0 0 0 F F 0 0 0 1 
1 1 1 1 1 1 1 1 1 1 
u68 T6

Map10
1 1 1 1 1 G 1 1 1 1 
1 # # 1 0 0 0 0 # 1 
1 0 F 0 0 # 1 0 # 1 
1 0 0 0 # 0 0 F 0 1 
1 F 0 # 0 0 0 0 1 1 
1 0 # 0 0 0 0 0 0 1 
S 0 # 1 0 0 F 0 0 1 
1 # 0 0 1 0 # 0 0 1 
1 0 0 0 # 0 F 0 0 1 
1 1 1 1 1 1 1 1 1 1 
r12 T6

Map10
1 1 1 1 1 1 1 1 1 1 
1 0 1 0 0 0 0 0 0 1 
1 0 0 0 # 0 1 # 0 1 
G 0 0 0 0 0 0 0 0 1 
1 0 0 # 0 0 1 # # 1 
1 # 1 # 0 0 H 0 0 1 
S 0 # 0 0 0 0 0 0 1 
1 0 # 0 0 0 0 # H 1 
1 1 0 F # 0 0 0 # 1 
1 1 1 1 1 1 1 1 1 1 
l83 T5

Map10
1 1 S 1 1 1 1 1 1 1 
G 0 0 H # 0 F 0 F 1 
1 # 0 0 0 0 0 F 1 1 
1 H # F F F 0 F 0 1 
1 0 0 1 0 0 # 0 0 1 
1 F 0 1 1 0 0 1 F 1 
1 0 0 0 0 0 1 0 # 1 
1 0 F F 0 0 0 0 # 1 
1 0 0 0 F 0 0 0 1 1 
1 1 1 1 1 1 1 1 1 1 
u24 T7

Map10
1 G 1 1 S 1 1 1 1 1 
1 0 0 0 F 0 0 0 0 1 
1 0 0 0 0 1 0 1 0 1 
1 0 1 0 0 0 0 1 0 1 
1 0 H 0 0 0 1 0 # 1 
1 1 0 0 # # 0 H F 1 
1 0 0 0 # # 0 0 1 1 
1 0 0 0 0 0 0 0 0 1 
1 0 F 1 0 0 F 0 0 1 
1 1 1 1 1 1 1 1 1 1 
l42 T5

Map10
1 1 1 1 S G 1 1 1 1 
1 0 0 0 0 # 0 0 0 1 
1 0 0 0 0 1 0 0 F 1 
1 # 0 0 1 0 0 1 0 1 
1 # F # 0 0 # 0 # 1 
1 0 0 0 0 0 0 H # 1 
1 0 0 0 0 # 1 0 1 1 
1 0 1 0 0 # 1 # 0 1 
1 1 0 # 1 H 0 0 0 1 
1 1 1 1 1 1 1 1 1 1 
d61 T10

Map10
1 1 1 1 1 S 1 1 1 1 
1 0 0 0 0 0 0 F 0 1 
1 0 0 0 0 1 0 0 0 1 
1 1 0 F F 0 0 0 1 1 
G 0 0 0 0 F 0 0 0 1 
1 0 1 0 0 0 0 0 1 1 
1 0 0 F 0 0 0 0 1 1 
1 H 1 0 0 0 F 0 F 1 
1 0 0 0 0 0 0 0 0 1 
1 1 1 1 1 1 1 1 1 1 
d21 T5

Map10
1 1 1 1 S 1 1 1 1 1 
G 0 0 0 0 H 1 0 0 1 
1 F 0 0 0 0 0 0 F 1 
1 0 1 0 0 0 0 0 0 1 
1 1 F 0 F 0 0 0 0 1 
1 H 0 1 0 0 0 0 0 1 
1 0 0 0 0 F F 0 0 1 
1 0 0 1 # 0 F 1 0 1 
1 0 0 0 # F 0 0 0 1 
1 1 1 1 1 1 1 1 1 1 
l83 T7

Map10
1 1 1 1 1 1 1 1 1 1 
1 # F 0 0 0 0 0 0 1 
S 0 0 F # # 1 1 0 1 
1 F 0 0 0 0 0 0 # 1 
1 0 F 0 0 1 1 0 1 1 
G 0 0 0 # 0 0 F 0 1 
1 0 1 # 1 0 0 0 1 1 
1 0 0 0 F 0 F 1 F 1 
1 0 # 0 F 0 0 0 0 1 
1 1 1 1 1 1 1 1 1 1 
d22 T4

Map10
1 1 1 S 1 1 1 1 1 1 
1 H 0 # 1 # 0 0 1 1 
G 0 F 0 H 0 0 0 1 1 
1 1 0 0 1 0 0 0 0 1 
1 0 F 0 0 0 0 0 F 1 
1 F F 0 0 0 0 1 0 1 
1 0 0 # 0 # # 0 F 1 
1 0 1 # 0 0 F 0 0 1 
1 0 0 0 1 1 0 0 0 1 
1 1 1 1 1 1 1 1 1 1 
l32 T4

Map10
1 1 1 1 1 1 G 1 1 1 
1 0 1 F 0 # 0 0 0 1 
1 1 0 0 # F # 0 0 1 
1 0 0 0 1 F 0 0 0 1 
1 0 0 F # # 0 0 # 1 
1 F 0 # 0 0 1 0 0 1 
S F 0 # 0 0 F # 1 1 
1 0 1 0 F 0 0 0 F 1 
1 0 0 1 0 # 0 0 1 1 
1 1 1 1 1 1 1 1 1 1 
d74 T9

Map10
1 1 1 1 1 1 1 1 1 1 
1 0 0 0 0 1 1 0 0 1 
1 0 0 # 0 1 0 0 F 1 
G # F 0 0 0 0 0 0 1 
1 0 0 F 0 0 # 0 0 1 
S 0 0 0 F 0 0 0 1 1 
1 0 # F 0 0 0 0 0 1 
1 0 0 F 1 0 0 F F 1 
1 F H 0 0 0 F 0 F 1 
1 1 1 1 1 1 1 1 1 1 
u55 T6

Map10
1 1 1 1 1 1 1 1 1 1 
1 0 F # # H 0 0 # 1 
1 0 0 1 0 0 # 0 1 1 
S 0 F 0 0 0 # 0 0 1 
1 0 0 0 H F 0 0 0 1 
1 1 F 0 0 0 0 F 0 1 
G 0 H F 0 0 0 0 F 1 
1 0 0 # H 0 0 H F 1 
1 0 # 0 1 F 0 0 0 1 
1 1 1 1 1 1 1 1 1 1 
d33 T9

Map10
1 1 1 1 S G 1 1 1 1 
1 0 0 0 0 0 0 # H 1 
1 # 0 0 F 0 1 0 1 1 
1 1 0 0 0 # 0 0 1 1 
1 0 F 0 # 0 0 0 0 1 
1 # 0 0 # 0 H 0 0 1 
1 F H 0 0 1 H 0 # 1 
1 0 0 0 0 0 # 0 0 1 
1 0 0 0 0 0 0 0 0 1 
1 1 1 1 1 1 1 1 1 1 
u54 T7

Map10
1 1 1 G 1 1 1 1 1 1 
S 0 # 0 0 0 0 # 0 1 
1 0 H F 0 0 F 0 0 1 
1 0 0 # 0 1 H H 0 1 
1 0 F F 0 # 0 1 H 1 
1 0 1 0 0 1 0 0 0 1 
1 0 0 F 0 # H 1 H 1 
1 0 0 0 1 # F 0 0 1 
1 0 F # 0 0 F 0 1 1 
1 1 1 1 1 1 1 1 1 1 
d41 T8

Map10
1 1 1 1 1 G 1 1 1 1 
1 0 0 1 # 0 0 0 1 1 
1 0 # F 0 0 0 0 F 1 
1 0 F F # 0 1 0 0 1 
1 F 1 0 1 0 0 0 F 1 
S 0 0 0 0 0 0 0 0 1 
1 F 1 1 0 0 F F 0 1 
1 H F F 0 0 1 0 # 1 
1 0 1 0 F 0 0 0 0 1 
1 1 1 1 1 1 1 1 1 1 
r13 T6

Map10
1 1 1 1 1 1 1 1 1 1 
G F 0 0 # 1 0 # 1 1 
1 # # 0 0 0 # 0 0 1 
1 0 # 1 0 0 0 1 1 1 
1 0 # 1 0 1 0 0 # 1 
1 # 0 0 0 F # 0 0 1 
1 F 1 # 0 F 0 0 0 1 
S 0 # 0 F 0 0 0 1 1 
1 F 0 0 0 F 0 0 0 1 
1 1 1 1 1 1 1 1 1 1 
u46 T8

Map10
1 1 1 G 1 1 1 1 1 1 
1 0 0 0 0 0 H 0 0 1 
1 0 0 0 0 0 1 0 # 1 
1 1 0 0 # 0 0 F 0 1 
1 0 0 0 H # 0 0 0 1 
S 0 F 0 0 0 0 0 # 1 
1 0 0 0 0 F 0 0 0 1 
1 0 0 1 1 0 H 0 0 1 
1 H 0 0 0 H F 0 1 1 
1 1 1 1 1 1 1 1 1 1 
u35 T6

Map10
1 1 1 1 1 1 1 1 1 1 
1 0 0 # 0 # F 0 F 1 
G 0 F 1 0 # 0 F F 1 
1 1 0 0 1 0 0 # 0 1 
1 0 F 1 F 0 F 0 1 1 
1 0 0 0 0 0 0 0 0 1 
S 0 # 0 0 0 0 F 0 1 
1 F 0 0 0 F 0 0 0 1 
1 0 0 0 F 0 0 0 0 1 
1 1 1 1 1 1 1 1 1 1 
u56 T6

Map10
1 G 1 1 1 1 1 1 1 1 
1 0 1 0 0 1 0 0 # 1 
1 0 0 0 0 0 0 0 # 1 
1 0 0 0 1 F 0 0 F 1 
S F F 0 0 0 0 0 1 1 
1 0 0 1 0 0 1 0 1 1 
1 F # 1 F 0 0 H F 1 
1 0 0 0 0 0 0 0 0 1 
1 0 1 0 0 F F 0 0 1 
1 1 1 1 1 1 1 1 1 1 
l72 T5

Map10
1 1 1 1 1 1 S 1 1 1 
1 0 0 0 0 1 # 0 0 1 
G 0 0 0 # # 0 1 0 1 
1 1 0 # 0 0 0 0 # 1 
1 0 0 0 0 H # H 0 1 
1 # 0 0 0 # 1 0 0 1 
1 H 0 0 0 0 # 0 H 1 
1 1 # 1 0 0 0 # 0 1 
1 0 1 0 0 0 0 0 0 1 
1 1 1 1 1 1 1 1 1 1 
l62 T7

Map10
1 1 1 1 1 1 S 1 1 1 
1 0 0 0 0 0 0 0 1 1 
1 0 1 0 0 0 0 0 # 1 
1 F 0 0 0 H 0 0 0 1 
1 0 0 0 F 0 0 0 0 1 
1 F F F 0 0 1 0 F 1 
G F 0 0 0 F 0 0 0 1 
1 1 0 0 0 0 F 0 0 1 
1 0 0 0 0 0 F F 0 1 
1 1 1 1 1 1 1 1 1 1 
l36 T8

Map10
1 1 1 1 1 1 1 1 1 1 
G 0 # 0 F 1 0 # # 1 
1 0 1 0 0 0 0 0 0 1 
1 0 0 0 0 1 0 0 0 1 
1 0 0 # # 0 H 0 0 1 
S 0 0 # F 0 0 0 1 1 
1 F 0 1 0 # 0 0 0 1 
1 0 0 0 0 0 0 H 0 1 
1 0 H 0 0 # 0 0 1 1 
1 1 1 1 1 1 1 1 1 1 
l72 T6

Map10
1 1 1 1 1 G 1 1 1 1 
1 0 0 0 0 0 H 0 0 1 
1 H 0 F 0 F F 0 0 1 
S 0 0 0 # 0 0 0 1 1 
1 0 0 0 0 F 0 0 0 1 
1 0 0 F 0 0 0 0 0 1 
1 0 0 0 0 0 # F F 1 
1 0 H F 0 # 0 F 1 1 
1 0 H 1 0 1 H F 1 1 
1 1 1 1 1 1 1 1 1 1 
u53 T5

Map10
1 1 1 1 1 1 1 1 1 1 
1 1 0 0 0 # 0 0 0 1 
G 0 0 1 0 0 0 0 F 1 
1 0 F # 1 0 1 0 0 1 
1 0 # F F 0 0 F 0 1 
1 H # F # 0 # # # 1 
S # 0 0 0 F F 0 1 1 
1 # F F 0 # 1 0 F 1 
1 0 1 0 0 0 # H 0 1 
1 1 1 1 1 1 1 1 1 1 
u36 T8

Map10
1 1 1 1 1 1 S 1 1 1 
1 0 1 # 0 0 0 0 0 1 
1 # 0 0 F 0 1 0 F 1 
1 0 0 # 0 # 0 0 0 1 
1 F 0 # 0 0 0 F # 1 
G 0 # 0 0 0 0 # 0 1 
1 0 0 0 0 F 0 0 0 1 
1 0 # 1 0 0 # 0 0 1 
1 0 0 0 0 # 0 0 1 1 
1 1 1 1 1 1 1 1 1 1 
l45 T7

Map10
1 1 1 1 1 G 1 1 1 1 
1 0 0 1 0 0 # 0 0 1 
1 # 0 0 0 # 0 0 # 1 
1 0 0 0 # # 1 # 0 1 
1 0 0 0 0 0 0 0 0 1 
1 0 0 0 1 0 # 1 1 1 
1 0 1 # 0 0 0 1 0 1 
S 0 0 0 0 0 0 0 0 1 
1 1 # 0 0 0 # # 0 1 
1 1 1 1 1 1 1 1 1 1 
r13 T6

Map10
1 1 1 1 G 1 1 1 1 1 
1 0 F 0 # 0 H F F 1 
1 H F H 0 1 0 0 # 1 
1 # 0 1 F 0 0 0 # 1 
S 0 # F 0 # # 0 1 1 
1 0 0 F F 0 0 0 # 1 
1 F 0 0 0 0 0 0 0 1 
1 0 F 0 # 0 0 0 # 1 
1 # H 0 # 0 H 1 0 1 
1 1 1 1 1 1 1 1 1 1 
u44 T4

Map10
1 1 1 1 1 1 1 1 1 1 
1 0 0 0 0 1 F 0 0 1 
1 1 0 0 F F 0 0 F 1 
G 0 0 0 0 1 0 0 0 1 
S 0 F 0 0 0 0 0 # 1 
1 0 0 0 0 # 0 0 0 1 
1 0 F F 1 0 # 0 0 1 
1 0 0 0 F 0 F 0 F 1 
1 0 F 0 1 F 0 0 0 1 
1 1 1 1 1 1 1 1 1 1 
d34 T7

Map10
1 1 1 1 1 1 1 1 1 1 
G 0 0 0 H 0 F 0 # 1 
1 # 0 1 0 0 0 # 0 1 
S 0 0 0 0 0 0 F 0 1 
1 # 0 0 # 0 0 H F 1 
1 0 # # 0 F 0 1 # 1 
1 # 1 0 0 1 0 0 0 1 
1 F 0 0 # 0 1 1 0 1 
1 0 # 1 0 # 0 0 0 1 
1 1 1 1 1 1 1 1 1 1 
l53 T6

Map10
1 1 G 1 1 1 1 1 1 1 
1 0 0 0 0 # 0 # 0 1 
1 # F 1 0 # 0 1 0 1 
1 0 # # 0 0 1 0 # 1 
S # 0 0 0 0 0 0 0 1 
1 0 0 0 0 0 0 0 1 1 
1 0 F 0 0 0 # 0 0 1 
1 0 0 0 F # # H 1 1 
1 0 1 0 0 0 0 # 0 1 
1 1 1 1 1 1 1 1 1 1 
u24 T4

Map10
1 1 G 1 S 1 1 1 1 1 
1 0 0 0 # # 0 # 0 1 
1 1 0 # F # 0 0 # 1 
1 0 0 # 0 H 0 F 0 1 
1 0 0 0 0 1 0 H F 1 
1 0 0 0 1 F 0 1 0 1 
1 F # 0 0 0 0 0 F 1 
1 0 0 0 1 0 0 0 0 1 
1 0 F # 0 0 F 0 0 1 
1 1 1 1 1 1 1 1 1 1 
u24 T4

Map10
1 1 1 1 S 1 1 1 1 1 
1 0 0 0 0 0 1 0 0 1 
1 # 0 0 0 0 0 0 0 1 
1 0 0 0 F F # 0 0 1 
1 F 0 F 0 0 # 0 0 1 
G 0 0 0 0 0 0 0 0 1 
1 0 0 F F 0 0 0 0 1 
1 0 # 0 0 0 1 0 0 1 
1 0 0 0 1 1 # 0 0 1 
1 1 1 1 1 1 1 1 1 1 
l45 T5

Map10
1 1 1 G 1 1 1 1 1 1 
1 0 0 F 1 0 0 0 0 1 
1 0 0 0 0 0 0 F 0 1 
1 1 H # 0 0 1 0 0 1 
S 0 0 0 0 0 0 F 0 1 
1 0 0 0 0 # 0 0 0 1 
1 1 0 0 0 0 1 0 0 1 
1 0 0 0 0 0 0 # 0 1 
1 0 0 0 # 0 # 0 0 1 
1 1 1 1 1 1 1 1 1 1 
u38 T5

Map10
1 1 1 1 1 G 1 1 1 1 
S 0 0 0 # 0 0 0 0 1 
1 0 0 0 0 0 1 0 1 1 
1 0 # 1 0 1 0 0 0 1 
1 0 0 # # 0 0 1 H 1 
1 0 0 0 0 # 1 0 0 1 
1 0 0 H 0 0 0 F 0 1 
1 1 0 H 0 # H H 0 1 
1 0 0 H # # 0 0 0 1 
1 1 1 1 1 1 1 1 1 1 
r12 T7

Map10
1 1 1 1 1 1 1 1 1 1 
1 1 0 0 # 0 0 0 0 1 
1 0 0 0 0 0 0 # # 1 
1 0 0 0 0 0 1 0 0 1 
1 0 # # 0 0 0 0 0 1 
G 0 0 0 0 0 0 0 0 1 
S 0 0 # 1 # # 0 F 1 
1 0 1 0 0 # 0 1 0 1 
1 1 0 1 0 0 0 # 1 1 
1 1 1 1 1 1 1 1 1 1 
l35 T4

Map10
1 1 1 1 1 G 1 1 1 1 
1 1 0 # 0 0 # 0 1 1 
1 F 0 0 H 0 F F 0 1 
S F 0 0 F 0 0 1 # 1 
1 0 0 F 0 H # H 0 1 
1 0 H F 0 1 # 0 0 1 
1 F H 0 0 H 0 0 # 1 
1 F F 1 0 0 # # 0 1 
1 F 0 0 0 F 0 0 0 1 
1 1 1 1 1 1 1 1 1 1 
u53 T5

Map10
1 1 G 1 1 1 1 1 1 1 
1 0 # 0 0 0 0 F F 1 
1 0 0 # 1 0 0 0 0 1 
1 0 0 F F F 0 F 0 1 
1 0 H F 0 0 0 0 1 1 
S 0 1 0 0 1 0 0 0 1 
1 0 0 0 H F 0 0 1 1 
1 0 0 0 0 1 0 0 0 1 
1 1 0 0 0 0 0 0 0 1 
1 1 1 1 1 1 1 1 1 1 
d11 T11

Map10
1 1 1 1 1 1 1 1 1 1 
1 0 0 0 0 1 1 # 0 1 
1 # 1 0 0 # 0 0 0 1 
S 0 0 0 0 0 0 0 # 1 
G 0 0 0 F 0 # 0 0 1 
1 0 0 0 0 0 1 0 0 1 
1 0 0 1 0 0 0 # # 1 
1 0 0 H 0 0 1 0 0 1 
1 # # 0 H 0 # 0 0 1 
1 1 1 1 1 1 1 1 1 1 
r15 T12

Map10
1 1 1 1 1 1 1 S 1 1 
1 0 0 F 0 0 0 0 1 1 
1 0 0 0 0 1 0 0 0 1 
G 0 0 0 F 0 0 0 0 1 
1 F F 0 0 0 F F 0 1 
1 0 0 0 0 H 0 0 F 1 
1 0 F 0 0 0 0 F F 1 
1 0 0 # 0 1 F F 0 1 
1 0 1 # 1 0 0 # 0 1 
1 1 1 1 1 1 1 1 1 1 
l73 T5

Map10
1 1 1 S 1 1 1 1 1 1 
1 1 0 # H 0 1 # # 1 
1 0 0 1 F 0 # F 0 1 
1 0 1 0 0 0 1 0 # 1 
1 0 0 0 F F # 0 F 1 
1 F 0 0 0 1 F 0 F 1 
1 # 0 # 0 0 0 0 F 1 
G 0 F 0 0 # # # 0 1 
1 0 0 0 0 0 0 F 0 1 
1 1 1 1 1 1 1 1 1 1 
l87 T9

Map10
1 1 S 1 1 1 1 1 1 1 
1 0 0 0 0 # 0 0 # 1 
1 # 0 # 0 F 0 0 # 1 
G 0 0 0 0 0 1 1 1 1 
1 0 0 1 0 0 0 1 0 1 
1 0 0 0 1 # 0 0 0 1 
1 0 # 0 0 F 0 0 0 1 
1 # 0 1 0 0 0 0 # 1 
1 1 0 0 0 0 0 # 1 1 
1 1 1 1 1 1 1 1 1 1 
d31 T6

Map10
1 1 G 1 1 S 1 1 1 1 
1 # # # 0 F H 1 0 1 
1 0 F 0 F # F 0 0 1 
1 0 0 0 H 0 # 0 F 1 
1 0 0 0 H F F 0 0 1 
1 1 0 0 0 0 0 0 0 1 
1 F H 0 0 # 0 1 # 1 
1 0 0 # F F 0 1 0 1 
1 F 0 1 0 0 H F 0 1 
1 1 1 1 1 1 1 1 1 1 
l55 T4

Map10
1 S 1 1 1 1 G 1 1 1 
1 0 0 F F 0 0 0 # 1 
1 0 0 # 0 0 0 1 0 1 
1 F 0 F F 0 0 F 0 1 
1 0 0 0 0 F 0 0 0 1 
1 0 0 F F 0 # 0 F 1 
1 0 0 1 0 0 0 0 # 1 
1 0 0 0 0 0 0 0 0 1 
1 # 0 1 # 0 # # 0 1 
1 1 1 1 1 1 1 1 1 1 
r12 T4

Map10
1 1 1 1 1 1 1 1 1 1 
1 1 0 0 0 F F 0 0 1 
G 0 0 0 0 0 0 0 F 1 
1 0 0 0 1 0 # F 0 1 
1 # 0 # 0 F 0 F F 1 
1 0 0 0 0 0 0 1 F 1 
1 0 0 0 1 # F 1 H 1 
S 0 F 0 1 0 0 0 1 1 
1 0 0 F 0 F 0 0 0 1 
1 1 1 1 1 1 1 1 1 1 
l32 T4

Map10
1 1 1 1 S 1 1 1 1 1 
1 0 H 1 F 0 # 0 H 1 
G 0 0 # 0 0 0 0 # 1 
1 0 1 0 0 H 0 0 # 1 
1 0 0 0 # 0 0 H F 1 
1 0 # 0 # 0 0 0 H 1 
1 1 1 0 0 0 0 0 # 1 
1 0 0 0 0 # 0 0 0 1 
1 H 0 0 0 0 0 0 0 1 
1 1 1 1 1 1 1 1 1 1 
l42 T4

Map10
1 1 1 1 1 1 1 1 1 1 
1 H 1 0 0 0 0 0 F 1 
S 0 0 0 0 1 0 1 0 1 
G F 0 0 H F 0 0 0 1 
1 1 0 0 0 F 0 0 0 1 
1 0 0 0 0 0 0 H # 1 
1 # H 0 0 0 0 0 0 1 
1 0 0 0 0 0 0 0 0 1 
1 0 0 0 0 0 0 0 1 1 
1 1 1 1 1 1 1 1 1 1 
l33 T7

Map10
1 1 1 G 1 1 1 1 1 1 
1 0 0 0 0 # F 0 0 1 
1 0 0 0 1 1 0 0 1 1 
1 0 F 0 1 0 F # 0 1 
1 # 0 0 0 1 # 0 0 1 
1 0 F 0 # 0 0 0 # 1 
S 0 # 0 0 0 0 0 0 1 
1 1 0 1 0 0 0 # 0 1 
1 0 0 0 0 1 H 0 0 1 
1 1 1 1 1 1 1 1 1 1 
u46 T8

Map10
1 1 1 1 1 1 1 1 1 1 
1 0 0 0 0 H 1 0 # 1 
1 0 0 1 0 0 0 0 0 1 
G 0 0 0 0 0 0 0 0 1 
1 0 1 0 0 1 0 0 0 1 
1 0 H 1 0 0 0 0 0 1 
1 0 0 0 0 1 0 0 0 1 
S 0 0 F 0 0 1 1 0 1 
1 # 1 0 # 0 0 0 0 1 
1 1 1 1 1 1 1 1 1 1 
l83 T6

Map10
1 1 1 1 1 1 S 1 1 1 
1 # 0 0 0 # 0 0 0 1 
1 0 1 0 0 F 1 0 # 1 
1 F 0 1 0 # 0 # 0 1 
1 1 0 0 F 0 F 0 0 1 
1 0 0 0 0 F F 0 1 1 
1 0 0 0 0 1 0 0 F 1 
G 0 # # 0 0 # 0 0 1 
1 1 F 0 0 0 1 0 0 1 
1 1 1 1 1 1 1 1 1 1 
d41 T8

Map10
1 1 1 S 1 1 1 1 1 1 
1 F F # 0 0 0 F 0 1 
1 F 0 1 0 0 0 0 0 1 
1 0 F # 0 0 0 0 0 1 
1 # 0 0 0 0 # 0 0 1 
1 # F 1 0 0 0 0 0 1 
G # 0 F # 0 0 0 F 1 
1 1 0 F 1 0 1 0 0 1 
1 1 0 0 0 F 0 F 1 1 
1 1 1 1 1 1 1 1 1 1 
l82 T7

Map10
1 1 1 1 1 1 1 1 1 1 
1 0 0 0 0 F 1 0 0 1 
1 0 0 H 0 1 0 0 F 1 
1 0 F H F 0 1 0 0 1 
G 0 0 0 0 F 0 0 0 1 
1 0 0 H 0 0 0 0 F 1 
1 F 0 F 0 0 0 0 F 1 
S 0 F 0 0 0 0 0 0 1 
1 F 0 0 0 0 0 H 0 1 
1 1 1 1 1 1 1 1 1 1 
l84 T4

Map10
1 1 1 1 1 1 1 1 1 1 
1 0 1 0 0 0 1 1 0 1 
1 0 0 0 0 0 1 0 0 1 
1 0 0 0 0 1 0 1 # 1 
1 0 0 1 0 0 0 0 0 1 
G 0 F # # # 0 0 1 1 
1 # 0 0 0 0 # 0 0 1 
S 0 0 0 0 0 0 F 0 1 
1 0 0 0 0 1 0 0 0 1 
1 1 1 1 1 1 1 1 1 1 
u37 T4

Map10
1 1 G 1 1 1 1 1 1 1 
1 0 F 0 0 0 0 1 F 1 
1 0 F 0 0 0 0 F 0 1 
S 0 0 0 F 0 1 0 0 1 
1 1 0 0 1 0 0 0 1 1 
1 0 H 0 0 1 0 0 0 1 
1 0 0 0 0 0 F 0 F 1 
1 0 0 0 0 0 0 1 0 1 
1 0 0 F 0 0 F 0 0 1 
1 1 1 1 1 1 1 1 1 1 
u23 T5

Map10
1 1 S 1 1 1 G 1 1 1 
1 F 0 0 0 0 0 # 0 1 
1 0 0 0 # 0 0 1 0 1 
1 1 F 0 1 0 0 # # 1 
1 0 0 0 1 0 1 1 # 1 
1 0 F 0 # 0 # 0 0 1 
1 0 # # 0 0 1 0 F 1 
1 # 0 0 0 0 0 H 0 1 
1 0 0 0 0 0 0 # 0 1 
1 1 1 1 1 1 1 1 1 1 
r22 T6

Map10
1 G S 1 1 1 1 1 1 1 
1 # 0 F 0 0 0 0 # 1 
1 # 0 0 0 0 0 0 0 1 
1 0 0 1 0 0 0 F 0 1 
1 1 0 0 0 F 1 0 0 1 
1 0 0 0 0 # # 1 0 1 
1 F 0 0 1 0 # 0 0 1 
1 # F H 0 0 0 0 0 1 
1 0 0 0 0 F 0 0 H 1 
1 1 1 1 1 1 1 1 1 1 
u26 T6
