Map8
1 1 1 1 1 1 1 1 
1 1 1 S 1 1 1 1 
1 1 0 0 1 F 1 1 
1 1 0 F 0 0 1 1 
1 G 0 0 F 0 1 1 
1 1 0 0 0 0 1 1 
1 1 1 1 1 1 1 1 
1 1 1 1 1 1 1 1 
l34 T3

Map8
1 1 1 1 1 1 1 1 
1 1 1 1 1 1 1 1 
1 1 0 0 0 0 1 1 
1 1 1 0 0 1 1 1 
1 1 0 0 0 0 S 1 
1 1 0 0 0 0 1 1 
1 1 1 1 G 1 1 1 
1 1 1 1 1 1 1 1 
d44 T3

Map8
1 1 1 1 G 1 1 1 
1 0 0 0 0 0 H 1 
1 # 0 0 0 # 0 S 
1 0 1 H 0 # 0 1 
1 0 0 0 1 0 0 1 
1 0 1 0 0 0 0 1 
1 1 0 0 0 # 0 1 
1 1 1 1 1 1 1 1 
u42 T3

Map8
1 1 1 1 1 1 S 1 
G 0 1 0 # 0 # 1 
1 F 0 0 0 0 0 1 
1 F 0 1 # 0 1 1 
1 0 # F 0 0 1 1 
1 0 1 # # 1 0 1 
1 F 0 # 0 0 F 1 
1 1 1 1 1 1 1 1 
d51 T8

Map8
1 1 1 1 1 1 S 1 
1 0 0 F # 0 0 1 
1 0 0 0 0 # 0 1 
1 1 0 0 0 1 0 1 
G 0 0 1 1 0 0 1 
1 # 0 1 0 0 1 1 
1 0 0 0 1 # 0 1 
1 1 1 1 1 1 1 1 
d21 T8

Map8
1 1 1 1 1 1 1 1 
1 0 0 0 F 0 0 S 
1 0 0 0 0 0 H 1 
1 # 1 0 0 F 0 1 
1 0 0 1 1 # 0 1 
1 # 1 0 F 0 0 1 
1 # F # 0 # 1 1 
1 1 1 G 1 1 1 1 
d31 T8

Map8
1 1 1 1 1 1 S 1 
1 F 0 # 0 0 0 1 
1 0 # F 1 0 0 1 
1 0 0 0 0 0 F 1 
G 0 0 1 # 0 0 1 
1 1 F # 0 0 F 1 
1 1 # 0 0 # # 1 
1 1 1 1 1 1 1 1 
u46 T8

Map8
1 1 1 1 1 1 S 1 
1 1 0 0 1 H 0 1 
1 0 F 0 1 0 0 1 
1 0 0 0 0 0 # 1 
1 1 H H 0 # 1 1 
1 0 H 0 1 0 # G 
1 1 0 0 0 0 # 1 
1 1 1 1 1 1 1 1 
d53 T8

Map8
1 1 1 1 1 1 1 1 
1 0 0 1 0 0 # 1 
1 F # F # 1 F 1 
1 0 F 0 1 0 1 1 
G 0 1 0 F 0 0 1 
1 0 0 0 0 0 # S 
1 # # 0 1 H 1 1 
1 1 1 1 1 1 1 1 
r13 T8

Map8
1 1 1 1 1 S 1 1 
1 # 0 1 0 # 0 1 
1 H 0 0 1 0 0 1 
1 0 H # 1 0 0 1 
1 0 0 0 0 1 # 1 
1 0 # 0 0 F 0 1 
1 0 # 0 1 # 0 1 
1 1 1 G 1 1 1 1 
l65 T8

Map8
1 1 S G 1 1 1 1 
1 0 0 0 0 0 0 1 
1 # 0 0 0 0 0 1 
1 0 F 0 0 1 1 1 
1 # 0 0 0 # 0 1 
1 # 0 1 H 0 0 1 
1 # 1 0 1 0 1 1 
1 1 1 1 1 1 1 1 
l22 T8

Map8
1 1 1 1 1 1 S 1 
1 0 0 # 0 0 0 1 
1 # # 0 0 1 0 1 
1 1 0 1 1 0 1 1 
G 0 0 0 0 0 F 1 
1 0 0 # 0 # 0 1 
1 0 0 0 1 0 0 1 
1 1 1 1 1 1 1 1 
d21 T8

Map8
1 1 1 1 G S 1 1 
1 # 0 # F 0 1 1 
1 0 0 F 0 # # 1 
1 0 # 0 0 0 0 1 
1 1 0 0 0 # 0 1 
1 0 F 0 # 0 F 1 
1 0 1 F 0 0 0 1 
1 1 1 1 1 1 1 1 
r53 T8

Map8
1 1 1 1 1 1 1 1 
1 0 1 1 0 1 0 S 
1 # 0 1 0 0 0 1 
1 0 H # 0 0 0 1 
G 0 0 0 0 0 0 1 
1 # 0 0 0 0 # 1 
1 # 0 0 0 0 1 1 
1 1 1 1 1 1 1 1 
d45 T10

Map8
1 1 1 1 1 1 1 1 
G 0 0 1 0 F 0 1 
1 0 # 0 1 0 0 1 
1 0 1 0 1 0 0 S 
1 1 0 0 F 0 0 1 
1 0 0 0 # 0 0 1 
1 0 0 0 0 0 F 1 
1 1 1 1 1 1 1 1 
u36 T8

Map8
1 1 1 1 1 1 1 1 
1 # # 1 0 0 0 1 
1 1 0 F 0 H F 1 
1 # H F 0 0 0 1 
1 1 0 H 0 0 0 G 
1 # 0 0 0 # 0 S 
1 0 1 0 # 0 # 1 
1 1 1 1 1 1 1 1 
d45 T9

Map8
1 1 1 1 1 1 1 1 
1 H H # 0 0 # 1 
1 0 0 1 0 0 # 1 
1 1 # # 0 0 0 1 
1 0 0 0 F 1 1 1 
1 0 0 F 0 0 0 1 
1 0 F 0 0 # 0 1 
1 1 G 1 1 S 1 1 
u45 T8

Map8
1 1 1 1 1 1 1 1 
1 0 0 0 0 # # 1 
G F # # F # 0 1 
1 0 F 0 1 0 0 1 
1 0 F 1 0 0 1 1 
1 0 0 F 0 0 # 1 
1 1 # 0 # 0 0 1 
1 1 1 1 1 1 S 1 
l62 T8

Map8
1 1 1 1 1 1 1 1 
1 0 0 F H F 0 1 
1 1 0 0 0 0 0 1 
1 0 1 0 1 0 0 S 
1 1 0 0 0 0 0 1 
1 0 0 1 0 0 0 1 
1 F 0 0 0 H 0 1 
1 1 G 1 1 1 1 1 
l64 T8

Map8
1 1 1 1 1 1 1 1 
1 0 0 # 0 0 0 1 
1 1 0 0 0 0 # 1 
1 0 0 1 0 0 0 1 
1 0 1 0 0 0 0 1 
1 0 1 0 1 0 0 1 
1 1 # # # 0 0 1 
1 1 1 1 1 G S 1 
l64 T10

Map8
1 1 1 1 1 1 1 1 
1 0 0 0 H 0 0 G 
1 0 0 0 # 1 0 1 
S 0 0 0 1 1 0 1 
1 0 0 F # 0 0 1 
1 # 0 1 # 0 F 1 
1 0 0 0 0 0 F 1 
1 1 1 1 1 1 1 1 
r14 T8

Map8
1 G 1 1 1 1 1 1 
1 0 0 0 H 0 0 1 
1 0 0 0 H F # 1 
1 0 1 # F 0 0 1 
1 H # H 1 0 0 1 
1 F H 0 0 0 0 1 
1 0 F 0 0 # 1 1 
1 1 1 1 1 S 1 1 
l63 T9

Map8
1 1 1 1 1 1 1 1 
1 0 F F 0 1 0 1 
1 0 0 0 0 0 0 1 
1 0 0 0 1 0 0 S 
1 1 0 1 0 0 0 1 
G 0 0 0 0 H 0 1 
1 0 0 F 1 0 0 1 
1 1 1 1 1 1 1 1 
d22 T8

Map8
1 1 S G 1 1 1 1 
1 0 0 0 0 0 0 1 
1 0 0 0 0 0 0 1 
1 0 0 0 0 1 0 1 
1 0 # 0 # 1 0 1 
1 0 0 0 0 H 0 1 
1 0 # 0 0 0 1 1 
1 1 1 1 1 1 1 1 
d41 T10

Map8
1 1 1 1 1 1 1 1 
1 # H 1 0 # 1 1 
1 # 0 0 0 0 0 1 
1 0 0 # # 0 0 1 
1 # 0 0 # 1 1 1 
1 1 0 1 0 0 # 1 
1 F F 0 0 0 0 1 
1 1 G S 1 1 1 1 
d23 T10

Map8
1 1 1 1 1 1 1 1 
1 # 0 0 0 0 0 1 
1 F 0 0 0 1 0 1 
1 # 0 0 1 0 0 G 
1 1 # F 0 0 # 1 
S 0 0 0 # 0 # 1 
1 0 0 0 0 # H 1 
1 1 1 1 1 1 1 1 
u55 T12

Map8
1 1 1 1 1 1 G 1 
1 0 1 # 1 0 0 1 
1 H H # 0 0 1 1 
1 1 # 0 0 0 # 1 
1 0 0 0 1 H 0 1 
1 # 0 # 0 1 0 1 
1 0 0 0 0 0 0 1 
1 S 1 1 1 1 1 1 
u53 T10

Map8
1 1 G 1 1 1 1 1 
1 0 0 1 0 0 1 1 
1 0 0 0 F 0 0 1 
1 0 1 F 0 F 0 1 
1 1 0 0 0 0 0 1 
1 # F 0 0 H 1 1 
1 0 0 0 0 F 0 1 
1 1 1 1 1 1 S 1 
u36 T8

Map8
1 1 1 1 1 1 1 1 
1 1 0 0 F 0 0 1 
1 0 0 0 0 1 0 1 
1 H F # 0 # 0 G 
1 1 0 0 0 0 0 1 
1 # 0 F F # 0 1 
S 0 0 0 F 0 0 1 
1 1 1 1 1 1 1 1 
u56 T8

Map8
1 1 1 1 1 S 1 1 
1 0 0 0 0 0 0 1 
1 0 0 0 0 F 0 1 
1 # 0 0 # F # 1 
1 0 # # 1 0 0 1 
1 0 0 0 1 # 0 1 
G 0 1 0 1 0 F 1 
1 1 1 1 1 1 1 1 
r54 T8

Map8
1 1 1 1 1 1 G 1 
1 0 1 0 0 0 0 1 
1 0 0 0 F 0 0 1 
1 0 1 0 F 1 0 1 
1 0 0 0 1 0 1 1 
1 0 0 0 F 0 0 1 
1 F F 1 0 0 0 S 
1 1 1 1 1 1 1 1 
u35 T9

Map8
1 1 1 1 1 1 1 1 
G 0 H 0 0 0 # 1 
1 0 0 0 F 0 0 1 
1 0 F F 1 0 # 1 
1 0 # 0 0 1 0 1 
1 0 0 F 0 0 0 1 
1 0 # 0 0 H 1 1 
1 1 1 S 1 1 1 1 
l62 T8

Map8
1 1 1 1 1 1 1 1 
1 0 0 1 1 # 0 1 
1 0 1 0 0 0 0 1 
1 0 0 0 0 0 0 1 
1 0 0 0 F 0 F S 
1 0 1 0 0 0 0 1 
1 1 0 H 0 0 0 1 
1 1 1 1 1 G 1 1 
u34 T8

Map8
1 1 1 1 1 1 1 1 
1 0 0 0 0 1 1 1 
1 # 0 0 # 0 0 S 
G 0 0 0 0 1 0 1 
1 # 0 0 # 0 0 1 
1 F 0 0 F # # 1 
1 1 0 0 0 1 0 1 
1 1 1 1 1 1 1 1 
u22 T8

Map8
1 1 G 1 1 S 1 1 
1 # 0 0 F 0 0 1 
1 F 0 0 F F # 1 
1 0 # H 0 0 # 1 
1 0 0 1 # 0 0 1 
1 0 0 F H # 0 1 
1 0 0 1 0 0 1 1 
1 1 1 1 1 1 1 1 
r53 T9

Map8
1 1 1 1 1 1 1 1 
1 H H 0 F 0 # G 
1 1 F 0 1 0 0 1 
1 0 0 1 # # 0 1 
1 0 # 1 0 1 0 1 
1 0 0 # F 0 1 1 
1 # 0 0 0 0 # 1 
1 1 1 S 1 1 1 1 
u46 T9

Map8
1 1 1 G 1 1 1 1 
1 1 0 0 0 F # 1 
1 0 1 # 0 0 0 1 
1 0 0 0 0 F 1 1 
1 0 H 0 0 0 0 1 
S 0 1 0 F 0 0 1 
1 # # 0 0 0 1 1 
1 1 1 1 1 1 1 1 
u36 T9

Map8
1 1 1 1 1 1 1 1 
1 # 0 0 0 1 1 1 
1 1 0 0 0 # 1 1 
1 # 0 1 0 0 0 S 
1 0 0 0 0 # # 1 
1 0 0 1 # 0 0 1 
1 0 0 0 # # 0 1 
1 1 1 G 1 1 1 1 
u26 T11

Map8
1 1 S 1 1 1 1 1 
1 0 0 0 0 # # 1 
1 1 0 F 0 H # 1 
1 H 1 # 1 0 0 1 
1 0 0 0 0 H 0 1 
1 0 0 1 0 H H 1 
1 # # 0 # F # G 
1 1 1 1 1 1 1 1 
d31 T9

Map8
1 1 1 1 1 1 1 1 
1 # F 0 1 F 0 1 
1 0 0 0 1 0 0 1 
1 # 0 0 0 0 0 1 
1 H # 0 F 0 F 1 
1 1 0 0 # # 0 1 
1 # # 0 0 1 0 S 
1 G 1 1 1 1 1 1 
l63 T10

Map8
1 1 1 1 1 1 1 1 
S 0 0 # # 0 0 1 
1 0 0 0 0 # 0 1 
1 H 0 1 0 1 1 1 
1 # # 1 # 0 0 1 
1 0 0 1 1 0 0 1 
1 # # 0 1 0 0 1 
1 1 1 1 1 1 G 1 
d51 T9

Map8
1 1 1 1 1 1 1 1 
1 0 1 1 0 0 # 1 
S 0 0 F 0 # # 1 
1 0 0 1 F 1 1 1 
G 0 0 # 0 0 1 1 
1 F # 1 # F 0 1 
1 # 0 0 # 0 0 1 
1 1 1 1 1 1 1 1 
u56 T8

Map8
1 1 1 1 1 1 1 1 
1 # 1 0 H 0 H 1 
1 # H 0 0 0 0 1 
1 0 0 1 F F 0 1 
1 0 0 0 0 1 0 1 
1 F F 1 0 0 # 1 
1 F 1 0 1 0 0 1 
1 S 1 1 1 G 1 1 
r14 T9

Map8
1 1 1 1 1 1 1 1 
1 0 0 1 0 0 0 1 
1 0 F 0 # 0 0 1 
1 0 0 0 0 0 H 1 
1 1 0 0 0 F 0 1 
1 1 0 F F 0 0 1 
S 0 0 0 1 F 0 G 
1 1 1 1 1 1 1 1 
r34 T8

Map8
1 1 1 1 1 1 1 1 
S 0 0 0 0 F 0 1 
1 0 0 0 0 H 0 1 
1 0 # 1 # 0 # 1 
G # 0 1 0 0 0 1 
1 1 H 1 # 0 F 1 
1 0 1 F 1 0 0 1 
1 1 1 1 1 1 1 1 
l64 T8

Map8
1 1 G 1 1 1 1 1 
1 0 0 1 0 0 0 S 
1 0 0 0 F F 0 1 
1 0 0 0 0 0 0 1 
1 1 1 0 0 # F 1 
1 1 H 0 # 0 F 1 
1 # 0 # 1 1 0 1 
1 1 1 1 1 1 1 1 
l43 T8

Map8
1 1 1 1 1 1 1 1 
1 0 1 0 0 0 1 1 
1 # 0 H 0 0 1 1 
1 0 0 # 1 0 0 1 
1 0 H 0 H 0 0 G 
1 # 0 0 0 0 0 S 
1 0 0 1 0 # 0 1 
1 1 1 1 1 1 1 1 
d55 T9

Map8
1 1 1 1 1 1 1 1 
1 1 0 # 0 1 0 1 
1 F F 1 # 1 0 1 
1 # 0 0 1 0 0 1 
1 0 0 # 0 0 0 G 
1 # 0 # 0 1 # S 
1 1 0 0 0 # 0 1 
1 1 1 1 1 1 1 1 
u46 T9

Map8
1 1 1 1 1 1 1 1 
1 0 0 F H 0 0 1 
1 # 0 0 0 0 0 1 
1 # 0 0 0 # F 1 
1 0 0 1 F 0 0 1 
1 # 0 F 0 0 # 1 
1 1 0 F 0 # 0 1 
1 1 1 1 G S 1 1 
r55 T10

Map8
1 1 1 1 1 1 1 1 
1 1 # # 0 0 0 1 
1 0 # # 0 # 0 1 
1 0 0 H 0 0 H 1 
G 0 0 0 0 0 0 1 
S 0 0 0 0 0 # 1 
1 # 0 0 0 H 0 1 
1 1 1 1 1 1 1 1 
d25 T11

Map8
1 1 1 1 S 1 1 1 
1 0 0 0 0 # 1 1 
1 0 0 0 # # # 1 
1 1 1 1 0 0 0 G 
1 0 H 0 # # 0 1 
1 H # 0 0 H H 1 
1 # 0 0 0 0 0 1 
1 1 1 1 1 1 1 1 
r43 T8

Map8
1 1 1 1 1 S 1 1 
1 0 1 0 # 0 0 1 
1 F 0 0 0 1 0 1 
1 0 1 # 1 0 0 1 
G 0 0 # 0 0 0 1 
1 0 0 0 0 0 F 1 
1 1 F 0 0 F 0 1 
1 1 1 1 1 1 1 1 
l64 T8

Map8
1 1 1 1 1 1 1 1 
1 1 0 0 0 0 0 1 
G 0 0 0 1 # 0 1 
1 0 0 0 0 1 0 1 
1 0 0 0 0 1 F 1 
1 0 0 0 0 # 0 1 
1 1 0 F 0 # 0 S 
1 1 1 1 1 1 1 1 
u46 T10
