Map8
1 1 1 1 1 1 1 1 
1 0 # 0 F 0 0 1 
1 0 1 0 0 # 0 1 
1 # 1 0 1 0 0 1 
1 H # 0 0 0 1 1 
G 0 0 0 1 1 0 1 
1 0 # 0 # # 1 1 
1 1 1 1 S 1 1 1 
p53 p36 T10

Map8
1 G 1 1 1 1 1 1 
1 # F 0 H # F 1 
1 1 # # 0 # # 1 
1 0 F 0 0 0 0 1 
1 0 F 0 0 0 0 1 
1 H 0 1 0 0 0 1 
1 0 0 F 0 0 0 1 
1 1 1 1 1 S 1 1 
R43 l64 T11

Map8
1 1 1 S 1 1 1 1 
1 0 # 0 # 1 0 1 
1 0 0 0 # 1 # G 
1 1 # H H 0 0 1 
1 # 0 0 0 H 0 1 
1 # 1 0 0 0 0 1 
1 0 0 0 0 0 0 1 
1 1 1 1 1 1 1 1 
P32 p63 T11

Map8
1 1 1 G S 1 1 1 
1 # 0 # 0 # 0 1 
1 0 F 0 F 0 0 1 
1 0 0 0 H 0 1 1 
1 1 0 0 F 0 # 1 
1 1 # 0 0 0 0 1 
1 0 0 # 0 0 0 1 
1 1 1 1 1 1 1 1 
p41 R32 T10

Map8
1 1 1 1 1 1 1 1 
1 1 # 0 # 0 # 1 
S 0 0 H 1 0 0 G 
1 0 # 0 0 # 0 1 
1 0 0 0 1 0 # 1 
1 1 0 0 0 0 0 1 
1 0 0 0 0 0 0 1 
1 1 1 1 1 1 1 1 
P22 P63 T11

Map8
1 1 1 G 1 1 1 1 
1 # 1 0 0 1 0 1 
1 0 0 H 0 0 0 1 
1 0 0 0 0 0 0 1 
1 H # 0 0 0 0 1 
1 0 0 H 0 0 0 1 
1 0 0 0 0 # 0 1 
1 1 1 1 1 S 1 1 
p25 p36 T12

Map8
1 1 1 1 1 1 1 1 
1 0 0 # 0 0 0 1 
G F 0 H 0 1 1 1 
1 # 1 0 0 0 # 1 
1 1 0 0 F 0 1 1 
1 0 H 0 1 0 0 1 
1 0 0 # # # 0 1 
1 1 1 S 1 1 1 1 
P11 D33 T10

Map8
1 1 1 1 1 1 1 1 
1 F 1 0 1 0 # S 
1 1 1 0 F H 0 1 
1 0 0 1 0 F 0 1 
1 0 1 # # 0 # 1 
1 # H 0 # F 0 G 
1 # 0 0 0 0 # 1 
1 1 1 1 1 1 1 1 
p62 p46 T11

Map8
1 1 1 1 1 1 1 1 
1 # 0 0 1 0 # 1 
1 # # 0 0 F 1 1 
G 0 1 0 F 1 0 1 
1 0 0 0 0 0 1 1 
1 # # 0 0 0 H 1 
S # # F 0 0 0 1 
1 1 1 1 1 1 1 1 
P14 u46 T11

Map8
1 1 1 G 1 1 1 1 
1 0 F 0 1 0 0 1 
1 0 0 0 H 0 F 1 
1 0 H 0 # # 0 1 
1 F 1 H 0 0 0 S 
1 0 0 0 0 H 0 1 
1 # F F 0 H 0 1 
1 1 1 1 1 1 1 1 
U33 P54 T10

Map8
1 1 1 G 1 1 1 1 
1 0 0 0 # F 0 1 
1 0 F # 1 F 0 1 
S F F 1 0 0 # 1 
1 0 0 0 0 0 0 1 
1 # 0 0 1 # 0 1 
1 0 0 0 0 0 0 1 
1 1 1 1 1 1 1 1 
U14 r12 T10

Map8
1 1 1 1 1 1 S 1 
1 H 0 0 1 0 # 1 
1 1 0 1 1 # 0 1 
1 # H 0 # 0 # 1 
1 1 0 0 # 0 F 1 
1 0 0 # 0 1 0 1 
1 0 H 0 # 0 0 1 
1 G 1 1 1 1 1 1 
P24 P36 T11

Map8
1 1 1 1 1 1 1 1 
1 0 0 0 0 0 0 1 
1 0 0 0 0 0 0 1 
1 1 0 0 H 0 0 1 
1 0 0 H 0 0 0 1 
1 0 0 H 0 0 H 1 
1 0 0 0 H 0 0 1 
1 S 1 1 1 1 G 1 
L41 U25 T10

Map8
1 1 1 1 1 1 1 1 
1 # 0 # 0 H # 1 
1 # # 0 0 # 0 1 
1 1 # 0 H 0 1 1 
1 1 0 0 1 0 0 1 
1 0 0 1 0 1 0 1 
S 0 0 0 F 0 0 1 
1 1 1 G 1 1 1 1 
p42 U26 T12

Map8
1 1 1 1 1 1 1 1 
1 0 0 0 0 1 0 1 
1 0 0 0 0 0 H 1 
1 0 1 H 0 0 0 G 
1 H 0 0 0 0 0 1 
1 0 0 1 0 0 1 1 
S 0 0 0 1 0 1 1 
1 1 1 1 1 1 1 1 
p44 p16 T11

Map8
1 1 1 1 1 1 1 1 
1 0 0 1 # 0 # 1 
1 0 # 0 0 0 0 1 
1 0 1 F 0 # # S 
1 0 0 0 0 F 0 1 
1 0 0 # 0 1 0 1 
1 0 0 F # 0 0 1 
1 1 G 1 1 1 1 1 
R43 p14 T11

Map8
1 S 1 1 1 1 1 1 
1 # 0 # 0 0 0 1 
1 0 # 0 F 0 0 1 
1 0 F 0 0 0 # 1 
1 0 0 H # 1 H 1 
1 1 0 0 H F 0 1 
G # 0 1 0 0 F 1 
1 1 1 1 1 1 1 1 
P61 p32 T10

Map8
1 1 1 S 1 1 1 1 
1 0 # 0 0 0 0 1 
1 0 1 0 H 0 0 1 
1 H H 0 0 0 0 1 
1 1 0 0 0 0 1 1 
1 0 0 H 0 0 0 1 
1 H 0 0 1 0 0 1 
1 1 1 G 1 1 1 1 
P33 P45 T10

Map8
1 1 1 G 1 1 1 1 
1 0 H 0 # 0 0 1 
1 0 0 0 # F 1 1 
1 0 H 0 H 0 0 1 
S 0 0 F 0 0 0 1 
1 0 # 0 0 0 0 1 
1 1 0 0 0 0 H 1 
1 1 1 1 1 1 1 1 
P24 d45 T10

Map8
1 1 1 1 1 1 1 1 
1 0 0 H # 0 1 1 
1 F 0 H 0 0 0 1 
S # 0 # 0 0 # 1 
1 1 0 1 # 0 F 1 
1 0 0 H 0 0 0 1 
1 0 0 0 # F 0 1 
1 1 1 G 1 1 1 1 
u26 p53 T11

Map8
1 S 1 1 1 1 1 1 
1 # 1 0 0 H # G 
1 0 0 0 # # 0 1 
1 0 0 0 0 0 1 1 
1 0 H 0 0 # # 1 
1 0 0 0 0 H # 1 
1 1 0 H 0 F 0 1 
1 1 1 1 1 1 1 1 
p12 p33 T10

Map8
1 1 G 1 S 1 1 1 
1 0 0 # 0 1 1 1 
1 0 0 1 # # 0 1 
1 0 0 0 F 0 # 1 
1 0 F # 0 F # 1 
1 1 1 H # 0 0 1 
1 0 1 0 H F # 1 
1 1 1 1 1 1 1 1 
R33 r12 T10

Map8
1 1 1 1 S 1 1 1 
1 # 0 0 F 0 0 1 
1 0 1 F 1 0 # 1 
1 0 # 0 0 F 0 1 
1 # 0 1 0 0 # 1 
1 0 0 H 1 0 # 1 
1 # 1 # F 0 0 1 
1 G 1 1 1 1 1 1 
R31 P63 T10

Map8
1 1 1 1 1 1 1 1 
1 0 1 0 0 # # 1 
1 0 0 0 1 1 0 G 
1 # 0 0 # 1 0 1 
1 0 F 1 0 0 0 1 
1 0 H 0 1 0 0 S 
1 0 0 1 0 H # 1 
1 1 1 1 1 1 1 1 
u33 P63 T11

Map8
1 1 1 1 1 1 1 1 
1 0 # 0 0 0 # S 
1 0 0 1 H 0 0 1 
1 0 0 0 0 1 0 1 
1 # H # 0 0 1 1 
1 0 0 0 # # 0 1 
G F 0 H 0 F 0 1 
1 1 1 1 1 1 1 1 
P15 p12 T10

Map8
1 G 1 1 1 1 1 1 
1 0 0 H 0 0 0 1 
1 H 0 F 0 0 0 1 
1 0 0 0 0 0 0 1 
1 0 F 0 0 0 0 S 
1 0 F 1 0 0 0 1 
1 0 0 F 0 0 # 1 
1 1 1 1 1 1 1 1 
p33 p64 T13

Map8
1 1 1 1 G 1 1 1 
1 H 0 0 0 # 0 1 
1 0 0 0 0 0 0 1 
1 0 0 0 0 # 1 1 
1 0 0 # 0 0 0 1 
1 0 0 0 H H 0 1 
1 0 0 0 0 # 0 1 
1 1 1 1 1 S 1 1 
P31 R46 T10

Map8
1 1 1 1 1 1 1 1 
1 # H 0 0 F 0 1 
1 0 0 0 0 0 0 1 
G 0 0 H # 0 1 1 
1 H 0 0 0 0 0 1 
1 H H 0 0 0 0 1 
1 # 0 # # 1 F 1 
1 1 1 1 1 1 S 1 
P12 P24 T10

Map8
1 S 1 1 1 1 1 1 
1 0 0 0 0 F # 1 
1 0 # H H # 0 1 
1 1 1 0 0 F 0 1 
1 0 1 F 0 0 0 1 
1 0 0 # 0 0 F 1 
1 # # 0 0 0 # 1 
1 1 G 1 1 1 1 1 
P44 P36 T10

Map8
1 1 1 1 1 G 1 1 
1 0 0 0 1 # 1 1 
1 0 # # 0 0 0 1 
1 0 1 0 # 0 0 1 
1 0 # 1 F H 0 S 
1 # 1 0 0 0 0 1 
1 0 1 # F 0 0 1 
1 1 1 1 1 1 1 1 
P55 D63 T11

Map8
1 1 1 1 1 1 G 1 
1 H F 0 F 0 0 1 
1 0 0 F 0 0 0 1 
1 F 0 0 1 0 # 1 
1 0 0 0 0 1 H 1 
1 0 F 0 0 0 0 1 
1 0 # 0 0 0 0 1 
1 S 1 1 1 1 1 1 
D14 u46 T11

Map8
1 1 1 1 1 1 1 1 
1 0 # 0 1 0 0 1 
1 0 0 0 0 0 0 1 
S 0 0 # # # 0 1 
1 # 0 0 1 0 0 1 
1 0 H 0 0 0 # 1 
1 # 0 0 0 # H 1 
1 1 1 1 G 1 1 1 
d45 p34 T10

Map8
1 1 1 1 1 1 1 1 
S 0 0 0 # 0 H 1 
1 0 0 0 0 0 0 1 
1 0 0 0 0 # # 1 
1 F 0 0 H 0 H 1 
1 # 0 0 1 # 0 1 
1 # 0 0 1 1 0 G 
1 1 1 1 1 1 1 1 
p42 P31 T10

Map8
1 1 1 1 1 1 1 1 
1 0 0 0 0 0 0 1 
1 0 0 H 0 0 H 1 
G 0 H 0 0 1 0 1 
1 0 0 0 0 0 0 1 
S 0 H 0 0 0 1 1 
1 0 0 0 1 1 0 1 
1 1 1 1 1 1 1 1 
D14 P34 T10

Map8
1 1 1 1 G 1 1 1 
S # 0 # F # 0 1 
1 0 0 1 # 0 0 1 
1 1 0 0 0 F 0 1 
1 0 # # 1 0 # 1 
1 0 0 1 0 0 1 1 
1 # 0 1 1 0 F 1 
1 1 1 1 1 1 1 1 
P61 D21 T11

Map8
1 1 1 1 1 1 1 1 
1 # 0 # 0 0 1 1 
1 1 0 1 # 0 0 1 
1 0 0 1 1 0 0 1 
1 0 # 0 0 # 0 1 
1 0 1 0 1 0 # 1 
1 0 0 F 0 0 # S 
1 1 1 1 G 1 1 1 
p53 P56 T11

Map8
1 1 1 1 1 1 1 1 
1 0 0 # 0 1 # 1 
1 0 F 0 F 0 1 1 
1 0 0 H 1 0 0 1 
1 0 0 H 0 # 0 1 
1 # H 1 0 0 # G 
S 0 # 1 0 F 0 1 
1 1 1 1 1 1 1 1 
p13 L66 T10

Map8
1 1 1 1 1 1 1 1 
1 0 0 0 0 0 0 1 
1 0 0 0 0 0 1 1 
1 0 0 0 0 1 0 1 
1 0 0 1 F 0 1 1 
1 # 0 0 0 F 0 1 
1 F 0 F 0 0 0 1 
1 S 1 G 1 1 1 1 
d35 p31 T10

Map8
1 1 1 1 1 1 1 1 
1 0 0 0 1 0 0 1 
1 0 0 # 0 0 0 1 
1 0 0 0 # 0 F 1 
S 0 0 0 0 F 0 1 
1 0 0 0 0 0 0 G 
1 0 0 0 H 0 F 1 
1 1 1 1 1 1 1 1 
l62 u14 T10

Map8
1 1 1 1 1 1 1 1 
1 0 0 F 0 0 # S 
1 0 1 0 0 0 F 1 
1 H 0 0 0 0 F 1 
1 0 0 0 0 0 0 1 
1 0 0 1 0 0 0 1 
G 0 0 H 0 F 0 1 
1 1 1 1 1 1 1 1 
l64 P41 T11

Map8
1 1 1 1 1 1 1 1 
1 0 0 0 0 1 0 1 
1 0 H 0 1 1 0 S 
1 0 0 0 0 0 # 1 
G 0 0 0 0 1 1 1 
1 0 0 0 # 0 0 1 
1 F 0 0 F F 0 1 
1 1 1 1 1 1 1 1 
r13 p33 T10

Map8
1 S 1 1 1 1 1 1 
1 0 F 1 0 0 1 1 
1 0 F 0 0 0 0 1 
1 0 0 0 F 0 1 1 
1 0 F 0 0 1 0 1 
1 0 H 0 0 0 0 1 
1 0 0 1 0 H 0 G 
1 1 1 1 1 1 1 1 
P13 d32 T10

Map8
1 1 1 1 1 1 1 1 
1 0 # 0 F 0 0 1 
1 F 0 # 0 0 1 1 
1 0 0 # 0 # H 1 
1 0 0 F 0 # 0 1 
1 0 0 F F 0 0 1 
1 0 0 0 0 0 0 1 
1 1 1 S G 1 1 1 
p23 p36 T10

Map8
1 1 1 1 1 1 1 1 
1 0 0 1 0 0 0 1 
1 0 1 F 0 0 0 1 
1 0 # 0 0 F 1 1 
1 0 1 F # 0 0 1 
1 0 0 1 0 0 0 1 
1 0 0 1 0 0 F 1 
1 1 G 1 1 1 S 1 
p42 P64 T13

Map8
1 1 1 1 1 1 1 1 
1 1 0 # 1 0 0 1 
G 0 # 0 1 0 # S 
1 1 0 H 0 0 # 1 
1 0 0 0 0 0 0 1 
1 # 0 0 0 0 0 1 
1 0 # # 1 F 1 1 
1 1 1 1 1 1 1 1 
p23 D34 T10

Map8
1 1 1 1 1 1 1 1 
1 F 1 0 0 1 0 G 
1 0 H # 0 0 # 1 
1 1 0 H 0 1 0 1 
1 # 0 0 0 # 1 1 
1 0 0 # 0 0 # 1 
1 0 1 # 0 0 0 1 
1 1 1 1 1 S 1 1 
u45 p41 T11

Map8
1 1 1 1 1 1 1 1 
1 1 1 0 1 0 0 1 
1 # F 0 0 0 0 1 
1 0 0 0 0 0 0 1 
1 0 0 0 H 0 F G 
1 0 0 0 0 0 0 1 
1 0 0 0 0 0 0 1 
1 1 1 1 S 1 1 1 
R35 d55 T10

Map8
1 1 1 S 1 1 1 1 
1 0 F 0 1 # 0 1 
1 # 0 # 1 F 0 G 
1 0 0 1 1 0 0 1 
1 1 0 H 0 # H 1 
1 0 0 0 0 0 # 1 
1 0 0 1 H 1 0 1 
1 1 1 1 1 1 1 1 
U55 P63 T13

Map8
1 1 1 1 1 1 1 1 
1 0 F 0 1 0 0 1 
1 1 H 0 # 1 0 1 
1 F 0 0 0 1 0 1 
1 0 0 0 0 H 0 1 
1 F H F 0 0 0 1 
G # 1 0 F 0 0 1 
1 1 1 1 1 S 1 1 
R45 r33 T11

Map8
1 S 1 1 1 1 1 1 
1 # F 0 0 # 0 1 
1 # 1 0 1 # 0 1 
1 1 # 0 0 # 0 1 
1 0 # F # 0 0 1 
1 0 0 0 0 0 0 1 
1 0 F 1 1 0 F 1 
1 1 G 1 1 1 1 1 
p41 p54 T12

Map8
1 1 1 1 1 1 S 1 
1 0 0 0 H 0 0 1 
1 0 0 0 1 # 0 1 
1 1 0 0 0 0 0 1 
1 0 0 0 0 0 H 1 
1 H 1 0 0 H 0 1 
1 0 H 0 0 0 0 1 
1 1 1 1 1 G 1 1 
L63 p46 T11

Map8
1 S 1 1 1 1 1 1 
1 0 0 # 0 0 0 1 
1 0 F 0 0 # 0 1 
1 1 # 0 0 0 H 1 
G # # 0 0 0 H 1 
1 # 0 F F F 0 1 
1 1 0 0 # 0 0 1 
1 1 1 1 1 1 1 1 
P26 p32 T11

Map8
1 1 1 G 1 1 1 1 
1 0 F 0 0 # 1 1 
1 # # 0 # 0 0 1 
1 0 F H 0 1 1 1 
1 1 # 0 F 0 F 1 
1 0 1 # 0 0 F 1 
1 # 1 # 0 0 0 1 
1 1 1 1 1 S 1 1 
u32 p56 T11

Map8
1 1 1 1 1 1 1 1 
1 0 0 0 H # 0 1 
1 # 0 0 F # 0 1 
G 0 1 F 0 # 0 1 
1 0 0 0 1 0 F S 
1 0 0 1 0 0 # 1 
1 0 H F 1 0 0 1 
1 1 1 1 1 1 1 1 
D63 p14 T15

Map8
1 S 1 1 1 1 G 1 
1 0 0 0 1 0 # 1 
1 # # 0 0 0 F 1 
1 0 1 0 0 0 0 1 
1 0 1 0 0 # 1 1 
1 0 0 0 # # 0 1 
1 0 0 H 0 0 0 1 
1 1 1 1 1 1 1 1 
u14 p35 T13

Map8
1 1 1 1 1 1 1 1 
1 0 1 # H 1 0 S 
1 0 F 0 1 # 0 1 
1 0 F # # 0 0 1 
1 # H 0 F 1 H 1 
1 0 # 1 F F 0 1 
1 1 # 0 0 0 0 1 
1 1 1 1 1 G 1 1 
L63 p46 T10

Map8
1 1 1 1 1 1 1 1 
1 1 0 0 H H 0 1 
1 H 0 0 1 0 0 1 
1 # 0 0 0 0 0 1 
G 0 0 H H 1 # 1 
1 0 0 1 # 0 0 1 
1 1 1 0 0 0 1 1 
1 1 1 1 1 S 1 1 
p23 l63 T10

Map8
1 1 S 1 1 1 1 1 
1 0 0 1 0 H 1 1 
1 # 1 # F 0 1 1 
1 0 0 0 # 0 0 1 
1 0 0 0 H 1 0 1 
1 1 # # 0 H 0 G 
1 H 0 # 1 0 0 1 
1 1 1 1 1 1 1 1 
U34 p64 T12

Map8
1 1 1 1 1 1 1 1 
1 0 0 0 1 0 0 1 
1 H 0 0 0 0 0 1 
1 0 0 1 0 0 0 S 
1 0 0 0 0 0 H 1 
G F 0 H H 0 F 1 
1 0 0 0 0 0 F 1 
1 1 1 1 1 1 1 1 
p36 l25 T11

Map8
1 S 1 1 1 1 1 1 
1 0 0 0 1 0 0 1 
1 1 0 0 0 0 0 1 
1 1 1 0 0 0 1 1 
1 0 0 0 0 0 0 1 
1 0 1 H 0 0 0 1 
1 0 0 0 0 1 0 1 
1 1 G 1 1 1 1 1 
P34 P16 T11

Map8
1 1 1 1 1 1 1 1 
1 1 0 0 0 # 0 1 
1 0 0 0 # 0 0 1 
1 0 0 # # # 0 G 
1 0 0 # 1 0 H 1 
1 0 0 0 F 0 0 1 
1 1 # 0 0 0 0 1 
1 1 1 1 S 1 1 1 
D41 R35 T10

Map8
1 1 1 1 1 1 1 1 
1 0 F 0 0 0 0 1 
1 # 0 0 0 0 0 1 
1 1 0 1 # 0 0 G 
1 0 0 0 0 H 0 1 
1 0 H 0 0 H # 1 
S 0 0 1 0 # 0 1 
1 1 1 1 1 1 1 1 
p64 D44 T10

Map8
1 1 1 1 1 1 1 1 
1 0 0 0 0 0 0 1 
S 0 0 F 0 1 1 1 
1 0 0 0 0 0 # 1 
1 0 0 0 0 0 0 1 
1 F 0 0 0 0 0 1 
1 0 0 0 F H 0 1 
1 1 1 G 1 1 1 1 
p31 p23 T10

Map8
1 1 1 1 1 1 1 1 
1 # 0 # 0 # 0 1 
1 0 0 0 0 H F 1 
1 0 # 0 0 0 1 1 
G 0 H F 0 0 0 1 
1 1 0 # 0 0 F 1 
1 0 1 1 0 # 0 1 
1 1 1 1 1 1 S 1 
P44 P25 T10

Map8
1 1 1 1 1 1 1 1 
1 H 0 1 0 0 H 1 
1 0 0 0 0 0 0 1 
G 0 0 H 0 0 0 1 
1 0 0 0 0 F # 1 
1 0 0 0 1 0 # S 
1 H 0 0 0 0 F 1 
1 1 1 1 1 1 1 1 
p34 l23 T10

Map8
1 1 1 1 1 1 1 1 
G 0 0 0 1 0 0 1 
1 1 1 0 H 0 0 S 
1 0 0 0 0 0 0 1 
1 0 0 0 0 # # 1 
1 0 0 1 0 0 0 1 
1 1 0 0 0 1 0 1 
1 1 1 1 1 1 1 1 
R43 U63 T11

Map8
1 1 1 1 1 1 1 1 
1 0 0 0 0 0 0 1 
1 0 0 0 H 0 0 S 
1 1 0 0 0 0 0 1 
1 1 0 1 0 0 0 1 
1 0 1 0 0 0 0 1 
1 0 0 0 1 0 H 1 
1 G 1 1 1 1 1 1 
U53 p41 T10

Map8
1 1 1 1 S 1 1 1 
1 0 F 0 F 0 0 1 
1 0 # 1 0 F 0 1 
1 0 0 0 1 0 # 1 
1 # 1 0 # 0 0 1 
1 0 0 1 # 0 0 1 
1 0 F 0 0 # 0 1 
1 1 1 G 1 1 1 1 
U46 p64 T11

Map8
1 1 1 1 1 1 1 1 
1 0 # 0 F F 0 1 
S 0 0 0 0 F 0 1 
1 0 1 1 # 0 1 1 
1 1 F 0 0 # # 1 
G 0 0 1 0 0 H 1 
1 0 0 0 F 0 0 1 
1 1 1 1 1 1 1 1 
P32 P44 T11

Map8
1 1 1 1 1 1 1 1 
1 0 0 # 0 0 0 1 
1 F # 0 # # 0 S 
1 F H 0 1 H # G 
1 0 0 0 0 # 0 1 
1 0 # 0 1 0 0 1 
1 0 1 1 0 0 0 1 
1 1 1 1 1 1 1 1 
P32 l64 T10

Map8
1 1 1 1 S 1 1 1 
1 # 0 0 0 0 # 1 
1 0 1 1 0 1 # 1 
1 0 0 # 0 1 1 1 
1 1 0 0 0 0 # 1 
1 0 H 0 0 # 1 1 
1 0 0 0 H # 0 1 
1 1 1 1 1 1 G 1 
P43 P36 T10

Map8
1 1 1 1 1 1 1 1 
S 0 0 0 0 F # 1 
1 F 0 0 0 # # 1 
1 0 1 1 0 0 0 G 
1 # 0 0 0 0 0 1 
1 0 1 0 0 0 # 1 
1 0 H 0 1 0 0 1 
1 1 1 1 1 1 1 1 
l64 p31 T10

Map8
1 1 S 1 G 1 1 1 
1 0 # 0 0 # 1 1 
1 0 0 0 0 0 0 1 
1 # H 0 1 0 0 1 
1 0 0 0 0 0 0 1 
1 0 0 0 1 0 F 1 
1 0 1 # 0 1 0 1 
1 1 1 1 1 1 1 1 
L32 r53 T10

Map8
1 1 1 1 1 1 1 1 
1 0 0 1 0 0 # 1 
1 0 0 # # 1 0 1 
S 0 # F 1 0 0 1 
1 1 0 0 0 # 0 1 
1 0 F # 0 0 0 G 
1 0 1 F 0 0 # 1 
1 1 1 1 1 1 1 1 
U34 P64 T10

Map8
1 1 1 1 S 1 1 1 
G 0 0 1 0 0 0 1 
1 0 1 1 0 0 # 1 
1 0 0 0 H 0 1 1 
1 1 # 0 0 # 0 1 
1 1 0 0 # 0 # 1 
1 # 0 1 0 0 F 1 
1 1 1 1 1 1 1 1 
P42 p53 T11

Map8
1 1 1 S 1 1 1 1 
1 0 1 0 0 H # 1 
1 0 # 0 0 0 H 1 
1 0 0 0 H H 1 1 
1 1 0 F 0 0 F 1 
1 0 0 0 0 0 0 1 
1 0 0 H 0 0 F 1 
1 1 1 1 G 1 1 1 
P33 p35 T10

Map8
1 1 1 1 1 G 1 1 
1 0 1 0 F # 0 1 
1 F 0 0 # 1 F 1 
1 1 # 0 0 0 1 1 
1 F F 1 0 0 0 1 
1 # 0 0 # 0 0 1 
1 0 0 1 1 0 0 1 
1 1 1 1 1 S 1 1 
U33 P61 T10

Map8
1 1 1 1 1 G 1 1 
1 # 0 0 F 0 F 1 
1 0 0 0 0 0 0 1 
1 1 0 F 0 1 0 1 
1 H 1 0 0 F 1 1 
1 0 # 1 0 0 0 1 
1 1 0 0 0 0 0 1 
1 1 S 1 1 1 1 1 
L43 P62 T13

Map8
1 1 1 1 1 1 1 1 
1 1 1 0 0 0 0 1 
1 0 1 0 # 0 F 1 
1 # 0 1 # 0 0 1 
1 0 0 F # 0 1 1 
1 0 # 0 0 0 # 1 
1 0 0 0 F H 0 G 
1 1 1 S 1 1 1 1 
p15 R35 T12

Map8
1 1 1 1 1 1 1 1 
1 1 0 0 F 1 1 1 
1 # 0 # 1 F 0 1 
S 0 0 H F F # 1 
1 0 0 # 1 0 0 1 
1 0 # # 0 0 0 1 
1 0 0 H F # 0 1 
1 1 1 1 G 1 1 1 
U14 d45 T10

Map8
1 1 1 1 1 1 1 1 
1 0 F 0 0 0 0 S 
1 H 0 # 0 0 # 1 
1 0 # 0 0 0 0 1 
1 0 H # 0 # 0 1 
1 0 # 1 0 0 0 1 
1 1 F 0 0 0 0 1 
1 1 G 1 1 1 1 1 
R41 p64 T11

Map8
1 1 1 1 1 1 1 1 
G 0 H 0 0 1 # 1 
1 0 # 0 1 0 0 1 
1 1 0 0 0 0 0 1 
1 1 0 # # # 0 1 
1 # 0 1 0 0 0 1 
1 1 0 0 F H 1 1 
1 1 S 1 1 1 1 1 
P31 P23 T10

Map8
1 1 1 1 G 1 S 1 
1 0 1 0 0 0 F 1 
1 0 0 0 0 F 0 1 
1 0 0 0 0 # 0 1 
1 0 0 0 H 0 # 1 
1 0 0 0 1 0 0 1 
1 1 0 0 0 1 0 1 
1 1 1 1 1 1 1 1 
l62 p32 T10

Map8
1 1 1 1 1 1 1 1 
1 0 # 0 1 0 0 1 
1 0 0 0 0 # 0 1 
1 0 # 1 F # 0 1 
1 1 0 0 1 1 0 1 
1 # 0 0 # 0 0 S 
1 # 1 0 0 0 F 1 
1 1 1 1 1 G 1 1 
l62 D55 T10

Map8
1 G 1 1 1 1 1 1 
1 0 0 1 # # 0 S 
1 1 0 0 0 0 # 1 
1 1 1 # 0 0 0 1 
1 0 0 F # 0 0 1 
1 # 0 0 H 0 F 1 
1 1 0 1 0 1 # 1 
1 1 1 1 1 1 1 1 
l52 p61 T10

Map8
1 1 1 1 1 1 1 1 
1 0 0 0 0 # # 1 
S # # F 1 F 0 1 
1 0 1 # 0 0 1 1 
1 # 0 1 0 0 0 1 
1 F 0 0 0 1 0 1 
1 0 0 # 0 0 0 1 
1 1 G 1 1 1 1 1 
U13 P41 T11

Map8
1 1 1 1 1 1 1 1 
1 0 0 F 0 F 0 1 
1 0 0 # 0 0 1 1 
1 0 H 0 0 H 0 1 
G 0 0 0 1 0 1 1 
S 0 0 0 0 0 0 1 
1 0 0 0 0 0 0 1 
1 1 1 1 1 1 1 1 
p22 p13 T10

Map8
1 1 1 S 1 1 1 1 
1 0 1 0 0 F 0 1 
1 0 F 0 H 0 0 1 
1 H 0 0 1 0 0 1 
1 1 F 0 0 0 1 1 
1 0 # H F 0 1 1 
1 0 # 1 0 F 0 1 
1 1 1 1 1 1 G 1 
P34 P55 T10

Map8
1 1 1 1 1 1 1 1 
1 1 0 0 1 0 0 1 
1 0 0 0 0 0 0 1 
1 1 0 1 0 0 0 1 
1 F 0 H 0 0 1 1 
1 0 0 0 H 0 0 1 
1 0 1 0 H 0 0 S 
1 G 1 1 1 1 1 1 
U56 p32 T12

Map8
1 1 1 1 1 1 1 1 
1 0 0 H 0 0 H 1 
1 0 0 0 1 0 0 1 
1 0 0 0 H 0 0 G 
S 0 0 0 0 0 H 1 
1 0 1 0 0 0 0 1 
1 0 0 0 1 0 0 1 
1 1 1 1 1 1 1 1 
p54 L34 T10

Map8
1 1 1 1 1 1 1 1 
1 0 F # 0 0 0 1 
1 0 0 # 0 0 0 1 
1 0 H 0 0 1 0 S 
1 1 1 0 H 1 0 1 
1 0 0 0 0 F 1 1 
1 0 1 0 1 0 # 1 
1 G 1 1 1 1 1 1 
P41 P36 T10

Map8
1 G 1 1 1 1 1 1 
1 0 H 0 0 0 # 1 
1 0 0 0 1 0 # 1 
1 0 1 0 0 0 0 1 
1 0 0 1 1 0 0 1 
1 0 0 0 1 0 # 1 
1 0 # 1 0 0 0 S 
1 1 1 1 1 1 1 1 
P31 P64 T11

Map8
1 1 1 1 1 1 1 1 
1 0 1 # 0 1 F 1 
1 0 F 0 0 0 0 1 
1 1 0 0 1 0 0 1 
1 0 1 0 0 0 0 G 
1 0 0 F F 1 0 1 
1 0 0 0 F 1 # 1 
1 S 1 1 1 1 1 1 
p42 U36 T11

Map8
1 1 1 1 1 1 1 1 
1 0 F 0 0 # 0 1 
S 0 # 0 0 0 H 1 
1 1 1 # 0 0 F 1 
1 0 F # 0 # 0 1 
1 F 0 # 0 0 0 1 
1 0 # 1 0 0 0 1 
1 1 G 1 1 1 1 1 
U43 d31 T12

Map8
1 1 1 1 G S 1 1 
1 0 0 0 0 # 1 1 
1 0 0 0 # 0 0 1 
1 H 0 0 0 H 0 1 
1 0 0 0 0 0 H 1 
1 0 0 0 0 0 0 1 
1 0 1 0 0 0 0 1 
1 1 1 1 1 1 1 1 
P52 p31 T10

Map8
1 1 1 1 1 1 1 1 
1 0 H 0 0 H 0 1 
1 0 0 H # 0 0 1 
1 0 # # 0 0 H 1 
1 0 0 0 0 0 0 1 
1 1 0 0 0 0 # G 
1 0 # 0 # 0 0 1 
1 S 1 1 1 1 1 1 
p44 p36 T10

Map8
1 1 1 1 1 1 1 1 
1 0 F 1 0 0 0 1 
S 0 # 0 0 0 F 1 
1 # # 0 0 0 0 1 
G 0 0 1 # # 0 1 
1 0 # 0 0 0 0 1 
1 # 0 1 0 0 0 1 
1 1 1 1 1 1 1 1 
L42 r15 T10

Map8
1 1 1 1 1 1 1 1 
1 0 0 # # 0 1 1 
1 # 0 0 0 F 0 1 
G 0 1 # 1 0 1 1 
1 0 # 0 0 F 0 S 
1 F # 0 0 0 0 1 
1 # 0 1 0 # 0 1 
1 1 1 1 1 1 1 1 
R44 D14 T12

Map8
1 G 1 1 1 1 S 1 
1 0 0 0 0 1 0 1 
1 0 F 0 1 0 0 1 
1 0 0 1 F 0 0 1 
1 F 0 0 0 0 0 1 
1 1 0 0 0 1 0 1 
1 0 1 0 0 0 1 1 
1 1 1 1 1 1 1 1 
P34 p63 T10

Map8
1 1 1 1 1 1 S 1 
1 0 1 0 0 0 0 1 
1 F 0 0 0 0 0 1 
G 0 0 # 1 0 F 1 
1 0 F F 0 1 0 1 
1 0 0 0 1 0 F 1 
1 0 0 0 0 0 # 1 
1 1 1 1 1 1 1 1 
p36 l23 T10

Map8
1 1 1 1 1 1 1 1 
1 0 0 0 0 0 0 1 
1 0 1 0 H # 1 1 
1 0 0 0 0 0 1 1 
S 0 0 F 0 0 0 1 
1 1 0 1 # 0 F 1 
G 0 # 1 0 0 # 1 
1 1 1 1 1 1 1 1 
R33 p14 T10

Map8
1 1 1 1 1 1 1 1 
1 0 0 1 0 0 0 1 
1 # 0 1 # F 0 G 
1 F # 0 F 0 0 1 
1 F 0 1 0 0 1 1 
1 # 0 0 1 0 0 1 
1 0 0 0 0 0 0 1 
1 S 1 1 1 1 1 1 
U44 L63 T10

Map8
1 1 1 1 1 1 1 1 
1 1 1 0 0 0 1 1 
G 0 H 0 0 0 1 1 
1 0 F 0 0 0 F 1 
1 0 0 0 0 F 0 1 
1 1 F F 0 0 0 1 
1 H 0 0 0 1 1 1 
1 1 S 1 1 1 1 1 
d34 R14 T10

Map8
1 1 1 1 1 1 1 1 
1 F 1 0 0 # 0 1 
1 0 H # 0 F 0 1 
1 H H 1 0 # # 1 
1 1 0 0 0 F 0 1 
1 0 # # 0 0 # 1 
1 0 1 F H # 0 1 
1 S 1 G 1 1 1 1 
l64 p45 T10

Map8
1 1 1 1 1 1 1 1 
1 0 0 1 0 0 0 1 
1 0 H # F F H 1 
1 F H 0 0 # 0 S 
1 0 0 0 1 0 0 1 
1 0 1 0 0 0 1 1 
1 0 0 F 0 0 F 1 
1 1 1 1 G 1 1 1 
P56 R33 T10

Map8
1 1 1 1 1 1 1 1 
1 0 F 0 H 0 H 1 
G 0 0 0 # 0 0 1 
1 H 0 0 1 0 0 1 
1 0 0 0 0 1 # 1 
1 0 0 0 0 0 0 1 
S 0 0 1 0 0 # 1 
1 1 1 1 1 1 1 1 
P24 p33 T10

Map8
1 1 1 1 1 1 1 1 
1 0 0 1 0 0 0 1 
1 H 0 0 1 0 # 1 
G 0 0 0 H # 0 1 
1 # # 0 0 1 # 1 
1 0 0 1 0 0 0 1 
1 0 0 0 0 0 0 1 
1 1 1 1 1 1 S 1 
l23 p36 T10

Map8
1 S 1 1 1 1 1 1 
1 # F 0 1 0 # 1 
1 0 1 0 0 0 1 1 
1 1 H 1 F H F 1 
1 # 0 0 0 F 1 1 
1 # 1 0 # 0 H 1 
1 0 # H 0 0 # 1 
1 G 1 1 1 1 1 1 
l44 P52 T10

Map8
1 1 1 1 1 1 1 1 
1 0 0 # 0 # 1 1 
1 0 # 0 0 # 0 1 
1 0 H # H 1 0 1 
1 F 0 1 0 0 0 1 
1 # # 1 0 0 0 1 
S # 0 F 1 0 F G 
1 1 1 1 1 1 1 1 
P65 P26 T11

Map8
1 1 1 1 1 1 1 1 
1 H 0 0 # 1 0 G 
1 0 0 H 0 0 0 1 
1 1 # 0 0 H 0 1 
1 0 1 0 0 0 H 1 
1 # # # 0 # H 1 
S 0 # 0 0 0 # 1 
1 1 1 1 1 1 1 1 
L43 p36 T11

Map8
1 1 1 S 1 1 G 1 
1 0 0 0 H 0 0 1 
1 1 0 1 1 0 1 1 
1 1 # H # 0 1 1 
1 0 0 0 0 0 H 1 
1 # 0 0 0 # 0 1 
1 0 0 H 0 0 0 1 
1 1 1 1 1 1 1 1 
U54 P11 T10

Map8
1 1 1 1 S 1 1 1 
1 0 0 0 F 0 1 1 
1 0 0 0 0 1 0 1 
1 1 0 0 0 0 0 1 
1 1 F 0 0 H H 1 
1 0 1 0 1 0 0 G 
1 0 0 0 0 0 0 1 
1 1 1 1 1 1 1 1 
p42 R55 T10

Map8
1 1 1 1 1 1 1 1 
1 H H 0 0 0 0 1 
1 H 0 0 F 0 # 1 
1 # 0 0 0 0 0 G 
S 0 1 H 0 0 0 1 
1 F 0 # 0 # H 1 
1 0 0 1 0 0 0 1 
1 1 1 1 1 1 1 1 
D54 P61 T10

Map8
1 1 1 G S 1 1 1 
1 0 0 0 0 0 0 1 
1 0 # 1 0 # 0 1 
1 1 # 1 1 0 0 1 
1 0 0 # 1 F 1 1 
1 # # # 0 0 0 1 
1 0 1 0 # F 0 1 
1 1 1 1 1 1 1 1 
p45 d21 T10

Map8
1 1 G 1 1 1 1 1 
1 F 0 0 0 0 0 1 
1 F 0 0 0 0 F 1 
1 0 0 0 0 0 0 1 
1 0 1 # 0 0 0 1 
1 # 0 0 0 1 0 1 
1 1 0 0 0 # 0 1 
1 1 1 1 1 1 S 1 
p33 P64 T11

Map8
1 1 1 1 1 1 1 1 
1 0 # 0 1 0 0 1 
1 F 1 0 0 # 0 1 
G 0 1 H 0 0 1 1 
1 0 0 0 0 0 # 1 
1 0 0 1 # # 1 1 
1 0 0 # F 0 0 S 
1 1 1 1 1 1 1 1 
R14 P54 T10

Map8
1 1 1 1 1 1 1 1 
1 0 0 F 0 1 0 1 
G F 0 0 0 1 0 S 
1 0 0 # 0 0 0 1 
1 0 0 0 F 1 0 1 
1 1 0 0 0 0 1 1 
1 0 F 1 F 0 0 1 
1 1 1 1 1 1 1 1 
P64 p43 T10

Map8
1 1 S G 1 1 1 1 
1 F # 0 0 0 0 1 
1 F 0 0 1 0 0 1 
1 0 # 0 # 1 0 1 
1 0 0 0 # # 0 1 
1 H 0 0 # # F 1 
1 # 0 1 0 0 1 1 
1 1 1 1 1 1 1 1 
p41 u22 T11

Map8
1 1 1 1 1 1 1 1 
1 1 0 0 0 0 # 1 
1 1 0 0 # 0 # 1 
S # 0 1 # 0 0 G 
1 1 0 1 F 0 # 1 
1 0 0 0 H 0 # 1 
1 0 H H H 0 # 1 
1 1 1 1 1 1 1 1 
P41 r53 T10

Map8
1 1 1 1 1 1 1 1 
1 1 0 0 0 0 0 1 
1 0 0 0 1 0 # 1 
1 1 # 0 0 1 0 G 
1 0 1 1 0 0 0 1 
1 0 0 0 1 0 0 1 
1 0 H 0 0 0 0 1 
1 S 1 1 1 1 1 1 
P14 L64 T13

Map8
1 1 1 1 1 1 1 1 
1 1 0 F F 0 H 1 
1 H 0 0 F 0 0 1 
1 0 1 H H F 0 S 
G 0 0 H 0 0 0 1 
1 0 0 0 0 0 0 1 
1 0 0 0 1 0 0 1 
1 1 1 1 1 1 1 1 
p35 U54 T11

Map8
1 1 1 1 1 1 1 1 
1 1 0 0 0 0 0 1 
1 0 0 # 1 # 0 1 
G # 1 0 0 0 0 1 
1 # 0 0 0 # 0 1 
1 H 1 0 0 0 # 1 
1 0 0 0 0 0 0 1 
1 1 S 1 1 1 1 1 
p33 R12 T10

Map8
1 1 1 1 1 1 1 1 
1 H 0 0 H # 0 1 
1 0 0 0 0 0 0 1 
1 0 0 0 0 # 1 1 
1 H 0 0 0 0 0 1 
G 0 0 0 0 0 0 1 
1 0 0 0 0 0 0 S 
1 1 1 1 1 1 1 1 
p24 p36 T11

Map8
1 1 1 1 1 1 1 1 
1 # 0 0 0 1 0 1 
1 # H # 0 F 1 1 
1 # F 1 0 0 1 1 
1 F 0 # 0 # F 1 
1 # 0 0 1 F 1 1 
1 1 0 0 H # 0 1 
1 1 1 S 1 1 G 1 
R24 P44 T12

Map8
1 1 1 1 S 1 1 1 
1 0 0 1 0 0 0 1 
1 0 0 0 0 1 1 1 
1 0 0 0 # 0 0 G 
1 1 0 0 H H 0 1 
1 0 0 0 0 0 0 1 
1 0 H 0 0 0 0 1 
1 1 1 1 1 1 1 1 
L53 p23 T10

Map8
1 1 1 1 1 1 1 1 
1 0 0 H 0 0 # S 
1 0 0 0 # F # 1 
1 0 0 1 0 0 0 1 
1 H 0 0 0 H 1 1 
1 0 # 0 1 # # 1 
1 0 0 F 0 0 0 1 
1 1 1 1 1 G 1 1 
R41 p32 T11

Map8
1 1 1 1 1 S 1 1 
1 0 0 1 H 0 0 1 
1 0 0 0 0 0 0 1 
1 0 0 H 1 0 H 1 
1 0 0 0 0 0 H 1 
1 0 0 0 0 0 0 1 
1 0 0 0 0 H 0 G 
1 1 1 1 1 1 1 1 
U14 P53 T10

Map8
1 1 1 1 G 1 1 1 
1 0 0 H 0 0 0 1 
1 0 0 0 0 0 0 1 
1 0 0 0 0 # 0 1 
S 0 H 0 H 0 1 1 
1 # # 0 0 0 0 1 
1 1 0 0 1 0 # 1 
1 1 1 1 1 1 1 1 
p52 D13 T13

Map8
1 1 1 1 1 1 1 1 
1 1 0 0 0 0 0 1 
1 0 0 0 1 0 0 G 
1 # 0 0 1 0 0 1 
1 0 H 0 0 0 H 1 
1 0 0 1 0 0 0 1 
1 0 0 0 F 0 0 1 
1 1 1 S 1 1 1 1 
p41 r52 T11

Map8
1 1 1 1 1 1 G 1 
1 1 # F 1 # 0 1 
1 0 1 0 0 0 H 1 
1 1 0 # # 0 0 1 
1 1 0 # 0 1 0 1 
1 F 0 1 0 0 0 1 
1 F F # 0 F 0 1 
1 1 1 1 1 1 S 1 
D63 p66 T11

Map8
1 1 1 1 1 G 1 1 
1 1 0 F # 0 0 1 
1 0 0 # 1 0 0 1 
1 0 0 0 0 1 0 1 
1 0 1 0 0 0 F S 
1 0 0 1 0 # 0 1 
1 F 0 0 0 0 1 1 
1 1 1 1 1 1 1 1 
p33 D63 T10

Map8
1 1 1 1 G 1 1 1 
1 0 0 0 0 # H 1 
1 H H 1 # 0 0 1 
S 0 0 H H 0 0 1 
1 0 0 0 0 0 0 1 
1 # # 1 0 0 # 1 
1 0 # 1 0 0 1 1 
1 1 1 1 1 1 1 1 
P23 p53 T13

Map8
1 1 1 1 1 S 1 1 
1 F 0 # 0 # 0 1 
1 0 # 0 0 F 0 1 
1 0 0 1 1 0 F 1 
1 # 0 # 0 1 F 1 
1 0 # 0 0 # F 1 
1 0 # 0 0 0 0 1 
1 1 1 G 1 1 1 1 
U53 U46 T10

Map8
1 1 1 1 1 S 1 1 
1 0 0 F 0 0 0 1 
1 0 0 H F 0 # 1 
1 0 0 0 0 0 H 1 
1 1 H 0 0 H 1 1 
1 0 0 0 0 0 0 1 
1 0 F 0 H 0 F 1 
1 1 1 1 1 1 G 1 
p23 L53 T10

Map8
1 1 1 1 1 1 1 1 
1 0 0 # 1 0 0 1 
1 1 # 0 0 # 0 1 
1 0 0 0 0 0 1 1 
1 0 0 0 0 1 0 1 
1 # 0 0 # 0 0 1 
S 0 F 0 0 F 0 1 
1 1 1 1 1 G 1 1 
P65 L36 T12

Map8
1 1 1 1 1 1 1 1 
1 0 1 0 0 0 # 1 
1 0 0 0 1 0 0 1 
1 0 # 1 0 # 0 1 
S 0 1 0 0 H H 1 
1 0 # 0 0 1 # 1 
1 F H 1 0 0 0 G 
1 1 1 1 1 1 1 1 
L63 p13 T11

Map8
1 1 1 1 1 1 1 1 
S # 0 F 0 0 0 1 
G 0 # 1 0 0 0 1 
1 0 0 0 1 # 0 1 
1 0 0 0 0 0 1 1 
1 # 0 1 0 0 F 1 
1 H 0 F 0 0 # 1 
1 1 1 1 1 1 1 1 
p13 l54 T10

Map8
1 1 1 G 1 1 1 1 
1 1 0 0 1 H 0 1 
1 F 0 0 # 1 0 1 
1 # F 0 1 0 0 1 
1 # 0 0 F 0 0 1 
1 0 1 1 0 0 0 S 
1 0 0 F 0 0 # 1 
1 1 1 1 1 1 1 1 
u34 l64 T10

Map8
1 1 1 1 1 1 1 1 
1 0 # # F # 0 1 
1 # F 1 0 # 0 S 
1 0 0 0 1 0 F 1 
1 0 0 0 0 0 # 1 
1 0 0 0 # 0 0 1 
1 0 0 # 0 0 F 1 
1 1 G 1 1 1 1 1 
p14 d25 T10

Map8
1 1 1 1 1 1 1 1 
1 0 F 0 0 0 0 1 
1 1 0 H 0 0 0 1 
1 1 F H 0 0 1 1 
1 1 1 0 0 0 0 G 
1 H 0 H F 0 0 1 
1 0 0 0 0 0 F 1 
1 1 S 1 1 1 1 1 
P56 p41 T10

Map8
1 1 S 1 1 1 1 1 
1 0 F 0 0 # # 1 
1 0 1 0 F 0 0 1 
1 0 # 0 0 # 0 1 
1 1 # 0 0 0 0 G 
1 0 0 0 0 H 0 1 
1 1 0 0 0 0 F 1 
1 1 1 1 1 1 1 1 
L31 p25 T10

Map8
1 1 1 1 1 1 1 1 
1 0 # 0 1 0 0 1 
1 # H 0 0 0 # S 
1 # 0 0 H 1 0 1 
1 1 0 H 0 0 0 1 
1 0 0 # 0 0 0 1 
1 # 0 0 0 F 0 1 
1 1 1 1 1 G 1 1 
U33 p45 T10

Map8
1 1 1 1 1 1 1 1 
S 0 0 1 1 0 0 1 
1 F 0 0 0 # F 1 
1 0 0 0 0 0 H 1 
1 0 F H F 0 F G 
1 0 0 1 0 0 0 1 
1 0 0 H 1 0 0 1 
1 1 1 1 1 1 1 1 
P53 P14 T10

Map8
1 1 1 1 1 1 1 1 
1 # 0 1 1 0 0 1 
1 0 0 0 0 # 0 1 
1 1 0 0 1 0 0 G 
1 F 0 # 1 0 # 1 
1 0 0 # 0 0 # 1 
1 # 0 # 0 0 0 1 
1 S 1 1 1 1 1 1 
l62 R15 T10

Map8
1 1 1 1 1 1 1 1 
1 0 0 F 0 1 0 1 
1 1 0 0 0 0 0 1 
1 0 F 1 0 0 0 1 
1 0 1 0 0 H 0 S 
1 0 0 0 1 0 0 1 
1 0 0 0 0 0 0 1 
1 G 1 1 1 1 1 1 
U65 p61 T10

Map8
1 1 1 1 1 1 1 1 
1 1 0 # 1 0 0 1 
G 0 H F 0 1 0 S 
1 0 0 0 0 H # 1 
1 1 0 1 0 # 0 1 
1 1 0 # 0 0 0 1 
1 1 0 0 0 # 0 1 
1 1 1 1 1 1 1 1 
u46 p42 T10

Map8
1 1 S 1 1 1 1 1 
1 0 0 0 0 0 # 1 
1 # 0 # 0 1 0 1 
1 F 0 0 0 1 F 1 
1 0 0 # 1 0 0 G 
1 0 F 0 0 0 F 1 
1 1 H 0 F 0 0 1 
1 1 1 1 1 1 1 1 
u56 P23 T11

Map8
1 1 1 1 1 1 1 1 
1 0 1 0 1 0 0 1 
1 0 0 0 1 0 0 1 
1 0 F 0 0 0 0 1 
1 1 0 0 0 F F G 
1 0 1 # 0 0 # 1 
1 0 0 0 0 0 0 1 
1 1 1 S 1 1 1 1 
r44 p36 T10

Map8
1 1 1 1 G 1 1 1 
1 0 0 0 0 0 F 1 
S 0 0 1 0 0 # 1 
1 0 0 # 0 F 0 1 
1 # 0 1 0 0 0 1 
1 # # F F 0 0 1 
1 0 F # 1 0 0 1 
1 1 1 1 1 1 1 1 
r13 l64 T10

Map8
1 1 1 1 1 1 1 1 
1 0 0 0 0 0 1 1 
1 0 # 0 # 0 # 1 
1 1 0 0 0 0 0 1 
1 0 0 # # 0 0 1 
G 0 0 0 H # 0 S 
1 0 0 0 1 0 0 1 
1 1 1 1 1 1 1 1 
p24 D54 T11

Map8
1 1 1 G 1 1 1 1 
1 # 0 0 0 0 F 1 
1 0 1 H 0 0 F 1 
1 1 0 0 0 0 0 1 
1 0 0 1 1 1 0 1 
1 0 0 1 0 F 0 1 
1 0 0 0 0 0 0 1 
1 1 1 1 1 1 S 1 
P21 P63 T10

Map8
1 1 1 1 1 1 1 1 
1 0 0 1 F 0 0 1 
1 0 F 0 0 0 0 1 
1 0 0 # 1 0 0 1 
S 0 # H H # 0 1 
G 0 0 # 0 0 0 1 
1 0 0 0 0 F 0 1 
1 1 1 1 1 1 1 1 
p14 U25 T10

Map8
1 1 1 1 1 1 1 1 
1 0 0 0 0 0 F 1 
G 0 0 1 # 0 # 1 
1 # 1 0 F 0 0 1 
1 0 0 0 0 0 0 1 
1 1 0 # 0 # 0 1 
1 # 0 0 # F # 1 
1 S 1 1 1 1 1 1 
p11 P64 T11

Map8
1 1 1 1 1 1 1 1 
1 H 0 # 0 F 1 1 
1 # # 0 0 0 H 1 
1 0 0 0 0 0 0 1 
1 H 1 0 # # 0 1 
1 1 0 # # 0 0 1 
1 0 0 1 # 0 0 S 
1 1 G 1 1 1 1 1 
p32 p43 T10

Map8
1 1 1 1 1 1 1 1 
1 0 1 0 H # 1 1 
1 # 0 F 0 0 1 1 
1 0 1 0 # # 0 1 
S 0 F 0 1 0 # 1 
1 0 0 F 0 1 0 1 
1 # 0 0 # 0 0 1 
1 1 G 1 1 1 1 1 
P36 R22 T11

Map8
1 1 1 1 1 1 1 1 
1 0 1 0 0 1 1 1 
1 H 0 0 0 0 0 1 
G 0 0 0 0 1 0 1 
1 # 0 0 0 # # 1 
1 F 0 0 0 1 0 1 
1 1 # 0 1 0 0 S 
1 1 1 1 1 1 1 1 
p44 p65 T10

Map8
1 1 1 1 S 1 1 1 
1 1 0 # 0 1 0 1 
1 0 0 1 1 1 # 1 
1 0 0 0 # 0 1 1 
1 # 0 1 # # 0 1 
1 # 0 0 0 0 0 1 
1 0 F 0 0 0 # 1 
1 1 1 G 1 1 1 1 
P25 p46 T11

Map8
1 1 1 1 1 1 1 1 
1 0 0 F 0 0 0 1 
S F 1 0 0 0 0 1 
1 0 0 0 0 0 0 G 
1 0 0 0 0 0 # 1 
1 0 0 0 0 0 0 1 
1 1 0 0 F 1 0 1 
1 1 1 1 1 1 1 1 
P61 U13 T10

Map8
1 1 1 1 1 1 1 1 
1 # F 0 0 0 0 1 
1 0 H 0 0 0 0 S 
1 0 0 0 1 0 F G 
1 1 0 0 H 0 0 1 
1 0 F 0 0 0 0 1 
1 0 0 1 0 F 0 1 
1 1 1 1 1 1 1 1 
p45 P52 T10

Map8
1 1 1 G 1 1 1 1 
1 # # 0 # 0 0 1 
1 0 # 0 0 0 0 1 
1 1 0 0 0 H 0 1 
1 # 0 H 0 0 0 1 
1 0 0 0 # 0 0 1 
1 0 1 H 0 # 0 1 
1 S 1 1 1 1 1 1 
p16 u32 T10

Map8
1 1 1 1 1 1 1 1 
1 0 0 0 1 0 0 1 
1 0 F F 0 0 0 1 
1 0 0 0 0 1 0 1 
S 0 1 1 1 0 0 1 
1 0 0 0 F 0 0 1 
1 1 0 0 0 1 0 1 
1 1 1 1 G 1 1 1 
p64 u15 T14

Map8
1 1 1 1 1 1 1 1 
1 0 # 1 H 0 0 S 
G 0 0 1 # 0 0 1 
1 # 0 0 0 0 1 1 
1 0 0 0 0 0 1 1 
1 0 1 0 0 0 1 1 
1 0 0 0 0 1 0 1 
1 1 1 1 1 1 1 1 
D51 p11 T10

Map8
1 1 1 1 1 1 1 1 
1 # 0 1 0 0 0 1 
1 1 0 1 F 0 F 1 
1 # # 0 # 0 0 1 
1 1 0 1 0 0 1 1 
S 0 # F 1 0 # 1 
1 0 0 # 0 0 0 1 
1 1 1 G 1 1 1 1 
U26 p24 T10

Map8
1 1 1 1 1 1 1 1 
1 0 0 0 H 1 0 1 
1 F 0 0 0 0 0 1 
1 # 0 1 1 0 0 1 
G 0 1 0 0 0 0 1 
1 0 0 0 1 0 0 1 
1 0 0 0 1 0 0 1 
1 S 1 1 1 1 1 1 
P15 U23 T11

Map8
1 1 1 1 1 1 1 1 
1 F 0 # 0 0 0 1 
1 0 0 1 0 F 0 1 
1 0 0 0 F 0 0 1 
S # 0 # F H 0 G 
1 0 0 0 0 0 # 1 
1 1 0 0 0 0 # 1 
1 1 1 1 1 1 1 1 
P24 p63 T10

Map8
1 1 S 1 1 1 1 1 
1 H # F F 0 1 1 
1 # 1 1 # 0 1 1 
1 F 0 1 # 1 F 1 
1 0 0 0 0 0 0 1 
1 # 0 0 # # 0 1 
1 H 1 H F # 0 G 
1 1 1 1 1 1 1 1 
p14 L54 T10

Map8
1 1 1 1 1 1 1 1 
1 0 # 0 0 1 0 1 
1 0 0 0 0 0 H 1 
1 0 0 1 0 H 0 1 
1 0 0 0 0 # # 1 
G F # 0 0 0 # 1 
1 # 0 0 0 0 # 1 
1 1 1 1 1 1 S 1 
P63 p46 T10

Map8
1 1 G 1 1 1 1 1 
1 1 F 0 0 # 0 S 
1 0 0 0 0 0 # 1 
1 F 0 0 0 0 0 1 
1 # 0 0 0 0 1 1 
1 1 1 0 0 0 0 1 
1 1 0 0 0 # 0 1 
1 1 1 1 1 1 1 1 
R31 D12 T11

Map8
1 1 1 1 1 1 1 1 
1 0 # 0 F 0 0 1 
1 0 0 0 0 H 0 S 
1 # 0 0 0 # 0 1 
1 1 0 H 0 0 1 1 
1 0 # 0 # 0 0 1 
1 # # 0 # 0 0 1 
1 1 1 G 1 1 1 1 
d35 U63 T10

Map8
1 G 1 1 1 1 1 1 
1 # # # 1 0 0 1 
1 H F 0 # 0 0 1 
1 0 # 0 0 # 0 1 
1 # 0 1 0 0 1 1 
1 0 H 0 H 0 0 1 
S 0 # 1 H 0 0 1 
1 1 1 1 1 1 1 1 
R13 u33 T10

Map8
1 1 1 G 1 1 1 1 
1 # # F F 0 0 1 
1 0 0 F F 0 0 1 
1 0 0 0 0 0 # 1 
1 1 0 1 H 0 # 1 
S 0 # 1 0 # 0 1 
1 1 0 0 0 # 0 1 
1 1 1 1 1 1 1 1 
p43 l22 T11
