Map
1 1 1 1 1 1 S 1 
1 0 0 1 1 0 0 1 
1 0 H 0 # 0 0 1 
1 0 0 0 0 0 0 1 
1 0 0 # 0 0 H 1 
1 # 0 # 0 0 0 1 
1 0 0 0 # 0 0 G 
1 1 1 1 1 1 1 1 
L63 T6

Map
1 1 1 1 G 1 1 1 
1 0 0 0 0 0 0 1 
1 1 0 0 0 1 0 1 
1 0 0 0 1 0 0 1 
1 0 H 0 0 1 0 1 
1 F 0 0 0 0 H 1 
1 0 0 0 0 0 0 1 
1 1 1 1 S 1 1 1 
R22 T7

Map
1 1 1 1 1 1 1 1 
1 0 0 0 0 0 0 1 
1 0 0 0 0 0 # 1 
1 0 # 0 0 # 0 1 
1 0 0 0 1 0 0 G 
1 0 0 1 0 F 0 1 
1 1 0 0 0 0 0 1 
1 1 1 1 1 S 1 1 
L63 T7

Map
1 S 1 1 1 1 1 1 
1 0 0 0 1 0 0 1 
1 # 0 0 0 0 0 1 
1 0 0 0 0 0 0 1 
G # 0 F 0 1 0 1 
1 F 1 1 0 0 0 1 
1 0 0 0 # 0 0 1 
1 1 1 1 1 1 1 1 
D22 T7

Map
1 1 1 1 1 1 G 1 
1 0 0 H 0 0 F 1 
1 H 1 0 0 0 0 1 
1 H 0 F F 0 1 1 
S 0 0 # 0 0 0 1 
1 0 0 1 1 F 0 1 
1 0 0 1 1 0 F 1 
1 1 1 1 1 1 1 1 
U62 T8

Map
1 1 1 1 S 1 1 1 
G 0 1 0 0 0 0 1 
1 0 1 0 0 0 F 1 
1 0 0 H 0 F 0 1 
1 0 0 H 1 0 F 1 
1 0 0 0 0 0 1 1 
1 1 0 0 0 0 0 1 
1 1 1 1 1 1 1 1 
D52 T7

Map
1 1 1 1 1 1 1 1 
1 0 F 0 0 0 0 1 
1 F 1 1 0 0 0 S 
1 0 0 0 0 F 0 1 
G F 0 0 F F # 1 
1 1 0 0 0 0 0 1 
1 1 1 0 0 0 0 1 
1 1 1 1 1 1 1 1 
L24 T4

Map
1 1 1 1 1 1 1 1 
1 F 1 0 0 0 0 1 
G 0 0 0 F 0 0 1 
1 0 0 0 0 0 0 1 
1 0 0 F 0 H 1 1 
S 0 1 H 0 0 0 1 
1 0 0 0 0 1 0 1 
1 1 1 1 1 1 1 1 
U24 T8

Map
1 1 1 1 1 1 1 1 
1 # 0 1 0 0 F 1 
1 0 0 # 0 0 1 1 
1 1 0 0 F 0 0 1 
1 F F F # 0 0 G 
1 # 0 0 0 0 0 1 
1 0 0 # F # 0 S 
1 1 1 1 1 1 1 1 
D55 T10

Map
1 1 1 1 1 1 1 1 
S 0 0 0 0 0 0 1 
1 0 F 0 0 0 0 1 
1 0 0 0 H 0 0 G 
1 H H 0 0 0 0 1 
1 0 0 F 0 0 0 1 
1 0 F 0 0 0 1 1 
1 1 1 1 1 1 1 1 
U52 T8

Map
1 1 1 1 1 1 1 1 
1 0 0 0 0 0 0 1 
1 1 H 1 0 0 0 1 
1 0 0 H 0 F 0 G 
1 1 0 0 # 0 1 1 
1 0 0 0 0 0 0 1 
1 0 0 0 1 0 F 1 
1 1 1 1 1 1 S 1 
R24 T9

Map
1 1 1 1 1 1 1 1 
1 1 0 F F 0 0 1 
1 0 0 0 0 0 # 1 
S 0 0 0 1 1 0 1 
1 0 0 0 0 F 0 1 
1 0 F 0 0 1 0 1 
1 F H H 0 0 1 1 
1 1 1 1 G 1 1 1 
R15 T8

Map
1 1 1 1 1 1 1 1 
S 0 1 0 0 0 0 1 
1 0 # 1 0 0 0 G 
1 1 0 0 0 0 0 1 
1 0 0 # 0 0 0 1 
1 0 # 0 F H 0 1 
1 0 1 0 0 0 0 1 
1 1 1 1 1 1 1 1 
D63 T14

Map
1 1 S 1 1 1 1 1 
1 0 0 0 1 0 0 1 
1 0 0 0 0 0 0 1 
1 0 H 0 H # 0 1 
1 0 0 0 0 0 0 1 
1 0 0 0 0 0 0 G 
1 0 0 0 1 1 0 1 
1 1 1 1 1 1 1 1 
L31 T9

Map
1 1 G 1 S 1 1 1 
1 0 0 H 0 0 0 1 
1 0 0 0 F 0 0 1 
1 0 0 0 0 0 0 1 
1 0 0 # 0 0 0 1 
1 0 0 1 0 0 1 1 
1 0 0 0 0 0 1 1 
1 1 1 1 1 1 1 1 
R36 T8

Map
1 1 1 1 S 1 1 1 
1 1 0 0 0 # 0 1 
1 0 0 0 0 F # 1 
1 1 # 0 0 0 # 1 
1 0 0 0 F 0 1 1 
G 0 0 0 0 0 0 1 
1 0 0 # H 0 0 1 
1 1 1 1 1 1 1 1 
U43 T8

Map
1 1 1 1 1 1 1 1 
1 0 0 0 1 0 0 1 
1 1 0 0 # # # 1 
1 F F F 0 0 0 1 
1 # 0 0 # 0 0 1 
1 0 F 0 0 0 0 1 
G 0 1 # 0 1 0 1 
1 1 1 S 1 1 1 1 
D32 T10

Map
1 1 1 1 1 1 1 1 
1 0 0 F F F 0 1 
G 0 0 0 0 1 F 1 
1 1 0 0 0 0 0 1 
S 0 0 0 0 0 F 1 
1 0 # # 0 0 1 1 
1 # 0 0 1 0 0 1 
1 1 1 1 1 1 1 1 
L34 T11

Map
1 1 1 1 1 1 1 1 
1 0 1 0 0 H 0 1 
1 0 H 0 0 0 0 1 
1 1 # 1 0 0 0 1 
1 0 0 0 0 1 0 1 
1 0 0 0 1 H 0 G 
1 0 0 0 0 0 1 1 
1 1 S 1 1 1 1 1 
D25 T10

Map
1 S 1 1 1 1 1 1 
1 0 0 0 0 0 0 1 
1 0 # # 0 0 F 1 
1 0 0 0 # 1 0 1 
1 1 1 0 0 1 0 1 
1 0 0 0 0 0 H 1 
1 0 0 0 0 0 1 1 
1 1 G 1 1 1 1 1 
R36 T8

Map
1 1 1 1 1 1 1 1 
1 0 0 0 0 H # 1 
1 0 0 0 0 0 1 1 
1 1 0 0 0 0 0 1 
1 0 H 0 0 0 0 S 
1 0 H 0 0 0 0 1 
1 0 0 0 0 0 0 1 
1 1 1 1 1 G 1 1 
R34 T8

Map
1 1 1 1 1 1 1 1 
1 0 0 0 0 0 0 1 
1 0 0 1 # 0 0 1 
1 0 0 0 0 H 0 G 
1 1 0 # 1 0 0 1 
S 0 0 0 0 0 # 1 
1 0 0 1 0 0 # 1 
1 1 1 1 1 1 1 1 
D64 T10

Map
1 1 S 1 1 1 1 1 
1 0 0 0 1 0 0 1 
1 0 0 0 0 0 0 1 
1 0 H 0 H # 0 1 
1 0 0 0 0 0 0 1 
1 0 0 0 0 0 0 G 
1 0 0 0 1 1 0 1 
1 1 1 1 1 1 1 1 
L31 T9

Map
1 1 1 1 1 1 1 1 
1 1 1 1 1 1 1 1 
1 G 0 1 0 0 S 1 
1 1 0 0 0 0 1 1 
1 1 1 0 0 0 1 1 
1 1 0 F 0 0 1 1 
1 1 1 1 1 1 1 1 
1 1 1 1 1 1 1 1 
U53 T10

Map
1 1 1 1 1 1 1 1 
1 1 1 G 1 1 1 1 
1 1 0 0 0 0 1 1 
1 1 0 F 0 0 S 1 
1 1 0 0 0 # 1 1 
1 1 0 0 0 F 1 1 
1 1 1 1 1 1 1 1 
1 1 1 1 1 1 1 1 
D42 T5

Map
1 1 1 1 1 1 1 1 
1 1 1 1 1 1 1 1 
1 1 0 0 0 0 1 1 
1 1 0 0 0 F 1 1 
1 S 0 F F F 1 1 
1 1 0 0 0 0 1 1 
1 1 1 G 1 1 1 1 
1 1 1 1 1 1 1 1 
U25 T5

Map
1 1 1 1 1 1 1 1 
1 1 1 1 1 1 1 1 
1 1 0 0 0 0 S 1 
1 1 0 0 1 0 1 1 
1 G 0 0 0 0 1 1 
1 1 0 0 1 0 1 1 
1 1 1 1 1 1 1 1 
1 1 1 1 1 1 1 1 
U33 T6

Map
1 1 1 1 1 1 1 1 
1 1 1 1 S 1 1 1 
1 1 0 # 0 H 1 1 
1 1 0 0 1 0 1 1 
1 1 1 0 0 1 1 1 
1 1 F 0 0 H 1 1 
1 1 1 1 G 1 1 1 
1 1 1 1 1 1 1 1 
D44 T6