


Map10
1 1 1 1 G 1 S 1 1 1 
1 0 1 0 F 1 0 0 1 1 
1 F 0 # 0 0 0 0 0 1 
1 0 0 H 0 0 # 0 0 1 
1 0 F 1 1 1 0 # 0 1 
1 0 0 # 0 0 0 0 1 1 
1 0 # 0 0 # 0 0 0 1 
1 1 0 0 0 0 0 # 0 1 
1 0 0 0 0 # F 0 0 1 
1 1 1 1 1 1 1 1 1 1 
PR22 PR64 p52 T6

Map10
1 1 1 1 1 1 1 1 1 1 
1 F 1 1 # F 0 0 F 1 
G 0 0 0 0 0 0 0 # 1 
S 0 1 0 # F 0 1 H 1 
1 0 F 1 # F 0 0 F 1 
1 # 1 0 0 0 F 1 0 1 
1 1 # 0 0 0 # H 0 1 
1 F 0 0 0 0 0 H 0 1 
1 0 0 0 # 0 0 0 0 1 
1 1 1 1 1 1 1 1 1 1 
PU14 PR33 p63 T5

Map10
1 1 1 1 1 1 1 G 1 1 
S # F 0 F H 0 0 0 1 
1 0 0 0 0 F 0 1 0 1 
1 1 0 0 F # 0 0 0 1 
1 0 0 # 0 0 F 0 0 1 
1 0 0 0 0 0 1 0 0 1 
1 F 0 F 1 0 0 1 F 1 
1 0 0 0 F 0 0 0 1 1 
1 0 1 0 0 1 0 1 0 1 
1 1 1 1 1 1 1 1 1 1 
PD44 PL31 p61 T10

Map10
1 1 G 1 1 1 1 1 1 1 
1 0 F F F 1 0 0 0 1 
S 0 F 0 H 0 0 0 0 1 
1 # # 0 0 0 0 0 1 1 
1 0 1 # # 0 0 0 0 1 
1 1 H 0 0 0 0 0 0 1 
1 0 0 0 0 1 F 0 0 1 
1 0 0 1 0 1 0 0 F 1 
1 0 0 0 # 0 0 # H 1 
1 1 1 1 1 1 1 1 1 1 
PL12 PR64 p33 T8

Map10
1 1 1 1 1 G 1 1 1 1 
1 F 0 0 # 0 0 # 0 1 
1 0 1 H F 0 H # 0 1 
1 F 0 0 0 F 0 0 # 1 
1 # H 0 0 F 0 0 # 1 
S 0 0 0 1 0 0 H 0 1 
1 0 # F 0 F 0 0 0 1 
1 0 0 0 H 0 0 1 0 1 
1 0 0 H # 0 # 0 0 1 
1 1 1 1 1 1 1 1 1 1 
PR61 PR33 u44 T7

Map10
1 1 1 1 1 1 1 1 1 1 
S 0 0 0 0 # 0 0 0 1 
1 # 0 0 # 0 1 0 0 1 
1 H # 0 0 H 0 1 0 1 
1 0 1 1 0 0 # 0 0 1 
1 # 0 F 0 0 1 0 0 1 
G 0 0 H 0 0 0 0 0 1 
1 0 0 0 0 0 0 H 0 1 
1 0 H 0 0 1 1 0 H 1 
1 1 1 1 1 1 1 1 1 1 
PU82 PR25 p37 T7

Map10
1 1 1 1 1 1 1 1 1 1 
1 # 0 0 0 0 F 0 1 1 
1 0 0 0 0 F 0 H 0 1 
1 F 0 0 # 0 1 0 0 1 
G 0 H 0 H 0 0 1 0 1 
S 0 0 0 H F 0 0 0 1 
1 0 0 F 0 1 0 0 0 1 
1 0 0 # 0 F 0 0 H 1 
1 0 # 0 0 0 1 0 1 1 
1 1 1 1 1 1 1 1 1 1 
PD25 PU38 d15 T7

Map10
1 1 1 1 1 1 1 1 1 1 
1 0 F 0 0 F 1 0 S 1 
1 H 0 1 0 0 0 1 1 1 
1 # 0 H F H H 0 1 1 
1 0 # 0 0 0 0 0 1 1 
1 0 # H 0 0 0 0 1 1 
1 0 0 0 1 1 0 0 1 1 
1 1 0 0 0 0 1 0 1 1 
1 1 1 1 G 1 1 1 1 1 
1 1 1 1 1 1 1 1 1 1 
PU75 PR71 p37 T9

Map10
1 1 1 1 1 1 1 1 1 1 
1 # 0 0 0 0 0 0 1 1 
1 0 0 0 # 1 0 0 1 1 
1 0 # # 0 0 0 0 1 1 
S 0 0 1 F 0 H 0 1 1 
1 0 # # H 0 0 0 1 1 
1 0 0 H 0 # 0 # 1 1 
1 F 0 0 0 0 0 H 1 1 
1 1 1 1 1 1 G 1 1 1 
1 1 1 1 1 1 1 1 1 1 
PU75 PU57 p54 T8

Map10
1 1 1 1 1 1 1 1 1 1 
1 F 0 0 0 1 0 # 1 1 
1 0 0 0 # # 0 0 1 1 
1 0 1 # 0 0 0 1 1 1 
1 F 0 0 F 1 F # 1 1 
1 0 0 0 F F 1 F 1 1 
1 0 1 0 0 0 # 0 1 1 
1 1 0 # # 0 1 0 G 1 
1 1 1 1 1 S 1 1 1 1 
1 1 1 1 1 1 1 1 1 1 
PR56 PL41 p27 T8

Map10
1 1 1 1 G 1 1 1 1 1 
1 S 0 1 0 0 1 0 0 1 
1 1 1 # 0 # # 0 0 1 
1 1 0 0 1 0 0 F F 1 
1 1 F 0 0 1 1 0 # 1 
1 1 0 0 0 0 0 H 0 1 
1 1 0 0 F 0 0 0 # 1 
1 1 0 0 0 0 0 F H 1 
1 1 1 1 1 1 1 1 1 1 
1 1 1 1 1 1 1 1 1 1 
PD34 PL21 u42 T9

Map10
1 1 1 1 1 1 1 1 1 1 
1 1 1 1 1 1 1 1 1 1 
1 1 0 H 0 0 0 1 1 1 
1 1 0 H 0 0 0 F 1 1 
1 0 0 0 # 1 0 0 S 1 
1 0 0 0 0 H F 0 1 1 
1 F 0 0 0 1 0 0 1 1 
G 0 1 1 F 1 0 H 1 1 
1 0 0 0 # 0 0 0 1 1 
1 1 1 1 1 1 1 1 1 1 
PR26 PR18 p45 T8

Map10
1 1 1 1 1 1 1 1 1 1 
1 1 1 S 1 1 1 1 1 1 
1 # 0 0 0 0 0 0 1 1 
1 1 H 0 0 0 0 0 1 1 
1 F H 0 0 0 # 1 1 1 
G 0 1 0 0 0 0 0 1 1 
1 0 0 H # 0 0 0 1 1 
1 0 H 0 0 0 0 0 1 1 
1 0 H 0 # 0 H 0 1 1 
1 1 1 1 1 1 1 1 1 1 
PL15 PD33 p44 T8

Map10
1 1 1 1 1 1 1 1 1 1 
1 1 1 1 1 1 1 S 1 1 
1 1 # 0 0 0 0 0 # 1 
1 1 1 0 1 F 0 0 0 1 
1 1 0 0 0 0 0 0 1 1 
1 1 1 0 # F 1 # 0 1 
1 G 0 0 0 H # F 0 1 
1 1 H F # 0 0 0 0 1 
1 1 0 # # F 1 0 1 1 
1 1 1 1 1 1 1 1 1 1 
PR73 PD44 l46 T16

Map10
1 1 1 1 1 1 1 1 1 1 
1 1 1 # 0 0 0 0 F 1 
1 1 0 0 1 0 0 0 1 1 
1 G # 1 0 0 H 1 0 1 
1 1 0 F 0 # H 0 0 1 
1 1 0 F 0 0 1 0 0 1 
1 1 H 0 H 0 0 0 0 1 
1 1 0 0 0 0 0 0 0 1 
1 1 1 1 S 1 1 1 1 1 
1 1 1 1 1 1 1 1 1 1 
PR25 PD47 p22 T8

Map10
1 1 1 1 1 1 1 1 1 1 
1 1 1 S 1 1 1 1 1 1 
1 H 1 0 0 0 0 # 1 1 
1 0 # # 1 0 H 0 1 1 
1 0 0 1 H # 1 0 1 1 
1 0 H F 0 0 H 0 1 1 
1 1 0 0 0 0 F # G 1 
1 0 0 F F F F F 1 1 
1 F 0 # 0 # 1 # 1 1 
1 1 1 1 1 1 1 1 1 1 
PL36 PU55 p42 T9

Map10
1 1 1 1 1 S 1 1 1 1 
1 0 F # 0 0 0 0 1 1 
1 0 H H 0 0 0 F 1 1 
1 0 H 0 0 0 0 0 1 1 
1 0 0 0 0 0 F F 1 1 
1 F F H # H 0 # 1 1 
1 H # 0 0 0 0 0 1 1 
1 0 0 0 0 F 1 0 1 1 
1 1 1 1 1 G 1 1 1 1 
1 1 1 1 1 1 1 1 1 1 
PU51 PU46 p44 T8

Map10
1 1 1 1 1 1 1 S 1 1 
1 0 0 1 0 0 0 0 0 1 
1 0 0 F 0 # 0 H F 1 
1 F 0 H 0 0 0 0 F 1 
1 0 0 0 H # 0 0 0 1 
1 0 H 0 0 1 F 0 0 1 
1 0 0 0 # F 0 0 0 1 
G 0 0 0 0 0 0 0 H 1 
1 H 0 0 0 F F 0 0 1 
1 1 1 1 1 1 1 1 1 1 
PU71 PR64 p76 T5

Map10
1 1 1 1 G 1 1 1 1 1 
1 F 0 1 0 1 H 0 # 1 
1 0 F 0 0 0 H 1 0 1 
1 # 0 0 # F 0 0 0 1 
1 0 F 0 0 # 0 0 0 1 
S 0 0 1 F 0 0 F # 1 
1 0 1 0 0 0 F 0 H 1 
1 H 0 1 0 0 H 0 # 1 
1 0 H 0 0 # 0 0 F 1 
1 1 1 1 1 1 1 1 1 1 
PD21 PD32 p34 T5

Map10
1 1 S 1 G 1 1 1 1 1 
1 0 0 0 0 0 0 # 0 1 
1 0 # 0 0 0 F 0 0 1 
1 0 H H 0 F 0 0 0 1 
1 0 0 0 # 0 0 0 1 1 
1 # 0 0 0 0 0 0 0 1 
1 H 0 0 0 0 0 1 0 1 
1 F 0 H 0 0 F 0 0 1 
1 0 0 F F F 0 0 0 1 
1 1 1 1 1 1 1 1 1 1 
PD72 PU21 p55 T4

Map10
1 1 G 1 1 1 1 1 1 1 
S 0 0 H 0 0 0 0 0 1 
1 0 0 0 0 0 0 0 # 1 
1 F 0 0 F 0 0 0 0 1 
1 0 F 0 0 0 1 0 0 1 
1 0 0 1 F F 0 1 0 1 
1 0 H 0 0 0 0 1 0 1 
1 0 1 1 0 0 H # 0 1 
1 0 1 0 0 0 0 0 1 1 
1 1 1 1 1 1 1 1 1 1 
PU21 PR41 r14 T7

Map10
1 1 1 1 1 1 G 1 1 1 
1 0 0 0 0 0 0 H 0 1 
1 0 0 0 0 0 0 H 1 1 
1 0 0 0 0 0 0 0 # 1 
1 H 0 0 0 # 1 0 F 1 
1 0 0 0 0 0 0 0 0 1 
S 0 0 0 H F 0 0 1 1 
1 0 0 H 0 0 # 1 0 1 
1 0 1 0 0 0 0 0 F 1 
1 1 1 1 1 1 1 1 1 1 
PU61 PU36 p21 T5

Map10
1 1 1 G 1 1 1 1 1 1 
1 F 0 F 0 0 0 0 0 1 
1 F 0 F 0 F # 1 0 1 
1 0 0 F 0 0 F 0 F 1 
1 H 0 0 F 0 0 0 0 1 
1 1 0 0 0 0 # 0 0 1 
S 0 0 H # 0 0 0 # 1 
1 0 0 0 0 0 0 0 1 1 
1 # 0 H 1 0 H 1 0 1 
1 1 1 1 1 1 1 1 1 1 
PL26 PD21 p25 T4

Map10
1 1 1 1 1 1 1 1 1 1 
1 0 0 1 # 0 0 0 0 1 
1 0 0 0 0 H 0 0 0 1 
1 H 0 F H 1 H H 0 1 
G 0 F 0 0 1 F 0 1 1 
1 0 F 0 1 1 1 0 0 1 
1 F 0 0 0 F H 0 0 1 
S 0 0 0 # 0 0 0 0 1 
1 0 F F 0 0 0 F 0 1 
1 1 1 1 1 1 1 1 1 1 
PR15 PR75 l34 T8

Map10
1 S 1 1 1 1 1 1 1 1 
1 0 0 0 0 0 F 0 0 1 
1 0 0 # 0 0 0 1 0 1 
1 F # 0 0 1 0 H F 1 
1 1 0 0 H # 0 H 1 1 
1 0 0 1 # 0 F 0 # 1 
1 0 0 F 0 0 0 # 0 1 
G 0 F 0 F # 1 0 0 1 
1 0 0 0 1 F 0 0 H 1 
1 1 1 1 1 1 1 1 1 1 
PR12 PU11 p16 T6

Map10
1 1 1 1 1 G 1 1 1 1 
1 1 0 0 F 0 F 0 0 1 
1 F 0 0 1 0 1 H 0 1 
1 0 0 0 0 0 1 0 0 1 
1 0 F 1 0 0 0 1 0 1 
S 0 0 H 1 0 0 0 # 1 
1 0 0 0 0 F H 0 0 1 
1 0 0 0 0 1 0 0 H 1 
1 0 0 0 0 0 0 1 0 1 
1 1 1 1 1 1 1 1 1 1 
PU25 PU16 r23 T6

Map10
1 G 1 1 1 1 1 1 1 1 
1 0 H 1 0 0 0 F 0 1 
1 1 0 F 0 0 0 0 F 1 
1 0 0 F 0 0 0 F 0 1 
1 # 0 F 0 0 0 1 # 1 
1 0 0 0 F # 0 0 0 1 
1 0 0 F 0 0 0 0 0 1 
S # 0 H 0 0 0 # 1 1 
1 0 0 0 0 0 0 0 F 1 
1 1 1 1 1 1 1 1 1 1 
PU11 PD27 p18 T9

Map10
1 1 1 1 S 1 1 1 1 1 
1 0 0 0 0 0 0 0 # 1 
1 0 H 0 0 0 H 0 0 1 
1 0 F 0 0 0 H 0 0 1 
G 0 0 F H 0 0 F 1 1 
1 0 0 H 0 0 0 0 0 1 
1 F 0 0 0 F 0 0 F 1 
1 0 0 0 0 0 0 H 0 1 
1 0 0 0 0 0 0 F 0 1 
1 1 1 1 1 1 1 1 1 1 
PR45 PU41 p15 T6

Map10
1 1 1 1 S 1 1 1 1 1 
1 0 0 0 0 0 0 0 # 1 
1 0 H 0 0 0 H 0 0 1 
1 0 F 0 0 0 H 0 0 1 
G 0 0 F H 0 0 F 1 1 
1 0 0 H 0 0 0 0 0 1 
1 F 0 0 0 F 0 0 F 1 
1 0 0 0 0 0 0 H 0 1 
1 0 0 0 0 0 0 F 0 1 
1 1 1 1 1 1 1 1 1 1 
PR45 PU41 p15 T6

Map10
1 1 1 1 S G 1 1 1 1 
1 0 0 0 0 0 # H 0 1 
1 0 0 0 H 0 0 0 # 1 
1 1 0 0 0 1 F H 0 1 
1 0 0 0 # 0 0 0 0 1 
1 0 0 0 0 H H H 0 1 
1 # # 0 0 0 # # 0 1 
1 F 1 0 0 F 0 0 0 1 
1 0 0 F 0 # 0 0 0 1 
1 1 1 1 1 1 1 1 1 1 
PD23 PU41 p54 T7

Map10
1 1 1 1 1 1 1 S 1 1 
1 0 0 1 0 0 0 0 0 1 
1 0 0 0 F 0 1 0 F 1 
1 0 1 # # 0 0 0 F 1 
G F F # F 0 0 H 1 1 
1 0 0 # 0 0 F 0 0 1 
1 0 0 F 0 0 0 0 0 1 
1 0 0 0 H F H 0 1 1 
1 0 0 0 0 0 0 0 0 1 
1 1 1 1 1 1 1 1 1 1 
PU71 PD55 p48 T7

Map10
1 1 1 S 1 1 1 1 1 1 
1 0 F 0 # 0 1 0 1 1 
1 0 0 0 0 0 0 0 0 1 
1 0 0 0 F H 0 0 0 1 
1 1 0 0 # 0 H 1 0 1 
1 0 1 F 0 1 1 0 0 1 
G 0 0 H 0 0 0 0 H 1 
1 # H 0 0 0 0 0 0 1 
1 1 F 0 0 0 0 # 1 1 
1 1 1 1 1 1 1 1 1 1 
PR32 PL16 p31 T9

Map10
1 1 S 1 1 1 1 1 1 1 
1 # 0 0 0 0 1 0 0 1 
1 0 F 1 0 0 F 0 0 1 
G 0 0 F H 0 0 0 0 1 
1 0 F 0 0 0 0 H 0 1 
1 1 0 0 0 0 F 0 F 1 
1 1 1 0 0 0 0 0 0 1 
1 1 0 # 0 0 0 # 0 1 
1 0 1 0 1 0 # 0 0 1 
1 1 1 1 1 1 1 1 1 1 
PR71 PU25 l23 T6

Map10
1 1 1 1 1 1 1 1 1 1 
1 0 0 0 0 0 0 F 0 1 
1 0 0 0 0 0 H 1 0 1 
S 0 H 0 0 1 1 0 0 1 
1 # 0 0 0 0 0 0 0 1 
1 0 0 0 1 H 0 0 0 1 
1 0 0 0 0 0 0 1 0 1 
G 0 H 0 0 # 0 0 0 1 
1 0 1 0 F 0 1 0 F 1 
1 1 1 1 1 1 1 1 1 1 
PR33 PL13 p16 T6

Map10
1 1 1 1 1 1 1 1 1 1 
1 F 0 # 0 1 F 0 # 1 
G 0 # H 0 H 0 0 0 1 
1 0 0 0 0 0 0 # 0 1 
1 0 0 F # 0 0 0 0 1 
1 0 F 0 0 0 # 0 0 1 
S 0 1 # 0 0 0 H 0 1 
1 0 0 0 0 H # F 0 1 
1 0 0 H 0 0 0 # 1 1 
1 1 1 1 1 1 1 1 1 1 
PR21 PD13 p42 T7

Map10
1 1 1 G S 1 1 1 1 1 
1 0 F 0 0 0 0 0 0 1 
1 0 0 H 0 0 0 0 0 1 
1 0 0 0 0 # 0 F # 1 
1 # 0 0 H # 0 F 0 1 
1 0 0 F 0 0 F 0 0 1 
1 0 0 0 0 0 H 0 # 1 
1 F 0 0 F 0 0 0 0 1 
1 0 0 0 1 1 0 0 0 1 
1 1 1 1 1 1 1 1 1 1 
PL43 PD81 p41 T6

Map10
1 1 1 1 1 1 1 S 1 1 
1 # 0 1 1 0 0 # 0 1 
G F 0 0 1 0 0 0 0 1 
1 # 0 1 0 F F 0 # 1 
1 0 F # 0 0 0 0 0 1 
1 0 0 0 0 0 1 H 1 1 
1 0 1 0 F 0 0 0 # 1 
1 0 0 0 1 # 0 0 0 1 
1 0 0 # 0 # 0 H 0 1 
1 1 1 1 1 1 1 1 1 1 
PR74 PU23 p84 T6

Map10
1 1 1 1 G 1 1 S 1 1 
1 0 H 0 0 H 0 0 0 1 
1 F 0 0 1 0 0 0 0 1 
1 0 0 H 0 # 1 0 0 1 
1 0 0 1 # 0 0 0 0 1 
1 0 # 0 0 0 0 0 0 1 
1 0 0 # 0 H 0 0 0 1 
1 1 # H 0 F # 0 0 1 
1 F 0 0 0 0 0 F 0 1 
1 1 1 1 1 1 1 1 1 1 
PU41 PD72 p82 T6

Map8
1 1 1 S 1 1 1 1 
1 1 1 0 0 0 # 1 
1 0 F 0 1 1 # 1 
1 # # 0 0 0 0 1 
1 F 1 0 0 0 F 1 
1 0 0 1 # 0 # G 
1 H 1 0 F F # 1 
1 1 1 1 1 1 1 1 
PR55 PD12 p32 T4

Map8
1 1 1 1 1 1 1 1 
1 0 H H 0 0 0 1 
1 H 0 F 0 # 1 1 
1 0 # F # 0 0 1 
1 0 0 0 H # # G 
1 # F 0 0 1 # 1 
1 0 F F 0 H 0 1 
1 1 1 S 1 1 1 1 
PD34 PU42 p41 T5

Map8
1 1 S 1 1 1 1 1 
1 0 0 0 # # H 1 
1 1 0 0 0 # 0 1 
1 0 0 0 0 0 F G 
1 H # H 0 0 0 1 
1 0 # H F 0 0 1 
1 0 H 0 0 0 0 1 
1 1 1 1 1 1 1 1 
PL62 PU21 r53 T5

Map8
1 1 1 1 1 1 1 1 
G 0 0 # H 1 0 S 
1 0 1 H # 0 0 1 
1 # 1 0 H # 0 1 
1 1 0 # 0 0 # 1 
1 0 0 # 0 F 0 1 
1 0 # 1 0 H 0 1 
1 1 1 1 1 1 1 1 
PD15 PU12 p63 T8

Map8
1 1 1 1 1 S 1 1 
1 0 1 0 # 0 0 1 
1 0 0 1 0 # 0 1 
1 0 # 1 0 F F G 
1 0 1 0 0 0 0 1 
1 0 0 F 0 0 0 1 
1 0 0 0 0 H # 1 
1 1 1 1 1 1 1 1 
PL62 PU51 p42 T4

Map8
1 1 1 S 1 1 1 1 
1 0 F 0 H F 0 G 
1 1 H 0 1 0 H 1 
1 0 F # 0 0 0 1 
1 0 F 0 0 H 0 1 
1 0 0 0 0 0 0 1 
1 H 0 0 1 0 0 1 
1 1 1 1 1 1 1 1 
PR61 PD13 p34 T4

Map8
1 1 1 1 1 1 1 1 
1 1 0 # # # 0 1 
1 F 0 F 0 0 0 1 
1 1 F F H 1 1 1 
1 # 1 0 0 # 0 1 
1 H 0 # F H # 1 
1 0 0 1 # 0 1 1 
1 1 S 1 1 G 1 1 
PL64 PD25 d44 T5

Map8
1 1 1 1 1 1 1 1 
1 0 0 F # H # 1 
G 0 0 0 1 1 1 1 
1 H 0 0 F 0 0 S 
1 0 0 # 0 F # 1 
1 1 H 0 # H F 1 
1 F # H 0 # 0 1 
1 1 1 1 1 1 1 1 
PU23 PD32 l22 T4

Map8
1 1 1 1 S 1 1 1 
1 0 0 H 0 0 0 1 
G # 0 1 0 0 0 1 
1 # 0 0 0 0 0 1 
1 0 0 H # # F 1 
1 1 # 1 H H 0 1 
1 1 0 F 0 H # 1 
1 1 1 1 1 1 1 1 
PL43 PD61 p11 T7

Map8
1 1 1 1 1 1 1 1 
1 0 F 1 H 0 0 1 
1 0 0 0 1 0 0 1 
1 0 F 0 0 H 0 G 
1 0 0 1 1 H 0 1 
1 0 0 0 1 0 0 1 
S 0 1 H H 0 0 1 
1 1 1 1 1 1 1 1 
PU33 PR63 p13 T5

Map8
1 1 1 1 1 1 1 1 
1 0 0 0 0 H 0 1 
1 0 0 0 0 0 0 1 
1 0 0 0 H H 0 1 
1 0 H 0 0 0 0 1 
1 0 F 0 0 0 0 1 
1 F 0 0 1 0 F 1 
1 1 G 1 1 1 S 1 
PU13 PD26 p63 T4

Map8
1 1 1 1 1 G 1 1 
1 0 1 0 0 0 0 1 
1 # 1 0 F 0 0 1 
1 H 1 H # # 0 1 
1 # 0 1 F H 0 1 
1 # F 1 0 0 0 1 
1 0 # # # H 0 1 
1 1 S 1 1 1 1 1 
PD61 PD24 p64 T6

Map8
1 1 1 1 1 1 1 1 
1 0 1 0 0 0 0 1 
1 0 F 0 1 0 0 1 
1 0 H 0 0 0 0 1 
1 0 0 0 0 H 0 1 
1 1 0 0 0 0 H 1 
1 0 0 0 0 H 0 S 
1 1 1 1 G 1 1 1 
PU53 PR66 p32 T6

Map8
1 1 1 S 1 1 1 1 
1 0 1 # 0 0 0 1 
1 0 1 1 0 0 0 1 
1 0 0 H 0 0 0 1 
G 0 0 F 1 1 0 1 
1 0 0 0 0 1 H 1 
1 1 0 0 H 0 0 1 
1 1 1 1 1 1 1 1 
PR51 PR15 p61 T11

Map8
1 1 1 1 1 1 1 1 
1 0 0 0 0 1 0 1 
1 # 0 0 0 0 0 1 
1 0 1 H 1 H 0 1 
1 1 0 0 0 0 # 1 
1 0 1 # 0 H 1 1 
S 0 0 1 0 # F G 
1 1 1 1 1 1 1 1 
PU13 PL16 p54 T8

Map8
1 1 1 1 1 1 1 1 
1 0 0 H 0 0 0 1 
1 H 0 0 0 0 H 1 
1 0 0 H 0 1 0 1 
G 0 0 1 H 0 0 1 
1 1 1 0 0 0 0 1 
1 # 0 0 0 0 0 1 
1 1 1 1 1 S 1 1 
PU24 PR26 p36 T7

Map8
1 1 1 1 1 1 1 1 
1 0 0 H 0 0 1 1 
1 F H H 0 # 0 G 
1 0 0 0 0 0 0 1 
S 0 0 1 H 0 0 1 
1 F 0 0 0 1 0 1 
1 H 0 0 1 0 0 1 
1 1 1 1 1 1 1 1 
PR42 PR26 p25 T6

Map8
1 1 1 1 1 1 1 1 
1 1 0 0 0 0 # 1 
1 # 0 # 1 # 0 1 
1 0 0 1 # 0 F 1 
1 0 0 0 0 1 0 1 
S 0 H # 0 1 0 1 
1 H 1 # # 0 0 1 
1 1 1 1 1 G 1 1 
PU22 PL15 p66 T6

Map8
1 1 1 1 1 1 1 1 
1 0 0 0 0 1 0 1 
1 0 0 0 1 0 0 1 
1 0 0 0 0 1 0 1 
1 1 0 H 0 0 0 1 
1 1 0 1 0 H F 1 
1 0 0 # 1 0 0 S 
1 1 1 G 1 1 1 1 
PL31 PD61 p62 T7

Map8
1 1 1 1 1 1 1 1 
1 0 0 0 1 0 # 1 
G 0 H 0 # 0 H 1 
1 0 1 0 0 0 0 1 
1 0 0 0 0 0 F 1 
1 H 1 0 0 0 F 1 
S 0 1 H 0 H 0 1 
1 1 1 1 1 1 1 1 
PD43 PL16 p13 T6

Map8
1 1 1 1 S 1 1 1 
1 1 0 H 0 H H 1 
1 # # 0 0 0 # 1 
1 1 0 H 1 1 0 1 
G 0 1 # 0 0 F 1 
1 # 0 # 0 0 1 1 
1 0 0 # 0 0 1 1 
1 1 1 1 1 1 1 1 
PD21 PD44 p32 T7

Map8
1 1 1 1 1 1 1 1 
1 0 0 1 0 0 0 1 
1 0 0 0 H H F 1 
S 0 0 H 0 H 0 1 
1 1 0 0 F 0 0 1 
1 0 0 0 0 0 0 1 
1 0 0 0 0 0 F 1 
1 1 1 G 1 1 1 1 
PD11 PD23 d35 T8

Map8
1 1 1 1 1 1 G 1 
1 F 0 0 0 H 0 1 
S 0 0 0 0 0 F 1 
1 0 0 0 0 # F 1 
1 0 0 F 0 0 H 1 
1 0 0 F # 0 0 1 
1 0 0 0 0 1 0 1 
1 1 1 1 1 1 1 1 
PU61 PU32 d21 T7

Map8
1 1 1 1 1 1 1 1 
1 F 0 0 F 0 1 1 
1 # 0 0 1 F 0 1 
1 0 0 0 # 0 0 1 
1 # 0 0 F H F 1 
S # 0 # 0 H 0 1 
1 0 0 0 # # 0 1 
1 1 1 1 1 G 1 1 
PU25 PL66 l24 T9

Map8
1 G 1 1 S 1 1 1 
1 0 H 0 0 0 1 1 
1 0 0 H 0 # 0 1 
1 1 0 H 0 F 0 1 
1 0 0 0 H 0 0 1 
1 0 0 0 0 0 0 1 
1 0 0 0 0 # H 1 
1 1 1 1 1 1 1 1 
PR42 PU11 p54 T7

Map8
1 1 1 1 1 1 1 1 
1 F 0 F 0 0 0 1 
1 0 0 0 F 1 0 1 
G # F H 0 0 # 1 
1 1 0 0 0 1 0 1 
1 0 0 0 0 F 0 1 
1 0 # 1 0 0 0 1 
1 1 1 1 1 S 1 1 
PR21 PD56 p64 T10

Map8
1 1 1 G 1 1 1 1 
1 1 # 0 0 # 0 1 
1 0 0 0 0 0 0 1 
1 0 # F F 0 H 1 
1 1 H 0 1 1 # S 
1 H F # 0 1 0 1 
1 0 H # H 0 0 1 
1 1 1 1 1 1 1 1 
PD52 PR56 p22 T8

Map8
1 1 1 1 1 1 1 1 
1 0 0 0 1 # 0 1 
1 0 H F 0 0 0 1 
1 # # 1 1 1 0 1 
1 0 0 H 0 0 F 1 
1 # F 0 1 # # S 
1 0 0 0 H 1 F 1 
1 1 G 1 1 1 1 1 
PU52 PL36 p16 T8

Map8
1 1 1 1 G 1 1 1 
1 1 0 0 0 0 # 1 
1 0 # H H 0 0 1 
1 0 1 1 0 H F 1 
S # 0 # # 1 0 1 
1 0 0 1 0 1 0 1 
1 0 0 # 1 # 0 1 
1 1 1 1 1 1 1 1 
PR21 PR16 p31 T8

Map8
1 1 1 1 1 1 1 1 
1 H 0 0 1 0 0 S 
1 0 0 F # H 0 1 
1 H F 0 F 0 F G 
1 0 0 0 0 0 0 1 
1 H 0 0 H 0 1 1 
1 0 0 0 0 0 0 1 
1 1 1 1 1 1 1 1 
PL44 PU62 p34 T8

Map8
1 1 S 1 1 1 1 1 
1 # 0 0 0 0 H 1 
1 0 # 0 0 0 0 1 
G 0 H 0 0 0 1 1 
1 # 0 H # # 1 1 
1 0 H 0 0 F 0 1 
1 # # # H 0 0 1 
1 1 1 1 1 1 1 1 
PU21 PR33 p12 T8

Map8
1 1 1 1 1 1 1 1 
1 0 0 F H 0 0 S 
1 0 0 0 1 0 0 1 
1 0 0 0 F 0 0 1 
1 # 0 0 H # H 1 
1 0 0 0 H 0 F 1 
1 0 1 0 # H 0 1 
1 1 1 G 1 1 1 1 
PL63 PD51 p13 T8

Map8
1 1 1 1 1 1 1 1 
1 H 0 # 0 F F 1 
G 0 0 # # 0 0 1 
1 1 0 F 1 0 # 1 
1 0 1 1 H 0 0 1 
1 0 # 0 0 0 0 1 
S # 1 F 0 0 0 1 
1 1 1 1 1 1 1 1 
PD41 PR46 p14 T8

Map8
1 1 1 1 1 1 1 1 
1 0 1 0 0 0 0 1 
1 1 0 F H F 0 1 
1 0 1 H H 0 0 S 
1 1 H 0 0 1 H 1 
1 0 0 0 0 # 0 1 
1 0 0 0 1 0 0 1 
1 1 1 G 1 1 1 1 
PU53 PL25 p61 T8

Map8
1 1 1 1 1 1 1 1 
1 1 0 0 0 0 0 1 
1 0 0 H 0 0 0 1 
1 F 0 H 0 0 1 1 
S 0 0 H 0 0 1 1 
1 0 1 H 1 0 0 1 
1 0 1 0 0 1 # G 
1 1 1 1 1 1 1 1 
PU24 PU15 p41 T8

Map8
1 1 1 1 1 1 1 1 
1 H H 1 0 0 0 1 
1 0 0 0 1 0 0 1 
1 H 0 0 0 0 H 1 
1 0 0 0 0 1 0 G 
1 0 0 1 0 H 0 1 
1 0 0 1 0 0 0 1 
1 1 S 1 1 1 1 1 
PU23 PR64 p32 T8

Map8
1 1 1 1 1 1 1 1 
1 0 0 0 1 0 0 G 
1 # 0 0 H 0 H 1 
S # 0 0 H 0 0 1 
1 1 0 0 H 0 0 1 
1 # F 0 0 1 0 1 
1 0 0 1 0 0 0 1 
1 1 1 1 1 1 1 1 
PU52 PD23 p33 T8

Map8
1 1 1 1 1 1 1 1 
1 0 0 # 1 0 0 1 
1 0 H 0 1 F 0 1 
1 0 0 1 0 # 0 1 
1 0 0 0 0 1 # 1 
G # 0 0 H F 0 1 
1 # 0 1 0 F 0 1 
1 1 1 1 1 1 S 1 
PU32 PU44 p14 T9

Map8
1 1 1 1 1 1 S 1 
1 # 0 0 0 0 0 1 
1 0 F 0 1 0 0 1 
G # H 1 1 H 1 1 
1 # 0 0 0 0 0 1 
1 F 0 1 1 # # 1 
1 F 0 0 0 0 1 1 
1 1 1 1 1 1 1 1 
PR12 PL24 p41 T8

Map8
1 1 1 1 1 1 1 1 
S 0 # 1 1 0 0 1 
1 # # 0 0 0 0 1 
1 0 H 0 0 0 0 1 
1 0 0 1 0 0 1 1 
1 H 0 0 0 1 H 1 
1 0 # 1 0 0 0 1 
1 1 G 1 1 1 1 1 
PR51 PR14 p13 T9

Map8
1 1 1 1 1 1 S 1 
1 1 1 1 0 F # 1 
1 0 0 1 H 0 # 1 
1 0 0 0 0 0 1 1 
1 F 0 1 0 0 F 1 
1 # H F H 0 1 1 
1 0 H F 0 0 0 1 
1 1 1 1 1 1 G 1 
PR52 PU24 p22 T8

Map8
1 1 1 1 1 G 1 1 
1 0 0 0 0 0 H 1 
1 # 1 1 0 0 # 1 
1 0 0 0 # H 0 1 
1 1 F F 0 1 0 1 
S 0 0 0 # # 0 1 
1 0 1 0 0 0 1 1 
1 1 1 1 1 1 1 1 
PD35 PL41 p42 T12

Map8
1 1 1 1 1 1 1 1 
1 0 0 1 0 0 0 1 
1 H 0 0 0 0 H 1 
1 0 0 0 0 0 0 1 
G 0 0 0 1 0 0 1 
1 0 0 0 0 0 0 1 
1 0 1 0 H 0 0 S 
1 1 1 1 1 1 1 1 
PD63 PU56 p13 T8

Map8
1 1 1 1 1 1 1 1 
1 0 0 H 0 0 0 1 
1 0 0 0 0 0 0 1 
1 1 0 0 0 0 0 1 
1 H 0 H 0 # 1 1 
1 0 0 0 0 1 1 1 
1 0 0 0 # 1 0 1 
1 1 1 S 1 1 G 1 
PD66 PL35 p24 T9

Map8
1 1 1 1 1 1 1 1 
1 # H F # 0 0 1 
1 H 1 1 1 0 0 G 
1 F H 0 0 0 # 1 
1 0 0 F 0 0 # 1 
1 F 0 0 0 H 1 1 
1 1 0 0 0 0 F 1 
1 1 1 1 1 S 1 1 
PD56 PL46 p61 T8

Map8
1 1 1 1 1 1 1 1 
1 1 F 0 0 0 0 1 
1 0 0 0 H 0 0 S 
1 0 0 0 0 0 1 1 
1 0 0 1 0 0 H 1 
1 0 0 H 0 0 0 1 
1 0 0 0 0 0 0 G 
1 1 1 1 1 1 1 1 
PU52 PD31 p61 T8

Map8
1 1 1 1 1 1 G 1 
1 F 0 0 1 H F 1 
1 1 0 0 F 0 # 1 
1 0 # H 0 0 0 1 
1 0 0 0 0 0 1 1 
1 H 0 H F 1 0 1 
1 0 1 0 1 0 0 1 
1 1 1 1 1 1 S 1 
PL52 PR56 p25 T10

Map8
1 1 1 G 1 1 S 1 
1 0 0 F 0 F 0 1 
1 # 0 0 0 H 0 1 
1 1 0 # 1 0 0 1 
1 0 0 1 1 1 0 1 
1 0 0 # F # 0 1 
1 0 H 0 0 # H 1 
1 1 1 1 1 1 1 1 
PL65 PR41 p24 T9

Map8
1 S 1 1 1 1 1 1 
1 0 0 0 1 1 0 1 
G 0 0 0 H # 0 1 
1 F 1 1 0 0 0 1 
1 0 1 0 0 0 # 1 
1 # 0 0 0 # 0 1 
1 0 H F F 1 1 1 
1 1 1 1 1 1 1 1 
PR21 PR45 p14 T9

Map8
1 1 1 1 1 1 1 1 
1 1 1 0 0 H 0 1 
1 0 0 0 0 0 1 1 
1 F 1 F 0 F 0 1 
1 # 0 F 0 1 0 1 
1 F 0 0 0 1 # 1 
1 0 0 # 1 0 0 S 
1 1 G 1 1 1 1 1 
PD63 PU25 p16 T8

Map8
1 1 S 1 1 1 G 1 
1 0 0 1 # H # 1 
1 0 0 # 0 H 0 1 
1 # H 0 0 0 0 1 
1 0 F 1 0 F 0 1 
1 0 0 0 H 0 0 1 
1 0 # # 0 0 1 1 
1 1 1 1 1 1 1 1 
PL22 PL42 p11 T8

Map8
1 1 S 1 1 1 G 1 
1 0 0 1 # H # 1 
1 0 0 # 0 H 0 1 
1 # H 0 0 0 0 1 
1 0 F 1 0 F 0 1 
1 0 0 0 H 0 0 1 
1 0 # # 0 0 1 1 
1 1 1 1 1 1 1 1 
PL22 PL42 p11 T8

Map8
1 G 1 1 1 1 1 1 
1 # 0 H 0 H 1 1 
1 0 1 0 # 0 H 1 
1 1 1 0 # 0 0 1 
1 0 # 0 0 # 0 1 
1 0 0 0 # 1 1 1 
1 0 0 0 # 0 # 1 
1 1 1 S 1 1 1 1 
PR34 PU12 p41 T10

Map8
1 1 1 1 1 1 1 1 
1 0 # 0 0 # # 1 
1 1 F 0 0 0 0 1 
S 0 0 F 1 0 0 G 
1 0 1 1 0 0 0 1 
1 F F 0 0 0 F 1 
1 1 0 0 1 0 # 1 
1 1 1 1 1 1 1 1 
PU23 PU14 r53 T8

Map8
1 1 1 1 1 1 1 1 
1 H 0 0 F 0 0 1 
1 0 0 1 1 0 F 1 
1 F 0 0 0 H 0 G 
1 0 1 0 0 0 0 1 
S F 0 0 0 0 1 1 
1 1 0 0 0 F 0 1 
1 1 1 1 1 1 1 1 
PU23 PL64 p35 T9

Map8
1 1 1 1 1 1 1 1 
1 H 0 0 F 0 0 1 
1 0 0 1 1 0 F 1 
1 F 0 0 0 H 0 G 
1 0 1 0 0 0 0 1 
S F 0 0 0 0 1 1 
1 1 0 0 0 F 0 1 
1 1 1 1 1 1 1 1 
PU23 PL64 p35 T9

Map8
1 G 1 1 1 1 1 1 
1 0 H 0 H 0 0 1 
1 # 0 1 0 # # 1 
1 1 H H 0 F # 1 
1 0 0 0 # 0 0 1 
1 0 0 # 0 0 0 1 
1 # 0 1 # 0 0 1 
1 1 1 1 S 1 1 1 
PU43 PL22 p61 T8

Map8
1 1 1 1 1 1 1 1 
1 0 0 H 0 1 1 1 
1 H 0 0 0 0 0 1 
1 0 0 0 0 0 0 1 
1 0 0 0 0 H 1 1 
1 0 0 0 F 0 0 1 
S F F 0 0 F 0 1 
1 1 1 1 G 1 1 1 
PU24 PL36 p23 T10

Map8
1 1 1 1 S 1 1 1 
1 1 # F 0 0 0 1 
1 1 H H 0 0 # 1 
1 # H # F 0 0 1 
1 # 0 H 1 1 1 1 
1 F 0 H 1 # 0 G 
1 F # # 0 0 1 1 
1 1 1 1 1 1 1 1 
PR42 PD24 p61 T8

Map8
1 1 1 1 1 1 1 1 
1 # H F 0 0 0 1 
1 0 0 0 0 # 0 1 
1 0 0 H H 0 1 1 
S # 0 0 1 0 0 1 
1 F H # F H # 1 
1 1 1 1 0 F 0 1 
1 1 1 1 G 1 1 1 
PU62 PR54 p13 T11

