Map
1 1 1 1 1 1 1 S 1 1 
1 0 0 0 0 0 # 0 0 1 
1 0 0 0 0 # 0 0 F 1 
1 0 F 0 0 0 # 0 0 1 
1 0 0 F 0 # 0 F F 1 
1 0 F 0 0 0 0 0 0 1 
G 0 0 0 0 F H # 0 1 
1 0 0 # 0 H 0 0 0 1 
1 0 0 0 0 0 0 # 0 1 
1 1 1 1 1 1 1 1 1 1 
D17 T7

Map
1 1 S G 1 1 1 1 1 1 
1 0 0 F 0 0 0 0 0 1 
1 F 0 0 F # F 0 1 1 
1 0 0 0 0 0 0 0 0 1 
1 0 0 H 0 0 0 0 0 1 
1 1 0 0 H F F F 0 1 
1 0 0 0 0 F 0 0 0 1 
1 0 F 0 H 0 1 H # 1 
1 0 0 0 0 0 F 0 0 1 
1 1 1 1 1 1 1 1 1 1 
U32 T6

Map
1 1 1 1 S 1 1 1 1 1 
1 0 0 0 0 0 0 F 1 1 
1 0 0 F 1 0 0 0 0 1 
G F F 0 0 # 0 0 0 1 
1 0 H 0 0 0 1 0 0 1 
1 0 0 F F 0 0 1 0 1 
1 0 0 0 0 0 1 0 F 1 
1 0 H 0 0 0 0 0 0 1 
1 0 0 0 0 0 0 F 0 1 
1 1 1 1 1 1 1 1 1 1 
D61 T7

Map
1 1 1 1 1 1 1 1 1 1 
1 0 0 0 0 1 0 0 0 1 
1 0 0 0 0 0 0 0 0 1 
1 0 0 0 0 0 0 0 0 1 
1 0 0 0 0 1 0 1 0 1 
G 0 0 0 H 1 0 0 0 1 
1 0 0 0 0 0 0 0 0 1 
S 0 0 0 0 0 0 0 0 1 
1 0 0 1 0 0 0 0 0 1 
1 1 1 1 1 1 1 1 1 1 
D16 T6

Map
1 1 1 1 1 G S 1 1 1 
1 # 0 0 0 # 0 0 0 1 
1 0 0 0 # 0 0 0 F 1 
1 0 0 0 0 0 0 F F 1 
1 0 F 0 F 0 F 0 0 1 
1 0 0 0 0 1 0 0 0 1 
1 0 0 F F F 0 0 1 1 
1 # 0 0 0 0 0 0 0 1 
1 0 0 0 1 0 0 0 0 1 
1 1 1 1 1 1 1 1 1 1 
U52 T6

Map
1 1 1 1 1 1 1 S 1 1 
1 1 1 0 0 0 0 0 0 1 
G 0 0 0 0 0 0 # 0 1 
1 0 # 0 0 # # 0 0 1 
1 0 0 # H 0 1 H H 1 
1 0 0 0 # H 0 0 # 1 
1 # 1 1 F 0 0 # F 1 
1 0 0 0 0 0 0 H 1 1 
1 0 0 # 0 # 0 0 0 1 
1 1 1 1 1 1 1 1 1 1 
U73 T6

Map
1 1 1 1 1 1 1 1 1 1 
1 0 # 0 0 0 0 F 0 1 
S 0 # 0 0 0 0 0 0 1 
1 0 0 0 0 # 0 # 0 1 
G 0 0 0 H 0 0 0 0 1 
1 F 0 # 0 # H 0 0 1 
1 0 0 0 0 0 H 0 # 1 
1 # 0 0 0 # 0 0 0 1 
1 0 F 0 0 0 0 F # 1 
1 1 1 1 1 1 1 1 1 1 
U13 T6

Map
1 1 1 1 1 S 1 G 1 1 
1 0 0 F 0 0 0 0 0 1 
1 0 0 0 0 0 0 0 0 1 
1 1 H 0 0 0 0 0 H 1 
1 1 0 0 0 H 1 0 0 1 
1 0 0 0 1 0 0 0 F 1 
1 0 0 H 0 1 1 0 0 1 
1 0 0 0 0 0 F 0 0 1 
1 0 H 0 0 0 0 H 0 1 
1 1 1 1 1 1 1 1 1 1 
L61 T6

Map
1 1 1 1 1 G 1 S 1 1 
1 0 0 0 0 0 0 0 0 1 
1 0 0 0 0 0 # 0 0 1 
1 0 0 0 0 0 0 0 # 1 
1 0 0 0 # 0 0 0 0 1 
1 0 0 0 0 0 0 0 0 1 
1 0 # 0 0 0 0 0 0 1 
1 0 0 0 0 0 0 0 0 1 
1 0 0 0 0 0 0 0 0 1 
1 1 1 1 1 1 1 1 1 1 
R61 T6

Map
1 1 1 1 1 1 1 1 1 1 
1 0 F 1 0 0 0 H 0 1 
S 0 0 0 0 0 0 1 0 1 
1 0 F 0 H 0 1 0 0 1 
1 0 0 0 0 0 0 0 0 1 
1 0 0 1 0 H 0 0 0 1 
1 1 0 0 0 0 0 0 H 1 
G 0 1 0 0 0 0 1 0 1 
1 0 0 0 0 0 H 0 0 1 
1 1 1 1 1 1 1 1 1 1 
D45 T9

Map
1 1 1 1 1 1 1 1 1 1 
1 # # 0 # 0 # 0 0 1 
G 0 F 0 0 F 0 H 1 1 
1 1 0 0 # 0 0 0 0 1 
1 0 0 1 0 0 F 0 H 1 
1 1 0 F 0 0 0 H 0 1 
S 0 0 0 1 0 0 F F 1 
1 F 1 0 0 0 0 F 0 1 
1 0 0 0 0 0 0 0 0 1 
1 1 1 1 1 1 1 1 1 1 
L45 T6

Map
1 1 1 S 1 G 1 1 1 1 
1 0 0 0 0 0 0 0 0 1 
1 0 F 0 0 0 H # 0 1 
1 0 H # 0 0 0 0 0 1 
1 0 0 0 0 0 0 1 0 1 
1 # 1 0 0 # F H 0 1 
1 0 0 0 0 0 0 # 0 1 
1 0 0 0 0 0 0 # 0 1 
1 0 0 1 # 0 0 # 0 1 
1 1 1 1 1 1 1 1 1 1 
L41 T8

Map
1 1 1 1 G 1 S 1 1 1 
1 0 0 F 0 0 0 F 0 1 
1 0 0 # 0 F # 0 0 1 
1 0 0 0 0 0 0 0 0 1 
1 0 0 0 # 0 0 0 1 1 
1 H F H 0 0 0 0 F 1 
1 0 0 0 0 0 0 H 0 1 
1 0 H 0 0 0 0 0 0 1 
1 0 0 H 0 # 0 0 # 1 
1 1 1 1 1 1 1 1 1 1 
R51 T6

Map
1 1 1 1 1 1 1 1 1 1 
1 0 1 0 0 0 1 0 0 1 
1 0 0 # 0 0 0 0 0 1 
S 0 1 0 0 F 0 1 F 1 
G 0 F 0 0 F F 0 0 1 
1 0 0 0 0 0 1 F 0 1 
1 0 0 0 0 0 1 F # 1 
1 1 # # 0 # 0 0 0 1 
1 F 0 0 0 1 0 0 0 1 
1 1 1 1 1 1 1 1 1 1 
U78 T6

Map
1 S 1 1 1 1 1 1 1 1 
1 0 0 0 F 1 0 0 0 1 
1 0 0 0 0 0 0 0 0 1 
1 0 0 0 0 0 0 0 0 1 
1 0 0 0 0 H 0 0 0 1 
1 0 0 0 0 0 0 0 0 1 
G 0 0 0 F 0 0 0 # 1 
1 # 0 0 0 0 0 0 0 1 
1 0 0 0 0 0 0 0 0 1 
1 1 1 1 1 1 1 1 1 1 
D67 T7

Map
1 1 1 1 1 1 1 1 1 1 
1 # F 0 1 1 0 0 0 1 
1 0 F 0 0 0 0 0 0 1 
1 0 1 0 0 0 1 0 0 1 
S F H 1 0 0 1 0 0 1 
1 0 0 0 0 0 0 # # 1 
G 0 0 0 0 0 F 0 1 1 
1 # F 0 0 F 0 0 0 1 
1 0 0 F 0 F 0 0 0 1 
1 1 1 1 1 1 1 1 1 1 
U15 T12

Map
1 1 1 1 1 1 1 1 1 1 
1 0 0 0 F 0 0 0 0 1 
1 0 0 0 0 0 0 0 0 1 
1 0 0 F F 0 0 0 0 1 
G 0 0 0 F 0 0 0 0 1 
1 0 0 0 0 0 H 0 0 1 
S 0 0 0 0 0 0 0 F 1 
1 0 0 F 0 H 0 0 0 1 
1 0 0 0 0 0 F 0 # 1 
1 1 1 1 1 1 1 1 1 1 
D15 T6

Map
1 1 1 1 1 1 1 1 1 1 
1 0 0 0 0 0 0 0 # 1 
S 0 H 0 H 0 0 0 0 1 
1 0 0 0 1 1 0 0 0 1 
G 0 F 0 0 0 0 0 0 1 
1 0 0 0 0 0 0 0 0 1 
1 0 0 0 H 0 H 0 0 1 
1 0 F 0 0 H 0 0 0 1 
1 0 0 0 0 0 0 0 0 1 
1 1 1 1 1 1 1 1 1 1 
U13 T6

Map
1 1 1 1 1 1 1 1 1 1 
1 0 # 0 0 0 0 0 0 1 
1 0 0 0 F 0 # 0 0 1 
1 0 H # # 0 F 0 # 1 
S 0 F 0 0 0 0 0 0 1 
1 0 0 F 0 # # 0 0 1 
G 0 0 0 H 0 0 F 0 1 
1 0 0 0 0 0 0 F 0 1 
1 0 0 0 0 0 # # 0 1 
1 1 1 1 1 1 1 1 1 1 
U15 T6

Map
1 1 1 1 1 S 1 1 1 1 
1 1 0 0 0 0 0 0 1 1 
1 0 0 0 0 0 0 1 0 1 
1 0 0 F 0 0 0 0 0 1 
1 0 0 0 0 0 1 0 1 1 
1 0 0 0 0 F 0 1 0 1 
G 0 0 1 0 0 0 F 0 1 
1 0 0 1 0 0 0 0 0 1 
1 0 0 0 0 0 # 0 0 1 
1 1 1 1 1 1 1 1 1 1 
D27 T9

Map
1 1 1 1 1 1 1 1 1 1 
1 0 0 0 0 # 0 0 0 1 
1 0 0 0 0 0 0 0 0 1 
1 0 0 0 # 0 0 0 0 1 
1 0 0 0 0 0 0 0 0 1 
G 0 # 0 0 0 # 0 0 1 
1 # 0 # 0 0 0 0 0 1 
S # 0 0 0 0 0 0 0 1 
1 # 0 0 0 0 0 0 0 1 
1 1 1 1 1 1 1 1 1 1 
D86 T6

Map
1 1 1 1 1 1 1 1 1 1 
1 0 0 1 0 1 0 1 0 1 
S F 0 0 0 # 0 0 0 1 
1 0 F 0 0 0 0 H 0 1 
G 0 0 1 H 0 0 0 0 1 
1 0 1 1 0 0 F 0 F 1 
1 0 0 0 0 0 0 0 # 1 
1 0 F F 1 0 0 0 0 1 
1 1 0 0 0 0 0 0 0 1 
1 1 1 1 1 1 1 1 1 1 
L24 T6

Map
1 1 1 1 G 1 1 1 1 1 
1 0 # 1 0 # 0 0 1 1 
1 0 0 0 0 0 0 0 # 1 
1 0 0 # 0 # 0 0 0 1 
1 0 0 0 1 0 0 0 0 1 
1 # 0 1 # 0 0 0 0 1 
S 0 # 0 0 0 0 0 H 1 
1 0 0 # 0 0 0 1 1 1 
1 0 1 0 1 H 0 0 0 1 
1 1 1 1 1 1 1 1 1 1 
L46 T8

Map
1 1 1 1 1 1 1 1 1 1 
1 0 F 0 0 0 0 0 1 1 
1 0 0 0 0 0 0 F F 1 
S 0 0 F 0 0 0 0 0 1 
1 1 0 0 0 0 0 F 0 1 
1 0 # 1 0 0 F 0 0 1 
G 0 0 0 0 1 0 F 0 1 
1 F 0 1 0 0 0 # 0 1 
1 0 0 0 0 # 0 0 0 1 
1 1 1 1 1 1 1 1 1 1 
D27 T8

Map
1 1 S 1 1 1 1 1 1 1 
1 0 0 0 # 1 0 1 0 1 
1 0 # 0 0 0 1 0 0 1 
1 F # 0 0 0 0 0 0 1 
1 F 0 F # 0 0 0 1 1 
1 0 0 0 # 0 0 0 0 1 
1 F 0 0 1 # F 0 0 1 
G 0 F 0 0 F # 0 F 1 
1 H 0 0 # 1 F 0 0 1 
1 1 1 1 1 1 1 1 1 1 
U25 T8

Map
1 1 1 1 1 1 1 S 1 1 
1 0 0 0 1 0 0 0 0 1 
1 # 1 0 0 0 0 1 0 1 
1 0 F 0 # 0 0 0 0 1 
1 0 # 0 1 0 0 0 F 1 
1 0 0 # 0 0 0 # 1 1 
G 0 0 1 0 0 0 0 # 1 
1 0 0 0 0 0 0 0 0 1 
1 0 0 0 1 0 0 # 0 1 
1 1 1 1 1 1 1 1 1 1 
L26 T9

Map
1 1 1 G 1 S 1 1 1 1 
1 0 0 0 0 # 0 0 0 1 
1 0 0 H 0 0 0 0 # 1 
1 0 0 0 0 0 0 0 # 1 
1 0 0 0 0 0 # 0 0 1 
1 0 # 0 0 0 0 0 0 1 
1 0 0 0 # 0 # 0 0 1 
1 # F 0 0 0 0 0 0 1 
1 1 0 # 0 0 0 0 0 1 
1 1 1 1 1 1 1 1 1 1 
R41 T6

Map
1 1 1 1 1 1 1 1 1 1 
1 0 0 0 0 0 0 0 0 1 
1 0 0 0 F H 0 0 F 1 
S 0 0 0 F 0 0 F 0 1 
1 0 1 0 0 0 0 0 # 1 
G 0 H 0 0 0 F 0 0 1 
1 0 # # 0 1 0 0 0 1 
1 0 0 0 # 0 # 0 0 1 
1 0 F 0 0 0 0 F 0 1 
1 1 1 1 1 1 1 1 1 1 
U14 T6

Map
1 1 1 1 1 1 1 1 1 1 
1 0 0 0 0 0 0 0 0 1 
G # 0 0 0 1 0 # 0 1 
1 F H 0 0 0 0 # 0 1 
1 0 0 1 0 0 F 0 F 1 
1 1 F 0 0 H H 0 0 1 
1 0 0 0 0 F # 0 0 1 
S 0 0 0 0 0 # 1 0 1 
1 0 F 0 H 0 F 0 0 1 
1 1 1 1 1 1 1 1 1 1 
L22 T7

Map
1 1 1 1 1 1 1 1 1 1 
1 0 0 0 0 0 F 1 0 1 
S 0 0 0 0 F 0 H 0 1 
1 0 0 F 1 0 F 0 1 1 
1 0 0 0 0 1 0 1 0 1 
1 0 0 1 0 0 H 0 0 1 
G 0 0 # 0 # # 0 F 1 
1 0 0 # 0 0 F # 0 1 
1 0 1 0 0 0 0 0 0 1 
1 1 1 1 1 1 1 1 1 1 
D31 T6

Map
1 1 G 1 1 1 1 S 1 1 
1 # 0 # H 0 H 0 0 1 
1 0 0 0 0 0 0 # 0 1 
1 0 0 0 0 H 0 0 H 1 
1 0 # 0 0 0 0 0 0 1 
1 1 0 0 0 0 0 H 0 1 
1 0 0 1 0 0 0 0 # 1 
1 0 0 0 0 0 0 1 0 1 
1 0 0 0 0 0 0 0 0 1 
1 1 1 1 1 1 1 1 1 1 
R64 T6

Map
1 S 1 1 1 1 1 1 1 1 
1 0 0 0 0 0 # 0 0 1 
1 0 0 0 0 0 0 0 F 1 
1 0 0 # F 0 0 H 0 1 
1 0 0 0 0 0 0 0 0 1 
1 0 # 0 0 0 0 0 0 1 
G # # F 0 0 1 0 0 1 
1 0 0 0 F 0 # 0 0 1 
1 0 # # 0 0 0 0 0 1 
1 1 1 1 1 1 1 1 1 1 
U15 T6

Map
1 S 1 1 1 1 1 1 1 1 
1 0 0 0 0 F 0 0 0 1 
1 0 0 0 0 0 0 0 0 1 
1 0 0 0 H 0 0 F 0 1 
1 1 0 0 1 0 F 0 F 1 
1 H 0 0 F 0 0 0 0 1 
1 H F # 1 0 0 0 0 1 
G 0 0 0 0 0 0 F 1 1 
1 0 F 0 0 0 0 # 0 1 
1 1 1 1 1 1 1 1 1 1 
L67 T6

Map
1 S 1 1 1 1 1 1 1 1 
1 0 0 0 1 0 0 0 0 1 
G 0 0 0 0 0 0 0 0 1 
1 0 1 0 0 1 0 0 0 1 
1 F 0 0 0 1 0 0 # 1 
1 0 0 0 0 0 1 0 0 1 
1 0 0 0 0 1 0 0 0 1 
1 H 0 0 1 0 0 0 0 1 
1 0 0 0 0 0 0 0 0 1 
1 1 1 1 1 1 1 1 1 1 
U15 T8

Map
1 1 1 S 1 1 G 1 1 1 
1 0 0 0 # 0 0 0 0 1 
1 0 H 0 0 # F 0 0 1 
1 0 0 0 F 0 0 0 0 1 
1 1 0 0 F F 0 0 F 1 
1 0 0 0 0 0 1 H 0 1 
1 # F 0 0 0 F 0 1 1 
1 0 0 0 # # 0 0 F 1 
1 0 0 0 0 0 0 0 F 1 
1 1 1 1 1 1 1 1 1 1 
L51 T8

Map
1 1 1 1 1 1 G 1 1 1 
S 0 1 0 0 0 0 0 0 1 
1 0 1 1 0 1 0 0 0 1 
1 0 1 1 0 0 0 0 0 1 
1 0 0 0 0 0 0 # 1 1 
1 0 0 0 0 0 0 # F 1 
1 0 # 0 0 0 0 0 0 1 
1 0 0 0 0 0 H F 0 1 
1 # 0 1 0 0 0 0 0 1 
1 1 1 1 1 1 1 1 1 1 
L82 T7

Map
1 1 1 G 1 S 1 1 1 1 
1 0 0 0 1 0 1 0 0 1 
1 0 F 0 0 0 0 0 0 1 
1 H H 0 1 0 0 0 0 1 
1 0 0 0 0 0 0 0 0 1 
1 F 0 1 0 0 0 0 0 1 
1 0 0 0 0 0 0 0 0 1 
1 0 F 0 0 1 0 0 0 1 
1 0 H H 0 0 0 0 0 1 
1 1 1 1 1 1 1 1 1 1 
U67 T6

Map
1 1 1 1 1 1 1 1 1 1 
1 # 0 0 0 0 0 0 1 1 
S 0 0 0 0 0 0 0 0 1 
1 0 0 0 0 0 1 0 # 1 
1 0 0 0 0 0 0 0 0 1 
G 0 0 0 # 0 0 0 0 1 
1 # 0 0 F 0 0 0 0 1 
1 0 0 0 0 1 0 0 0 1 
1 0 0 0 # 0 0 0 F 1 
1 1 1 1 1 1 1 1 1 1 
U14 T8

Map
1 1 1 1 1 1 1 1 1 1 
1 0 0 0 0 0 0 F 0 1 
1 0 0 # # 0 F 0 1 1 
1 0 1 0 0 0 0 F 0 1 
G F 0 0 1 0 0 0 0 1 
S 0 0 0 0 # 0 F # 1 
1 0 # 1 0 # 0 F 0 1 
1 F 0 0 # 0 0 F 0 1 
1 H 0 0 0 0 0 0 0 1 
1 1 1 1 1 1 1 1 1 1 
L24 T6

Map
1 1 1 G 1 S 1 1 1 1 
1 0 0 0 F # 0 0 0 1 
1 0 0 0 0 0 0 0 0 1 
1 F # 0 # 0 0 0 0 1 
1 # 0 # 0 0 0 0 0 1 
1 0 0 0 F 0 0 0 0 1 
1 0 0 # 0 0 0 0 # 1 
1 0 0 0 1 0 0 0 0 1 
1 0 0 0 0 F 0 0 # 1 
1 1 1 1 1 1 1 1 1 1 
R48 T6

Map
1 1 1 1 1 G 1 S 1 1 
1 0 0 0 0 0 0 0 0 1 
1 0 0 0 0 1 0 0 0 1 
1 0 0 0 0 0 0 H 0 1 
1 0 # 0 0 0 F 0 0 1 
1 0 F # 1 0 0 0 0 1 
1 0 0 0 0 0 0 1 1 1 
1 0 0 0 0 0 F 0 0 1 
1 F 0 0 0 0 0 0 0 1 
1 1 1 1 1 1 1 1 1 1 
R61 T8

Map
1 1 1 1 1 1 1 1 1 1 
1 0 0 0 1 0 0 0 0 1 
1 # 0 0 H 0 0 0 0 1 
1 0 0 # 0 0 0 0 0 1 
S 0 0 0 0 0 H 0 0 1 
G # 0 0 0 0 0 0 H 1 
1 0 0 0 0 1 0 0 1 1 
1 0 1 0 0 0 0 # 1 1 
1 0 1 0 0 0 0 0 0 1 
1 1 1 1 1 1 1 1 1 1 
L34 T9

Map
1 1 S 1 1 1 1 1 1 1 
1 0 0 0 F 0 0 0 # 1 
1 1 0 0 F F 0 0 0 1 
1 0 0 0 H 0 0 # 0 1 
1 0 # 1 0 0 0 0 0 1 
G 0 0 0 0 0 # 1 0 1 
1 0 0 0 0 0 1 0 0 1 
1 # 0 0 0 0 0 0 0 1 
1 0 H # # 0 0 0 1 1 
1 1 1 1 1 1 1 1 1 1 
U27 T6

Map
1 1 1 1 1 1 1 1 1 1 
1 0 0 0 0 0 0 0 # 1 
S 0 0 0 0 0 0 0 0 1 
1 0 0 0 0 0 0 0 0 1 
G 0 0 0 0 0 0 0 0 1 
1 0 0 F 0 H 0 0 F 1 
1 0 0 H 0 0 0 0 0 1 
1 0 0 0 0 0 0 0 0 1 
1 0 0 0 0 0 F 0 0 1 
1 1 1 1 1 1 1 1 1 1 
U13 T6

Map
1 1 1 1 1 1 1 G 1 1 
1 0 0 0 # 0 1 # 0 1 
1 0 0 F 0 0 0 0 0 1 
1 0 0 0 0 0 0 0 H 1 
S 0 0 0 0 0 H 0 # 1 
1 F 0 H H 0 0 0 0 1 
1 0 0 # 0 0 0 H 0 1 
1 0 0 0 H 0 0 0 0 1 
1 0 # 1 0 0 # F H 1 
1 1 1 1 1 1 1 1 1 1 
D13 T9

Map
1 1 1 1 1 1 1 1 1 1 
1 0 0 0 0 0 0 # 1 1 
S 0 0 0 0 0 1 0 0 1 
1 0 # 0 # 0 0 0 # 1 
G 0 0 # 1 0 # 1 0 1 
1 0 0 0 0 0 # 0 # 1 
1 0 # 0 0 1 0 # 0 1 
1 0 0 0 0 1 0 0 0 1 
1 0 0 # 1 0 0 0 0 1 
1 1 1 1 1 1 1 1 1 1 
U33 T6

Map
1 1 1 1 1 1 1 1 1 1 
G # 0 0 0 1 0 H # 1 
1 H 0 H H 0 # 0 0 1 
1 0 # 0 1 0 0 0 0 1 
1 0 # 0 # 0 0 0 1 1 
1 1 0 F 0 0 F 0 0 1 
1 0 0 0 0 # 0 0 H 1 
S 0 0 F 1 0 0 0 0 1 
1 0 0 0 # 0 # 0 0 1 
1 1 1 1 1 1 1 1 1 1 
D36 T6

Map
1 1 1 1 1 1 1 1 1 1 
S 0 F 0 0 1 # 0 0 1 
1 0 0 0 0 0 0 0 # 1 
G F 0 1 0 0 F 0 # 1 
1 0 # 0 0 0 0 0 0 1 
1 0 1 # 0 0 0 0 0 1 
1 0 1 0 0 0 1 0 0 1 
1 0 1 0 1 0 0 0 H 1 
1 0 F 0 # 0 # 1 0 1 
1 1 1 1 1 1 1 1 1 1 
L23 T6

Map
1 S 1 1 1 1 1 1 1 1 
1 0 0 1 0 0 0 0 H 1 
1 0 # F 0 0 0 0 # 1 
1 1 0 1 # 0 # H # 1 
1 # 0 0 0 1 F F 0 1 
1 H 1 0 0 0 F 0 0 1 
G F 0 1 0 H 0 # F 1 
1 0 0 0 0 1 0 # 0 1 
1 F 0 0 0 F 1 0 0 1 
1 1 1 1 1 1 1 1 1 1 
U28 T10

Map
1 1 1 1 1 1 1 1 1 1 
1 0 0 1 0 0 0 0 0 1 
1 # 0 0 # 1 0 0 0 1 
1 0 0 # 0 0 0 1 0 1 
G 0 0 1 0 0 0 0 0 1 
1 0 0 0 0 0 # 0 0 1 
1 1 F 0 0 0 # 0 # 1 
S 0 0 0 0 0 0 0 0 1 
1 0 1 0 1 0 0 0 # 1 
1 1 1 1 1 1 1 1 1 1 
L24 T7

Map
1 1 1 1 1 1 1 1 1 1 
1 1 0 # # 0 0 0 0 1 
1 0 0 F 0 0 0 # 0 1 
1 1 0 1 0 0 H 0 0 1 
1 0 # 0 # 1 0 1 0 1 
S # 0 0 0 # 0 0 0 1 
1 0 0 1 0 0 1 0 0 1 
G # H 0 0 0 # H # 1 
1 0 0 0 F 0 0 0 0 1 
1 1 1 1 1 1 1 1 1 1 
U16 T8

Map
1 G 1 1 1 1 S 1 1 1 
1 0 1 0 1 0 0 0 0 1 
1 0 # 0 # # 0 0 0 1 
1 1 1 0 0 0 # 0 0 1 
1 1 F 0 0 0 # 0 # 1 
1 F 0 0 0 0 # 0 0 1 
1 F F F 0 F # # 1 1 
1 0 F F 0 0 # F 0 1 
1 0 0 0 1 0 0 H 0 1 
1 1 1 1 1 1 1 1 1 1 
R53 T6

Map
1 1 1 1 S 1 1 1 1 1 
1 0 H 0 0 # 0 0 0 1 
1 0 0 0 0 0 0 0 0 1 
G 0 # F 0 0 F 0 0 1 
1 0 0 0 F F F F 0 1 
1 0 0 0 0 0 1 # 0 1 
1 0 0 0 0 0 0 0 0 1 
1 0 1 0 0 0 F # 0 1 
1 F 0 0 1 # 0 0 0 1 
1 1 1 1 1 1 1 1 1 1 
D84 T8

Map
1 1 1 1 1 1 1 1 1 1 
S 0 0 0 0 0 F # 0 1 
1 1 0 0 0 0 0 F F 1 
G 0 0 1 0 0 0 0 # 1 
1 0 F # F # 0 0 1 1 
1 0 0 0 0 1 0 0 1 1 
1 0 0 0 0 0 0 0 0 1 
1 0 0 F 0 H # # 0 1 
1 0 H # 0 0 1 0 0 1 
1 1 1 1 1 1 1 1 1 1 
L56 T6

Map
1 1 1 1 1 1 1 1 1 1 
1 0 0 0 0 0 0 1 0 1 
1 0 0 1 0 0 0 0 0 1 
G 0 0 0 0 1 0 0 0 1 
1 0 0 0 0 0 0 0 0 1 
1 0 1 0 0 0 0 0 0 1 
S 0 0 0 0 0 0 0 H 1 
1 0 0 0 0 0 0 0 0 1 
1 1 0 0 0 0 0 0 0 1 
1 1 1 1 1 1 1 1 1 1 
L66 T7

Map
1 1 1 S 1 1 1 G 1 1 
1 0 0 0 0 0 1 0 0 1 
1 0 0 0 # 0 0 0 F 1 
1 0 0 0 F 1 0 1 0 1 
1 0 0 0 0 # H 0 # 1 
1 0 0 0 0 0 0 0 0 1 
1 F 0 0 0 # 0 0 0 1 
1 0 0 0 0 # 0 H 0 1 
1 0 0 0 0 0 H 0 # 1 
1 1 1 1 1 1 1 1 1 1 
U83 T7

Map
1 1 1 1 1 1 1 1 1 1 
1 0 0 0 0 0 0 1 0 1 
S # 0 0 0 0 0 H H 1 
1 0 H F 0 1 0 0 0 1 
G # 0 0 1 0 0 H 1 1 
1 0 0 0 0 # 0 0 # 1 
1 0 0 0 F 0 1 # 0 1 
1 1 H H 0 0 # # 0 1 
1 # 0 H # 0 0 # 0 1 
1 1 1 1 1 1 1 1 1 1 
U13 T6

Map
1 1 1 1 1 1 1 G 1 1 
1 1 # 0 0 0 F 0 0 1 
1 0 0 0 0 0 1 0 0 1 
1 # 0 0 1 # 0 0 0 1 
1 0 0 F # 0 0 0 0 1 
1 # H 0 0 0 0 0 0 1 
S 0 0 # 0 # 0 0 0 1 
1 0 0 # 0 0 0 1 1 1 
1 0 0 0 0 0 0 1 0 1 
1 1 1 1 1 1 1 1 1 1 
L66 T8

Map
1 S 1 1 1 1 G 1 1 1 
1 F 0 0 0 1 0 F 0 1 
1 0 0 F 0 1 0 H 0 1 
1 F 0 0 0 0 1 0 0 1 
1 F F 0 F 0 1 0 0 1 
1 0 0 0 1 0 0 F 0 1 
1 0 0 0 1 0 0 0 1 1 
1 0 0 0 F 0 0 0 0 1 
1 0 0 0 0 0 F 0 1 1 
1 1 1 1 1 1 1 1 1 1 
R65 T6

Map
1 1 1 1 1 1 G 1 1 1 
S 0 0 0 0 0 0 0 0 1 
1 0 0 0 0 0 0 0 0 1 
1 1 0 0 0 0 0 1 0 1 
1 0 1 0 0 # 0 0 H 1 
1 1 0 0 1 0 0 0 0 1 
1 0 0 # 0 0 H F H 1 
1 0 0 0 0 0 0 0 0 1 
1 0 0 0 0 1 0 0 0 1 
1 1 1 1 1 1 1 1 1 1 
L51 T6

Map
1 1 1 1 1 1 1 1 1 1 
1 0 0 0 0 F 0 0 0 1 
S 0 0 0 0 0 0 0 0 1 
1 0 0 0 0 0 0 0 0 1 
G # 0 0 0 0 0 0 0 1 
1 0 0 0 # 0 0 0 0 1 
1 0 0 0 0 0 0 0 0 1 
1 0 0 0 0 # 0 0 0 1 
1 0 0 0 F 0 0 0 1 1 
1 1 1 1 1 1 1 1 1 1 
U13 T6

Map
1 1 1 1 1 1 1 1 1 1 
1 0 0 0 0 # 0 0 0 1 
1 0 1 0 1 1 0 0 F 1 
1 # 0 0 0 # 1 0 # 1 
G # # 0 0 0 0 0 0 1 
1 0 0 0 F 0 0 H 0 1 
S 0 0 # 0 0 H F 0 1 
1 0 0 # 0 F 0 0 0 1 
1 0 0 F 0 0 0 0 0 1 
1 1 1 1 1 1 1 1 1 1 
D15 T6

Map
1 1 1 1 1 1 S 1 1 1 
1 F 0 1 0 # 0 0 0 1 
1 # 0 0 0 0 0 0 0 1 
1 0 # 0 # 0 0 0 H 1 
1 # 0 # 0 0 0 0 0 1 
1 0 0 0 1 0 0 0 0 1 
G 0 0 1 0 H 0 0 1 1 
1 0 0 0 0 0 0 1 0 1 
1 0 1 1 0 0 0 0 0 1 
1 1 1 1 1 1 1 1 1 1 
L26 T6

Map
1 1 1 1 1 1 1 1 1 1 
1 0 0 0 0 0 1 0 F 1 
1 0 0 0 0 0 H 0 0 1 
1 0 0 0 F 0 # 0 0 1 
1 0 0 0 0 0 0 0 0 1 
S 0 0 0 0 0 0 0 0 1 
1 0 0 0 0 0 0 # 0 1 
G # F 0 0 0 0 0 0 1 
1 0 0 0 0 0 0 0 0 1 
1 1 1 1 1 1 1 1 1 1 
U16 T6

Map
1 1 1 1 S 1 1 1 1 1 
1 0 0 0 0 # 0 0 0 1 
1 0 H 0 0 0 0 # 1 1 
1 1 0 0 H 0 0 0 H 1 
1 0 # 0 0 0 1 0 # 1 
1 0 0 0 0 0 # 0 H 1 
1 0 0 0 0 0 0 # 1 1 
G 0 0 0 0 0 0 F F 1 
1 1 0 0 1 1 0 0 F 1 
1 1 1 1 1 1 1 1 1 1 
R32 T7

Map
1 1 1 1 1 1 1 S 1 1 
1 0 0 0 0 0 # # # 1 
1 0 0 0 F 0 0 0 0 1 
G 0 0 0 0 0 1 F 0 1 
1 0 0 0 F 0 0 0 0 1 
1 0 0 F 0 F # 0 0 1 
1 1 0 F 0 0 0 0 0 1 
1 0 0 0 0 0 0 0 0 1 
1 0 0 0 0 0 0 0 0 1 
1 1 1 1 1 1 1 1 1 1 
L23 T6

Map
1 1 1 1 G 1 1 S 1 1 
1 # 0 0 0 F 0 # 1 1 
1 H 1 0 0 0 F 0 0 1 
1 # 0 0 0 0 0 F F 1 
1 # 0 0 0 1 0 0 0 1 
1 0 0 0 0 0 0 0 0 1 
1 0 0 0 0 0 0 0 0 1 
1 0 H # 0 0 H 0 0 1 
1 # 0 0 0 0 0 # 0 1 
1 1 1 1 1 1 1 1 1 1 
R24 T7

Map
1 1 1 1 1 S G 1 1 1 
1 0 0 0 1 0 0 0 0 1 
1 0 H 0 0 F 0 0 0 1 
1 0 0 0 0 0 1 0 0 1 
1 0 # 0 0 0 0 0 0 1 
1 0 H 0 0 0 0 0 0 1 
1 0 1 1 0 0 0 0 H 1 
1 0 0 0 1 0 0 0 0 1 
1 0 0 0 0 0 0 0 0 1 
1 1 1 1 1 1 1 1 1 1 
U62 T8

Map
1 1 1 1 G 1 1 1 1 1 
1 0 0 0 0 0 0 0 0 1 
1 0 1 0 H F F 0 0 1 
1 F 1 0 0 0 0 0 0 1 
1 0 0 H 0 H 0 0 0 1 
1 0 0 0 0 0 0 0 # 1 
S 0 F 0 0 F 0 0 1 1 
1 H 0 0 0 0 0 0 0 1 
1 1 0 0 H F 0 0 0 1 
1 1 1 1 1 1 1 1 1 1 
R51 T8

Map
1 1 1 1 G 1 1 1 1 1 
S 0 0 0 0 F 0 F 0 1 
1 F # 0 0 0 0 0 F 1 
1 0 0 0 0 F 0 F 0 1 
1 0 0 0 0 F 1 0 # 1 
1 0 0 0 0 # 0 1 0 1 
1 0 0 0 0 0 H 0 0 1 
1 F # 0 0 0 # 0 0 1 
1 0 0 # 0 0 0 0 0 1 
1 1 1 1 1 1 1 1 1 1 
L31 T6

Map
1 1 1 1 1 1 1 1 1 1 
1 0 0 0 0 0 0 0 0 1 
S 0 0 0 0 0 0 0 0 1 
1 0 0 0 0 0 0 # 0 1 
G 0 0 0 0 0 0 0 0 1 
1 # 0 0 0 0 0 0 0 1 
1 0 0 0 # 0 0 0 # 1 
1 0 0 0 0 0 0 0 0 1 
1 0 0 0 # 0 0 0 0 1 
1 1 1 1 1 1 1 1 1 1 
U13 T6

Map
1 1 1 1 1 1 1 1 1 1 
1 0 0 0 # 0 0 0 0 1 
1 0 0 0 0 F F 0 0 1 
1 0 0 0 0 F F 0 0 1 
1 0 0 0 0 0 0 0 # 1 
S F 0 # 0 # 0 F 0 1 
1 0 0 0 F 0 0 # # 1 
G # # 0 0 0 1 0 0 1 
1 0 0 0 0 0 F 0 0 1 
1 1 1 1 1 1 1 1 1 1 
U16 T6

Map
1 1 1 1 1 G 1 S 1 1 
1 1 0 0 0 # 0 F 0 1 
1 # 0 0 0 1 H 1 0 1 
1 0 F F 0 0 0 0 0 1 
1 0 0 0 0 0 0 0 0 1 
1 0 F 0 0 0 0 F # 1 
1 # 0 1 # 0 F 0 0 1 
1 0 0 # # 0 0 H 1 1 
1 0 H 0 0 F 0 1 0 1 
1 1 1 1 1 1 1 1 1 1 
R61 T6

Map
1 1 G 1 1 1 1 1 1 1 
1 0 0 0 0 0 # 0 1 1 
1 # 0 0 0 0 0 0 0 1 
1 0 0 0 0 0 0 0 0 1 
S 0 0 0 0 0 0 0 0 1 
1 1 # 0 0 0 0 0 0 1 
1 0 0 0 0 0 0 0 H 1 
1 0 0 0 0 0 0 0 1 1 
1 0 0 0 H 0 H H 0 1 
1 1 1 1 1 1 1 1 1 1 
L85 T6

Map
1 1 S 1 G 1 1 1 1 1 
1 0 0 0 0 0 0 F 0 1 
1 0 0 0 0 0 0 0 0 1 
1 0 F 0 0 0 1 0 0 1 
1 1 0 0 H 0 0 H H 1 
1 0 0 0 1 0 0 F 1 1 
1 0 0 0 0 0 0 1 0 1 
1 0 1 0 0 0 0 0 H 1 
1 # 1 0 F 0 0 0 0 1 
1 1 1 1 1 1 1 1 1 1 
L31 T6

Map
1 1 1 1 1 1 1 1 1 1 
1 0 0 0 0 0 # 0 1 1 
1 0 1 # 0 0 # 0 0 1 
G 0 0 # 0 0 0 0 0 1 
1 0 1 1 0 0 0 0 0 1 
1 0 0 0 0 0 0 0 0 1 
1 0 0 # 0 0 0 0 0 1 
S 0 0 0 0 H 1 0 0 1 
1 # # 0 0 0 0 0 0 1 
1 1 1 1 1 1 1 1 1 1 
L37 T8

Map
1 1 1 1 S 1 1 1 1 1 
1 0 0 1 0 0 H H 0 1 
1 0 0 H 0 0 0 0 0 1 
1 0 # 0 0 0 F 0 0 1 
1 0 # 1 0 0 0 H 0 1 
1 0 0 H H 0 0 0 0 1 
1 1 0 0 0 0 0 0 1 1 
G 0 0 0 0 0 0 0 0 1 
1 0 0 1 0 0 0 0 0 1 
1 1 1 1 1 1 1 1 1 1 
L53 T7

Map
1 1 1 1 1 S 1 1 1 1 
1 0 H 0 0 0 F # # 1 
1 1 0 F 0 0 0 0 1 1 
G 0 1 0 H 0 F F F 1 
1 # 0 1 H 0 0 0 0 1 
1 1 0 F H # 0 0 0 1 
1 0 0 1 0 1 0 0 0 1 
1 0 0 F F 0 # 0 F 1 
1 0 # H 0 # 1 0 0 1 
1 1 1 1 1 1 1 1 1 1 
D64 T9

Map
1 1 1 1 1 1 1 1 1 1 
1 0 0 F 0 0 0 0 0 1 
1 0 0 0 0 0 0 0 0 1 
1 0 0 0 0 # 0 0 0 1 
1 F 0 F F 0 0 0 F 1 
S 0 0 # 0 0 0 0 0 1 
1 0 0 0 0 0 0 0 0 1 
G 0 0 0 0 0 F 0 1 1 
1 # 0 0 0 F 0 0 0 1 
1 1 1 1 1 1 1 1 1 1 
U16 T8

Map
1 1 1 1 1 G 1 1 1 1 
S 0 0 0 0 0 0 0 0 1 
1 0 0 0 H 0 0 1 0 1 
1 # 0 0 0 0 0 0 0 1 
1 0 0 # H 1 0 1 # 1 
1 # # 0 0 0 0 0 0 1 
1 0 0 0 F H H 0 # 1 
1 0 0 0 0 # # 0 0 1 
1 0 0 0 0 # 0 0 1 1 
1 1 1 1 1 1 1 1 1 1 
L41 T9

Map
1 1 1 1 1 1 1 1 1 1 
1 0 0 # 0 0 # 0 0 1 
1 F 0 0 F 0 0 F 0 1 
S 0 0 0 0 0 0 0 0 1 
1 0 0 0 0 0 0 0 0 1 
G # 0 0 0 F H 0 0 1 
1 0 0 # # 0 0 0 0 1 
1 1 F F 0 H 0 # F 1 
1 1 0 0 # 0 0 0 0 1 
1 1 1 1 1 1 1 1 1 1 
U24 T6

Map
1 1 1 1 1 1 1 1 1 1 
S 0 # 0 0 0 0 1 0 1 
1 0 0 0 0 0 0 1 0 1 
1 0 F 0 0 0 0 0 0 1 
1 1 H # 0 0 H 0 0 1 
1 0 0 0 0 0 1 0 0 1 
1 0 1 0 0 0 0 0 0 1 
G 0 0 1 0 1 0 0 0 1 
1 # 0 0 0 # 0 0 0 1 
1 1 1 1 1 1 1 1 1 1 
L27 T7

Map
1 1 1 1 1 S 1 1 1 1 
1 0 # H 0 0 # 0 0 1 
1 0 0 0 0 0 0 0 0 1 
1 0 0 # H 0 0 0 # 1 
1 0 0 0 0 0 # 0 1 1 
1 0 0 0 0 # 0 # 0 1 
G 0 H 0 0 0 0 0 0 1 
1 1 0 0 0 0 0 0 0 1 
1 1 0 0 H H 0 0 # 1 
1 1 1 1 1 1 1 1 1 1 
U53 T10

Map
1 1 1 G 1 S 1 1 1 1 
1 0 0 0 0 0 # 0 0 1 
1 0 0 0 0 0 0 0 0 1 
1 0 0 0 0 0 H F 0 1 
1 0 0 H 0 0 0 0 0 1 
1 # 0 # 0 0 0 0 F 1 
1 0 0 0 0 F 0 0 0 1 
1 0 0 0 0 0 H 0 0 1 
1 0 0 0 0 0 0 0 0 1 
1 1 1 1 1 1 1 1 1 1 
R41 T6

Map
1 1 1 1 1 1 1 1 1 1 
1 0 0 F 0 0 0 0 0 1 
1 0 0 0 0 0 F F 0 1 
S F 0 0 0 0 0 0 0 1 
1 0 H 0 # 0 0 0 0 1 
G 0 0 0 # 0 0 H 0 1 
1 0 # 0 F 0 0 0 0 1 
1 0 # 0 F H H 0 0 1 
1 0 0 0 0 0 0 0 0 1 
1 1 1 1 1 1 1 1 1 1 
U14 T6

Map
1 1 1 G 1 S 1 1 1 1 
1 0 0 0 # 0 0 0 0 1 
1 0 0 0 F 0 0 0 0 1 
1 # 0 0 0 0 F 0 0 1 
1 # F 0 # 0 0 0 0 1 
1 0 0 0 0 0 0 # # 1 
1 0 0 # 0 # 0 0 F 1 
1 # 0 0 0 0 0 0 # 1 
1 0 0 0 0 0 0 0 0 1 
1 1 1 1 1 1 1 1 1 1 
R48 T6

Map
1 1 1 1 S 1 1 1 1 1 
1 0 0 1 0 0 H 0 0 1 
1 0 0 0 0 0 0 0 1 1 
1 0 0 0 1 0 0 1 0 1 
1 0 F 0 0 0 0 0 0 1 
G 0 0 F 0 0 0 0 1 1 
1 0 0 F 0 0 0 0 0 1 
1 0 0 1 0 0 1 0 # 1 
1 0 0 0 F 0 0 0 0 1 
1 1 1 1 1 1 1 1 1 1 
U14 T8

Map
1 1 1 1 1 G 1 1 1 1 
1 0 0 F 0 F 0 0 0 1 
1 # 0 0 # 0 0 0 1 1 
1 0 0 0 0 0 0 0 0 1 
1 0 0 0 0 0 0 0 0 1 
1 0 0 0 # 0 1 0 0 1 
1 0 0 0 0 F 0 0 0 1 
S 0 F 0 0 1 0 0 0 1 
1 F 0 F 0 0 0 1 0 1 
1 1 1 1 1 1 1 1 1 1 
D43 T8

Map
1 1 1 1 1 1 1 1 1 1 
1 0 0 0 0 0 1 0 # 1 
1 0 0 0 0 # 0 0 0 1 
1 0 0 0 0 0 0 0 0 1 
G 0 0 0 F F # # F 1 
1 0 F 0 0 # 0 0 0 1 
1 # # 0 0 1 0 0 0 1 
S F 0 0 0 0 0 0 0 1 
1 0 # 0 0 0 0 0 0 1 
1 1 1 1 1 1 1 1 1 1 
R75 T6

Map
1 1 1 1 1 1 1 S 1 1 
G F 0 1 0 0 F F 0 1 
1 F 0 0 0 0 F # 0 1 
1 0 0 0 0 F 0 0 1 1 
1 0 0 0 F 0 # 0 0 1 
1 # 0 # 0 0 0 0 0 1 
1 0 H 0 # 0 0 0 1 1 
1 0 0 0 0 0 0 0 0 1 
1 F 1 1 0 0 0 0 0 1 
1 1 1 1 1 1 1 1 1 1 
L21 T6

Map
1 S 1 1 1 1 1 1 1 1 
1 0 0 0 0 0 0 0 0 1 
1 0 0 0 0 0 0 0 0 1 
1 0 H 0 0 0 0 0 0 1 
1 0 0 0 0 0 0 0 0 1 
1 0 0 1 0 # 0 0 0 1 
G 0 0 0 0 1 0 0 0 1 
1 0 0 0 0 0 0 0 0 1 
1 0 0 F 0 0 0 0 0 1 
1 1 1 1 1 1 1 1 1 1 
U15 T6

Map
1 1 1 1 1 1 1 1 1 1 
1 0 0 0 0 0 1 # 0 1 
1 0 0 0 1 0 0 0 0 1 
1 0 # # 0 0 F 0 0 1 
G 0 0 0 0 0 0 0 0 1 
1 F 0 0 0 0 0 0 0 1 
S 0 0 0 0 0 0 0 1 1 
1 # # 0 1 0 # 0 0 1 
1 0 0 0 0 0 0 # 0 1 
1 1 1 1 1 1 1 1 1 1 
D55 T6

Map
1 1 1 1 1 1 1 G 1 1 
1 # 1 0 0 0 0 0 0 1 
1 0 # 0 0 0 0 0 0 1 
S 0 0 # 0 H 0 0 0 1 
1 0 0 # 0 0 0 0 0 1 
1 0 0 0 0 0 0 0 1 1 
1 0 0 0 0 0 0 1 0 1 
1 0 # 1 # H 0 0 0 1 
1 1 0 0 0 0 0 H F 1 
1 1 1 1 1 1 1 1 1 1 
U24 T7

Map
1 1 G 1 1 1 1 S 1 1 
1 0 0 1 0 0 0 0 0 1 
1 0 # 0 0 0 0 0 0 1 
1 0 0 0 0 F 0 H 0 1 
1 0 0 0 F 0 F 0 F 1 
1 0 0 1 0 0 # 0 0 1 
1 F 0 0 0 H 0 0 0 1 
1 0 # 0 F 0 0 0 0 1 
1 0 0 0 0 0 F 0 0 1 
1 1 1 1 1 1 1 1 1 1 
R61 T6

Map
1 1 1 S 1 1 1 1 1 1 
1 0 0 0 0 0 0 0 # 1 
1 0 1 0 # # F 0 # 1 
1 0 0 0 0 1 F 0 0 1 
1 0 F 0 F 1 # 0 0 1 
1 1 0 0 0 0 0 0 0 1 
G 0 0 F 1 1 0 0 0 1 
1 F 0 0 0 0 # 1 0 1 
1 # 0 F 0 0 # 0 F 1 
1 1 1 1 1 1 1 1 1 1 
R23 T7

Map
1 S 1 1 1 1 1 1 1 1 
1 # # 0 0 # 0 0 0 1 
1 0 # # 0 0 0 0 0 1 
1 0 0 0 # 0 0 F 0 1 
1 0 0 0 0 # 0 0 0 1 
1 0 0 0 # H 0 0 0 1 
G 0 0 H 0 H # 0 0 1 
1 0 # 0 0 0 H 1 0 1 
1 0 0 0 0 0 # 0 0 1 
1 1 1 1 1 1 1 1 1 1 
U15 T6

Map
1 1 1 1 1 1 1 1 1 1 
1 # 0 0 0 0 0 0 0 1 
1 0 H 0 H 0 0 0 0 1 
G 0 0 0 # 0 0 0 0 1 
1 0 0 0 0 # 0 H 0 1 
S 0 F H 0 F 0 0 0 1 
1 0 0 0 0 0 0 0 F 1 
1 0 0 0 0 # 0 0 0 1 
1 0 0 0 0 # 0 0 0 1 
1 1 1 1 1 1 1 1 1 1 
D14 T6

Map
1 S G 1 1 1 1 1 1 1 
1 0 0 # 0 0 1 0 0 1 
1 1 F F # 0 0 0 0 1 
1 F # # 1 0 0 0 0 1 
1 0 # # 0 0 0 0 0 1 
1 H 0 0 0 F 0 0 0 1 
1 1 0 0 0 0 0 1 0 1 
1 0 0 F 0 0 0 0 F 1 
1 0 # 1 # 0 1 0 0 1 
1 1 1 1 1 1 1 1 1 1 
U25 T6

Map
1 G 1 1 1 1 1 1 1 1 
1 0 0 # 0 H 0 0 H 1 
1 1 0 0 0 0 0 0 0 1 
1 0 0 1 0 F 0 0 0 1 
1 # 0 0 0 0 F F 0 1 
S 0 F 0 0 F 0 0 0 1 
1 # H 0 # # 0 F 1 1 
1 F H 0 0 0 0 0 H 1 
1 # # 0 # 0 H 0 0 1 
1 1 1 1 1 1 1 1 1 1 
D34 T7

Map
1 G 1 1 1 1 1 S 1 1 
1 # 0 0 0 # 1 0 F 1 
1 1 H 0 0 0 0 0 0 1 
1 0 0 0 0 0 0 0 0 1 
1 1 0 F 0 0 0 0 0 1 
1 0 0 0 0 0 0 0 0 1 
1 0 0 0 0 F 0 # H 1 
1 0 1 F 1 F 0 0 0 1 
1 F 0 0 0 1 0 0 F 1 
1 1 1 1 1 1 1 1 1 1 
U33 T6

Map
1 1 1 S 1 1 1 1 1 1 
1 0 0 0 0 0 0 # 0 1 
1 0 0 0 0 1 0 1 0 1 
1 H 0 0 0 0 0 # 0 1 
G 0 0 0 F 1 1 0 # 1 
1 0 F 0 0 0 0 0 0 1 
1 0 F 0 1 # 0 0 0 1 
1 0 0 0 # 0 0 0 0 1 
1 H 1 0 # 0 0 0 0 1 
1 1 1 1 1 1 1 1 1 1 
U33 T6

Map
1 1 1 1 1 1 1 1 1 1 
G 0 0 0 H 0 0 0 # 1 
1 F 0 0 0 0 0 0 0 1 
1 0 0 0 0 0 0 0 1 1 
1 0 0 # # F 0 # 0 1 
1 0 0 0 0 0 H F 0 1 
S F F F F 0 0 F F 1 
1 0 F 0 0 0 0 0 0 1 
1 0 0 0 0 0 0 # 0 1 
1 1 1 1 1 1 1 1 1 1 
D15 T6

Map
1 1 1 1 G 1 1 S 1 1 
1 0 0 0 0 1 0 0 0 1 
1 # 1 H # 0 0 F 1 1 
1 0 0 0 0 0 0 0 0 1 
1 # 0 1 0 0 0 H 0 1 
1 0 0 0 0 0 0 H 0 1 
1 0 0 H 0 # 1 0 0 1 
1 0 0 0 0 H 0 0 0 1 
1 0 0 0 0 0 0 0 # 1 
1 1 1 1 1 1 1 1 1 1 
R63 T6

Map
1 1 G 1 S 1 1 1 1 1 
1 0 0 0 0 0 # 0 0 1 
1 0 0 0 # 0 0 0 0 1 
1 0 0 0 F 0 0 0 0 1 
1 0 0 0 0 0 0 0 0 1 
1 0 0 # 0 0 0 0 0 1 
1 0 0 0 0 0 0 0 0 1 
1 0 0 0 0 0 0 0 0 1 
1 0 0 0 0 0 0 0 0 1 
1 1 1 1 1 1 1 1 1 1 
R31 T6

Map
1 1 S 1 1 1 1 1 1 1 
1 0 0 0 1 0 0 0 H 1 
1 1 0 0 0 0 1 0 0 1 
1 0 0 0 0 0 0 0 0 1 
1 0 0 0 0 0 0 0 0 1 
1 0 0 0 0 1 0 H 0 1 
G 0 0 1 0 0 0 0 0 1 
1 0 0 0 0 0 0 0 0 1 
1 1 0 0 0 0 0 0 1 1 
1 1 1 1 1 1 1 1 1 1 
U25 T8

Map
1 1 1 1 1 1 G 1 1 1 
1 0 0 0 0 F 0 0 0 1 
1 0 0 0 0 0 # 0 0 1 
1 # # 0 0 0 # H F 1 
1 0 0 # 0 F 0 0 0 1 
1 # 0 0 F 0 0 0 # 1 
1 1 0 0 F 0 0 0 0 1 
S 0 0 # 0 0 0 # 0 1 
1 0 0 # 0 0 0 0 0 1 
1 1 1 1 1 1 1 1 1 1 
R75 T7

Map
1 1 1 1 1 1 1 G 1 1 
1 # H 0 H 0 0 0 0 1 
1 1 1 0 0 0 0 0 0 1 
S 0 0 1 0 0 0 # 0 1 
1 # H 0 # 0 0 H 0 1 
1 F 0 0 1 0 0 0 0 1 
1 0 H 0 1 0 0 0 0 1 
1 0 F 0 1 0 1 0 # 1 
1 0 0 # 0 0 0 0 0 1 
1 1 1 1 1 1 1 1 1 1 
U72 T6

Map
1 1 1 1 1 1 1 1 1 1 
1 0 # 1 0 0 # 0 0 1 
S # 0 0 0 H 0 0 # 1 
1 0 0 0 0 0 0 0 0 1 
G 0 0 0 # # 1 1 0 1 
1 0 0 0 0 0 1 0 0 1 
1 0 # F 0 0 # H 0 1 
1 0 0 0 # 0 0 0 0 1 
1 0 0 0 0 0 0 0 H 1 
1 1 1 1 1 1 1 1 1 1 
U13 T6

Map
1 1 1 1 1 1 1 1 1 1 
1 0 0 0 0 0 1 0 1 1 
G 0 0 0 1 0 0 F # 1 
1 0 0 F F 0 0 # 0 1 
S 0 0 0 0 F 0 0 0 1 
1 0 0 0 0 F 0 0 1 1 
1 0 0 0 F 0 1 # 0 1 
1 0 0 0 0 0 0 # 0 1 
1 0 0 1 0 0 0 0 0 1 
1 1 1 1 1 1 1 1 1 1 
D13 T6

Map
1 1 1 1 1 1 1 S 1 1 
G 0 0 F # 0 1 0 1 1 
1 0 0 0 0 0 1 0 0 1 
1 F 0 H 0 # # 0 0 1 
1 0 0 0 H F # 1 0 1 
1 0 0 0 0 0 0 0 0 1 
1 0 0 0 F 0 0 0 0 1 
1 0 F 0 0 0 0 0 0 1 
1 # 0 0 F 0 0 0 # 1 
1 1 1 1 1 1 1 1 1 1 
R43 T6

Map
1 1 1 1 1 1 1 1 1 1 
1 0 0 0 0 0 0 0 0 1 
1 0 0 # 0 F 0 0 0 1 
1 0 0 0 0 0 0 0 0 1 
S 0 0 0 0 0 0 0 0 1 
1 0 0 0 0 0 0 0 0 1 
G # 0 0 0 0 0 0 0 1 
1 0 0 0 0 0 0 F 0 1 
1 0 0 0 0 0 # 0 # 1 
1 1 1 1 1 1 1 1 1 1 
U15 T6

Map
1 1 1 G S 1 1 1 1 1 
1 F 1 F 0 0 # 0 0 1 
1 F F 0 0 0 # 0 0 1 
1 0 0 0 1 0 F 1 0 1 
1 0 # 1 # 0 0 1 0 1 
1 1 0 0 0 F 0 0 0 1 
1 0 0 # 0 0 # 0 0 1 
1 # 0 0 F 0 0 0 0 1 
1 0 1 0 0 # 0 # 0 1 
1 1 1 1 1 1 1 1 1 1 
R13 T8

Map
1 1 1 1 1 S 1 G 1 1 
1 1 0 1 0 0 0 0 # 1 
1 0 0 # 0 0 # # 0 1 
1 # # 0 0 0 # 0 0 1 
1 0 0 1 0 1 0 0 1 1 
1 0 0 0 # 0 F # F 1 
1 0 # 0 0 0 F H 0 1 
1 1 0 0 0 0 0 1 0 1 
1 # 0 0 0 0 0 1 0 1 
1 1 1 1 1 1 1 1 1 1 
L61 T8

Map
1 1 1 1 1 1 1 1 1 1 
1 0 # 0 # 0 0 1 H 1 
1 # 0 # 0 0 0 0 0 1 
S 0 0 H 0 0 0 0 0 1 
1 0 0 0 0 0 # H 1 1 
G 0 0 0 0 0 # 0 0 1 
1 0 # 0 H 0 0 0 0 1 
1 1 0 0 0 0 0 # H 1 
1 0 0 0 0 H 1 0 0 1 
1 1 1 1 1 1 1 1 1 1 
U24 T6

Map
1 1 1 1 1 1 G 1 1 1 
1 0 0 0 0 0 0 0 0 1 
1 0 H 0 0 0 0 0 0 1 
1 0 0 F 0 0 0 0 0 1 
1 1 0 0 1 0 0 F 0 1 
S 0 0 # 0 0 0 F 0 1 
1 F 0 1 0 0 0 1 0 1 
1 0 0 H 0 # 0 0 0 1 
1 1 0 0 0 0 0 0 0 1 
1 1 1 1 1 1 1 1 1 1 
R73 T7

Map
1 S 1 1 1 1 1 1 1 1 
1 0 F 0 # 0 0 0 # 1 
1 F 0 # # F 0 0 F 1 
1 0 0 1 H 0 1 0 0 1 
1 0 # 0 0 0 0 0 0 1 
1 0 0 0 0 H H 0 0 1 
1 0 0 1 # 0 1 0 # 1 
G 0 F 0 0 0 0 0 # 1 
1 # 1 0 0 F 0 # 0 1 
1 1 1 1 1 1 1 1 1 1 
U13 T6

Map
1 1 1 1 1 S 1 G 1 1 
1 0 0 0 0 0 0 0 0 1 
1 0 0 # 0 0 0 0 0 1 
1 0 0 0 0 0 0 0 0 1 
1 0 0 0 H 0 0 0 0 1 
1 0 0 0 0 0 # # 0 1 
1 0 0 0 0 0 0 0 0 1 
1 0 0 0 0 0 0 0 0 1 
1 0 0 0 0 0 0 0 0 1 
1 1 1 1 1 1 1 1 1 1 
L61 T6

Map
1 1 1 1 1 1 1 S 1 1 
1 0 0 1 0 0 0 F 0 1 
1 0 0 1 0 0 0 1 1 1 
1 0 0 F 0 0 0 F 0 1 
1 0 F 0 0 F 0 0 H 1 
G 0 0 F 0 1 0 0 0 1 
1 0 1 0 0 0 0 0 0 1 
1 0 1 F 0 0 0 0 0 1 
1 0 0 F 0 0 0 F 0 1 
1 1 1 1 1 1 1 1 1 1 
L81 T7

Map
1 1 1 1 1 S 1 1 1 1 
1 0 H 0 0 0 0 0 F 1 
1 0 0 0 0 # 0 0 # 1 
1 0 F 0 1 1 1 0 1 1 
G 0 F F 0 0 0 # 0 1 
1 H 0 # 1 F 1 0 F 1 
1 # 0 0 H 1 0 0 0 1 
1 0 0 H # 0 0 0 F 1 
1 0 # 0 0 0 0 0 0 1 
1 1 1 1 1 1 1 1 1 1 
D71 T6

Map
1 1 1 1 1 1 1 1 1 1 
1 0 0 0 0 0 0 0 0 1 
G 0 0 0 0 0 0 0 0 1 
1 0 0 # 0 0 0 0 # 1 
S 0 H 0 0 0 0 0 0 1 
1 0 0 0 0 0 0 0 1 1 
1 0 0 0 0 0 0 0 0 1 
1 0 H 0 0 0 0 0 1 1 
1 0 0 0 0 0 0 0 1 1 
1 1 1 1 1 1 1 1 1 1 
D13 T6

Map
1 1 1 1 1 S 1 G 1 1 
1 0 0 0 0 0 0 0 0 1 
1 0 # H 0 F 0 F 0 1 
1 F 0 0 0 0 F H 0 1 
1 0 0 # F 0 0 0 0 1 
1 F 0 0 0 # 0 0 0 1 
1 0 H # 0 0 # # # 1 
1 0 0 0 0 # H 0 0 1 
1 # 0 0 F 0 0 0 0 1 
1 1 1 1 1 1 1 1 1 1 
L61 T6

Map
1 1 1 1 1 1 1 1 1 1 
1 0 0 0 0 0 0 0 0 1 
G 0 0 0 0 0 0 0 0 1 
1 0 0 0 0 0 0 0 0 1 
S 0 H 0 # 0 0 0 0 1 
1 0 0 0 0 0 # 0 0 1 
1 0 0 0 0 0 0 0 0 1 
1 0 0 0 0 0 0 0 0 1 
1 0 0 0 0 0 0 0 1 1 
1 1 1 1 1 1 1 1 1 1 
D13 T6

Map
1 1 1 1 1 1 1 1 1 1 
1 0 0 0 0 0 0 0 0 1 
G 0 0 0 0 # # # 0 1 
1 0 1 0 0 0 0 0 0 1 
S 0 0 # F 0 0 0 0 1 
1 0 H 1 0 0 0 1 0 1 
1 0 0 0 0 0 0 0 # 1 
1 # 0 0 0 1 1 F 0 1 
1 0 0 # 0 1 0 0 0 1 
1 1 1 1 1 1 1 1 1 1 
D13 T6

Map
1 1 1 1 1 1 1 S 1 1 
G 0 0 0 1 0 0 0 0 1 
1 1 1 # 0 0 0 0 0 1 
1 0 # 0 0 F 0 0 F 1 
1 0 0 0 0 H 0 0 0 1 
1 0 F 0 0 0 0 1 0 1 
1 0 0 F 0 0 0 0 F 1 
1 0 0 0 H 0 0 F F 1 
1 0 F # 0 0 0 0 0 1 
1 1 1 1 1 1 1 1 1 1 
U34 T9

Map
1 1 1 1 1 1 1 1 1 1 
1 0 0 0 0 0 0 # 0 1 
S 0 0 0 0 0 0 0 # 1 
1 0 0 0 0 0 # 0 0 1 
G # F 0 0 0 # 0 1 1 
1 0 0 0 0 0 # 0 0 1 
1 # 0 0 0 0 0 # 0 1 
1 0 0 1 0 0 0 0 0 1 
1 0 1 0 0 # 0 # # 1 
1 1 1 1 1 1 1 1 1 1 
U13 T8

Map
1 1 1 1 G 1 S 1 1 1 
1 0 0 0 0 0 0 0 0 1 
1 0 0 0 0 0 0 0 # 1 
1 0 0 0 0 0 0 0 F 1 
1 0 0 0 0 0 0 0 0 1 
1 0 0 0 0 0 0 # 0 1 
1 0 0 0 0 0 0 0 0 1 
1 0 0 # 0 0 0 0 0 1 
1 0 # F 0 0 0 0 0 1 
1 1 1 1 1 1 1 1 1 1 
R51 T6

Map
1 1 1 1 1 1 1 1 1 1 
1 1 0 0 0 0 # 0 0 1 
1 0 0 0 # 0 0 0 0 1 
1 0 0 1 0 0 0 0 0 1 
1 0 0 # 0 0 0 0 0 1 
S 0 0 1 0 0 H 0 0 1 
1 0 0 0 H 0 0 0 0 1 
G 0 1 0 H 0 F 1 0 1 
1 0 0 0 0 # 0 0 0 1 
1 1 1 1 1 1 1 1 1 1 
U16 T6

Map
1 1 1 1 G 1 1 1 1 1 
S 0 0 0 # 0 0 F 0 1 
1 0 # 0 0 0 # 0 0 1 
1 0 0 0 0 0 0 0 0 1 
1 0 0 0 0 0 0 0 0 1 
1 0 F 0 0 # 0 F 0 1 
1 0 0 0 H # 0 F 0 1 
1 0 H H H 0 0 0 F 1 
1 0 0 0 0 0 0 0 # 1 
1 1 1 1 1 1 1 1 1 1 
L31 T6

Map
1 1 G 1 1 1 1 1 1 1 
1 0 0 0 F 0 1 0 0 1 
1 0 0 0 0 F 0 0 0 1 
S 0 F 0 0 0 # 0 0 1 
1 0 # F 0 0 1 # 0 1 
1 0 F 0 0 0 0 0 0 1 
1 # 0 0 # # F 0 0 1 
1 0 0 0 0 0 0 0 0 1 
1 1 0 # 0 0 # 0 H 1 
1 1 1 1 1 1 1 1 1 1 
D12 T7

Map
1 1 1 1 1 1 1 1 1 1 
1 0 0 0 0 0 0 0 0 1 
1 0 0 0 0 0 0 0 0 1 
S 0 H 0 0 0 0 0 0 1 
1 0 0 0 0 0 0 0 F 1 
G 0 F H 0 0 # 0 0 1 
1 0 0 0 0 0 0 0 0 1 
1 0 # 0 0 0 0 0 0 1 
1 # 0 0 0 0 0 0 0 1 
1 1 1 1 1 1 1 1 1 1 
U14 T6

Map
1 1 1 1 1 1 1 1 1 1 
1 0 0 # 0 F 0 1 1 1 
1 0 0 0 0 0 0 # 0 1 
S 0 # 0 0 0 0 0 0 1 
1 0 # 0 0 0 0 0 0 1 
G 0 0 0 0 0 0 # 0 1 
1 0 0 0 0 0 0 0 0 1 
1 0 0 0 0 0 0 # 0 1 
1 0 0 # 0 0 # 0 0 1 
1 1 1 1 1 1 1 1 1 1 
U14 T6

Map
1 1 1 1 1 1 1 1 1 1 
S 0 0 0 0 0 0 0 0 1 
1 0 0 0 0 0 0 0 0 1 
1 0 0 0 0 0 0 0 0 1 
1 1 0 1 H 0 0 0 0 1 
G # 1 0 0 0 H 0 H 1 
1 0 0 0 0 0 F 0 0 1 
1 0 0 # 0 0 0 0 0 1 
1 0 0 0 0 0 0 0 0 1 
1 1 1 1 1 1 1 1 1 1 
L41 T9

Map
1 1 S 1 1 1 1 1 1 1 
1 0 0 0 1 0 0 0 0 1 
G 0 F F 0 0 0 0 1 1 
1 0 F 0 F 0 0 0 0 1 
1 0 1 0 0 0 0 0 F 1 
1 0 F F 1 0 0 0 0 1 
1 1 0 0 0 H F 0 0 1 
1 0 0 0 0 0 0 1 0 1 
1 0 0 0 0 0 0 0 0 1 
1 1 1 1 1 1 1 1 1 1 
R11 T7

Map
1 1 1 1 1 1 1 1 1 1 
1 0 0 0 0 F 0 1 # 1 
1 0 0 0 H # 0 H 0 1 
S 0 0 0 H 1 0 0 0 1 
1 0 F 1 0 0 1 0 0 1 
G 0 0 0 H 0 1 0 0 1 
1 0 0 0 # 0 F 0 0 1 
1 F 0 0 0 # 0 0 0 1 
1 0 # 0 0 0 0 0 0 1 
1 1 1 1 1 1 1 1 1 1 
U14 T8

Map
1 1 S 1 1 1 1 1 1 1 
1 0 0 0 1 0 # 0 0 1 
1 0 0 0 # 0 0 0 F 1 
1 0 0 0 F F 0 # 0 1 
G 0 0 0 F 0 0 0 0 1 
1 0 H 0 1 1 H 0 F 1 
1 0 1 0 H 0 0 0 0 1 
1 0 0 F # 0 0 H # 1 
1 0 0 0 0 0 1 # # 1 
1 1 1 1 1 1 1 1 1 1 
R11 T9

Map
1 1 1 1 1 G 1 1 1 1 
1 0 F 0 0 0 0 F F 1 
1 0 F 0 0 0 0 H H 1 
1 1 # 0 0 F H 0 1 1 
S 0 0 0 0 0 0 0 0 1 
1 0 0 0 1 # # 0 0 1 
1 0 F 0 0 H H F # 1 
1 F H # 1 F # 0 0 1 
1 0 0 0 0 F # # 0 1 
1 1 1 1 1 1 1 1 1 1 
L44 T6

Map
1 1 1 1 1 1 1 1 1 1 
1 0 0 0 0 1 0 1 0 1 
1 F 0 H F 0 0 1 0 1 
1 0 0 0 0 0 0 0 0 1 
G 0 0 F 0 0 0 0 0 1 
1 0 0 0 0 0 F 0 0 1 
S 0 F F 0 0 0 0 0 1 
1 0 0 0 0 0 F 0 1 1 
1 1 0 0 H 1 1 0 0 1 
1 1 1 1 1 1 1 1 1 1 
D15 T6

Map
1 S 1 1 1 1 1 1 1 1 
1 0 0 0 0 0 0 0 0 1 
1 0 1 1 0 0 0 # 0 1 
1 F H H 0 0 0 0 H 1 
1 0 0 0 0 1 0 # 0 1 
1 0 0 0 0 0 1 0 0 1 
1 1 0 0 F 0 0 # # 1 
G 0 # 0 0 0 # 0 0 1 
1 0 0 # H # 0 H 0 1 
1 1 1 1 1 1 1 1 1 1 
L66 T7

Map
1 1 1 1 1 1 1 1 1 1 
1 0 0 0 F 0 0 H 0 1 
1 0 # 0 0 0 F 0 0 1 
1 0 0 F 0 0 0 0 0 1 
1 1 0 0 0 0 0 0 0 1 
1 0 0 0 0 0 0 F 1 1 
G 0 0 H 0 0 0 F 0 1 
S 0 0 0 F 0 0 0 0 1 
1 0 0 H 0 1 0 0 0 1 
1 1 1 1 1 1 1 1 1 1 
L26 T13

Map
1 1 1 1 1 1 1 1 1 1 
1 0 0 0 0 0 0 0 0 1 
1 0 0 0 0 0 0 0 # 1 
1 0 0 0 F 0 # 0 0 1 
1 F 0 0 0 H 0 # 0 1 
S 0 # 0 0 F 0 # 0 1 
1 0 F 0 # 0 0 0 0 1 
G 0 0 0 0 0 0 0 0 1 
1 0 # 0 # 0 0 0 0 1 
1 1 1 1 1 1 1 1 1 1 
U16 T6

Map
1 1 1 1 G 1 S 1 1 1 
1 0 0 0 # 0 0 0 0 1 
1 1 # 0 0 0 0 0 0 1 
1 0 0 0 # 0 0 # 0 1 
1 0 # F 1 H 0 0 0 1 
1 0 0 0 0 0 0 0 0 1 
1 0 F 0 0 0 F 0 1 1 
1 0 1 0 0 # 0 0 0 1 
1 1 F 0 0 0 0 0 0 1 
1 1 1 1 1 1 1 1 1 1 
R53 T6

Map
1 1 1 1 1 G 1 S 1 1 
1 0 0 0 0 0 0 0 0 1 
1 # 0 0 0 0 0 0 0 1 
1 0 0 0 0 0 # 0 0 1 
1 0 0 # 0 0 0 0 F 1 
1 0 0 0 # # 0 0 0 1 
1 1 0 0 # 0 0 1 0 1 
1 F 0 0 0 0 0 0 0 1 
1 0 0 0 0 # 0 # 0 1 
1 1 1 1 1 1 1 1 1 1 
R65 T6

Map
1 1 1 1 G 1 1 1 1 1 
S 0 0 0 0 0 0 0 0 1 
1 0 0 0 1 0 # F 0 1 
1 F 0 0 H 0 # 0 0 1 
1 0 F 0 0 H 0 F F 1 
1 0 H 0 # 0 0 0 0 1 
1 0 # 1 0 # 0 F 0 1 
1 0 0 0 0 0 # 0 0 1 
1 1 0 0 F 0 0 0 0 1 
1 1 1 1 1 1 1 1 1 1 
L31 T6

Map
1 1 1 1 1 S 1 G 1 1 
1 0 0 1 1 # # # 0 1 
1 0 F 0 F F # 0 1 1 
1 0 0 0 # 0 0 0 0 1 
1 0 F 1 1 0 0 0 0 1 
1 0 # 0 0 # 0 # F 1 
1 0 0 0 0 0 0 0 0 1 
1 # 1 0 0 0 F 0 # 1 
1 0 0 0 0 0 0 0 0 1 
1 1 1 1 1 1 1 1 1 1 
L63 T6

Map
1 1 1 1 1 1 1 G 1 1 
S 0 0 0 0 0 0 0 0 1 
1 0 0 0 0 0 0 H 0 1 
1 0 0 0 0 0 0 0 0 1 
1 F 0 0 0 0 0 0 F 1 
1 0 0 0 H 0 0 0 0 1 
1 0 0 0 H 0 0 0 0 1 
1 0 0 0 0 0 0 0 0 1 
1 0 0 0 # 0 0 0 0 1 
1 1 1 1 1 1 1 1 1 1 
L61 T6

Map
1 1 1 1 1 1 1 1 1 1 
1 0 0 0 1 0 F F 0 1 
S 0 1 # 0 0 0 # 0 1 
1 0 # 0 0 # F 0 0 1 
1 0 F 0 0 0 F # H 1 
G 0 0 0 0 0 0 0 0 1 
1 # 0 0 H # H H 0 1 
1 F 0 1 0 0 0 0 # 1 
1 0 0 1 0 # 0 0 0 1 
1 1 1 1 1 1 1 1 1 1 
U14 T7

Map
1 1 1 1 G 1 S 1 1 1 
1 0 1 0 0 0 0 0 0 1 
1 0 0 0 0 0 0 # 1 1 
1 0 1 0 0 0 0 0 0 1 
1 0 0 0 0 0 0 H # 1 
1 0 0 0 F 0 0 0 0 1 
1 H # # 0 0 0 0 # 1 
1 0 0 0 0 0 0 0 0 1 
1 0 0 0 0 0 0 0 # 1 
1 1 1 1 1 1 1 1 1 1 
R58 T6

Map
1 1 1 1 1 1 1 1 1 1 
1 # # 1 0 # 1 0 0 1 
1 0 0 0 F 1 0 0 H 1 
1 0 0 0 0 # # 0 0 1 
1 0 0 F 0 0 F 0 F 1 
G 0 0 # F 1 0 0 1 1 
1 F 0 0 1 1 0 0 0 1 
S 0 0 1 0 0 0 0 0 1 
1 0 0 0 # # F F F 1 
1 1 1 1 1 1 1 1 1 1 
D26 T6

Map
1 1 1 1 1 1 1 1 1 1 
1 H 0 0 0 0 1 # 0 1 
S # 0 0 0 0 0 0 0 1 
1 H 0 0 0 0 0 0 0 1 
G 0 0 0 0 0 0 0 0 1 
1 0 H 0 0 0 0 0 0 1 
1 0 0 0 0 0 0 0 0 1 
1 # 0 # 0 0 0 0 0 1 
1 0 1 0 0 0 0 H 0 1 
1 1 1 1 1 1 1 1 1 1 
U33 T6

Map
1 1 G 1 1 1 1 1 1 1 
1 0 0 0 1 0 0 0 0 1 
1 0 0 # 0 0 0 1 0 1 
1 0 F 0 0 0 0 # 0 1 
1 0 0 0 0 0 0 # 0 1 
1 0 0 # 0 0 0 0 1 1 
1 # 0 0 1 0 0 0 0 1 
S F 0 # F 0 0 0 0 1 
1 F # 0 0 0 0 0 0 1 
1 1 1 1 1 1 1 1 1 1 
U25 T7

Map
1 1 1 S 1 1 1 G 1 1 
1 1 0 0 1 0 0 0 0 1 
1 0 0 1 # 0 1 0 # 1 
1 0 0 0 # 0 0 H 0 1 
1 0 0 0 0 0 1 0 0 1 
1 0 0 0 H 0 # 0 0 1 
1 # 0 0 0 # 0 0 0 1 
1 0 # 0 0 0 0 0 0 1 
1 # 0 0 0 0 0 0 0 1 
1 1 1 1 1 1 1 1 1 1 
U72 T6

Map
1 1 1 1 1 1 1 1 1 1 
G F F # 0 1 1 0 1 1 
1 0 # 0 0 0 0 0 0 1 
1 1 F 0 0 H 0 0 0 1 
1 0 F 0 1 0 H F 0 1 
1 0 F # 0 # 0 1 0 1 
S 0 # 0 # H 1 0 H 1 
1 0 0 0 # 0 0 0 F 1 
1 0 # 0 0 H 0 0 0 1 
1 1 1 1 1 1 1 1 1 1 
D45 T6

Map
1 1 1 1 1 1 1 1 1 1 
1 1 0 0 F F 1 0 0 1 
1 0 0 0 1 # 0 0 H 1 
1 0 0 0 # # 0 0 # 1 
S 0 # F 0 # 0 0 0 1 
1 0 F 0 0 0 0 H H 1 
G 0 F 0 H # 0 0 0 1 
1 0 F H 0 0 0 0 0 1 
1 0 0 0 # F # 0 F 1 
1 1 1 1 1 1 1 1 1 1 
U15 T8

Map
1 1 1 1 1 1 1 1 1 1 
G # 0 0 0 1 1 0 0 1 
1 # 0 1 0 # 1 0 0 1 
1 0 H 0 0 0 0 0 F 1 
1 1 0 0 0 # # # 0 1 
1 0 0 H 0 F 0 0 0 1 
S 0 0 1 0 0 0 0 0 1 
1 0 0 0 # 0 0 0 0 1 
1 0 0 0 0 0 0 0 1 1 
1 1 1 1 1 1 1 1 1 1 
L86 T6

Map
1 1 S 1 1 G 1 1 1 1 
1 0 0 0 1 0 F 0 0 1 
1 F 0 # 0 0 0 F 0 1 
1 H H F F 0 0 0 # 1 
1 0 0 F 0 0 # 0 H 1 
1 0 0 0 0 0 F 0 0 1 
1 # 0 0 0 0 # H 0 1 
1 0 0 # 0 0 0 0 0 1 
1 0 H 0 0 0 0 0 F 1 
1 1 1 1 1 1 1 1 1 1 
R22 T6

Map
1 1 1 1 1 1 1 1 1 1 
1 0 0 0 1 0 0 F 0 1 
1 0 0 0 0 0 0 0 0 1 
1 F 0 0 0 0 0 0 0 1 
1 0 0 0 0 F 0 0 0 1 
S 0 0 0 0 0 0 F 0 1 
1 0 0 F 0 # F 0 0 1 
G 0 0 0 0 0 # 0 F 1 
1 0 # 0 # 0 0 # 0 1 
1 1 1 1 1 1 1 1 1 1 
U16 T6

Map
1 1 1 1 1 1 S 1 1 1 
1 # 0 0 1 0 0 F F 1 
1 0 0 0 F 0 0 1 0 1 
1 0 0 0 F F 0 F # 1 
1 0 0 0 0 0 0 0 0 1 
G # 0 # 0 1 0 # 0 1 
1 F 0 F 0 F 0 # # 1 
1 0 0 0 0 F 1 F 0 1 
1 0 # 0 0 0 # 0 1 1 
1 1 1 1 1 1 1 1 1 1 
L25 T6

Map
1 S 1 1 1 1 1 1 1 1 
1 0 # 0 1 F 0 0 0 1 
1 0 0 F 0 0 0 0 1 1 
1 0 0 F 0 0 # 1 0 1 
1 0 0 0 1 F 0 0 0 1 
1 0 H 0 # 0 0 0 # 1 
1 0 F F 0 0 F 0 0 1 
G 0 F 0 0 1 0 # F 1 
1 0 0 0 F 0 0 1 0 1 
1 1 1 1 1 1 1 1 1 1 
U16 T6

Map
1 1 1 1 1 1 1 1 1 1 
1 0 0 0 1 0 0 0 0 1 
S 0 H 0 0 0 0 0 0 1 
1 0 0 0 0 0 1 0 0 1 
1 0 0 0 F 0 0 0 0 1 
1 1 1 F 0 0 0 0 0 1 
G 0 0 0 # 0 0 0 0 1 
1 0 0 0 0 0 0 0 1 1 
1 0 0 0 0 0 0 0 F 1 
1 1 1 1 1 1 1 1 1 1 
U13 T6

Map
1 1 1 1 G 1 1 1 1 1 
1 0 0 0 0 0 # 0 1 1 
1 0 0 0 F 0 0 0 0 1 
1 0 0 0 H 0 0 0 0 1 
1 0 0 0 0 # 0 0 0 1 
S 0 0 0 0 0 0 F 0 1 
1 0 0 0 0 # 0 # 1 1 
1 0 1 0 0 0 0 0 0 1 
1 0 0 # 0 0 0 0 0 1 
1 1 1 1 1 1 1 1 1 1 
D51 T7

Map
1 1 1 1 1 1 1 1 1 1 
1 1 # F 0 0 0 0 0 1 
G 0 0 1 0 0 0 0 0 1 
1 0 0 0 0 0 # 0 0 1 
1 # 0 0 # 0 0 0 # 1 
S # # F 1 0 0 0 0 1 
1 0 0 0 0 0 # 0 0 1 
1 0 0 0 0 0 0 0 0 1 
1 1 0 0 0 1 0 0 0 1 
1 1 1 1 1 1 1 1 1 1 
D24 T6

Map
1 1 S 1 G 1 1 1 1 1 
1 0 0 0 0 0 0 0 0 1 
1 0 0 0 0 0 0 0 0 1 
1 0 0 0 0 0 0 0 0 1 
1 0 0 0 0 0 0 0 0 1 
1 1 0 0 0 0 0 0 0 1 
1 0 0 0 0 0 1 0 0 1 
1 0 0 0 1 0 0 0 0 1 
1 0 0 0 0 0 0 0 0 1 
1 1 1 1 1 1 1 1 1 1 
L31 T6

Map
1 1 1 1 G 1 1 1 1 1 
1 0 0 F 0 0 H 0 0 1 
1 1 0 F 0 1 0 0 0 1 
S 0 0 0 1 0 0 0 0 1 
1 0 0 0 F 0 0 0 0 1 
1 0 0 1 # 1 0 H # 1 
1 0 0 0 0 0 0 0 0 1 
1 0 0 F 0 # 0 1 0 1 
1 0 0 1 0 0 0 0 F 1 
1 1 1 1 1 1 1 1 1 1 
U42 T6

Map
1 1 1 1 1 1 1 1 1 1 
1 0 1 0 0 0 0 0 0 1 
1 0 0 0 0 0 0 0 0 1 
1 0 0 1 0 H 0 1 0 1 
G F 0 F 0 1 0 0 0 1 
S 0 0 0 F 0 0 0 0 1 
1 0 0 0 H 0 0 0 0 1 
1 F 0 0 0 0 0 0 1 1 
1 0 0 0 F 0 0 0 0 1 
1 1 1 1 1 1 1 1 1 1 
L24 T6

Map
1 1 1 1 1 1 1 1 1 1 
S 0 0 0 0 0 # 0 0 1 
1 F 0 1 1 0 0 0 0 1 
1 0 0 0 0 0 # 0 0 1 
1 0 # 0 1 0 0 0 F 1 
1 F 0 0 0 0 0 0 0 1 
1 1 0 0 0 0 # 0 0 1 
G 0 # 0 0 0 0 0 0 1 
1 0 0 0 0 F 1 1 F 1 
1 1 1 1 1 1 1 1 1 1 
L87 T7

Map
1 1 1 1 1 1 1 1 1 1 
1 0 0 0 0 0 F 0 0 1 
1 0 0 1 # 0 # 0 # 1 
G 0 0 F 1 0 F 0 1 1 
1 F 0 0 0 H 0 0 H 1 
S 0 0 0 0 0 F 0 0 1 
1 1 0 F 0 0 0 F 0 1 
1 0 H H 1 0 1 0 0 1 
1 # 0 0 0 0 1 0 1 1 
1 1 1 1 1 1 1 1 1 1 
L23 T6

Map
1 1 1 1 1 S 1 G 1 1 
1 0 0 1 0 0 F 0 0 1 
1 0 0 0 0 0 0 0 0 1 
1 0 0 0 0 0 0 0 H 1 
1 0 0 0 0 0 0 0 0 1 
1 0 0 0 H 0 H 0 0 1 
1 0 0 0 0 0 0 0 0 1 
1 0 1 0 0 0 0 0 0 1 
1 0 0 0 0 0 0 0 0 1 
1 1 1 1 1 1 1 1 1 1 
L68 T8

Map
1 1 1 1 1 1 1 1 1 1 
1 0 0 0 0 0 0 0 0 1 
1 # 0 0 0 0 0 # 0 1 
G 0 0 0 0 0 0 0 0 1 
1 0 0 0 0 0 # 0 0 1 
S 0 0 0 0 0 0 0 0 1 
1 0 0 0 0 0 0 0 0 1 
1 0 0 0 0 H 0 0 0 1 
1 0 0 0 0 0 0 0 0 1 
1 1 1 1 1 1 1 1 1 1 
D14 T6

Map
1 1 1 1 1 1 1 G 1 1 
1 0 0 0 0 1 F 0 H 1 
1 0 0 1 0 0 0 0 1 1 
1 0 0 F F 0 0 1 F 1 
S # 0 0 1 0 F 0 0 1 
1 0 0 0 0 0 0 0 0 1 
1 0 0 0 0 0 1 0 0 1 
1 F F 0 F H 0 0 0 1 
1 0 0 1 0 0 0 0 0 1 
1 1 1 1 1 1 1 1 1 1 
U25 T9

Map
1 1 1 1 1 G 1 S 1 1 
1 0 0 0 # 0 0 0 0 1 
1 0 1 0 0 # # 0 1 1 
1 0 0 1 0 # 0 # 1 1 
1 0 0 0 0 0 0 0 0 1 
1 0 # 0 0 0 0 0 0 1 
1 0 0 0 # 0 0 # 1 1 
1 0 1 0 0 0 0 0 0 1 
1 0 0 # # 0 0 0 0 1 
1 1 1 1 1 1 1 1 1 1 
R68 T7

Map
1 1 1 1 1 1 1 1 1 1 
1 0 0 0 0 0 0 0 H 1 
1 H 0 0 0 0 0 # 0 1 
1 1 H 0 0 F 0 0 F 1 
1 F 0 0 H H 0 1 0 1 
G 0 0 1 0 0 0 0 0 1 
1 0 F 0 0 0 0 0 0 1 
S 0 0 F 0 0 0 0 1 1 
1 0 0 0 0 0 0 H 0 1 
1 1 1 1 1 1 1 1 1 1 
L25 T6

Map
1 1 1 1 1 1 1 1 1 1 
1 0 0 0 0 0 0 0 1 1 
1 0 0 0 0 1 0 0 0 1 
S 0 0 0 0 0 0 0 0 1 
1 H 0 0 0 0 0 0 0 1 
G 0 0 1 0 0 0 0 0 1 
1 0 F 0 0 1 0 0 0 1 
1 0 0 0 # 0 0 0 0 1 
1 0 0 1 0 0 0 1 0 1 
1 1 1 1 1 1 1 1 1 1 
L25 T7

Map
1 1 G 1 S 1 1 1 1 1 
1 0 F H 0 0 0 0 F 1 
1 # 0 0 0 0 0 0 1 1 
1 H F 1 0 0 1 0 0 1 
1 0 F 0 1 0 F 0 0 1 
1 0 F 0 0 1 0 0 0 1 
1 0 0 # 0 0 0 0 0 1 
1 0 0 0 0 0 0 1 0 1 
1 0 0 # 0 1 # 0 0 1 
1 1 1 1 1 1 1 1 1 1 
U27 T8

Map
1 1 1 1 1 G 1 1 1 1 
S 0 0 0 0 0 0 0 0 1 
1 0 0 F F 0 0 0 0 1 
1 0 0 0 0 0 0 0 0 1 
1 0 0 0 F 0 0 0 F 1 
1 0 F 0 0 F 0 0 0 1 
1 0 0 0 0 0 0 0 0 1 
1 0 0 0 0 1 0 0 0 1 
1 0 0 0 0 0 0 0 0 1 
1 1 1 1 1 1 1 1 1 1 
L41 T6

Map
1 1 1 1 1 S 1 G 1 1 
1 0 0 1 0 0 0 0 0 1 
1 # 0 0 0 1 0 0 0 1 
1 F F 0 0 0 F 0 0 1 
1 0 0 0 0 0 0 0 0 1 
1 0 0 0 0 1 # H # 1 
1 0 0 0 0 H H F 0 1 
1 0 1 0 0 # 0 0 0 1 
1 0 0 0 1 0 # 0 0 1 
1 1 1 1 1 1 1 1 1 1 
L61 T6

Map
1 1 1 S 1 1 1 1 1 1 
1 0 0 F 0 0 0 0 0 1 
1 F 1 0 0 0 1 1 F 1 
1 0 F 1 F 0 0 0 0 1 
1 # 0 1 F 0 0 0 0 1 
G 0 F 0 0 1 0 0 0 1 
1 F F 0 0 F 0 0 0 1 
1 0 0 0 1 0 0 0 1 1 
1 # 0 0 0 0 0 0 0 1 
1 1 1 1 1 1 1 1 1 1 
U37 T7

Map
1 1 1 1 1 1 1 1 1 1 
1 0 # 0 0 0 0 0 0 1 
1 0 0 0 0 0 0 0 0 1 
1 0 # 0 0 1 0 F 0 1 
1 0 0 0 0 0 0 F F 1 
G 0 # F 0 0 1 0 0 1 
1 0 0 0 0 0 0 0 0 1 
S F 0 0 1 0 0 0 F 1 
1 0 0 0 F 0 0 0 0 1 
1 1 1 1 1 1 1 1 1 1 
D16 T6

Map
1 S 1 1 1 1 1 1 1 1 
1 0 0 0 0 0 0 0 0 1 
1 0 0 0 0 0 # 0 0 1 
1 0 0 # # 0 0 0 # 1 
1 0 0 0 0 0 0 0 0 1 
G 0 1 0 F 0 0 0 0 1 
1 0 0 0 0 1 0 1 0 1 
1 0 0 0 0 0 0 0 0 1 
1 0 1 0 0 0 F 0 1 1 
1 1 1 1 1 1 1 1 1 1 
U14 T6

Map
1 S 1 1 1 1 1 1 1 1 
1 0 0 0 0 0 0 0 0 1 
1 0 0 0 0 0 0 0 0 1 
1 0 F # 0 0 0 0 0 1 
G # F # 0 1 0 0 0 1 
1 # 0 # # 0 0 0 0 1 
1 0 0 0 # 0 0 0 # 1 
1 0 0 0 0 F # 0 0 1 
1 # # 1 0 0 0 0 1 1 
1 1 1 1 1 1 1 1 1 1 
U13 T6

Map
1 1 1 1 1 1 1 1 1 1 
1 0 # 0 0 0 0 0 0 1 
1 0 0 0 0 1 0 0 0 1 
S 0 0 0 0 0 0 0 0 1 
1 0 0 0 0 0 0 0 0 1 
G # 0 0 0 0 # 0 0 1 
1 # 0 0 0 0 0 0 0 1 
1 0 0 0 0 0 # 0 0 1 
1 # 0 0 0 0 0 # 0 1 
1 1 1 1 1 1 1 1 1 1 
U14 T6

Map
1 1 1 G 1 S 1 1 1 1 
1 0 0 0 0 0 0 0 0 1 
1 0 0 0 H # 0 0 0 1 
1 0 0 0 0 0 0 0 0 1 
1 0 0 0 0 0 0 # 0 1 
1 0 0 # 0 0 0 0 0 1 
1 0 # 0 0 0 0 0 0 1 
1 0 0 0 0 0 0 0 0 1 
1 0 0 0 0 0 0 0 0 1 
1 1 1 1 1 1 1 1 1 1 
R41 T6

Map
1 S 1 1 1 1 1 1 1 1 
1 0 0 0 0 0 0 0 0 1 
1 0 H 0 F 0 # 0 0 1 
1 # # F 0 0 F 0 0 1 
1 0 0 0 0 0 0 0 0 1 
1 0 0 F 0 0 H F 0 1 
G 0 1 F 0 H F 0 0 1 
1 0 # 0 H 0 0 1 F 1 
1 0 0 0 0 0 0 # 0 1 
1 1 1 1 1 1 1 1 1 1 
U15 T6

Map
1 1 1 1 1 1 1 G 1 1 
1 0 0 0 0 0 F 0 0 1 
1 0 # 0 H 1 0 F 0 1 
1 0 0 0 H 1 0 F 0 1 
1 0 # F H 0 # F 0 1 
1 0 1 0 0 0 0 0 0 1 
1 F 0 # 0 0 F 0 1 1 
S 0 F 0 0 0 F 1 0 1 
1 0 0 0 0 0 F # F 1 
1 1 1 1 1 1 1 1 1 1 
L37 T8

Map
1 1 1 1 1 1 1 1 1 1 
1 0 0 F 0 F H 0 # 1 
1 0 0 H 0 # F 0 0 1 
1 0 H 0 0 0 0 0 0 1 
S 0 0 1 0 # 0 0 0 1 
1 0 0 0 0 F 0 0 0 1 
1 1 0 0 0 0 0 0 0 1 
G 0 H 0 0 0 0 0 0 1 
1 0 0 0 0 0 0 1 H 1 
1 1 1 1 1 1 1 1 1 1 
D44 T7

Map
1 1 1 1 1 G 1 S 1 1 
1 0 0 0 0 0 0 0 0 1 
1 0 0 0 0 0 F 0 0 1 
1 # 0 0 0 0 0 0 0 1 
1 0 0 0 0 0 0 0 0 1 
1 0 0 0 0 0 0 0 0 1 
1 0 0 0 0 0 0 0 0 1 
1 0 0 0 0 H 0 0 0 1 
1 0 0 0 0 0 0 F 0 1 
1 1 1 1 1 1 1 1 1 1 
R61 T6

Map
1 1 1 S 1 G 1 1 1 1 
1 0 0 0 0 0 0 0 0 1 
1 F 0 0 F # 0 # F 1 
1 0 # 1 # 0 # 1 0 1 
1 0 0 0 F 0 F 0 0 1 
1 0 0 0 # 0 0 0 0 1 
1 0 0 0 F 0 0 # 0 1 
1 0 0 H 0 0 0 1 0 1 
1 0 0 # 0 # 0 0 0 1 
1 1 1 1 1 1 1 1 1 1 
L41 T6

Map
1 1 1 1 1 1 S 1 1 1 
1 F F 1 0 0 0 0 0 1 
1 0 0 1 0 0 H 0 0 1 
1 H 0 1 0 F 0 0 0 1 
1 1 0 0 0 0 0 0 0 1 
G 0 0 0 0 0 H 0 # 1 
1 0 0 1 0 0 0 F 0 1 
1 0 0 0 0 0 # 0 0 1 
1 0 1 0 1 0 0 0 0 1 
1 1 1 1 1 1 1 1 1 1 
R51 T9

Map
1 1 1 1 G 1 1 1 1 1 
1 0 0 0 0 1 0 0 F 1 
1 0 H 0 0 1 0 F 0 1 
1 F F 0 0 0 0 1 0 1 
1 1 0 0 0 F 0 0 F 1 
1 0 0 0 1 0 0 F 0 1 
1 0 0 0 0 0 0 0 0 1 
S F 0 F 0 0 0 1 0 1 
1 F 1 0 0 0 0 0 F 1 
1 1 1 1 1 1 1 1 1 1 
L76 T7

Map
1 1 1 1 1 1 1 1 1 1 
1 1 0 0 1 0 0 0 H 1 
S # 1 0 F # 0 0 0 1 
1 0 0 0 0 0 1 0 0 1 
1 1 0 # 0 0 # 0 0 1 
G 0 0 1 H # 0 0 0 1 
1 0 # 0 0 0 0 0 H 1 
1 0 0 0 0 0 0 0 0 1 
1 0 0 0 1 0 0 # 0 1 
1 1 1 1 1 1 1 1 1 1 
L66 T6

Map
1 1 1 1 S 1 1 1 1 1 
G 0 0 1 0 0 0 0 0 1 
1 0 F 0 F 0 0 F 0 1 
1 0 0 H 0 0 0 0 0 1 
1 0 0 F 0 0 0 0 F 1 
1 0 0 0 H 0 0 F 0 1 
1 0 F 0 0 0 F 0 0 1 
1 0 0 0 0 0 0 0 0 1 
1 0 0 0 0 0 0 0 0 1 
1 1 1 1 1 1 1 1 1 1 
U43 T6

Map
1 1 1 G 1 1 1 1 1 1 
1 F 1 0 F 0 # 0 1 1 
1 0 0 0 0 1 0 0 0 1 
1 0 H 0 0 0 0 0 0 1 
1 1 0 0 F 0 1 0 0 1 
S # 0 1 0 # 0 0 0 1 
1 0 0 F 0 0 0 0 0 1 
1 0 0 1 H 0 0 0 0 1 
1 0 0 0 0 0 0 0 F 1 
1 1 1 1 1 1 1 1 1 1 
R16 T7

Map
1 1 1 1 1 1 1 1 1 1 
1 0 0 0 0 0 0 0 0 1 
1 0 0 H 0 H 0 0 0 1 
1 0 0 0 H 0 # 0 0 1 
1 0 # 0 H H 0 0 0 1 
G 0 0 0 0 0 0 0 0 1 
1 H 0 0 0 0 0 0 0 1 
S 0 0 0 0 0 0 0 # 1 
1 0 0 0 0 1 0 0 0 1 
1 1 1 1 1 1 1 1 1 1 
D86 T6

Map
1 1 1 1 1 1 1 1 1 1 
1 0 F F 0 0 0 0 F 1 
1 0 0 F # # 0 0 H 1 
G 0 F 0 0 0 0 0 0 1 
1 0 F 0 0 0 F F 0 1 
S 0 F 0 0 0 0 0 0 1 
1 0 0 0 0 0 0 0 # 1 
1 0 # 0 0 0 1 # 0 1 
1 1 0 0 0 0 # 0 # 1 
1 1 1 1 1 1 1 1 1 1 
D14 T6

Map
1 1 1 1 G 1 1 S 1 1 
1 0 0 0 0 0 0 0 0 1 
1 0 0 0 0 H 0 0 # 1 
1 0 1 0 0 0 0 # 0 1 
1 0 H 0 1 0 1 0 0 1 
1 0 0 1 0 0 0 0 1 1 
1 0 0 0 0 0 # 0 0 1 
1 0 0 F 1 0 0 F 0 1 
1 1 0 0 0 0 0 0 0 1 
1 1 1 1 1 1 1 1 1 1 
U42 T7

Map
1 1 1 1 1 1 G 1 1 1 
1 0 F 0 0 0 0 0 0 1 
1 0 H 0 0 H 0 # 1 1 
1 0 F 1 0 0 0 0 H 1 
1 1 # # 0 0 0 0 H 1 
1 0 F F # 1 0 0 # 1 
S 0 0 0 0 0 0 # 0 1 
1 0 0 0 0 0 H 0 0 1 
1 0 0 0 0 1 0 # # 1 
1 1 1 1 1 1 1 1 1 1 
U62 T6

Map
1 1 1 1 1 1 1 S 1 1 
1 0 0 0 0 0 0 0 0 1 
1 0 0 0 0 0 # 1 0 1 
1 0 1 0 0 0 0 # 0 1 
G # 0 # H # 0 0 0 1 
1 0 # 0 0 0 1 1 0 1 
1 0 0 0 0 0 0 # # 1 
1 0 0 0 0 0 0 0 1 1 
1 0 1 0 # 0 0 0 1 1 
1 1 1 1 1 1 1 1 1 1 
U27 T6

Map
1 1 1 1 1 1 1 1 1 1 
1 0 0 0 1 # 0 # 0 1 
1 0 0 0 0 H # 0 0 1 
1 0 0 H 0 0 H 0 # 1 
S 0 0 0 # # 0 0 # 1 
1 # 0 0 0 H 0 0 0 1 
1 1 0 0 0 0 0 0 H 1 
G 0 0 0 # # 1 0 0 1 
1 H 0 1 0 1 F 0 0 1 
1 1 1 1 1 1 1 1 1 1 
U45 T6

Map
1 1 1 1 1 G 1 1 1 1 
1 0 1 0 H 0 # 0 0 1 
1 0 0 0 0 0 0 0 0 1 
1 0 0 0 0 0 0 0 0 1 
1 0 0 0 0 0 1 0 0 1 
1 1 0 0 0 0 0 0 F 1 
1 0 0 0 0 1 F 0 1 1 
S 0 0 # 0 0 0 0 0 1 
1 0 # 0 0 0 0 0 0 1 
1 1 1 1 1 1 1 1 1 1 
R34 T6

Map
1 1 1 1 G 1 1 1 1 1 
S 0 # 0 0 # 0 0 0 1 
1 0 1 F F 0 0 F 0 1 
1 0 # 0 0 0 0 0 0 1 
1 0 0 0 0 0 0 # 0 1 
1 0 0 0 0 # 0 0 0 1 
1 1 F 1 1 0 0 0 0 1 
1 0 0 0 # 0 0 0 F 1 
1 0 0 0 0 0 0 # F 1 
1 1 1 1 1 1 1 1 1 1 
L31 T6

Map
1 1 1 1 1 1 1 1 1 1 
1 0 0 0 0 0 0 0 0 1 
1 0 0 0 0 0 0 0 1 1 
1 0 0 0 0 0 # 0 0 1 
1 0 0 1 0 0 0 0 0 1 
G 0 # 0 F 0 0 0 0 1 
1 0 0 0 0 1 0 0 0 1 
S 0 0 0 F 1 0 1 0 1 
1 0 0 0 0 # 0 # 0 1 
1 1 1 1 1 1 1 1 1 1 
D16 T6

Map
1 1 1 1 S 1 G 1 1 1 
1 0 0 0 F 0 0 0 0 1 
1 0 0 0 # 0 0 0 # 1 
1 0 F # 0 0 0 # 0 1 
1 0 0 0 0 0 # 0 0 1 
1 0 0 1 0 1 0 0 1 1 
1 0 # 0 # 0 # F 0 1 
1 0 0 F H 0 0 1 0 1 
1 0 0 0 0 0 0 0 0 1 
1 1 1 1 1 1 1 1 1 1 
L56 T6

Map
1 1 1 1 1 S 1 1 1 1 
1 0 0 0 0 0 0 F 0 1 
1 1 0 # F F 0 0 0 1 
G 0 0 0 0 0 0 0 0 1 
1 0 0 0 # 0 0 0 0 1 
1 0 0 0 0 0 0 0 1 1 
1 0 # F 0 0 0 0 0 1 
1 0 0 0 0 0 1 F H 1 
1 H 0 0 0 0 0 0 F 1 
1 1 1 1 1 1 1 1 1 1 
U53 T6

Map
1 1 1 S 1 1 1 1 1 1 
1 0 1 0 0 # 0 0 0 1 
1 # # 0 H 0 0 0 # 1 
1 0 0 0 0 0 0 0 0 1 
1 0 0 1 0 0 0 0 0 1 
1 0 F 0 0 0 1 0 0 1 
1 0 F 0 1 0 0 0 0 1 
G 0 0 0 0 0 0 # 0 1 
1 H 0 0 0 H 1 0 # 1 
1 1 1 1 1 1 1 1 1 1 
R76 T7

Map
1 1 1 1 1 1 1 1 1 1 
1 0 H 0 0 0 0 0 1 1 
S 0 0 0 0 1 0 0 0 1 
1 0 0 0 0 # F 0 0 1 
1 1 0 0 0 0 # 0 0 1 
1 0 F 0 0 0 # 0 0 1 
1 # H 1 0 H 1 F 0 1 
G 0 0 H H 0 1 0 H 1 
1 0 0 0 0 # 0 0 0 1 
1 1 1 1 1 1 1 1 1 1 
L27 T6

Map
1 1 G 1 S 1 1 1 1 1 
1 0 0 0 0 0 0 0 0 1 
1 0 F H 0 0 0 0 H 1 
1 0 0 0 0 0 0 0 0 1 
1 0 0 1 0 0 0 0 0 1 
1 0 0 0 0 0 0 0 0 1 
1 0 0 0 0 0 0 0 1 1 
1 1 0 0 0 0 1 0 0 1 
1 0 1 0 H 0 0 0 0 1 
1 1 1 1 1 1 1 1 1 1 
R36 T6

Map
1 1 1 1 1 1 1 1 1 1 
1 0 0 0 0 0 # 0 0 1 
1 0 0 0 0 0 0 0 0 1 
1 F 0 0 0 0 0 0 F 1 
1 0 0 0 0 0 0 F 0 1 
G 0 F 0 0 # 0 F 0 1 
1 0 0 0 0 1 0 0 0 1 
S 0 0 0 0 0 1 F 0 1 
1 0 F F 0 0 0 0 1 1 
1 1 1 1 1 1 1 1 1 1 
D16 T6

Map
1 1 1 1 1 1 1 1 1 1 
1 0 0 # 0 0 0 0 0 1 
1 0 # 0 0 0 # 0 0 1 
1 0 # 0 0 0 0 1 0 1 
S 0 0 0 0 0 0 F 0 1 
1 0 # 0 0 0 0 0 0 1 
G 0 0 0 0 0 0 0 F 1 
1 0 # 0 0 F F 0 0 1 
1 0 0 0 0 0 0 0 # 1 
1 1 1 1 1 1 1 1 1 1 
U15 T6

Map
1 1 1 S 1 G 1 1 1 1 
1 0 0 0 0 0 0 0 0 1 
1 0 0 0 0 0 0 0 # 1 
1 1 H F 0 0 0 0 0 1 
1 # 0 0 0 0 0 H 0 1 
1 0 0 0 0 H 0 0 0 1 
1 # 0 0 H 0 0 0 0 1 
1 0 0 H 0 F 0 0 0 1 
1 0 0 0 0 0 0 0 0 1 
1 1 1 1 1 1 1 1 1 1 
L41 T6

Map
1 1 1 1 1 1 1 1 1 1 
1 0 0 0 0 0 F H 0 1 
G 0 0 0 0 0 0 # F 1 
1 0 0 0 0 0 0 0 1 1 
S 0 0 F 1 # # F 1 1 
1 0 F H 0 0 0 0 0 1 
1 0 0 0 0 0 1 0 0 1 
1 1 0 0 0 0 1 H 0 1 
1 0 H 0 0 0 0 0 0 1 
1 1 1 1 1 1 1 1 1 1 
D13 T6

Map
1 1 1 1 1 1 1 1 1 1 
1 0 0 0 0 0 0 0 0 1 
S 0 0 0 0 0 0 0 0 1 
1 0 0 0 0 0 0 F 0 1 
G 0 0 H 0 0 F 0 0 1 
1 0 0 0 0 0 0 0 0 1 
1 0 0 0 0 # 0 0 0 1 
1 0 0 0 0 0 0 0 F 1 
1 0 0 0 0 0 0 0 0 1 
1 1 1 1 1 1 1 1 1 1 
U13 T6

Map
1 S 1 1 1 1 G 1 1 1 
1 0 F 0 1 0 0 F 1 1 
1 0 1 0 # 0 0 0 0 1 
1 1 0 0 0 0 0 1 0 1 
1 0 0 0 0 0 H 0 0 1 
1 0 0 # 1 # 0 0 0 1 
1 1 0 0 0 0 0 0 0 1 
1 0 # 0 0 0 0 F 0 1 
1 # 0 0 # 0 0 F 0 1 
1 1 1 1 1 1 1 1 1 1 
U63 T7

Map
1 1 1 1 1 1 1 1 1 1 
1 0 0 F 0 0 0 # 0 1 
S 0 0 0 # 1 0 0 0 1 
G F F 0 H 0 0 0 0 1 
1 0 0 0 0 0 0 0 0 1 
1 0 # 1 0 H 0 0 0 1 
1 0 0 0 F 0 # 0 0 1 
1 # 0 0 F F 0 0 0 1 
1 1 0 0 0 0 0 0 0 1 
1 1 1 1 1 1 1 1 1 1 
L33 T6

Map
1 1 G 1 1 1 1 1 1 1 
1 0 0 0 0 0 0 0 0 1 
S 0 0 0 0 0 0 H 0 1 
1 1 0 0 0 0 0 0 0 1 
1 0 0 0 0 0 0 0 0 1 
1 0 0 0 0 0 0 0 0 1 
1 0 0 0 0 0 0 0 1 1 
1 0 0 0 0 0 H 0 0 1 
1 0 0 0 0 0 1 1 H 1 
1 1 1 1 1 1 1 1 1 1 
L52 T10

Map
1 1 1 1 1 S 1 G 1 1 
1 1 0 0 0 0 0 0 0 1 
1 0 0 0 0 0 0 1 0 1 
1 0 0 0 0 0 0 0 0 1 
1 0 0 0 0 0 0 0 0 1 
1 0 0 0 0 0 0 1 0 1 
1 0 0 0 0 0 0 0 0 1 
1 0 0 0 0 0 0 0 0 1 
1 0 0 0 # 0 1 1 1 1 
1 1 1 1 1 1 1 1 1 1 
L61 T10

Map
1 1 1 1 1 1 1 1 1 1 
1 0 0 F 0 # # 0 0 1 
1 # 0 0 1 0 # 0 F 1 
S 0 0 0 0 # 0 0 0 1 
1 0 0 0 0 0 0 0 0 1 
G 0 0 F F 0 F 0 0 1 
1 0 0 0 0 0 0 0 # 1 
1 # F 0 0 F 0 0 0 1 
1 0 0 0 0 0 0 0 # 1 
1 1 1 1 1 1 1 1 1 1 
U14 T6

Map
1 1 1 1 1 1 1 G 1 1 
1 F H 0 0 0 0 0 0 1 
1 0 0 0 0 0 0 # 1 1 
1 0 0 F 0 0 0 0 0 1 
1 F # # 0 0 0 0 F 1 
S 0 0 # 0 0 0 0 # 1 
1 0 0 # F 1 1 0 0 1 
1 0 # 0 F # F 0 F 1 
1 0 0 1 1 F F 0 0 1 
1 1 1 1 1 1 1 1 1 1 
R12 T6

Map
1 1 1 1 1 1 1 1 1 1 
1 0 0 0 # 0 0 0 0 1 
1 # 0 0 0 0 0 0 0 1 
1 # F F 0 F 0 0 0 1 
1 0 0 0 0 H 0 0 # 1 
S 0 0 0 0 0 0 0 0 1 
1 0 0 1 0 1 0 F 0 1 
G 0 0 0 0 0 1 0 0 1 
1 0 0 0 0 1 1 0 0 1 
1 1 1 1 1 1 1 1 1 1 
U46 T6

Map
1 1 1 1 1 S 1 G 1 1 
1 0 # 0 0 0 0 0 0 1 
1 0 0 0 # 0 # H # 1 
1 # 0 0 # 1 0 0 0 1 
1 0 # 0 0 0 1 0 # 1 
1 0 0 H 0 0 0 H # 1 
1 0 0 0 0 0 0 0 # 1 
1 0 0 H 0 1 0 0 # 1 
1 0 0 0 0 0 0 0 0 1 
1 1 1 1 1 1 1 1 1 1 
L61 T6

Map
1 1 S 1 G 1 1 1 1 1 
1 1 0 1 0 0 1 0 0 1 
1 0 0 0 0 0 0 0 0 1 
1 F 0 0 0 F H 0 0 1 
1 0 0 0 # 0 0 0 0 1 
1 # 0 F 0 0 0 0 1 1 
1 0 0 F 0 F 0 0 H 1 
1 0 0 H 0 0 0 F 0 1 
1 0 0 0 F 0 0 0 0 1 
1 1 1 1 1 1 1 1 1 1 
L34 T6

Map
1 S 1 1 1 1 1 1 1 1 
1 0 0 0 # 0 0 0 0 1 
1 0 0 0 0 0 0 0 0 1 
1 0 0 0 0 0 0 0 0 1 
1 0 0 0 0 0 0 0 0 1 
G 0 0 0 H H 0 0 0 1 
1 0 0 0 # 0 0 H 0 1 
1 F 0 0 0 0 0 0 0 1 
1 0 0 0 0 0 0 0 0 1 
1 1 1 1 1 1 1 1 1 1 
U14 T6

Map
1 1 1 1 S 1 1 1 1 1 
1 0 0 # 0 # 0 0 0 1 
1 0 0 0 0 F H # 0 1 
G # 0 1 0 0 0 0 F 1 
1 0 0 0 0 # 0 0 0 1 
1 1 0 1 F 0 0 F 0 1 
1 0 0 0 0 0 0 0 0 1 
1 0 0 0 0 0 0 0 0 1 
1 0 0 # 0 1 H 0 0 1 
1 1 1 1 1 1 1 1 1 1 
L23 T7

Map
1 1 1 1 1 1 1 1 1 1 
1 0 0 1 0 0 0 0 0 1 
1 0 0 0 0 0 0 # 0 1 
G 0 0 0 0 # 0 # # 1 
1 0 0 0 0 0 0 0 # 1 
S 0 0 0 0 # 0 0 0 1 
1 0 0 0 0 0 0 0 0 1 
1 0 0 0 0 0 # 0 0 1 
1 0 0 0 0 0 1 0 0 1 
1 1 1 1 1 1 1 1 1 1 
D24 T6

Map
1 1 1 1 1 S 1 G 1 1 
1 0 0 0 0 0 0 0 0 1 
1 0 F 0 # 0 0 0 0 1 
1 0 0 # 0 0 # 1 0 1 
1 0 0 0 0 # 1 1 0 1 
1 1 0 1 # 0 0 0 0 1 
1 0 0 # 0 0 0 # # 1 
1 0 0 0 0 0 0 0 H 1 
1 0 # 0 0 1 F 0 # 1 
1 1 1 1 1 1 1 1 1 1 
L61 T10

Map
1 G 1 1 1 1 1 1 1 1 
1 0 0 0 0 0 0 0 0 1 
1 1 0 0 0 F 0 F 1 1 
1 H 0 H 0 0 0 H 0 1 
1 0 0 0 0 H H F # 1 
1 # 0 0 0 0 F 0 0 1 
S 0 1 # 0 0 0 0 # 1 
1 F 0 0 0 F 1 1 1 1 
1 0 0 1 # 0 0 0 F 1 
1 1 1 1 1 1 1 1 1 1 
D56 T9

Map
1 1 1 1 1 G 1 1 1 1 
1 0 F 0 H F 0 H 0 1 
1 0 0 0 1 0 0 0 1 1 
S 0 0 0 1 1 0 H F 1 
1 0 # H 0 0 F F 0 1 
1 0 0 1 0 0 # 0 0 1 
1 0 0 0 0 0 0 0 0 1 
1 F 0 0 0 0 0 0 0 1 
1 0 0 0 0 0 # 1 H 1 
1 1 1 1 1 1 1 1 1 1 
U52 T6

Map
1 1 1 1 1 1 1 1 1 1 
1 F 0 0 0 0 0 0 0 1 
S # 0 F 0 1 # F 0 1 
1 F 0 0 0 0 0 F 0 1 
1 0 0 # 0 0 0 0 F 1 
1 0 # 0 0 0 0 0 F 1 
1 0 F 0 1 0 0 0 # 1 
G 0 # 0 0 0 0 0 1 1 
1 F 0 # 1 0 F 0 0 1 
1 1 1 1 1 1 1 1 1 1 
L67 T6

Map
1 1 1 1 1 S 1 1 1 1 
G # 0 1 0 0 0 1 # 1 
1 1 0 0 0 0 0 0 # 1 
1 0 F 0 0 # 0 1 0 1 
1 F 0 1 0 0 0 # 0 1 
1 # 0 # 0 1 0 0 0 1 
1 F H 0 0 0 1 0 0 1 
1 0 0 1 # 0 0 0 0 1 
1 0 0 F 0 0 F # 0 1 
1 1 1 1 1 1 1 1 1 1 
R43 T7

Map
1 S 1 1 1 1 1 1 1 1 
1 0 0 0 # 0 0 0 0 1 
1 0 0 0 0 0 0 1 0 1 
1 0 0 F 0 0 0 0 0 1 
1 0 0 0 0 # 0 F 0 1 
1 0 0 0 0 0 0 0 F 1 
G 0 0 # 0 0 0 0 0 1 
1 0 0 0 F 0 0 # 0 1 
1 0 # 0 0 0 0 0 0 1 
1 1 1 1 1 1 1 1 1 1 
U15 T6

Map
1 1 1 1 1 1 1 1 1 1 
1 0 1 1 0 0 0 1 0 1 
1 1 0 0 F 0 0 0 F 1 
1 0 0 # 0 0 # 0 0 1 
1 0 0 F 0 0 0 0 1 1 
S F 0 0 F # 0 1 F 1 
1 # 0 0 0 0 0 0 0 1 
G 0 0 # # F 0 1 H 1 
1 # # 0 1 # # 0 0 1 
1 1 1 1 1 1 1 1 1 1 
U36 T6

Map
1 G 1 1 1 S 1 1 1 1 
1 0 0 0 0 0 0 0 0 1 
1 0 0 0 # H 0 0 0 1 
1 0 0 0 0 0 0 0 0 1 
1 0 # 0 0 0 H 0 0 1 
1 0 0 0 0 # H 0 0 1 
1 0 0 0 0 0 0 0 0 1 
1 1 1 0 0 0 1 0 0 1 
1 0 0 1 0 # 0 0 0 1 
1 1 1 1 1 1 1 1 1 1 
R41 T6

Map
1 1 1 1 1 1 1 S 1 1 
G 0 0 1 1 0 0 0 0 1 
1 0 0 H 0 F F 0 0 1 
1 1 0 # # # 0 1 0 1 
1 0 0 0 0 H # 0 F 1 
1 F 0 F # 1 # 0 # 1 
1 1 F 0 0 0 0 0 0 1 
1 0 0 F 0 1 0 1 0 1 
1 0 F H 0 0 H 0 0 1 
1 1 1 1 1 1 1 1 1 1 
L63 T6

Map
1 S 1 1 1 1 1 1 1 1 
1 0 0 0 0 # 0 0 0 1 
1 0 0 H 0 0 0 H 0 1 
1 0 0 0 0 0 0 F 0 1 
1 0 0 0 0 0 0 1 0 1 
1 0 0 0 # H 0 0 F 1 
G 0 F 0 0 0 # 0 0 1 
1 0 0 0 0 0 0 F 0 1 
1 0 0 0 0 0 0 0 0 1 
1 1 1 1 1 1 1 1 1 1 
U15 T6

Map
1 1 1 1 1 1 1 1 1 1 
1 # 0 0 0 0 0 # 0 1 
1 0 0 0 0 0 0 0 0 1 
S F 1 0 0 0 0 0 # 1 
1 0 0 0 0 0 0 # 1 1 
G # 0 1 0 F 0 # 0 1 
1 0 0 0 0 1 # F 0 1 
1 0 0 F 0 0 0 0 0 1 
1 0 0 0 F F 0 1 0 1 
1 1 1 1 1 1 1 1 1 1 
U14 T10

Map
1 S 1 1 1 1 1 G 1 1 
1 0 0 0 1 H 1 0 0 1 
1 0 0 0 F 0 0 # # 1 
1 F 0 0 F 1 1 0 # 1 
1 # # 0 0 F F 0 # 1 
1 H 0 0 F 0 H H 0 1 
1 1 0 0 0 0 # 0 # 1 
1 0 0 F 0 0 0 0 0 1 
1 1 # 0 0 F # 0 F 1 
1 1 1 1 1 1 1 1 1 1 
R12 T8

Map
1 1 1 1 1 1 G 1 1 1 
S 0 0 0 0 0 # F 0 1 
1 0 F 0 0 0 0 0 # 1 
1 F 0 0 F 0 # 0 0 1 
1 0 0 F 0 F 0 0 0 1 
1 0 0 F 0 0 H 0 0 1 
1 0 0 0 # 0 # 0 0 1 
1 0 0 0 0 F 0 0 0 1 
1 0 0 0 0 0 0 0 # 1 
1 1 1 1 1 1 1 1 1 1 
L51 T6

Map
1 1 1 1 1 1 1 1 1 1 
1 0 0 0 1 H F 0 H 1 
1 0 # F F 0 0 1 0 1 
1 0 0 0 0 H # 0 F 1 
G 0 0 0 F 0 F 0 0 1 
1 1 0 0 0 0 F 0 F 1 
1 0 0 0 0 F 0 H 0 1 
S 0 0 F 0 0 0 0 # 1 
1 0 0 0 0 # 0 0 0 1 
1 1 1 1 1 1 1 1 1 1 
D36 T8

Map
1 1 1 1 1 1 1 1 1 1 
1 0 0 0 0 F # 0 0 1 
1 0 F 0 0 0 0 0 0 1 
S 0 1 0 0 0 0 1 0 1 
1 0 F F 0 0 F 0 0 1 
1 1 0 0 F 0 1 1 0 1 
1 0 F 0 0 0 0 0 0 1 
G 0 F F 0 0 0 0 F 1 
1 0 0 F 0 0 1 0 0 1 
1 1 1 1 1 1 1 1 1 1 
R76 T8

Map
1 1 1 1 1 1 G S 1 1 
1 0 0 0 0 0 0 0 0 1 
1 F 0 0 H 0 0 0 0 1 
1 H 0 0 0 0 0 0 0 1 
1 1 H 1 0 0 0 0 0 1 
1 0 0 0 0 0 0 0 0 1 
1 0 0 0 0 0 0 0 F 1 
1 0 0 0 0 0 0 0 0 1 
1 0 0 0 0 0 0 F 0 1 
1 1 1 1 1 1 1 1 1 1 
U75 T8

Map
1 1 1 1 1 1 1 1 1 1 
G 0 0 1 F 1 0 0 0 1 
1 0 0 0 # 0 0 0 F 1 
1 1 # 1 F 0 0 0 0 1 
1 # 0 0 # # # 1 1 1 
S 0 F 0 # 1 0 0 0 1 
1 0 0 0 0 0 0 0 0 1 
1 0 0 0 # 0 1 0 0 1 
1 0 0 0 0 0 0 0 0 1 
1 1 1 1 1 1 1 1 1 1 
D34 T6

Map
1 1 1 1 1 1 1 1 1 1 
1 0 0 # 0 0 F 0 # 1 
S 0 0 F 1 0 0 1 0 1 
1 0 0 0 0 0 0 F 1 1 
1 1 0 0 0 0 0 0 0 1 
G # 0 0 0 0 F F 0 1 
1 0 0 0 0 0 0 0 0 1 
1 0 # 0 0 0 0 0 0 1 
1 0 0 # 0 # 0 # 0 1 
1 1 1 1 1 1 1 1 1 1 
U33 T8

Map
1 1 S G 1 1 1 1 1 1 
1 1 0 0 0 0 0 0 F 1 
1 0 0 0 F 0 0 0 0 1 
1 0 F F F 0 F F 0 1 
1 0 0 0 0 0 0 0 H 1 
1 0 0 0 0 0 0 0 0 1 
1 0 0 0 0 0 0 0 0 1 
1 0 0 0 0 0 H 0 H 1 
1 0 0 0 H 0 H 0 0 1 
1 1 1 1 1 1 1 1 1 1 
U32 T6

Map
1 1 1 1 1 1 1 1 1 1 
1 1 0 0 1 0 # 1 0 1 
1 0 0 # 0 0 0 1 0 1 
1 0 F 0 0 F # 0 # 1 
S # 1 0 0 0 0 0 0 1 
1 0 0 0 0 0 F 0 0 1 
1 0 0 0 0 # 0 0 # 1 
G 0 0 0 0 # 0 0 0 1 
1 0 # # 0 0 # 0 0 1 
1 1 1 1 1 1 1 1 1 1 
U16 T7

Map
1 1 1 1 1 1 1 1 1 1 
1 1 # 0 0 0 0 0 0 1 
S 0 0 0 0 # 0 0 H 1 
1 H 0 0 H 0 0 0 1 1 
1 1 0 # H 0 0 0 0 1 
1 0 1 # 0 0 H 0 0 1 
1 0 0 1 0 0 0 0 0 1 
G 0 # 0 0 0 1 0 0 1 
1 1 # 0 0 0 0 # # 1 
1 1 1 1 1 1 1 1 1 1 
D51 T6

Map
1 1 1 1 1 1 1 1 1 1 
1 0 0 0 0 0 0 0 0 1 
1 0 0 0 0 0 0 0 0 1 
S 0 0 0 0 0 0 0 0 1 
1 0 0 0 0 0 0 0 # 1 
G 0 0 0 0 H 0 0 0 1 
1 0 0 0 0 0 0 0 0 1 
1 0 0 0 0 0 0 0 0 1 
1 0 0 0 0 0 0 0 0 1 
1 1 1 1 1 1 1 1 1 1 
U14 T6

Map
1 S 1 1 1 1 1 1 1 1 
1 0 0 0 0 F 0 0 0 1 
1 0 0 0 0 F 0 0 0 1 
1 0 0 # 0 0 0 0 0 1 
1 0 0 0 0 0 0 0 0 1 
G 0 0 0 0 0 # # # 1 
1 0 F 0 # 0 0 0 0 1 
1 0 0 F 0 0 0 0 1 1 
1 0 0 0 0 0 0 0 0 1 
1 1 1 1 1 1 1 1 1 1 
U14 T6

Map
1 1 1 1 1 1 G 1 1 1 
S 0 0 0 0 0 0 0 1 1 
1 0 0 0 0 0 0 0 0 1 
1 0 0 0 0 H 1 0 1 1 
1 0 # 0 0 0 1 0 0 1 
1 0 F 0 # 1 # 0 0 1 
1 0 H H 0 0 H H 0 1 
1 0 F 0 0 0 1 0 0 1 
1 1 # 0 0 # 0 0 0 1 
1 1 1 1 1 1 1 1 1 1 
L51 T11

Map
1 1 1 1 1 1 1 1 1 1 
1 0 0 0 0 0 0 0 0 1 
1 0 0 0 0 # 0 0 0 1 
G F 0 # # 0 F 0 # 1 
1 0 H 0 # 0 0 0 0 1 
1 0 0 0 0 0 0 0 F 1 
1 # 0 0 0 0 0 0 0 1 
S 0 0 0 0 0 0 0 0 1 
1 0 1 0 0 0 0 F 0 1 
1 1 1 1 1 1 1 1 1 1 
D84 T7

Map
1 1 1 1 1 1 G 1 1 1 
1 0 # 0 0 0 0 0 # 1 
1 0 0 0 F 1 0 0 0 1 
1 1 F 0 0 # 0 0 0 1 
1 0 0 0 0 # # 0 0 1 
1 0 0 0 # 0 # 0 0 1 
S F 0 0 0 0 0 F 1 1 
1 0 F 0 0 0 0 0 F 1 
1 0 0 # 0 0 0 # 1 1 
1 1 1 1 1 1 1 1 1 1 
D55 T8

Map
1 1 1 1 1 1 1 G 1 1 
S 0 0 0 0 # 0 0 0 1 
1 0 0 1 0 0 0 0 0 1 
1 0 0 1 F 0 0 0 F 1 
1 0 0 F 0 0 1 0 F 1 
1 0 0 1 0 1 0 1 0 1 
1 0 H F 0 0 0 H 0 1 
1 0 H 0 0 0 0 F 0 1 
1 0 0 0 0 0 0 0 0 1 
1 1 1 1 1 1 1 1 1 1 
L61 T6

Map
1 1 1 1 1 1 S 1 1 1 
1 F 0 1 0 0 0 0 0 1 
1 1 0 H 0 0 # 0 0 1 
G 0 0 0 0 1 0 1 0 1 
1 F # 0 0 0 0 0 # 1 
1 0 F 0 0 F F 0 1 1 
1 F 0 F F 0 0 1 F 1 
1 0 1 0 0 # 0 F # 1 
1 0 0 0 1 0 0 0 0 1 
1 1 1 1 1 1 1 1 1 1 
D33 T7

Map
1 1 1 1 S 1 1 1 1 1 
1 0 0 0 0 0 0 F 0 1 
1 0 0 F 0 # 0 1 0 1 
1 0 0 0 0 0 F F 0 1 
1 1 0 # H 0 0 0 0 1 
G 0 # 0 0 0 0 F 0 1 
1 0 # 0 0 F 0 # F 1 
1 0 0 F # H 0 F 0 1 
1 0 0 # 0 0 0 # F 1 
1 1 1 1 1 1 1 1 1 1 
U43 T8

Map
1 S 1 1 1 1 1 1 1 1 
1 0 0 0 0 0 0 0 # 1 
1 0 0 F H 0 0 0 0 1 
1 0 0 0 0 0 0 0 0 1 
1 0 0 H 0 0 0 0 0 1 
1 0 0 0 0 # 0 0 0 1 
G 0 0 0 F 0 H F 0 1 
1 0 0 0 0 0 H 0 0 1 
1 0 0 0 0 F 0 F 0 1 
1 1 1 1 1 1 1 1 1 1 
U15 T6

Map
1 1 1 1 1 1 1 G 1 1 
1 # 1 0 0 0 0 F 0 1 
1 0 # 0 0 0 0 # 0 1 
S # 0 0 0 0 1 0 0 1 
1 1 0 0 0 0 0 0 # 1 
1 0 0 0 0 F 0 0 0 1 
1 0 0 F 0 0 0 0 0 1 
1 0 0 0 0 0 0 # # 1 
1 0 0 0 1 0 H 0 0 1 
1 1 1 1 1 1 1 1 1 1 
U76 T7

Map
1 1 1 1 1 1 1 1 1 1 
1 1 0 1 0 0 # 0 F 1 
1 0 0 0 0 0 0 0 0 1 
1 0 0 F 0 0 0 0 0 1 
G F 0 0 1 0 0 F 0 1 
1 0 0 1 0 0 0 F 0 1 
S F 0 0 0 F 0 1 0 1 
1 H 0 0 0 F F 0 H 1 
1 0 0 H F F 0 H 1 1 
1 1 1 1 1 1 1 1 1 1 
D32 T6

Map
1 1 1 1 S 1 G 1 1 1 
1 0 0 0 0 0 0 0 1 1 
1 0 0 0 0 0 0 F 0 1 
1 1 0 0 # 0 0 F 0 1 
1 0 F 0 0 0 0 0 0 1 
1 0 0 0 0 0 0 0 0 1 
1 0 0 0 F 0 0 0 1 1 
1 0 0 0 0 1 # 0 0 1 
1 F 1 0 F 0 0 F 0 1 
1 1 1 1 1 1 1 1 1 1 
L55 T6

Map
1 1 1 1 1 1 1 1 1 1 
1 0 0 0 0 0 0 0 0 1 
G 0 0 0 0 F 0 0 0 1 
1 F # 0 0 0 0 0 0 1 
1 0 0 0 F 0 0 1 0 1 
1 0 H 0 0 0 0 H 0 1 
1 0 0 0 F 0 0 0 0 1 
S 0 0 0 0 F 0 F 0 1 
1 0 0 0 0 0 0 F 0 1 
1 1 1 1 1 1 1 1 1 1 
D83 T7

Map
1 1 1 S 1 G 1 1 1 1 
1 0 0 # 0 0 0 0 0 1 
1 0 0 0 0 0 0 H 0 1 
1 0 0 0 0 0 0 0 0 1 
1 0 0 0 0 0 0 0 # 1 
1 0 0 0 0 0 0 0 0 1 
1 0 0 0 0 0 0 0 0 1 
1 0 F 0 # 0 0 0 0 1 
1 0 0 0 0 0 0 F # 1 
1 1 1 1 1 1 1 1 1 1 
L41 T6

Map
1 S 1 1 1 1 1 1 1 1 
1 # 0 0 0 F 0 0 0 1 
1 # 0 0 0 # 0 0 0 1 
1 0 0 0 # # 0 0 0 1 
G 0 0 0 0 0 # 0 0 1 
1 0 0 0 0 0 0 0 0 1 
1 0 # 0 0 0 0 0 0 1 
1 0 0 0 0 0 0 # 1 1 
1 0 1 1 0 0 0 # 0 1 
1 1 1 1 1 1 1 1 1 1 
U13 T6

Map
1 1 1 1 G 1 S 1 1 1 
1 0 0 0 0 0 0 0 1 1 
1 0 0 0 0 0 0 0 0 1 
1 1 0 0 0 0 1 0 0 1 
1 F 1 0 0 0 0 0 0 1 
1 0 0 0 0 0 0 0 0 1 
1 0 0 0 0 F 0 0 0 1 
1 0 F H 0 0 0 F F 1 
1 0 0 0 0 0 0 0 0 1 
1 1 1 1 1 1 1 1 1 1 
R51 T9

Map
1 1 1 1 1 1 1 1 1 1 
1 0 # 0 1 0 1 0 0 1 
1 0 0 # 0 1 0 0 1 1 
1 0 0 0 0 # 0 0 0 1 
G 0 0 F 0 1 0 0 0 1 
1 0 0 0 0 0 1 0 0 1 
S 0 0 # 0 0 0 0 0 1 
1 0 0 0 0 # 0 0 0 1 
1 0 0 0 0 0 0 0 0 1 
1 1 1 1 1 1 1 1 1 1 
D15 T6

Map
1 1 1 1 1 1 1 1 1 1 
1 0 F 0 F 0 0 0 0 1 
G 0 0 0 0 0 0 1 H 1 
1 0 H 0 F 0 0 # F 1 
S 0 0 0 0 1 0 F 0 1 
1 0 0 F 0 0 0 1 # 1 
1 1 0 1 F # H 0 0 1 
1 0 0 0 F # 0 H H 1 
1 0 0 1 0 0 0 0 H 1 
1 1 1 1 1 1 1 1 1 1 
D13 T6

Map
1 1 S 1 1 1 1 1 1 1 
1 0 0 0 0 0 0 # 0 1 
1 0 H F 1 0 # 1 F 1 
1 F 0 # H 0 0 0 0 1 
1 0 0 # 0 # F 0 0 1 
1 0 0 0 0 # 0 F # 1 
1 F 0 1 0 0 F F 1 1 
G 0 0 0 0 0 0 0 # 1 
1 0 0 0 0 F # # 0 1 
1 1 1 1 1 1 1 1 1 1 
R11 T7

Map
1 1 1 1 1 1 1 1 1 1 
1 F 0 0 0 0 0 0 0 1 
1 0 0 0 0 0 H 0 1 1 
1 0 0 F 0 0 0 0 0 1 
1 0 0 0 0 0 0 0 0 1 
G 0 0 0 0 F # 0 F 1 
1 0 0 0 F 0 0 0 0 1 
S 0 1 0 0 F 0 0 0 1 
1 0 0 F 0 0 0 0 # 1 
1 1 1 1 1 1 1 1 1 1 
D16 T6

Map
1 1 1 S G 1 1 1 1 1 
1 0 0 0 0 0 0 0 0 1 
1 0 H 0 0 0 0 0 0 1 
1 0 0 0 0 H 1 0 0 1 
1 0 1 0 0 0 0 1 1 1 
1 0 0 H 0 1 0 0 0 1 
1 0 0 0 0 1 0 0 # 1 
1 0 0 0 H 0 # 0 0 1 
1 # # 0 0 0 0 0 # 1 
1 1 1 1 1 1 1 1 1 1 
U34 T9

Map
1 1 1 1 1 1 1 1 1 1 
1 0 0 0 0 0 0 0 0 1 
S 0 0 0 0 F 0 0 0 1 
1 0 0 0 0 0 0 0 0 1 
G # 0 0 H 0 0 0 0 1 
1 0 0 0 0 0 0 0 0 1 
1 0 0 0 0 0 0 0 0 1 
1 0 H 0 0 0 0 0 0 1 
1 0 0 0 0 0 0 0 0 1 
1 1 1 1 1 1 1 1 1 1 
U13 T6

Map
1 1 1 G 1 1 1 S 1 1 
1 0 0 0 0 0 0 0 # 1 
1 # # 0 0 0 F F 0 1 
1 F 0 0 # 0 0 F 1 1 
1 # 1 0 0 0 0 F 0 1 
1 1 0 0 # F 0 0 0 1 
1 F 0 0 0 0 # # 0 1 
1 0 0 F 0 0 0 1 0 1 
1 1 0 0 0 # 0 0 0 1 
1 1 1 1 1 1 1 1 1 1 
R61 T10

Map
1 1 1 1 1 S 1 G 1 1 
1 0 0 0 0 0 0 0 0 1 
1 0 F 0 0 H 0 0 0 1 
1 0 0 0 0 0 0 1 0 1 
1 1 0 1 0 0 H 0 0 1 
1 0 0 H 0 0 0 F H 1 
1 0 0 0 0 0 0 0 0 1 
1 0 0 0 F 0 0 0 0 1 
1 0 0 0 0 0 0 0 1 1 
1 1 1 1 1 1 1 1 1 1 
L61 T8

Map
1 1 1 1 1 S G 1 1 1 
1 0 0 F 0 0 0 0 0 1 
1 0 0 1 0 0 0 0 0 1 
1 1 0 # 0 0 0 F F 1 
1 0 0 0 0 H 0 0 1 1 
1 0 F 0 0 0 0 0 0 1 
1 0 0 0 F 0 0 1 0 1 
1 0 1 0 0 0 0 0 0 1 
1 # 0 0 0 0 0 0 0 1 
1 1 1 1 1 1 1 1 1 1 
R42 T8

Map
1 1 1 1 1 1 1 1 1 1 
1 0 # 0 0 0 F 0 0 1 
G 0 0 0 # 0 0 # 0 1 
1 0 0 F F 0 0 H F 1 
S 0 0 0 0 # 0 0 0 1 
1 0 0 0 F 0 F 0 0 1 
1 # 0 0 F 0 0 0 # 1 
1 0 # # 0 # # 0 0 1 
1 0 0 0 0 0 0 0 0 1 
1 1 1 1 1 1 1 1 1 1 
D13 T6

Map
1 1 1 1 1 1 1 1 1 1 
1 0 1 0 0 0 F H 0 1 
S 0 F 0 0 F 0 # 1 1 
1 1 0 # H 0 0 0 0 1 
1 0 0 1 0 0 0 H # 1 
1 1 0 F 0 1 0 F H 1 
G 0 0 # # 1 H 0 0 1 
1 0 0 0 0 0 0 # F 1 
1 0 0 H 0 0 0 0 0 1 
1 1 1 1 1 1 1 1 1 1 
D31 T6

Map
1 1 S 1 G 1 1 1 1 1 
1 0 0 0 0 0 0 # H 1 
1 1 0 0 0 0 0 0 0 1 
1 0 # 0 0 0 1 0 0 1 
1 0 0 0 0 0 0 0 0 1 
1 1 0 0 0 0 0 0 0 1 
1 0 0 0 0 0 0 0 # 1 
1 0 0 0 0 0 0 0 0 1 
1 # 0 0 0 0 0 0 0 1 
1 1 1 1 1 1 1 1 1 1 
L38 T6

Map
1 1 1 1 1 1 1 G 1 1 
1 0 H 0 0 0 0 0 0 1 
1 # 0 0 1 F 0 0 0 1 
1 0 0 0 0 H 0 H 0 1 
1 0 0 0 # F 1 0 0 1 
1 0 0 # 0 0 0 # 0 1 
S 0 0 # 0 0 1 0 0 1 
1 0 0 0 0 H 0 0 0 1 
1 0 0 0 # 0 0 0 0 1 
1 1 1 1 1 1 1 1 1 1 
U72 T6

Map
1 1 1 1 G 1 S 1 1 1 
1 0 1 0 F 0 # 0 0 1 
1 # F F # 0 0 0 0 1 
1 0 0 F # 0 0 # 0 1 
1 1 0 0 0 F # 0 0 1 
1 0 0 F 0 0 0 0 0 1 
1 # 0 0 0 # 0 0 F 1 
1 0 0 0 0 H 0 0 0 1 
1 # # 0 0 F 0 F 0 1 
1 1 1 1 1 1 1 1 1 1 
R55 T6

Map
1 1 1 1 1 1 1 1 1 1 
1 0 0 0 F 0 0 0 0 1 
1 0 F 0 0 1 0 0 0 1 
1 0 F # 0 0 0 0 F 1 
1 # 0 # 0 0 0 # 0 1 
S 0 0 # H F 0 # 0 1 
1 0 0 0 1 0 0 0 0 1 
G 0 0 0 # F # 0 0 1 
1 0 F # # 0 # 0 0 1 
1 1 1 1 1 1 1 1 1 1 
U16 T6

Map
1 1 1 G 1 S 1 1 1 1 
1 0 # 0 0 0 0 0 0 1 
1 F 0 0 0 0 0 0 0 1 
1 0 0 0 # 0 0 0 0 1 
1 0 0 F 0 0 0 0 0 1 
1 0 0 # 0 0 0 0 0 1 
1 1 H F # 0 F 0 0 1 
1 0 0 # H H 1 0 # 1 
1 0 0 0 0 # 0 0 0 1 
1 1 1 1 1 1 1 1 1 1 
R45 T6

Map
1 G 1 1 1 1 1 S 1 1 
1 0 F 1 0 0 0 # 0 1 
1 0 0 0 0 0 F # 0 1 
1 0 0 0 0 0 0 F 0 1 
1 0 0 # 1 0 H # 0 1 
1 # # 0 0 H 0 0 0 1 
1 0 F 1 0 F H F 0 1 
1 0 0 # F 0 0 F # 1 
1 0 0 1 0 0 0 1 # 1 
1 1 1 1 1 1 1 1 1 1 
R63 T6

Map
1 1 1 1 S 1 1 1 1 1 
1 0 0 1 # 0 H 0 0 1 
1 0 0 0 0 0 0 # 0 1 
1 0 0 0 # 0 0 0 0 1 
1 0 0 0 0 0 # H 0 1 
1 0 0 0 0 0 0 0 0 1 
G 0 0 0 F 0 F 0 0 1 
1 F 0 0 0 0 1 0 0 1 
1 0 0 0 0 0 1 1 0 1 
1 1 1 1 1 1 1 1 1 1 
D27 T7

Map
1 1 1 1 1 1 1 1 1 1 
1 0 0 # 0 0 1 # 0 1 
S 0 0 1 0 0 0 F 0 1 
1 0 0 0 F 0 # 0 0 1 
1 0 0 0 F F F # 0 1 
1 1 0 0 0 0 0 F 0 1 
G 0 H 0 0 # # 0 0 1 
1 0 # F # 0 0 # 0 1 
1 1 # 0 1 0 H # 0 1 
1 1 1 1 1 1 1 1 1 1 
L67 T6

Map
1 1 1 1 G 1 S 1 1 1 
1 0 # 0 0 0 # 0 0 1 
1 0 0 # 0 0 0 0 0 1 
1 0 0 0 F 0 0 0 0 1 
1 0 0 0 0 0 F 0 0 1 
1 0 F 0 H 0 0 0 0 1 
1 0 0 0 0 0 0 0 0 1 
1 0 0 0 0 0 0 0 0 1 
1 0 0 0 0 0 0 0 0 1 
1 1 1 1 1 1 1 1 1 1 
R51 T6

Map
1 1 S 1 G 1 1 1 1 1 
1 0 0 0 0 0 0 F 0 1 
1 0 0 0 0 0 0 0 # 1 
1 0 F 0 0 0 0 F 0 1 
1 0 F 0 0 0 # 0 # 1 
1 0 0 0 0 1 0 0 0 1 
1 0 # 0 0 0 0 0 0 1 
1 # 0 0 0 0 0 0 0 1 
1 0 F 0 0 # 0 # 0 1 
1 1 1 1 1 1 1 1 1 1 
L31 T6

Map
1 1 1 1 1 1 1 1 1 1 
1 0 0 0 0 0 0 0 0 1 
S 0 0 0 0 0 0 # 0 1 
1 0 0 0 # 0 0 0 0 1 
G 0 0 0 H 0 0 # 0 1 
1 0 0 0 0 0 0 0 0 1 
1 0 0 # 0 0 0 # # 1 
1 0 0 0 0 0 0 0 0 1 
1 0 0 0 0 0 0 0 0 1 
1 1 1 1 1 1 1 1 1 1 
U13 T6

Map
1 1 1 1 1 1 1 1 1 1 
1 0 0 F 0 # 1 0 0 1 
1 0 0 1 0 0 0 1 H 1 
G 0 0 0 0 F 0 0 1 1 
1 0 0 0 0 0 0 0 0 1 
S 0 0 0 H 0 F 0 F 1 
1 F 0 1 H 1 H H F 1 
1 0 0 0 0 H 1 0 # 1 
1 0 0 0 0 0 0 0 0 1 
1 1 1 1 1 1 1 1 1 1 
U35 T6

Map
1 1 1 1 S G 1 1 1 1 
1 0 H 0 0 F # 0 0 1 
1 0 1 0 0 0 0 0 0 1 
1 # 0 0 1 F 0 0 1 1 
1 0 0 0 0 0 0 0 0 1 
1 0 0 # 0 0 # 1 0 1 
1 0 0 0 0 0 0 0 0 1 
1 0 0 # 0 0 0 1 0 1 
1 0 0 F 0 0 1 0 0 1 
1 1 1 1 1 1 1 1 1 1 
L44 T6

Map
1 1 1 1 1 S 1 G 1 1 
1 0 0 0 0 0 0 0 0 1 
1 0 0 0 0 0 0 0 0 1 
1 F F 0 0 0 0 0 0 1 
1 0 0 0 0 0 H 0 0 1 
1 0 0 0 0 0 0 0 0 1 
1 0 # 0 0 0 F 0 0 1 
1 0 0 0 0 0 0 F 0 1 
1 0 F 0 0 0 0 0 0 1 
1 1 1 1 1 1 1 1 1 1 
L61 T6

Map
1 1 S 1 G 1 1 1 1 1 
1 # 0 0 F 0 0 0 0 1 
1 0 0 0 0 0 0 0 0 1 
1 0 0 0 0 F F 0 1 1 
1 0 0 0 # 0 0 F 0 1 
1 0 1 F 0 0 0 0 0 1 
1 0 # F F 0 0 0 0 1 
1 0 # 0 1 1 0 # 0 1 
1 0 0 0 0 0 F 0 # 1 
1 1 1 1 1 1 1 1 1 1 
L34 T6

Map
1 1 1 1 1 1 1 1 1 1 
S 0 0 # 1 0 0 # 0 1 
1 0 0 1 H 0 # 0 0 1 
1 0 0 0 1 0 0 # F 1 
1 F 0 0 0 0 0 1 H 1 
G 0 # 0 1 0 0 0 0 1 
1 F 0 1 0 0 0 0 0 1 
1 0 # 0 F 0 0 F 0 1 
1 H 0 F H # 0 0 1 1 
1 1 1 1 1 1 1 1 1 1 
R13 T7

Map
1 1 1 1 1 1 1 1 1 1 
1 0 0 1 0 0 # 0 F 1 
S 0 0 0 0 F 0 0 0 1 
1 0 0 0 0 0 0 0 F 1 
G 0 0 # 0 0 0 0 0 1 
1 # 0 0 0 F # 0 0 1 
1 0 0 # 0 0 F 0 0 1 
1 F 0 F 0 1 0 1 0 1 
1 0 0 0 0 0 0 F 0 1 
1 1 1 1 1 1 1 1 1 1 
U13 T6

Map
1 1 1 1 1 G 1 1 1 1 
1 0 # 0 0 # 0 0 0 1 
1 # 0 0 F 0 0 0 0 1 
1 0 0 0 # 1 0 1 1 1 
1 F 0 0 F 0 0 0 0 1 
1 0 0 0 0 0 # 0 0 1 
1 0 0 0 0 # 0 F 0 1 
S 0 0 0 0 0 F 0 0 1 
1 # 0 0 0 # 0 0 0 1 
1 1 1 1 1 1 1 1 1 1 
U52 T6

Map
1 S 1 1 1 1 1 1 1 1 
1 0 0 0 0 1 0 0 0 1 
1 0 0 0 0 0 0 0 0 1 
1 0 0 # 0 0 0 0 0 1 
1 0 0 0 0 0 0 0 # 1 
G 0 0 0 1 0 0 0 0 1 
1 0 0 0 0 0 1 0 F 1 
1 0 0 0 0 0 0 0 0 1 
1 0 # H 0 0 0 0 0 1 
1 1 1 1 1 1 1 1 1 1 
U14 T8

Map
1 1 1 1 1 G 1 1 1 1 
S # 0 F 0 0 0 0 0 1 
1 # 0 0 0 H # 0 0 1 
1 0 0 0 # 0 0 # 0 1 
1 0 0 0 # 0 0 0 0 1 
1 0 0 # 0 0 0 0 0 1 
1 0 0 0 # # 0 0 0 1 
1 0 0 0 0 0 0 0 0 1 
1 0 0 0 0 0 0 0 0 1 
1 1 1 1 1 1 1 1 1 1 
L41 T6

Map
1 1 1 1 1 1 1 S 1 1 
1 0 0 1 0 0 0 # F 1 
1 0 0 1 0 0 0 0 0 1 
1 # # 0 0 H 0 0 0 1 
1 0 0 0 1 0 # 1 0 1 
1 0 0 0 0 0 0 H 0 1 
1 0 0 0 H 0 0 0 0 1 
G F F 0 0 H 0 0 # 1 
1 0 0 0 0 0 0 0 0 1 
1 1 1 1 1 1 1 1 1 1 
L37 T8

Map
1 1 S 1 1 1 1 G 1 1 
1 0 0 0 0 H 0 0 # 1 
1 0 1 0 F F # 0 0 1 
1 0 0 F 0 0 1 0 0 1 
1 0 F F 0 0 1 # F 1 
1 0 # 0 # 0 0 0 0 1 
1 0 0 0 0 0 H 1 0 1 
1 0 0 0 0 H F 0 0 1 
1 0 0 0 0 0 0 0 0 1 
1 1 1 1 1 1 1 1 1 1 
U72 T6

Map
1 1 1 1 1 1 1 1 1 1 
1 # 0 0 F 0 F 0 1 1 
1 0 0 1 # 0 F 0 0 1 
1 0 0 0 H # F 0 H 1 
S # 0 0 0 1 0 0 0 1 
1 0 0 0 1 0 0 0 0 1 
G 0 F H 0 0 0 F 0 1 
1 0 F 0 0 0 0 0 0 1 
1 0 # 0 0 0 0 0 0 1 
1 1 1 1 1 1 1 1 1 1 
U15 T6

Map
1 1 1 1 S 1 1 1 1 1 
1 0 # 0 0 0 0 0 0 1 
1 1 0 0 0 F 1 0 0 1 
1 0 H 0 1 0 0 0 1 1 
1 0 0 0 0 H H 0 0 1 
1 0 1 0 0 0 0 0 1 1 
1 0 0 0 0 0 F 0 F 1 
G F 0 0 1 0 0 0 0 1 
1 0 0 0 0 0 0 0 0 1 
1 1 1 1 1 1 1 1 1 1 
L27 T8

Map
1 1 1 1 1 1 1 1 1 1 
1 0 0 0 0 H 0 # 0 1 
1 0 0 1 # 0 0 1 0 1 
1 1 0 0 0 # 0 0 1 1 
1 0 0 0 0 0 0 0 0 1 
S 0 0 0 0 0 0 0 0 1 
G 0 0 0 0 0 F F 0 1 
1 F 0 # # 0 # # F 1 
1 0 1 0 0 0 0 0 0 1 
1 1 1 1 1 1 1 1 1 1 
U35 T9

Map
1 1 S 1 1 G 1 1 1 1 
1 0 F 0 F 0 0 0 1 1 
1 H 0 0 F 0 0 0 0 1 
1 0 0 0 0 1 0 0 0 1 
1 0 1 0 F 0 F 0 # 1 
1 0 0 0 0 0 0 0 0 1 
1 0 1 1 0 1 F 0 0 1 
1 0 0 0 0 0 0 0 0 1 
1 0 0 0 0 0 0 0 1 1 
1 1 1 1 1 1 1 1 1 1 
U52 T6

Map
1 1 1 1 1 G 1 S 1 1 
1 0 0 0 0 0 0 # 1 1 
1 0 # 0 0 0 0 0 0 1 
1 0 0 0 0 # 0 0 0 1 
1 0 0 0 0 0 0 0 0 1 
1 H # 0 H 0 0 0 H 1 
1 0 0 0 # 0 0 0 0 1 
1 0 0 0 0 # 0 0 0 1 
1 0 1 # # 0 0 0 H 1 
1 1 1 1 1 1 1 1 1 1 
R61 T6

Map
1 1 1 1 1 1 1 S 1 1 
1 1 # 0 0 0 0 0 1 1 
1 0 0 0 F 1 0 # 0 1 
G 0 0 F 1 # 0 1 0 1 
1 0 # # F 0 1 0 F 1 
1 0 0 0 0 0 0 0 0 1 
1 0 0 0 0 0 0 0 0 1 
1 0 0 # H 0 0 0 F 1 
1 # # 0 0 0 F 0 0 1 
1 1 1 1 1 1 1 1 1 1 
L23 T6

Map
1 1 1 1 1 1 1 1 1 1 
1 0 0 0 0 0 0 0 0 1 
1 0 0 0 0 0 0 0 0 1 
S 0 0 0 0 0 0 F 0 1 
1 0 0 0 0 0 0 0 0 1 
G 0 0 F 0 0 0 0 0 1 
1 0 0 0 0 0 0 0 0 1 
1 0 0 0 0 0 0 0 0 1 
1 # 0 0 0 0 0 0 0 1 
1 1 1 1 1 1 1 1 1 1 
U14 T6

Map
1 1 1 1 1 S 1 G 1 1 
1 0 # 0 0 # 0 0 0 1 
1 # 0 0 0 0 0 F 0 1 
1 0 0 0 0 0 H 0 0 1 
1 0 0 F 0 # 0 H # 1 
1 0 1 0 0 0 0 0 0 1 
1 0 0 0 0 F # 1 0 1 
1 0 0 0 0 0 F # # 1 
1 # 0 F F 0 F 0 0 1 
1 1 1 1 1 1 1 1 1 1 
L61 T6

Map
1 1 1 1 1 1 G 1 1 1 
S 0 0 0 0 0 0 0 0 1 
1 0 0 0 0 0 1 0 0 1 
1 1 0 0 0 0 0 0 1 1 
1 0 # 0 0 1 0 0 0 1 
1 0 0 0 0 1 0 0 0 1 
1 0 0 0 0 0 0 0 1 1 
1 0 0 0 0 0 0 0 0 1 
1 0 0 0 0 0 0 0 0 1 
1 1 1 1 1 1 1 1 1 1 
L51 T8

Map
1 1 1 1 1 1 1 1 1 1 
1 0 0 0 H 0 0 0 0 1 
1 0 F 0 0 F H 0 1 1 
S 0 0 0 0 0 F 0 0 1 
G F 0 1 0 F F 0 0 1 
1 0 0 0 0 1 0 0 0 1 
1 0 0 F 0 0 0 0 0 1 
1 0 F 0 0 F 0 F 0 1 
1 1 0 0 0 0 0 0 0 1 
1 1 1 1 1 1 1 1 1 1 
L24 T6

Map
1 1 1 1 1 1 1 1 1 1 
1 # 0 0 1 0 F 1 0 1 
1 0 0 0 0 0 0 0 0 1 
S 0 F 0 0 0 # 0 0 1 
1 0 1 0 0 0 0 0 0 1 
G 0 0 0 # 0 0 0 0 1 
1 0 0 0 F 0 0 0 # 1 
1 0 0 0 0 1 1 0 0 1 
1 0 0 0 0 0 0 0 F 1 
1 1 1 1 1 1 1 1 1 1 
U14 T6

Map
1 1 1 1 1 1 1 1 1 1 
1 0 F 0 0 1 0 0 0 1 
1 0 0 F 0 0 0 0 0 1 
1 0 0 0 0 0 1 0 0 1 
G 0 0 H # 0 0 0 0 1 
S F 0 0 0 0 0 0 0 1 
1 0 0 0 0 0 0 # 0 1 
1 0 0 0 0 H 0 0 0 1 
1 0 0 0 0 0 0 0 0 1 
1 1 1 1 1 1 1 1 1 1 
L24 T6

Map
1 1 1 1 1 1 1 1 1 1 
1 0 0 0 0 0 0 0 0 1 
1 0 0 0 0 0 F F 0 1 
1 0 0 0 0 0 0 0 F 1 
1 0 0 0 0 0 0 0 0 1 
G 0 0 0 H H 0 0 0 1 
1 0 0 H 0 0 0 0 0 1 
S 0 0 0 0 0 H 0 0 1 
1 0 0 0 0 0 F 0 0 1 
1 1 1 1 1 1 1 1 1 1 
D16 T6

Map
1 1 1 S 1 1 1 1 1 1 
1 0 0 0 0 0 0 1 0 1 
1 0 0 0 0 0 0 0 0 1 
1 1 1 0 1 0 0 0 0 1 
1 H 0 1 0 0 0 0 0 1 
G 0 0 0 0 1 0 0 0 1 
1 0 0 0 0 0 0 0 1 1 
1 0 0 H 0 0 0 0 0 1 
1 0 0 0 0 0 0 0 0 1 
1 1 1 1 1 1 1 1 1 1 
L25 T6

Map
1 1 S 1 G 1 1 1 1 1 
1 0 0 0 0 0 0 # 0 1 
1 F 0 0 0 0 H 0 0 1 
1 0 0 F F 0 0 0 F 1 
1 0 0 0 0 0 0 0 0 1 
1 0 0 F 0 0 0 0 0 1 
1 0 0 0 0 0 0 0 F 1 
1 0 0 0 0 F 0 H 0 1 
1 0 # 0 0 0 # 0 0 1 
1 1 1 1 1 1 1 1 1 1 
L31 T6

Map
1 1 1 1 1 1 1 1 1 1 
S 0 1 0 0 0 # # 0 1 
1 0 # 0 0 1 1 0 # 1 
1 1 0 0 0 0 0 1 # 1 
1 0 0 0 0 # 0 0 0 1 
1 1 0 # 1 0 # 0 0 1 
1 0 0 # 0 H 0 0 0 1 
G 0 0 0 0 0 H 0 0 1 
1 0 0 0 0 # 0 0 0 1 
1 1 1 1 1 1 1 1 1 1 
L47 T6

Map
1 1 G 1 S 1 1 1 1 1 
1 0 0 0 0 0 0 0 0 1 
1 0 0 0 0 0 0 0 0 1 
1 0 H 0 0 0 0 0 # 1 
1 0 0 # 0 0 0 0 0 1 
1 0 0 H 0 H 0 0 0 1 
1 0 0 0 0 0 0 # 0 1 
1 0 1 0 0 0 # 0 0 1 
1 0 0 0 0 0 0 0 0 1 
1 1 1 1 1 1 1 1 1 1 
R31 T6

Map
1 1 1 1 1 1 1 1 1 1 
1 0 0 0 0 0 0 0 0 1 
1 0 0 0 0 0 0 0 0 1 
1 0 0 0 0 0 0 0 0 1 
S 0 0 0 0 F 0 0 0 1 
1 0 0 0 # F 0 0 0 1 
G 0 0 0 0 0 0 0 0 1 
1 0 0 0 0 0 0 0 # 1 
1 0 0 0 0 0 0 0 0 1 
1 1 1 1 1 1 1 1 1 1 
U15 T6

Map
1 1 1 1 G 1 1 S 1 1 
1 0 0 0 0 0 0 0 0 1 
1 0 1 1 0 0 # 0 H 1 
1 0 0 0 0 0 0 0 0 1 
1 1 0 0 0 0 0 0 0 1 
1 # 0 0 1 0 0 # 0 1 
1 0 0 1 0 0 0 # 0 1 
1 0 1 0 0 0 0 F 0 1 
1 0 0 0 0 # 0 0 0 1 
1 1 1 1 1 1 1 1 1 1 
U44 T6

Map
1 1 1 1 1 1 1 1 1 1 
1 0 0 0 0 1 0 # 0 1 
1 0 0 0 0 0 0 F 0 1 
G 0 F 0 0 0 0 0 0 1 
1 0 0 0 0 0 0 0 0 1 
S 0 H 0 0 0 1 0 0 1 
1 0 0 F 0 0 0 0 # 1 
1 0 0 F 0 0 0 # 0 1 
1 0 0 F 0 0 0 0 0 1 
1 1 1 1 1 1 1 1 1 1 
D14 T10

Map
1 1 1 1 1 1 1 1 1 1 
1 # 0 0 F 0 1 0 F 1 
S 0 # 0 0 0 0 0 0 1 
1 0 # 0 0 0 0 0 F 1 
G 0 # F 1 # # 0 # 1 
1 0 0 0 1 1 0 0 0 1 
1 0 0 1 0 F 0 # F 1 
1 0 0 0 0 0 0 0 0 1 
1 0 F 0 0 0 0 0 1 1 
1 1 1 1 1 1 1 1 1 1 
U13 T8

Map
1 1 1 1 1 1 1 1 1 1 
1 0 0 0 1 0 0 0 0 1 
1 0 0 0 0 0 0 0 H 1 
1 0 0 0 0 0 0 0 0 1 
1 0 0 0 0 0 0 0 0 1 
S 0 0 0 0 # H 0 0 1 
1 0 0 0 0 0 0 0 0 1 
G 0 0 0 # F 0 0 0 1 
1 0 0 0 0 0 0 0 0 1 
1 1 1 1 1 1 1 1 1 1 
U16 T6

Map
1 S 1 1 1 1 1 1 1 1 
1 0 0 0 # 0 # 1 # 1 
1 1 # 0 # 0 0 0 0 1 
1 1 0 0 0 0 0 0 0 1 
1 0 0 0 0 0 0 0 0 1 
1 0 0 0 0 0 0 1 0 1 
1 0 1 0 0 1 H 1 0 1 
G 0 0 0 0 0 0 0 0 1 
1 0 0 0 F # 1 0 0 1 
1 1 1 1 1 1 1 1 1 1 
L74 T7

Map
1 1 1 G 1 1 1 S 1 1 
1 0 1 0 0 0 0 0 F 1 
1 # 0 0 0 0 0 F 0 1 
1 0 0 0 0 0 1 H 0 1 
1 1 0 0 0 0 0 # 0 1 
1 F 0 0 0 0 0 # # 1 
1 0 # 0 # 0 0 0 0 1 
1 H 0 0 0 F 0 0 0 1 
1 H H 0 0 0 0 0 0 1 
1 1 1 1 1 1 1 1 1 1 
L82 T6

Map
1 1 1 1 1 1 1 1 1 1 
1 F 0 1 0 0 0 0 0 1 
S 0 0 0 0 0 H 0 0 1 
1 0 0 0 0 0 0 0 0 1 
1 0 0 0 0 0 0 0 0 1 
1 0 0 1 1 1 0 0 0 1 
G 0 0 0 0 0 0 0 0 1 
1 0 0 0 0 0 F 0 0 1 
1 0 0 1 0 0 0 0 0 1 
1 1 1 1 1 1 1 1 1 1 
U43 T6

Map
1 1 S 1 G 1 1 1 1 1 
1 0 0 0 0 0 0 0 0 1 
1 0 0 0 0 0 1 H 0 1 
1 F 0 0 0 0 0 0 0 1 
1 0 1 0 H H 0 1 0 1 
1 0 0 0 1 0 0 H 0 1 
1 1 0 0 0 0 0 0 1 1 
1 0 0 0 0 H 0 H 0 1 
1 0 0 0 0 0 F 0 0 1 
1 1 1 1 1 1 1 1 1 1 
L31 T8

Map
1 1 1 1 1 1 1 1 1 1 
1 0 1 0 0 0 # 1 0 1 
1 0 0 0 # F 0 0 0 1 
1 0 0 0 0 0 0 0 0 1 
1 # # 0 0 0 0 0 F 1 
S F 0 # 0 # 0 # 1 1 
1 0 0 1 0 0 0 # 0 1 
G # 0 0 0 0 1 0 0 1 
1 0 0 1 0 0 0 0 # 1 
1 1 1 1 1 1 1 1 1 1 
U46 T8

Map
1 1 1 1 G 1 1 1 1 1 
S 0 # 0 0 F F 0 0 1 
1 0 # # 0 0 0 0 0 1 
1 1 0 0 0 # H 0 0 1 
1 0 1 0 0 0 0 0 0 1 
1 0 0 # 0 0 0 0 0 1 
1 # 0 0 F # 0 0 1 1 
1 1 0 1 0 0 1 # 0 1 
1 # 0 0 1 0 0 0 1 1 
1 1 1 1 1 1 1 1 1 1 
L31 T6

Map
1 1 1 1 G 1 1 1 1 1 
S 0 0 0 0 0 0 0 H 1 
1 0 # 0 0 0 # 0 0 1 
1 0 0 0 0 0 1 # 0 1 
1 0 0 # 0 0 0 0 0 1 
1 0 F 0 # 0 F # 0 1 
1 0 0 0 0 0 # 0 # 1 
1 1 0 1 1 0 0 0 0 1 
1 # # 0 0 0 0 1 1 1 
1 1 1 1 1 1 1 1 1 1 
L31 T8

Map
1 1 G 1 1 1 1 1 1 1 
1 0 0 0 0 1 0 0 0 1 
1 0 0 0 0 0 0 H # 1 
1 H 0 0 0 0 0 0 H 1 
1 0 # 0 H # 0 0 H 1 
1 1 # 0 0 0 0 0 0 1 
1 0 0 1 0 0 0 0 0 1 
S 0 F 0 0 # # 0 0 1 
1 0 0 0 0 0 0 0 0 1 
1 1 1 1 1 1 1 1 1 1 
R75 T7

Map
1 1 1 1 1 1 1 1 1 1 
1 0 0 0 0 0 0 0 0 1 
1 0 0 # 0 1 0 0 0 1 
1 0 0 0 0 0 0 # 0 1 
G 0 0 # # 0 0 0 F 1 
1 0 0 0 # 0 0 0 0 1 
S 0 0 0 0 0 0 0 # 1 
1 0 0 0 0 0 0 0 0 1 
1 0 0 # 0 0 0 0 0 1 
1 1 1 1 1 1 1 1 1 1 
D15 T6

Map
1 1 1 1 1 1 1 1 1 1 
1 0 0 0 0 0 0 1 1 1 
S 0 0 0 0 # 0 0 0 1 
1 0 0 0 0 0 0 # F 1 
G 0 0 0 0 0 0 0 0 1 
1 0 0 # 0 0 0 0 F 1 
1 0 0 0 0 0 0 F 0 1 
1 0 0 0 0 F 0 0 0 1 
1 0 # 0 0 0 0 0 # 1 
1 1 1 1 1 1 1 1 1 1 
U13 T6

Map
1 1 1 1 G 1 1 1 1 1 
S 0 0 0 0 # # 0 # 1 
1 0 0 0 0 0 0 0 0 1 
1 0 0 # 0 0 0 0 0 1 
1 0 0 0 0 0 0 0 # 1 
1 0 F 0 0 0 0 0 0 1 
1 0 0 0 0 0 0 0 0 1 
1 0 1 0 0 0 0 0 F 1 
1 0 # 0 1 F 0 0 0 1 
1 1 1 1 1 1 1 1 1 1 
L31 T8

Map
1 1 1 1 G 1 S 1 1 1 
1 0 0 0 0 0 # 0 # 1 
1 0 # 0 H 0 0 F 0 1 
1 0 0 0 0 0 H 0 0 1 
1 0 1 0 0 0 # 0 0 1 
1 0 0 0 0 0 0 1 0 1 
1 F 0 # 0 F 0 F 0 1 
1 0 0 0 0 H 0 F F 1 
1 # 0 0 0 0 0 0 0 1 
1 1 1 1 1 1 1 1 1 1 
R51 T6

Map
1 1 1 1 1 1 1 1 1 1 
1 0 0 0 # 0 # 0 0 1 
1 0 0 # 0 0 1 0 0 1 
1 0 0 F 0 0 0 0 F 1 
G 0 0 0 0 0 0 0 0 1 
1 0 0 0 0 0 0 0 0 1 
S F 0 F 0 0 0 0 0 1 
1 0 F 0 0 0 0 F 0 1 
1 0 0 0 0 F F 0 0 1 
1 1 1 1 1 1 1 1 1 1 
D15 T6

Map
1 G 1 1 1 1 1 1 1 1 
1 0 # 0 F # 0 H # 1 
1 1 # 0 # # H 0 0 1 
1 0 0 1 0 0 0 0 0 1 
S 0 F 0 H 0 H 0 F 1 
1 0 0 0 0 0 0 1 0 1 
1 0 0 0 0 F 0 0 1 1 
1 0 0 0 0 0 0 0 0 1 
1 0 0 0 0 0 0 0 0 1 
1 1 1 1 1 1 1 1 1 1 
L34 T6

Map
1 1 1 1 1 1 G 1 1 1 
1 0 # 1 0 0 F 1 0 1 
1 F 0 0 0 0 0 0 0 1 
1 0 0 0 F 0 0 1 0 1 
1 0 0 0 # # 0 # 0 1 
1 0 0 F 0 0 0 0 0 1 
1 0 0 1 0 0 # 0 F 1 
S 0 1 0 0 # 0 0 0 1 
1 0 0 # # 0 1 F 1 1 
1 1 1 1 1 1 1 1 1 1 
U62 T9

Map
1 1 1 1 G 1 1 1 1 1 
1 1 0 F 0 0 0 0 0 1 
1 1 F 0 F 1 0 0 0 1 
1 0 0 0 0 0 0 0 0 1 
1 0 0 0 0 1 0 0 0 1 
1 0 0 0 0 0 F F 1 1 
1 0 0 0 0 0 F 0 1 1 
S 0 F 0 0 0 F F 0 1 
1 0 0 0 0 0 0 0 0 1 
1 1 1 1 1 1 1 1 1 1 
L37 T7

Map
1 1 G 1 1 1 1 1 1 1 
1 F 0 0 F 0 # # 0 1 
S 0 0 # # 0 1 0 0 1 
1 0 H 0 0 # # 0 0 1 
1 0 1 0 # 0 0 # 0 1 
1 0 F 0 0 0 0 0 0 1 
1 0 F H 0 0 0 0 0 1 
1 F H 0 0 0 0 0 # 1 
1 0 0 0 0 0 # 1 0 1 
1 1 1 1 1 1 1 1 1 1 
U22 T7

Map
1 1 1 1 1 1 1 1 1 1 
1 0 0 1 1 0 0 0 # 1 
S 0 0 0 0 0 # 0 0 1 
1 0 # # 1 0 0 0 0 1 
G 0 0 0 # 0 0 0 0 1 
1 0 0 0 0 0 0 0 0 1 
1 # H 0 # 0 0 0 1 1 
1 0 0 0 1 # 0 # 0 1 
1 0 0 0 0 0 0 # 0 1 
1 1 1 1 1 1 1 1 1 1 
U53 T10

Map
1 1 1 1 1 1 G 1 1 1 
1 0 0 0 # 0 0 0 0 1 
S F 1 H 1 H 0 # 0 1 
1 0 0 0 0 # 0 0 0 1 
1 0 # 0 0 F 0 0 1 1 
1 0 0 0 F 0 F 0 0 1 
1 0 0 0 0 1 0 0 0 1 
1 F 0 H 0 1 0 0 0 1 
1 0 0 0 0 0 H 1 1 1 
1 1 1 1 1 1 1 1 1 1 
U13 T11

Map
1 1 1 1 1 S 1 G 1 1 
1 # # 0 0 0 # 0 0 1 
1 0 0 0 0 0 0 0 0 1 
1 0 1 0 0 0 0 0 1 1 
1 0 0 0 1 H 0 0 0 1 
1 1 0 0 0 0 1 0 H 1 
1 0 0 0 # 1 H F 0 1 
1 0 0 0 0 0 0 1 0 1 
1 0 0 0 H 0 0 0 0 1 
1 1 1 1 1 1 1 1 1 1 
L62 T6

Map
1 1 1 1 1 1 1 1 1 1 
1 0 0 0 0 0 # 0 # 1 
S 0 F 0 0 0 0 0 0 1 
1 0 0 0 0 0 1 0 0 1 
G 0 # # # 0 1 0 1 1 
1 0 0 0 0 0 0 0 0 1 
1 0 0 0 0 0 0 1 H 1 
1 1 0 0 0 0 0 # 0 1 
1 1 0 0 0 # F 0 0 1 
1 1 1 1 1 1 1 1 1 1 
U13 T8

Map
1 1 1 S 1 1 1 1 1 1 
1 F 0 0 0 0 0 H 0 1 
1 0 0 0 0 0 0 0 0 1 
1 0 1 0 H 0 0 0 0 1 
1 0 F 0 0 # H # 0 1 
1 H H 1 0 1 0 0 0 1 
G # 0 0 0 0 0 0 1 1 
1 0 1 0 0 0 0 0 0 1 
1 1 0 0 0 0 0 0 0 1 
1 1 1 1 1 1 1 1 1 1 
R22 T9

Map
1 1 1 1 1 S 1 G 1 1 
1 0 0 0 0 0 0 0 0 1 
1 0 0 0 0 0 0 0 0 1 
1 F 0 0 0 0 H 0 0 1 
1 0 0 H F 0 0 H 0 1 
1 0 1 0 0 0 0 0 0 1 
1 0 0 0 0 0 0 0 0 1 
1 # 0 F F 0 F 0 0 1 
1 0 0 0 0 0 0 0 0 1 
1 1 1 1 1 1 1 1 1 1 
L61 T6

Map
1 1 1 1 1 1 S 1 1 1 
G # 0 0 1 0 0 0 # 1 
1 0 0 H 0 0 0 # 0 1 
1 0 # F 0 0 0 # H 1 
1 0 # 0 0 0 H 0 0 1 
1 F 0 0 0 F 0 F H 1 
1 H F 0 0 # 0 F 0 1 
1 F 0 0 # F 0 0 0 1 
1 0 F 0 0 0 0 0 # 1 
1 1 1 1 1 1 1 1 1 1 
L63 T6

Map
1 1 1 1 G 1 S 1 1 1 
1 # 0 F 0 H F 0 0 1 
1 # H H F H 0 0 0 1 
1 0 # 0 0 0 0 0 1 1 
1 F 0 0 # 1 0 H 0 1 
1 1 0 0 0 0 F 1 F 1 
1 # 0 0 1 0 0 F 0 1 
1 0 # 0 0 0 1 0 0 1 
1 0 0 0 0 0 0 F 0 1 
1 1 1 1 1 1 1 1 1 1 
R24 T8

Map
1 1 1 1 1 S 1 G 1 1 
1 0 0 1 0 0 0 0 0 1 
1 0 0 1 0 0 0 0 0 1 
1 0 0 0 0 0 0 0 0 1 
1 0 0 0 0 0 0 0 0 1 
1 0 0 0 0 0 0 0 0 1 
1 0 0 0 F 0 0 0 0 1 
1 0 # 0 0 0 0 0 0 1 
1 0 0 0 0 0 0 0 0 1 
1 1 1 1 1 1 1 1 1 1 
L61 T6

Map
1 1 1 G 1 1 S 1 1 1 
1 1 0 0 1 0 0 0 0 1 
1 0 0 1 0 # 0 0 0 1 
1 F 1 # 0 0 0 0 0 1 
1 0 0 0 0 H F 0 0 1 
1 0 0 1 0 0 0 0 0 1 
1 1 0 0 0 0 H 0 0 1 
1 0 0 F 0 F 0 H 1 1 
1 0 0 0 H F # 0 0 1 
1 1 1 1 1 1 1 1 1 1 
L73 T8

Map
1 1 1 G 1 S 1 1 1 1 
1 0 0 0 0 0 0 0 0 1 
1 0 0 0 0 0 0 0 0 1 
1 0 0 0 0 0 H 0 F 1 
1 1 0 F 0 1 F 0 F 1 
1 0 0 1 F 0 0 0 0 1 
1 0 0 1 0 0 0 0 0 1 
1 0 0 0 1 0 0 1 1 1 
1 0 0 0 0 0 0 0 0 1 
1 1 1 1 1 1 1 1 1 1 
R41 T8

Map
1 1 1 1 1 1 1 G 1 1 
1 0 0 # 0 F 0 0 0 1 
1 0 0 0 0 1 0 0 0 1 
1 0 0 # 0 0 0 0 0 1 
1 0 F 0 0 0 0 1 0 1 
1 0 0 F 0 0 0 0 1 1 
1 0 0 0 1 0 1 0 # 1 
S 0 0 0 0 0 F 0 0 1 
1 0 0 0 0 0 0 1 0 1 
1 1 1 1 1 1 1 1 1 1 
U72 T7

Map
1 1 1 S 1 G 1 1 1 1 
1 0 0 0 0 0 0 0 1 1 
1 0 0 0 0 0 # 0 0 1 
1 1 # 0 0 0 0 0 0 1 
1 0 0 0 0 0 0 0 # 1 
1 0 0 0 0 0 0 0 0 1 
1 0 0 F 0 0 F # 0 1 
1 0 0 0 0 0 0 0 # 1 
1 0 0 # 0 0 F # # 1 
1 1 1 1 1 1 1 1 1 1 
L48 T6

Map
1 1 1 1 S 1 G 1 1 1 
1 0 F 0 0 0 0 0 0 1 
1 0 0 0 F 0 0 0 0 1 
1 F 0 H F H 0 # 0 1 
1 0 0 0 0 # 0 0 0 1 
1 0 0 0 0 0 0 0 0 1 
1 0 F 0 0 0 # 0 1 1 
1 H F 0 0 F 0 0 0 1 
1 0 F 0 0 0 # 0 H 1 
1 1 1 1 1 1 1 1 1 1 
L55 T6

Map
1 1 G 1 1 1 1 S 1 1 
1 0 0 0 0 0 0 0 0 1 
1 0 0 0 0 0 0 F 0 1 
1 F 0 0 0 0 0 0 0 1 
1 1 0 0 0 0 F 0 F 1 
1 0 0 0 F 0 0 0 0 1 
1 0 0 0 F 0 0 # 0 1 
1 0 F 0 0 # 0 0 # 1 
1 0 0 0 0 # 1 0 0 1 
1 1 1 1 1 1 1 1 1 1 
U73 T8

Map
1 G 1 1 1 1 1 S 1 1 
1 0 0 # 0 1 0 0 0 1 
1 0 # # 0 # 0 F # 1 
1 1 0 # 0 0 0 1 # 1 
1 H 0 1 F # 0 # 0 1 
1 0 0 0 0 1 0 0 0 1 
1 0 0 F 0 0 0 # 0 1 
1 F F 0 0 0 F F F 1 
1 0 1 1 0 F 0 0 0 1 
1 1 1 1 1 1 1 1 1 1 
R61 T6

Map
1 1 1 1 1 1 1 1 1 1 
1 0 0 0 0 0 0 0 0 1 
1 # # 0 0 0 0 F 0 1 
1 F 0 # F 0 0 F 0 1 
G 0 0 1 0 0 0 0 0 1 
1 0 0 0 # 0 H 0 0 1 
S 0 0 # 0 0 0 0 0 1 
1 # F 0 0 0 0 0 0 1 
1 0 0 0 0 0 0 0 0 1 
1 1 1 1 1 1 1 1 1 1 
D15 T6

Map
1 1 1 1 1 1 1 G 1 1 
1 0 0 0 0 # H 0 0 1 
S 0 0 F 0 1 0 0 0 1 
1 0 0 0 # F 0 F # 1 
1 0 0 0 0 0 0 1 0 1 
1 0 0 0 H 0 0 1 0 1 
1 0 1 0 F 0 0 # 0 1 
1 0 0 0 0 0 0 0 0 1 
1 0 0 0 0 0 0 0 # 1 
1 1 1 1 1 1 1 1 1 1 
U72 T7

Map
1 S 1 1 1 1 1 1 1 1 
1 0 0 0 1 0 0 0 0 1 
1 0 0 0 0 0 # 0 0 1 
1 0 0 0 0 0 # 0 0 1 
1 0 0 # 0 0 0 0 # 1 
G 0 0 1 0 # 0 0 1 1 
1 0 0 0 0 0 0 0 0 1 
1 0 0 0 0 # 0 0 0 1 
1 0 1 0 0 1 0 0 0 1 
1 1 1 1 1 1 1 1 1 1 
U14 T8

Map
1 1 1 1 G 1 1 1 1 1 
1 0 0 0 0 0 0 0 0 1 
S F 0 0 0 F 0 0 # 1 
1 0 1 # 1 0 0 # 0 1 
1 0 0 0 0 0 0 F 0 1 
1 1 0 0 0 # 0 0 F 1 
1 0 0 1 0 F 0 # 0 1 
1 # # 0 0 0 0 0 0 1 
1 0 0 0 0 0 F 0 0 1 
1 1 1 1 1 1 1 1 1 1 
D31 T7

Map
1 1 1 1 1 1 1 1 1 1 
1 0 0 # 1 0 0 0 0 1 
1 0 # 0 0 0 0 0 0 1 
1 0 0 0 0 # F 0 0 1 
1 0 F 0 0 0 0 F 0 1 
S F 0 1 0 0 0 1 F 1 
1 0 0 0 0 F 0 H # 1 
G 0 0 1 0 0 0 0 0 1 
1 0 0 0 0 0 0 0 # 1 
1 1 1 1 1 1 1 1 1 1 
U16 T8

Map
1 1 1 S 1 G 1 1 1 1 
1 0 0 0 0 0 0 0 0 1 
1 0 0 0 0 0 0 0 0 1 
1 0 1 0 0 0 0 0 0 1 
1 F 0 0 0 0 0 0 0 1 
1 0 0 F 0 0 F 0 0 1 
1 0 0 0 0 0 0 0 0 1 
1 0 F 0 0 0 0 0 0 1 
1 0 0 0 F 0 0 0 0 1 
1 1 1 1 1 1 1 1 1 1 
L41 T6

Map
1 1 1 1 1 1 1 1 1 1 
1 0 0 0 0 0 0 F 0 1 
G 0 0 0 0 0 1 0 0 1 
1 0 0 1 0 0 0 0 F 1 
S 0 0 0 0 0 F 0 F 1 
1 0 0 F 0 0 0 0 0 1 
1 1 1 F 0 0 0 0 0 1 
1 0 0 0 0 0 0 0 0 1 
1 0 0 0 0 1 0 0 0 1 
1 1 1 1 1 1 1 1 1 1 
D13 T6

Map
1 1 1 1 1 S 1 1 1 1 
1 # 0 0 0 0 0 1 F 1 
1 0 0 0 0 0 0 0 F 1 
1 0 0 # 0 F 0 0 0 1 
1 0 F 0 # 0 0 0 0 1 
G # 0 # 0 0 0 0 # 1 
1 0 1 0 0 0 0 0 0 1 
1 # H 0 0 0 0 # 1 1 
1 0 F 0 1 0 0 0 0 1 
1 1 1 1 1 1 1 1 1 1 
U54 T6

Map
1 1 1 1 1 G 1 S 1 1 
1 0 0 0 F 0 0 0 0 1 
1 0 0 0 0 0 0 0 0 1 
1 F F 0 0 0 0 0 0 1 
1 1 0 0 F 0 0 0 0 1 
1 0 F 0 F 0 0 0 0 1 
1 0 0 0 0 0 0 F 0 1 
1 0 0 F 0 0 0 1 0 1 
1 0 0 F 0 0 0 0 # 1 
1 1 1 1 1 1 1 1 1 1 
R65 T6

Map
1 1 1 1 1 G 1 1 1 1 
1 0 0 0 F 0 0 0 0 1 
1 0 0 0 H 0 0 0 0 1 
1 0 # 0 0 0 1 0 0 1 
1 0 0 F 0 1 H 0 # 1 
S 0 0 0 F 0 0 0 0 1 
1 0 0 0 0 1 0 0 0 1 
1 0 0 0 H 0 # 0 0 1 
1 0 0 0 # 0 1 0 0 1 
1 1 1 1 1 1 1 1 1 1 
D14 T9

Map
1 1 1 1 1 S 1 1 1 1 
1 0 0 0 0 0 0 0 0 1 
1 0 H 0 F 0 0 0 0 1 
1 0 0 0 0 0 0 0 0 1 
G 0 0 0 0 0 H 0 0 1 
1 0 0 0 0 0 0 0 F 1 
1 0 F F 0 0 0 0 0 1 
1 0 0 0 0 0 0 0 0 1 
1 0 0 0 1 0 0 0 0 1 
1 1 1 1 1 1 1 1 1 1 
U53 T6

Map
1 S 1 1 1 1 1 1 1 1 
1 # 0 0 0 0 0 0 0 1 
1 0 0 0 0 0 0 0 0 1 
1 0 0 0 0 # 0 0 0 1 
1 0 0 # 0 0 0 0 # 1 
G 0 0 0 0 0 0 F 0 1 
1 0 0 0 0 0 0 0 0 1 
1 # 0 0 0 0 0 0 0 1 
1 0 0 0 # 0 0 0 0 1 
1 1 1 1 1 1 1 1 1 1 
U14 T6

Map
1 1 1 1 1 1 1 S 1 1 
1 0 # 0 1 0 F 0 0 1 
1 0 1 0 0 0 0 1 0 1 
1 0 0 # 0 H 0 0 0 1 
1 0 0 # 0 0 0 0 0 1 
G 0 F 0 0 0 0 0 1 1 
1 1 H 0 F 0 0 0 0 1 
1 0 H 0 0 H # 0 0 1 
1 H 0 H 0 0 # 0 1 1 
1 1 1 1 1 1 1 1 1 1 
L62 T7

Map
1 1 1 1 1 1 S G 1 1 
1 0 0 F # 0 F 0 0 1 
1 # 0 0 F 0 1 # 0 1 
1 0 # 0 0 1 # 0 0 1 
1 H 0 0 0 F 0 F 0 1 
1 0 F 0 # 0 0 F # 1 
1 0 F 0 0 # 0 0 0 1 
1 0 0 F # 0 0 0 1 1 
1 1 # 0 0 F F 0 0 1 
1 1 1 1 1 1 1 1 1 1 
R51 T6

Map
1 1 S 1 1 G 1 1 1 1 
1 1 0 F 0 0 # 0 0 1 
1 # # 0 0 0 0 0 0 1 
1 0 0 0 0 1 0 0 1 1 
1 1 0 1 0 0 # 0 0 1 
1 0 0 0 # 0 0 0 0 1 
1 0 F F F 0 1 0 0 1 
1 0 0 0 F 0 0 0 0 1 
1 0 0 0 # F 0 0 # 1 
1 1 1 1 1 1 1 1 1 1 
U52 T6

Map
1 1 1 1 1 1 1 1 1 1 
S 0 0 F 0 0 0 0 0 1 
G 0 0 # 0 0 0 0 F 1 
1 0 0 F 0 0 1 0 0 1 
1 H # 0 0 0 0 0 0 1 
1 # 0 # 0 0 0 F 0 1 
1 1 0 0 0 0 F 0 0 1 
1 0 0 0 0 0 1 0 0 1 
1 0 0 0 0 0 0 0 0 1 
1 1 1 1 1 1 1 1 1 1 
L62 T6

Map
1 1 1 1 1 1 1 1 1 1 
1 0 # 0 0 # F 1 0 1 
1 0 H 1 H 0 0 # 0 1 
G 0 0 0 # 0 0 0 H 1 
1 0 0 0 0 0 F 0 0 1 
1 0 0 0 F H F # 1 1 
1 1 0 0 0 0 0 0 0 1 
S 0 0 # # 1 F 0 0 1 
1 0 0 0 0 0 F 0 0 1 
1 1 1 1 1 1 1 1 1 1 
D26 T6

Map
1 1 1 S 1 G 1 1 1 1 
1 0 0 0 0 0 0 0 0 1 
1 F 0 0 0 H 0 H F 1 
1 0 0 0 0 0 0 0 0 1 
1 0 0 0 H 0 F 0 F 1 
1 0 F 0 H 0 F 0 0 1 
1 0 0 0 0 0 H 0 0 1 
1 0 0 0 0 0 0 0 0 1 
1 0 F 0 0 0 0 0 0 1 
1 1 1 1 1 1 1 1 1 1 
L41 T6

Map
1 1 1 G 1 S 1 1 1 1 
1 0 0 0 0 0 0 0 0 1 
1 0 0 0 F # 0 0 0 1 
1 0 0 1 # 0 0 0 0 1 
1 0 0 0 0 0 # 0 F 1 
1 0 0 0 0 0 0 0 0 1 
1 0 1 0 0 0 0 0 0 1 
1 0 0 0 0 # 0 0 0 1 
1 0 0 0 0 0 0 # 0 1 
1 1 1 1 1 1 1 1 1 1 
R41 T6

Map
1 1 1 S 1 1 1 1 1 1 
1 1 0 0 1 # 0 0 # 1 
1 0 # 0 0 0 # 0 0 1 
1 0 0 0 F 0 # H 0 1 
1 0 0 1 H 0 0 0 0 1 
G # 1 0 0 0 0 0 0 1 
1 F 1 0 0 0 # 0 F 1 
1 0 0 0 0 0 0 0 F 1 
1 0 0 0 0 0 0 0 1 1 
1 1 1 1 1 1 1 1 1 1 
U14 T9

Map
1 1 1 1 1 S 1 G 1 1 
1 # 0 0 # 0 0 0 0 1 
1 # 0 H 0 0 F # F 1 
1 F 0 0 0 0 0 0 # 1 
1 0 0 0 0 0 # # 0 1 
1 # 0 H H 0 1 0 0 1 
1 0 0 0 0 0 # 0 0 1 
1 0 0 0 H 0 0 0 0 1 
1 0 0 0 0 0 0 0 0 1 
1 1 1 1 1 1 1 1 1 1 
L61 T6

Map
1 1 1 S 1 G 1 1 1 1 
1 0 0 0 0 0 # 0 0 1 
1 0 0 0 0 0 0 0 0 1 
1 0 0 0 0 # 0 0 0 1 
1 0 0 # 0 0 0 0 0 1 
1 0 0 0 0 0 0 0 0 1 
1 0 # 0 0 0 0 0 0 1 
1 0 0 0 0 F 0 # 0 1 
1 # 0 0 # 0 0 0 0 1 
1 1 1 1 1 1 1 1 1 1 
L41 T6

Map
1 1 1 1 1 1 1 1 1 1 
S 0 0 # 0 F 0 # # 1 
G 0 0 # 0 H 0 0 0 1 
1 0 0 0 0 0 0 1 0 1 
1 0 0 0 F 0 # 0 # 1 
1 1 0 0 0 0 0 0 0 1 
1 0 0 0 0 0 0 0 0 1 
1 F 1 0 0 0 0 0 1 1 
1 0 0 0 1 0 0 0 0 1 
1 1 1 1 1 1 1 1 1 1 
L42 T6

Map
1 S 1 1 1 1 1 1 1 1 
1 0 0 0 0 1 0 0 0 1 
1 0 0 0 0 0 0 0 0 1 
1 0 0 # 0 # 0 0 # 1 
G # 0 0 0 F 0 0 0 1 
1 0 H 0 0 0 H # 0 1 
1 0 0 0 F 0 0 0 F 1 
1 0 0 0 0 0 0 0 F 1 
1 0 0 0 0 0 0 0 0 1 
1 1 1 1 1 1 1 1 1 1 
U13 T6

Map
1 1 1 1 1 G 1 S 1 1 
1 0 0 # 0 0 0 0 0 1 
1 # 0 0 # 0 # # 0 1 
1 0 0 F 0 0 0 0 0 1 
1 0 0 0 0 # 0 0 0 1 
1 0 0 0 0 0 # H 0 1 
1 0 0 0 0 0 0 # 0 1 
1 # 0 0 0 0 0 0 0 1 
1 0 0 0 0 0 0 0 0 1 
1 1 1 1 1 1 1 1 1 1 
R61 T6

Map
1 1 1 1 1 1 1 1 1 1 
1 # # 0 0 0 0 0 # 1 
1 0 0 H 0 # 0 0 0 1 
G 0 1 H 0 0 0 # 0 1 
1 1 0 0 # H 0 0 0 1 
1 # 0 0 0 # 0 0 0 1 
S 0 # 0 0 H H 0 0 1 
1 0 0 0 0 0 0 0 0 1 
1 0 0 # 0 0 0 0 H 1 
1 1 1 1 1 1 1 1 1 1 
L36 T7

Map
1 1 1 1 S 1 1 1 1 1 
1 1 0 0 0 0 0 0 0 1 
G 0 0 H H 0 0 0 0 1 
1 0 # 0 0 0 # 0 F 1 
1 0 0 0 0 1 0 F 0 1 
1 0 0 F 0 0 1 0 0 1 
1 0 1 0 # 0 0 # # 1 
1 0 # 0 0 # 0 0 1 1 
1 1 0 0 0 0 0 0 0 1 
1 1 1 1 1 1 1 1 1 1 
R31 T9

Map
1 1 1 G 1 1 1 S 1 1 
1 0 0 0 0 H 0 # 0 1 
1 0 0 0 0 0 0 0 0 1 
1 0 0 0 0 0 1 0 0 1 
1 0 0 1 # # 0 0 0 1 
1 0 0 0 0 0 0 0 0 1 
1 0 1 0 0 0 0 0 0 1 
1 0 F 0 0 F 0 1 0 1 
1 F 0 0 0 0 0 0 # 1 
1 1 1 1 1 1 1 1 1 1 
U32 T6

Map
1 1 1 1 1 G 1 1 1 1 
S 0 0 0 0 0 F 0 0 1 
1 F F 1 0 1 0 F 0 1 
1 F 0 0 0 0 F 1 F 1 
1 0 0 0 0 0 0 1 0 1 
1 0 0 0 0 # 0 0 0 1 
1 1 0 0 F 0 0 0 # 1 
1 F 0 0 # 0 0 0 0 1 
1 H F 0 0 0 0 0 0 1 
1 1 1 1 1 1 1 1 1 1 
L41 T6

Map
1 1 G 1 S 1 1 1 1 1 
1 0 0 0 0 0 0 F 0 1 
1 0 0 0 0 H 0 0 # 1 
1 0 0 H 0 0 0 0 0 1 
1 0 H F 0 0 0 0 # 1 
1 0 H F 0 0 0 0 0 1 
1 0 0 0 0 0 0 0 0 1 
1 0 # 0 0 1 0 0 0 1 
1 0 0 0 0 0 0 0 0 1 
1 1 1 1 1 1 1 1 1 1 
R31 T6

Map
1 1 1 1 S 1 G 1 1 1 
1 0 0 0 0 0 0 F 0 1 
1 # 0 0 0 0 0 0 # 1 
1 1 0 0 0 1 # 0 0 1 
1 0 0 1 0 # 1 F 0 1 
1 # 0 F F 0 H 0 0 1 
1 0 0 # 0 # 0 0 0 1 
1 0 # 0 0 0 0 H F 1 
1 0 # 1 0 0 0 0 0 1 
1 1 1 1 1 1 1 1 1 1 
R72 T8

Map
1 1 1 1 1 1 1 1 1 1 
1 0 0 0 0 0 0 # # 1 
1 0 0 0 1 1 F 0 # 1 
G 0 0 0 0 # F 0 F 1 
1 0 1 0 0 # # 0 F 1 
S 0 0 0 0 F 0 # F 1 
1 0 F H 0 # H 0 0 1 
1 0 0 0 H 0 0 0 F 1 
1 # 0 F 0 F 0 0 1 1 
1 1 1 1 1 1 1 1 1 1 
D14 T6

Map
1 1 1 1 1 1 1 1 1 1 
1 1 # # 0 0 0 0 0 1 
1 0 0 0 0 0 0 0 # 1 
S 0 # 0 0 0 F 0 0 1 
G 0 0 F 0 F F 0 F 1 
1 H F F 1 F 0 # 0 1 
1 0 0 0 0 0 0 0 # 1 
1 0 0 F 0 0 0 0 # 1 
1 0 0 0 0 0 # 0 F 1 
1 1 1 1 1 1 1 1 1 1 
L24 T6

Map
1 1 1 1 1 1 1 1 1 1 
1 0 0 0 0 0 0 F 0 1 
1 0 0 0 0 0 0 0 0 1 
S 0 0 0 H 0 0 0 0 1 
1 0 0 0 0 0 0 0 0 1 
G 0 H 0 F F 0 0 0 1 
1 0 0 0 F 0 0 0 0 1 
1 0 0 F 0 0 0 F 0 1 
1 0 0 0 0 0 0 0 0 1 
1 1 1 1 1 1 1 1 1 1 
U14 T6

Map
1 1 1 1 1 G 1 1 1 1 
S 0 0 0 0 0 0 H 0 1 
1 0 F F 0 0 # 1 # 1 
1 0 0 F 0 0 1 F F 1 
1 0 0 0 0 0 F 0 0 1 
1 # 0 0 0 0 0 # F 1 
1 0 0 # 0 1 0 0 0 1 
1 1 0 0 0 0 0 F 0 1 
1 F 0 1 F 0 # 0 0 1 
1 1 1 1 1 1 1 1 1 1 
L41 T8

Map
1 1 1 1 1 1 1 1 1 1 
1 # 0 F 1 0 1 0 0 1 
1 0 F 0 0 # 0 0 F 1 
G 0 # 0 0 0 0 0 0 1 
1 0 # 0 0 0 0 F 0 1 
1 0 # 0 F 0 # 0 0 1 
1 0 F 0 0 0 0 0 1 1 
S 0 0 0 0 0 0 0 0 1 
1 0 # 1 F 0 1 0 0 1 
1 1 1 1 1 1 1 1 1 1 
D14 T8

Map
1 G 1 1 1 1 1 1 1 1 
1 0 0 0 0 0 0 0 # 1 
1 0 0 0 1 0 0 0 0 1 
1 0 0 0 0 0 0 0 0 1 
1 F 0 # 0 0 # 0 0 1 
1 1 0 0 0 0 0 1 0 1 
1 0 0 0 0 0 H 0 0 1 
S 0 0 0 0 0 0 0 F 1 
1 0 0 1 # # H 0 0 1 
1 1 1 1 1 1 1 1 1 1 
L47 T7

Map
1 1 1 1 S 1 1 G 1 1 
1 0 0 F 0 0 0 0 0 1 
1 0 H 0 0 0 0 F 0 1 
1 0 0 0 0 F 0 0 # 1 
1 0 0 0 0 0 0 0 0 1 
1 0 0 0 H F 0 0 0 1 
1 0 0 F 0 1 0 0 0 1 
1 0 1 0 F 1 0 0 0 1 
1 F 0 0 0 0 0 0 1 1 
1 1 1 1 1 1 1 1 1 1 
R33 T7

Map
1 1 1 1 1 1 1 G 1 1 
S 0 0 0 0 0 0 0 0 1 
1 0 0 0 0 0 0 0 0 1 
1 0 F 0 0 0 0 0 0 1 
1 0 0 0 0 0 0 0 0 1 
1 0 0 0 0 0 0 0 0 1 
1 0 0 0 0 0 0 1 0 1 
1 0 0 H 0 0 1 0 0 1 
1 0 0 0 0 0 0 0 0 1 
1 1 1 1 1 1 1 1 1 1 
L61 T6

Map
1 1 1 1 1 S 1 1 1 1 
1 0 0 0 0 0 0 0 1 1 
1 0 1 0 0 H 0 0 0 1 
1 0 0 0 0 0 0 0 0 1 
1 0 H 0 0 0 0 0 0 1 
1 0 0 0 0 1 1 0 0 1 
G 0 0 0 0 1 0 0 0 1 
1 0 0 1 0 0 0 F 0 1 
1 0 0 0 0 0 0 0 0 1 
1 1 1 1 1 1 1 1 1 1 
R41 T7

Map
1 1 1 1 1 1 1 1 1 1 
1 0 0 0 0 0 # 0 0 1 
1 0 0 1 0 0 0 H 0 1 
1 0 0 0 0 0 F 0 0 1 
1 0 0 0 0 0 0 1 0 1 
S 0 0 1 1 0 0 0 0 1 
1 0 0 0 0 0 0 0 0 1 
G 0 0 0 1 0 0 0 0 1 
1 0 0 0 0 0 0 0 0 1 
1 1 1 1 1 1 1 1 1 1 
U16 T6

Map
1 1 1 1 1 1 1 1 1 1 
G 0 0 # 0 0 0 H 1 1 
S 0 F H 0 # H 0 0 1 
1 F 0 0 0 0 F 1 0 1 
1 0 0 0 F H 0 0 1 1 
1 0 0 0 0 0 0 0 0 1 
1 1 0 0 0 # 0 0 0 1 
1 0 0 0 F # 0 0 0 1 
1 0 0 H F 1 0 0 0 1 
1 1 1 1 1 1 1 1 1 1 
D21 T8

Map
1 1 1 1 1 1 1 1 1 1 
1 0 0 0 0 0 0 0 1 1 
1 0 0 F 0 0 0 0 0 1 
1 0 0 0 0 1 0 0 0 1 
1 0 0 0 0 F F H 0 1 
G # 0 0 0 0 0 0 0 1 
1 0 H 0 0 0 F 0 0 1 
S 0 0 0 H 0 0 H 0 1 
1 0 0 0 # 0 0 0 0 1 
1 1 1 1 1 1 1 1 1 1 
D16 T6

Map
1 G 1 1 1 S 1 1 1 1 
1 0 0 0 0 F F 1 0 1 
1 0 1 # # 0 0 0 0 1 
1 1 0 0 H 0 0 # 0 1 
1 0 0 1 0 0 F 0 0 1 
1 0 F 0 1 1 # 0 0 1 
1 # 0 0 0 0 # F F 1 
1 0 0 0 # 0 0 0 F 1 
1 F 0 0 0 0 0 0 0 1 
1 1 1 1 1 1 1 1 1 1 
U75 T6

Map
1 1 1 1 1 1 1 1 1 1 
1 0 0 # 0 0 0 0 0 1 
1 0 0 0 0 0 0 0 0 1 
1 0 0 0 0 0 0 0 0 1 
1 0 0 F F # 1 # 0 1 
S 0 0 0 0 0 0 F # 1 
1 0 0 0 1 F 0 0 0 1 
G # 0 0 0 0 0 0 0 1 
1 0 0 0 1 0 0 0 0 1 
1 1 1 1 1 1 1 1 1 1 
U36 T6

Map
1 G 1 1 S 1 1 1 1 1 
1 # 1 0 F 0 1 0 0 1 
1 0 0 0 1 # 0 1 0 1 
1 0 0 0 0 # 0 0 0 1 
1 0 0 F # F 0 0 0 1 
1 1 0 0 F 0 F 0 H 1 
1 0 0 1 0 0 F 0 F 1 
1 0 0 0 0 0 # 0 0 1 
1 F H 0 0 0 0 # 0 1 
1 1 1 1 1 1 1 1 1 1 
L51 T6

Map
1 1 1 1 G 1 S 1 1 1 
1 0 0 0 0 0 0 0 0 1 
1 0 0 0 0 0 0 0 0 1 
1 0 0 0 0 0 0 0 0 1 
1 0 0 # 0 0 0 # 0 1 
1 F 0 H 0 0 1 # 0 1 
1 0 0 0 # 0 F 0 0 1 
1 # 0 # 0 0 0 # 0 1 
1 0 0 # 0 # 0 0 0 1 
1 1 1 1 1 1 1 1 1 1 
R51 T6

Map
1 1 1 1 1 1 1 S 1 1 
G 0 0 0 0 1 0 0 0 1 
1 0 H 0 0 0 0 1 0 1 
1 0 0 0 0 0 0 H 1 1 
1 F 0 0 0 0 0 0 0 1 
1 0 0 0 0 0 0 1 0 1 
1 0 0 1 0 0 0 0 0 1 
1 0 0 0 0 H 0 0 0 1 
1 0 0 0 0 1 0 0 0 1 
1 1 1 1 1 1 1 1 1 1 
U15 T7

Map
1 1 S 1 1 1 1 1 1 1 
1 0 0 0 F 0 0 0 0 1 
1 0 0 F F 0 0 F 0 1 
1 0 0 H 0 0 0 # # 1 
1 # 0 0 0 0 H 0 F 1 
G 0 # 0 0 0 F 0 0 1 
1 0 F F 0 F 0 1 0 1 
1 0 0 # 0 0 0 # 0 1 
1 F 0 0 # F # 0 0 1 
1 1 1 1 1 1 1 1 1 1 
R16 T7

Map
1 1 1 1 1 1 1 1 1 1 
1 0 0 1 0 0 0 0 0 1 
1 0 0 H 0 0 H 0 0 1 
S # 0 # 0 0 0 # 0 1 
1 0 0 # 0 0 # # # 1 
1 0 0 0 0 0 0 H 0 1 
G 0 0 0 0 0 # F 0 1 
1 0 0 F 0 0 0 0 0 1 
1 0 H 0 0 0 0 0 0 1 
1 1 1 1 1 1 1 1 1 1 
U85 T7

Map
1 1 1 1 1 1 1 1 1 1 
1 0 0 0 0 0 0 0 0 1 
S 0 0 F 0 # # 0 0 1 
1 # 0 # 0 0 0 0 0 1 
1 F F F 0 0 0 0 0 1 
G 0 F F # 0 0 0 0 1 
1 0 # 0 # 0 0 0 0 1 
1 # F 0 0 0 0 0 0 1 
1 0 0 # 0 0 0 # 0 1 
1 1 1 1 1 1 1 1 1 1 
U84 T7

Map
1 S G 1 1 1 1 1 1 1 
1 0 0 0 0 0 0 0 0 1 
1 # F 0 0 0 0 0 0 1 
1 0 0 0 0 1 0 F 0 1 
1 0 0 1 0 F 0 # 0 1 
1 0 1 0 0 F 0 0 # 1 
1 0 0 F F 0 0 # 0 1 
1 F 1 0 1 1 0 0 0 1 
1 0 0 0 0 0 0 0 0 1 
1 1 1 1 1 1 1 1 1 1 
U13 T7

Map
1 1 1 S 1 G 1 1 1 1 
1 0 0 # 0 0 0 0 0 1 
1 0 0 0 # # 0 1 0 1 
1 0 0 0 0 0 F 0 # 1 
1 0 0 0 0 0 0 0 1 1 
1 0 0 # 0 0 0 0 0 1 
1 F 0 0 0 0 0 0 0 1 
1 F 0 0 # F # H 0 1 
1 0 0 0 0 # 0 0 0 1 
1 1 1 1 1 1 1 1 1 1 
L43 T6

Map
1 1 1 1 1 1 1 1 1 1 
1 0 # 0 0 0 1 0 0 1 
1 0 H H 0 # 0 0 0 1 
1 0 0 0 0 0 0 H 0 1 
1 0 0 0 H 0 0 0 0 1 
G 0 0 0 0 0 0 0 0 1 
1 0 H 0 0 0 0 0 0 1 
S 0 0 0 0 0 0 0 0 1 
1 0 0 0 0 0 0 0 F 1 
1 1 1 1 1 1 1 1 1 1 
D56 T6

Map
1 G 1 1 1 1 1 1 1 1 
1 0 1 0 0 0 0 0 0 1 
1 0 0 H 0 H F 0 1 1 
1 H 0 0 0 0 0 0 0 1 
1 0 0 0 0 0 0 0 0 1 
1 1 0 0 # 0 0 1 0 1 
S 0 0 0 0 0 0 0 0 1 
1 0 0 0 0 0 0 0 0 1 
1 0 H 0 1 0 0 0 0 1 
1 1 1 1 1 1 1 1 1 1 
L65 T7

Map
1 1 1 1 1 1 1 1 1 1 
1 0 0 0 0 0 # 0 0 1 
S 0 0 0 0 0 0 0 F 1 
1 0 0 0 0 0 0 0 0 1 
G 0 0 0 0 1 0 0 0 1 
1 0 0 0 0 0 1 0 0 1 
1 0 # 0 0 0 0 0 0 1 
1 0 0 0 0 # 0 0 0 1 
1 0 0 0 F 1 0 0 0 1 
1 1 1 1 1 1 1 1 1 1 
U13 T8

Map
1 1 1 1 1 1 1 1 1 1 
1 0 0 # 0 F 0 1 0 1 
S 0 0 0 F 0 0 F F 1 
1 F 0 0 0 1 0 1 F 1 
G 0 0 0 0 0 H 0 0 1 
1 0 # 0 0 0 0 0 0 1 
1 0 0 1 0 0 0 0 F 1 
1 0 1 0 0 0 0 0 0 1 
1 0 # 0 0 1 F 0 0 1 
1 1 1 1 1 1 1 1 1 1 
U43 T6

Map
1 1 1 1 1 1 1 1 1 1 
1 0 0 0 0 0 0 0 1 1 
G 0 # 0 # 0 0 0 0 1 
1 0 0 0 F 0 # 0 1 1 
S 0 0 0 # 0 0 0 0 1 
1 0 0 0 1 H 1 0 0 1 
1 # 0 0 0 0 0 0 # 1 
1 0 0 0 1 0 1 0 0 1 
1 0 0 0 F 0 0 0 0 1 
1 1 1 1 1 1 1 1 1 1 
D73 T6

Map
1 1 1 G 1 S 1 1 1 1 
1 # 0 0 0 0 # # 0 1 
1 0 1 F 0 0 0 0 # 1 
1 0 0 0 F 1 0 0 0 1 
1 0 1 # 0 0 H 1 F 1 
1 0 H 1 0 0 0 0 0 1 
1 0 0 0 0 0 0 0 0 1 
1 0 1 0 0 0 F 0 0 1 
1 0 0 0 # 0 0 0 0 1 
1 1 1 1 1 1 1 1 1 1 
R41 T6

Map
1 1 1 1 S 1 1 1 1 1 
G 0 1 0 0 0 F 0 0 1 
1 0 0 0 0 F F 0 0 1 
1 0 0 0 0 H 0 0 1 1 
1 0 0 H 0 1 0 0 0 1 
1 0 0 0 0 F 0 0 0 1 
1 0 0 0 0 F 0 0 1 1 
1 0 0 H H 0 0 0 0 1 
1 F H 0 0 0 F 0 0 1 
1 1 1 1 1 1 1 1 1 1 
U44 T6

Map
1 S 1 1 1 1 1 1 1 1 
1 # 0 # 0 0 0 # 0 1 
1 0 0 0 0 0 0 0 0 1 
1 0 0 # 1 0 0 1 0 1 
1 0 0 0 0 0 0 1 0 1 
1 0 0 0 0 1 0 0 0 1 
G 0 1 0 0 0 0 # 1 1 
1 0 # 1 # 0 0 0 # 1 
1 # 0 0 0 0 # 0 0 1 
1 1 1 1 1 1 1 1 1 1 
U15 T8

Map
1 1 1 G 1 S 1 1 1 1 
1 0 F 0 0 F 0 F 0 1 
1 0 0 # 0 0 0 0 0 1 
1 0 0 1 0 0 0 0 1 1 
1 0 0 0 F 0 0 F # 1 
1 1 0 # # 0 0 F 0 1 
1 0 # 0 0 0 0 0 0 1 
1 0 0 1 0 0 0 F # 1 
1 1 # 0 0 0 0 0 0 1 
1 1 1 1 1 1 1 1 1 1 
R41 T6

Map
1 S 1 1 1 1 1 1 1 1 
1 0 0 0 0 0 0 0 0 1 
1 0 0 0 0 H 1 0 0 1 
1 0 H 0 0 0 0 0 1 1 
1 0 0 0 0 0 0 0 0 1 
1 0 0 0 0 0 0 0 0 1 
G 0 F H 0 0 0 0 # 1 
1 0 0 1 0 0 0 0 0 1 
1 0 0 0 0 0 0 0 0 1 
1 1 1 1 1 1 1 1 1 1 
U15 T8

