Map
1 1 1 1 1 1 1 1 
1 1 1 1 1 1 1 1 
S 0 0 0 0 H 1 1 
1 0 0 1 0 0 1 1 
1 F 0 0 0 0 1 1 
1 0 0 # 1 0 G 1 
1 0 1 0 0 0 1 1 
1 1 1 1 1 1 1 1 
P32 P54 

Map
1 1 1 1 1 1 1 1 
1 1 1 1 1 G 1 1 
1 1 F 0 0 0 0 1 
1 1 0 F 0 0 0 1 
1 1 0 0 0 1 1 1 
1 S 0 1 0 # F 1 
1 1 0 0 0 # 0 1 
1 1 1 1 1 1 1 1 
P62 P23 

Map
1 1 1 1 1 1 1 1 
1 1 1 1 1 1 1 1 
1 0 H 0 0 0 1 1 
1 0 0 0 0 0 1 1 
1 H 0 0 0 0 1 1 
1 0 0 0 0 0 1 1 
1 0 F 0 0 0 S 1 
1 1 1 G 1 1 1 1 
P54 P46 

Map
1 1 1 1 1 1 1 1 
1 1 0 0 0 1 1 1 
1 1 0 0 0 0 0 1 
1 G F 0 0 1 0 1 
1 1 0 0 0 0 0 1 
1 1 F 0 H 0 0 S 
1 1 1 1 1 1 1 1 
1 1 1 1 1 1 1 1 
P44 P55 

Map
1 1 1 1 1 1 1 1 
1 # 0 0 1 0 1 1 
G # 1 0 0 0 1 1 
1 0 # 0 0 0 1 1 
S 0 1 0 0 0 1 1 
1 0 0 0 0 0 1 1 
1 1 1 1 1 1 1 1 
1 1 1 1 1 1 1 1 
P13 P45 

Map
1 1 1 1 1 1 1 1 
1 1 0 # 0 1 F 1 
1 1 0 0 0 0 0 1 
1 1 0 0 H 0 0 1 
1 1 H # F 0 F 1 
1 S 0 0 0 1 0 G 
1 1 1 1 1 1 1 1 
1 1 1 1 1 1 1 1 
P23 P45 

Map
1 1 1 1 1 1 1 1 
1 1 1 1 1 1 1 1 
S 0 0 0 0 0 1 1 
1 0 0 0 1 0 1 1 
1 0 0 0 0 0 1 1 
1 0 0 1 0 F G 1 
1 0 0 0 0 0 1 1 
1 1 1 1 1 1 1 1 
P44 P56 

Map
1 1 G S 1 1 1 1 
1 1 0 0 F 0 1 1 
1 1 1 F 0 0 0 1 
1 1 0 0 1 0 0 1 
1 1 # 0 # 0 0 1 
1 1 0 F 0 0 0 1 
1 1 1 1 1 1 1 1 
1 1 1 1 1 1 1 1 
P34 P65 

Map
1 G 1 1 1 1 1 1 
1 0 0 1 F F 1 1 
1 H 0 0 0 0 1 1 
1 0 0 0 1 0 1 1 
1 0 0 # 0 0 1 1 
S # 1 0 F 0 1 1 
1 1 1 1 1 1 1 1 
1 1 1 1 1 1 1 1 
P32 P13 

Map
1 1 1 1 1 1 1 1 
1 1 1 1 1 1 1 1 
1 0 0 1 0 1 1 1 
1 0 0 F 0 0 1 1 
G F 0 0 # 0 1 1 
1 0 0 0 F 0 1 1 
1 # 0 F 0 0 1 1 
1 1 1 S 1 1 1 1 
P34 P25 

Map
1 1 1 1 1 1 1 1 
1 1 H F # 0 0 1 
1 1 0 0 0 0 0 1 
1 1 F 0 F 0 F 1 
1 1 0 0 0 0 0 G 
1 1 0 0 0 0 0 1 
1 1 S 1 1 1 1 1 
1 1 1 1 1 1 1 1 
P24 P65 

Map
1 1 1 1 1 1 1 1 
1 1 0 0 0 0 # 1 
1 1 H H 0 1 0 1 
1 1 0 0 0 0 0 1 
1 1 0 F F 0 0 G 
1 1 0 F 0 # # 1 
1 1 1 1 S 1 1 1 
1 1 1 1 1 1 1 1 
P42 P63 

Map
1 1 1 1 1 1 1 1 
1 1 1 1 1 1 1 1 
S 0 0 1 0 0 1 1 
1 0 0 0 1 F 1 1 
1 0 F # 0 0 1 1 
1 H 0 0 0 0 G 1 
1 0 F 0 0 0 1 1 
1 1 1 1 1 1 1 1 
P14 P36 

Map
1 1 1 1 1 1 1 1 
1 0 1 0 0 0 1 1 
1 0 0 0 F 0 1 1 
1 0 H 0 0 0 1 1 
1 0 0 0 1 H 1 1 
S 0 1 # 0 0 1 1 
1 1 1 1 G 1 1 1 
1 1 1 1 1 1 1 1 
P13 P55 

Map
1 1 1 1 1 1 1 1 
1 1 0 0 0 1 F 1 
1 1 # 0 F 0 0 1 
1 G F 0 0 1 0 1 
1 1 F 0 0 0 0 1 
1 1 0 0 1 # 0 1 
1 1 1 1 1 S 1 1 
1 1 1 1 1 1 1 1 
P21 P34 

Map
1 1 1 1 1 1 1 1 
1 1 1 1 1 1 1 1 
1 0 0 0 0 0 1 1 
G 0 F 0 1 0 1 1 
1 F 0 F 0 0 S 1 
1 F 0 0 0 0 1 1 
1 0 0 1 0 0 1 1 
1 1 1 1 1 1 1 1 
P12 P44 

Map
1 1 1 1 1 1 1 1 
1 1 1 1 1 1 1 1 
1 0 0 0 0 0 1 1 
1 0 0 0 1 F 1 1 
1 0 F 0 0 0 1 1 
1 1 0 H 1 0 S 1 
1 # 0 # 0 0 1 1 
1 1 1 1 G 1 1 1 
P12 P56 

Map
1 1 1 1 1 1 1 1 
1 1 1 1 1 1 1 1 
1 1 0 0 0 # 0 1 
1 1 H 0 0 0 0 1 
1 G 0 0 F 0 1 1 
1 1 0 F 0 0 0 1 
1 1 0 H 0 0 0 1 
1 1 1 1 S 1 1 1 
P53 P45 

Map
1 1 1 1 1 1 1 1 
1 1 1 1 1 G 1 1 
1 1 0 0 F 0 0 1 
1 1 0 0 0 1 1 1 
1 1 0 F 0 0 0 1 
1 1 0 H 0 0 F S 
1 1 H 0 0 0 0 1 
1 1 1 1 1 1 1 1 
P62 P45 

Map
1 1 1 1 G 1 1 1 
1 0 0 0 0 # 1 1 
1 1 1 0 0 F 1 1 
1 0 0 0 H 0 1 1 
1 0 0 F 0 0 1 1 
1 0 0 0 0 0 1 1 
1 1 1 S 1 1 1 1 
1 1 1 1 1 1 1 1 
P31 P32 

Map
1 1 1 1 1 1 1 1 
1 1 1 1 1 1 1 1 
1 1 1 0 0 # 0 1 
1 G 0 0 H 0 0 1 
1 1 0 H 0 0 F 1 
1 1 0 0 0 0 0 1 
1 1 1 0 F 0 0 S 
1 1 1 1 1 1 1 1 
P42 P56 

Map
1 1 1 1 1 1 1 1 
1 1 S 1 1 1 1 1 
1 1 0 0 0 H 0 1 
1 1 1 0 # F F 1 
1 G 0 0 0 # 0 1 
1 1 0 # 0 F 0 1 
1 1 F 0 0 0 1 1 
1 1 1 1 1 1 1 1 
P42 P36 

Map
1 1 1 1 1 1 1 1 
1 1 0 F 0 1 1 1 
1 1 0 0 0 0 0 1 
1 1 0 H 0 0 0 G 
1 1 0 0 0 # 0 1 
1 1 0 0 0 0 F 1 
1 1 1 S 1 1 1 1 
1 1 1 1 1 1 1 1 
P34 P44 

Map
1 1 1 1 1 1 1 1 
1 1 0 0 0 1 0 1 
1 1 0 F 0 0 1 1 
1 1 0 H 0 # # 1 
1 1 0 0 0 0 0 G 
1 1 0 0 0 0 0 1 
1 1 1 S 1 1 1 1 
1 1 1 1 1 1 1 1 
P34 P45 

Map
1 1 1 1 1 1 1 1 
1 1 1 1 1 1 1 1 
1 1 0 F 0 0 0 1 
1 1 F 0 0 0 0 1 
1 G 0 0 1 0 F 1 
1 1 F # F 0 0 1 
1 1 # 0 0 0 0 1 
1 1 1 1 1 S 1 1 
P33 P46 

Map
1 1 1 1 1 1 1 1 
1 1 S 1 1 1 1 1 
1 1 0 0 0 0 0 1 
1 1 0 0 0 0 1 1 
1 1 H 0 0 F 1 1 
1 G 0 F 0 0 0 1 
1 1 1 0 0 0 0 1 
1 1 1 1 1 1 1 1 
P52 P23 

Map
1 1 1 1 1 1 1 1 
1 0 0 0 0 0 1 1 
1 # 0 F 0 H 1 1 
G 0 # 0 0 0 1 1 
1 0 1 # 0 0 1 1 
1 0 # 0 0 0 1 1 
1 1 1 1 1 S 1 1 
1 1 1 1 1 1 1 1 
P11 P53 

Map
1 1 1 1 1 1 1 1 
1 1 S 1 1 1 1 1 
1 F 0 0 0 0 1 1 
1 0 0 0 H 0 1 1 
G 0 F H 0 # 1 1 
1 0 1 0 0 # 1 1 
1 # 0 F 0 0 1 1 
1 1 1 1 1 1 1 1 
P13 P23 

Map
1 1 1 1 1 1 1 1 
1 1 0 0 0 0 0 1 
1 1 0 0 0 0 0 1 
1 1 0 # H 0 0 G 
1 1 0 0 # 0 0 1 
1 S 0 # # 0 F 1 
1 1 1 1 1 1 1 1 
1 1 1 1 1 1 1 1 
P64 P55 

Map
1 1 S 1 1 1 1 1 
1 1 0 F 0 0 0 1 
1 1 0 0 0 0 F G 
1 1 F 0 H 0 0 1 
1 1 0 0 1 0 0 1 
1 1 0 0 # 0 # 1 
1 1 1 1 1 1 1 1 
1 1 1 1 1 1 1 1 
P51 P63 

Map
1 1 1 1 1 1 1 1 
1 1 0 0 0 0 # 1 
1 1 0 0 0 0 0 1 
1 1 F 0 1 0 F 1 
1 1 0 0 0 0 0 1 
1 S 0 0 0 # F 1 
1 1 1 1 1 G 1 1 
1 1 1 1 1 1 1 1 
P41 P35 

Map
1 1 1 1 G 1 1 1 
1 0 0 0 0 0 1 1 
1 0 0 0 0 0 1 1 
1 H # 0 0 1 1 1 
1 0 0 0 1 0 S 1 
1 0 0 0 0 0 1 1 
1 1 1 1 1 1 1 1 
1 1 1 1 1 1 1 1 
P51 P15 

Map
1 1 1 1 1 1 1 1 
1 1 1 1 1 1 1 1 
S 0 0 0 0 F 1 1 
1 0 0 0 F 0 1 1 
1 0 F 0 0 0 1 1 
1 0 0 0 H 0 1 1 
1 1 0 1 0 0 1 1 
1 1 1 1 G 1 1 1 
P22 P14 

Map
1 1 1 1 1 1 S 1 
1 1 F 0 0 0 0 1 
1 1 0 0 0 F 0 G 
1 1 0 F 0 0 F 1 
1 1 0 F 0 0 0 1 
1 1 0 0 0 0 1 1 
1 1 1 1 1 1 1 1 
1 1 1 1 1 1 1 1 
P41 P55 

Map
1 1 1 1 1 1 1 1 
1 1 0 F 0 0 0 1 
1 1 0 0 0 0 0 1 
1 1 0 # 0 0 0 1 
1 1 0 0 0 0 1 1 
1 1 H 0 0 0 0 1 
1 1 1 G 1 1 S 1 
1 1 1 1 1 1 1 1 
P23 P45 

Map
1 1 1 1 1 1 1 1 
1 1 1 1 1 1 1 1 
S F F 0 0 0 1 1 
1 0 0 0 0 0 1 1 
1 0 0 0 0 0 1 1 
1 0 0 H 0 0 1 1 
1 0 # 0 0 # 1 1 
1 1 1 G 1 1 1 1 
P54 P46 

Map
1 1 1 1 1 1 1 1 
1 1 1 1 G 1 1 1 
1 # 0 0 0 0 1 1 
1 0 0 0 H 1 1 1 
1 0 # 0 0 1 1 1 
1 0 0 0 0 0 1 1 
1 0 0 H 0 0 S 1 
1 1 1 1 1 1 1 1 
P52 P46 

Map
1 1 1 1 1 1 1 1 
1 1 1 1 1 1 1 1 
1 S # 0 0 0 0 1 
1 1 F 0 1 0 0 1 
1 1 0 0 0 0 0 1 
1 1 1 F 0 F F G 
1 1 0 0 # 0 0 1 
1 1 1 1 1 1 1 1 
P44 P56 

Map
1 1 1 1 1 1 1 1 
1 S 0 0 F 1 F 1 
1 1 0 F 0 0 0 1 
1 1 1 0 0 # 0 1 
1 G 0 0 0 0 F 1 
1 1 0 0 0 H # 1 
1 1 1 1 1 1 1 1 
1 1 1 1 1 1 1 1 
P31 P52 

Map
1 1 1 1 1 1 1 1 
1 1 1 1 1 1 1 1 
S # F # 0 0 1 1 
1 0 # 1 0 0 1 1 
1 0 F F 0 0 1 1 
1 0 0 0 0 0 1 1 
1 # 0 0 0 H 1 1 
1 1 G 1 1 1 1 1 
P55 P36 

Map
1 1 1 G 1 1 1 1 
1 1 0 0 0 1 0 S 
1 1 H # 0 0 0 1 
1 1 0 0 0 0 0 1 
1 1 0 H 0 0 # 1 
1 1 0 0 0 0 0 1 
1 1 1 1 1 1 1 1 
1 1 1 1 1 1 1 1 
P21 P35 

Map
1 1 1 1 1 1 1 1 
1 0 0 0 1 0 S 1 
1 0 0 0 0 0 1 1 
1 0 0 0 # 0 1 1 
1 1 0 F 0 0 G 1 
1 0 0 H 0 F 1 1 
1 1 1 1 1 1 1 1 
1 1 1 1 1 1 1 1 
P53 P45 

Map
1 1 1 1 1 1 1 1 
1 1 G 1 1 1 1 1 
1 0 0 F 0 # 1 1 
1 0 0 0 0 H 1 1 
1 0 1 0 0 0 1 1 
1 0 0 0 0 0 1 1 
1 0 0 0 0 0 1 1 
1 1 1 S 1 1 1 1 
P12 P33 

Map
1 1 1 1 1 1 1 1 
1 1 1 1 1 1 1 1 
1 1 0 0 0 1 0 S 
1 1 0 0 1 0 0 1 
1 1 H 1 0 0 0 1 
1 1 0 0 0 0 # 1 
1 1 0 # 0 0 H 1 
1 1 1 1 G 1 1 1 
P64 P55 

Map
1 1 1 G 1 1 1 1 
1 0 # F 0 0 S 1 
1 0 0 # 1 0 1 1 
1 F 0 H 0 0 1 1 
1 0 0 F 0 0 1 1 
1 0 0 0 0 0 1 1 
1 1 1 1 1 1 1 1 
1 1 1 1 1 1 1 1 
P11 P41 

Map
1 1 1 1 1 1 1 1 
1 1 1 1 1 1 1 1 
1 1 0 0 0 0 0 1 
1 S 0 0 0 H 0 1 
1 1 0 0 0 # F 1 
1 1 0 F 0 0 0 1 
1 1 H F 0 0 0 1 
1 1 1 1 1 G 1 1 
P33 P46 

Map
1 1 1 1 1 1 1 1 
1 1 1 1 S 1 1 1 
1 1 0 0 # 0 0 1 
1 1 0 0 F 0 0 G 
1 1 F 0 0 0 0 1 
1 1 H 0 # 1 0 1 
1 1 0 0 0 # H 1 
1 1 1 1 1 1 1 1 
P64 P26 

Map
1 1 1 1 1 1 1 1 
1 1 1 1 1 1 1 1 
1 1 0 0 0 0 0 1 
1 1 0 0 H 0 0 1 
1 1 0 0 # 0 F G 
1 1 1 F 0 0 0 1 
1 1 0 0 0 0 0 1 
1 1 1 1 1 1 S 1 
P65 P26 

Map
1 1 1 1 1 1 1 1 
1 1 1 1 G 1 1 1 
1 1 0 0 0 0 F 1 
1 1 0 F 0 0 0 1 
1 1 0 1 F 0 0 S 
1 1 0 F 0 0 0 1 
1 1 0 F 0 0 0 1 
1 1 1 1 1 1 1 1 
P52 P54 

Map
1 1 1 1 1 1 1 1 
1 1 1 1 1 1 1 1 
1 # 0 # 0 0 1 1 
1 0 1 0 0 H 1 1 
1 0 0 1 0 0 1 1 
1 # F H 0 0 1 1 
1 0 # 0 F F 1 1 
1 1 S 1 1 G 1 1 
P52 P45 

Map
1 1 1 1 1 1 1 1 
1 0 H F 0 0 1 1 
1 H F F 1 0 1 1 
1 F 0 F 0 0 1 1 
1 0 0 0 0 0 1 1 
1 0 0 1 0 0 G 1 
1 S 1 1 1 1 1 1 
1 1 1 1 1 1 1 1 
P23 P14 

Map
1 1 1 1 1 1 1 1 
1 F F F 0 0 1 1 
1 0 0 0 # 0 1 1 
1 0 0 0 0 0 1 1 
G 0 0 F 0 0 1 1 
1 # 0 0 F 0 1 1 
1 1 1 S 1 1 1 1 
1 1 1 1 1 1 1 1 
P32 P13 

Map
1 1 1 1 1 1 1 1 
1 1 1 1 1 1 1 1 
1 0 0 0 0 1 1 1 
G 0 1 # 0 0 1 1 
1 # 0 # 0 0 1 1 
1 0 0 0 1 0 1 1 
1 F 0 # 0 0 S 1 
1 1 1 1 1 1 1 1 
P12 P26 

Map
1 1 S 1 1 1 1 1 
1 0 0 0 H 0 1 1 
1 0 0 # 0 0 1 1 
1 0 H 0 0 0 1 1 
1 0 F 0 0 # 1 1 
1 1 # 0 0 0 1 1 
1 1 1 1 G 1 1 1 
1 1 1 1 1 1 1 1 
P22 P35 

Map
1 1 1 1 S 1 1 1 
1 1 # # 0 H 0 1 
1 1 0 # 0 1 0 G 
1 1 0 0 0 0 0 1 
1 1 0 0 H 0 0 1 
1 1 # 0 0 0 0 1 
1 1 1 1 1 1 1 1 
1 1 1 1 1 1 1 1 
P61 P42 

Map
1 1 1 1 1 1 1 1 
1 1 1 1 1 1 1 1 
1 0 0 0 0 0 1 1 
1 0 0 0 0 0 1 1 
1 0 0 0 H 0 G 1 
1 0 0 0 0 0 1 1 
1 0 0 # 0 1 1 1 
1 1 1 1 S 1 1 1 
P45 P55 

Map
1 1 1 1 1 1 1 1 
1 1 1 S 1 1 1 1 
1 F 0 0 0 0 1 1 
1 0 0 1 0 0 1 1 
1 0 0 0 0 H 1 1 
G 0 0 0 1 0 1 1 
1 0 0 0 0 0 1 1 
1 1 1 1 1 1 1 1 
P52 P16 

Map
1 1 1 1 1 1 1 1 
1 S 0 0 H 0 0 1 
1 1 0 0 0 0 0 1 
1 1 1 0 0 0 1 1 
1 G 0 0 0 0 0 1 
1 1 0 0 0 # 0 1 
1 1 1 1 1 1 1 1 
1 1 1 1 1 1 1 1 
P31 P42 

Map
1 1 1 1 1 1 1 1 
1 1 G 1 1 1 1 1 
1 # F 0 0 0 1 1 
1 H 0 # 0 F 1 1 
1 F 0 0 0 0 S 1 
1 0 0 0 0 F 1 1 
1 0 1 0 # 0 1 1 
1 1 1 1 1 1 1 1 
P34 P15 

Map
1 1 1 1 1 1 1 1 
1 1 1 1 G 1 1 1 
1 1 0 0 0 0 0 1 
1 1 0 0 F 0 H 1 
1 1 0 F 0 # 0 1 
1 1 0 0 0 1 # 1 
1 1 0 F 0 F 0 1 
1 1 1 1 1 1 S 1 
P52 P64 

Map
1 1 1 1 1 1 1 1 
1 1 F 0 # 0 0 1 
1 1 0 0 0 1 0 S 
1 1 0 0 0 0 1 1 
1 1 0 0 0 0 0 1 
1 1 0 0 0 # 0 1 
1 1 1 1 1 G 1 1 
1 1 1 1 1 1 1 1 
P31 P44 

Map
1 1 1 1 1 1 1 1 
1 1 1 1 1 S 1 1 
1 G 0 1 0 0 0 1 
1 1 # 0 0 F 0 1 
1 1 F 0 0 0 0 1 
1 1 0 0 0 F 0 1 
1 1 F 0 0 0 1 1 
1 1 1 1 1 1 1 1 
P42 P36 

Map
1 1 1 1 1 1 1 1 
1 1 1 G 1 1 1 1 
1 0 0 0 # 0 1 1 
1 # F 0 0 # 1 1 
1 0 H F # 0 1 1 
1 1 0 F 0 F S 1 
1 0 0 0 0 0 1 1 
1 1 1 1 1 1 1 1 
P22 P56 

Map
1 1 1 1 1 1 1 1 
1 1 1 G 1 1 1 1 
1 0 0 0 F 0 1 1 
1 F # 0 0 0 1 1 
1 0 0 # 0 F 1 1 
S 0 0 H 0 0 1 1 
1 0 0 0 # 0 1 1 
1 1 1 1 1 1 1 1 
P22 P25 

Map
1 1 1 1 1 1 1 1 
1 1 1 1 1 1 1 1 
1 1 0 0 0 0 0 1 
1 1 0 0 0 0 0 1 
1 1 0 F 0 0 H 1 
1 1 0 1 0 0 0 1 
1 1 0 0 0 H 0 G 
1 1 1 S 1 1 1 1 
P52 P46 

Map
1 1 1 1 1 1 1 1 
1 1 1 1 1 S 1 1 
1 1 F 0 0 F 0 1 
1 1 0 0 0 0 0 1 
1 1 1 0 # 0 # 1 
1 G 0 0 0 F 0 1 
1 1 0 0 H 0 F 1 
1 1 1 1 1 1 1 1 
P23 P54 

Map
1 1 1 1 1 1 1 1 
1 1 0 0 0 1 0 S 
1 1 # # 1 0 0 1 
1 1 0 0 0 0 F 1 
1 1 0 # 0 0 0 1 
1 1 0 # 0 0 0 1 
1 1 1 1 G 1 1 1 
1 1 1 1 1 1 1 1 
P23 P54 

Map
1 1 1 1 1 1 1 1 
1 0 0 0 # 0 1 1 
1 0 0 0 0 F 1 1 
1 0 0 0 1 0 S 1 
1 0 0 0 0 0 1 1 
1 0 F 0 0 F 1 1 
1 1 1 1 G 1 1 1 
1 1 1 1 1 1 1 1 
P54 P15 

Map
1 1 1 1 1 1 1 1 
1 1 1 0 0 F F 1 
1 1 0 0 H 0 0 1 
1 1 0 0 0 0 0 1 
1 1 0 F 1 0 0 1 
1 S 0 0 0 F 0 1 
1 1 1 1 G 1 1 1 
1 1 1 1 1 1 1 1 
P22 P35 

Map
1 1 1 1 1 1 1 1 
1 1 0 F 0 0 0 1 
1 G # 0 0 H F 1 
1 1 0 0 F 0 F 1 
1 1 1 0 0 0 # 1 
1 1 0 0 0 0 0 1 
1 1 1 1 1 S 1 1 
1 1 1 1 1 1 1 1 
P23 P53 

Map
1 1 1 1 G 1 1 1 
1 0 0 0 0 0 1 1 
1 1 0 F H 0 1 1 
1 0 0 0 0 1 1 1 
1 0 0 0 0 0 1 1 
1 0 0 0 0 0 1 1 
1 1 1 1 S 1 1 1 
1 1 1 1 1 1 1 1 
P51 P43 

Map
1 1 1 1 1 1 1 1 
1 1 0 H 0 0 0 1 
1 G 0 0 0 # F 1 
1 1 0 0 0 0 0 1 
1 1 0 1 0 0 0 1 
1 1 0 0 H 0 0 S 
1 1 1 1 1 1 1 1 
1 1 1 1 1 1 1 1 
P41 P55 

Map
1 1 1 S 1 1 1 1 
1 0 0 # F 0 1 1 
1 1 0 0 0 0 1 1 
1 0 0 0 0 0 1 1 
G 0 F 0 0 1 1 1 
1 F 0 # 0 # 1 1 
1 1 1 1 1 1 1 1 
1 1 1 1 1 1 1 1 
P33 P45 

Map
1 1 S 1 1 1 1 1 
1 1 0 0 0 0 # G 
1 1 F 0 0 1 0 1 
1 1 # 0 0 0 H 1 
1 1 F F 1 0 0 1 
1 1 0 0 F 0 0 1 
1 1 1 1 1 1 1 1 
1 1 1 1 1 1 1 1 
P33 P65 

Map
1 1 1 1 1 1 1 1 
1 0 0 0 0 0 1 1 
1 0 0 1 0 0 1 1 
G 0 0 H 0 0 1 1 
1 0 0 0 0 0 1 1 
1 F 0 0 0 0 1 1 
1 1 1 S 1 1 1 1 
1 1 1 1 1 1 1 1 
P14 P34 

Map
1 1 1 1 1 1 1 1 
1 1 0 0 F 0 1 1 
1 G 0 H 0 H F 1 
1 1 0 0 0 F 0 1 
1 1 0 0 1 0 0 1 
1 1 1 0 # 0 F 1 
1 1 1 1 S 1 1 1 
1 1 1 1 1 1 1 1 
P21 P33 

Map
1 1 1 1 G 1 1 1 
1 0 0 F 0 # 1 1 
1 # 1 0 0 0 1 1 
1 F 0 0 1 0 1 1 
1 0 0 0 0 0 S 1 
1 0 0 0 0 0 1 1 
1 1 1 1 1 1 1 1 
1 1 1 1 1 1 1 1 
P32 P53 

Map
1 1 1 1 1 1 1 1 
1 1 1 G 1 1 1 1 
1 1 0 0 0 1 0 S 
1 1 0 H 0 0 0 1 
1 1 0 0 0 0 0 1 
1 1 0 0 0 0 0 1 
1 1 1 F 0 F 0 1 
1 1 1 1 1 1 1 1 
P42 P65 

Map
1 1 1 1 1 1 1 1 
1 1 1 1 S 1 1 1 
1 0 0 0 F 0 G 1 
1 0 1 0 0 0 1 1 
1 0 0 0 F H 1 1 
1 1 1 0 0 0 1 1 
1 0 0 0 # # 1 1 
1 1 1 1 1 1 1 1 
P32 P26 

Map
1 1 1 1 1 1 1 1 
1 1 F 0 0 0 0 1 
1 S 0 F 0 F 0 1 
1 1 # 0 0 1 0 1 
1 1 0 0 0 0 H 1 
1 1 0 0 0 0 0 1 
1 1 1 G 1 1 1 1 
1 1 1 1 1 1 1 1 
P31 P25 

Map
1 1 1 1 1 1 1 1 
1 1 # 1 1 0 0 1 
1 1 0 0 H 0 F G 
1 1 0 0 0 0 1 1 
1 1 0 0 0 H 0 1 
1 S 0 0 0 0 # 1 
1 1 1 1 1 1 1 1 
1 1 1 1 1 1 1 1 
P51 P22 

Map
1 1 1 1 1 1 1 1 
1 1 1 1 1 1 1 1 
1 1 F 0 1 # 0 1 
1 1 # 0 0 F 0 1 
1 G 0 0 1 0 0 1 
1 1 # 0 1 F # 1 
1 1 0 0 F 0 0 1 
1 1 1 1 1 S 1 1 
P33 P26 

Map
1 1 1 1 1 1 1 1 
1 1 1 1 1 1 1 1 
1 1 H # 0 0 0 1 
1 1 0 0 0 0 0 G 
1 1 0 0 1 0 H 1 
1 1 # F 0 0 0 1 
1 1 0 0 0 0 0 1 
1 1 S 1 1 1 1 1 
P52 P23 

Map
1 1 1 1 1 1 1 1 
1 1 1 1 1 S 1 1 
1 0 0 1 0 0 1 1 
1 0 0 0 0 0 1 1 
1 0 F 0 0 0 1 1 
G F 0 0 0 0 1 1 
1 0 0 0 F F 1 1 
1 1 1 1 1 1 1 1 
P54 P26 

Map
1 1 1 1 1 1 1 1 
1 G 1 1 1 1 1 1 
1 0 0 0 0 0 1 1 
1 H 1 1 # H 1 1 
1 0 0 # # 0 1 1 
1 0 0 F 0 0 S 1 
1 F F 0 # 0 1 1 
1 1 1 1 1 1 1 1 
P54 P15 

Map
1 1 1 1 1 1 1 1 
1 1 1 1 1 G 1 1 
1 1 0 F H 0 0 1 
1 1 H 1 0 0 # 1 
1 1 0 0 0 0 0 1 
1 1 0 # 0 F 0 1 
1 1 0 1 1 0 0 1 
1 1 S 1 1 1 1 1 
P24 P45 

Map
1 1 1 1 1 1 1 1 
1 F 0 0 0 0 1 1 
1 0 0 0 0 0 1 1 
1 F 0 1 # 0 1 1 
G 0 0 # 1 0 1 1 
1 0 0 1 0 0 1 1 
1 1 1 1 S 1 1 1 
1 1 1 1 1 1 1 1 
P51 P15 

Map
1 1 1 1 1 1 1 1 
1 1 0 0 0 0 0 1 
1 1 0 H 0 0 0 S 
1 G F 0 0 1 0 1 
1 1 0 0 0 0 0 1 
1 1 0 0 0 0 0 1 
1 1 1 1 1 1 1 1 
1 1 1 1 1 1 1 1 
P42 P35 

Map
1 S 1 G 1 1 1 1 
1 0 0 0 H 0 1 1 
1 0 0 F 0 0 1 1 
1 0 0 0 F 0 1 1 
1 0 0 0 F 0 1 1 
1 0 0 1 H 0 1 1 
1 1 1 1 1 1 1 1 
1 1 1 1 1 1 1 1 
P52 P23 

Map
1 1 1 1 1 1 S 1 
1 1 # F # 0 0 1 
1 1 0 0 0 H 1 1 
1 1 0 0 0 0 F 1 
1 1 0 0 0 F 0 1 
1 1 0 0 0 0 # 1 
1 1 1 1 1 G 1 1 
1 1 1 1 1 1 1 1 
P25 P45 

Map
1 1 1 1 1 1 1 1 
1 1 1 1 G 1 1 1 
1 1 0 # 0 0 H 1 
1 1 1 0 0 0 0 1 
1 1 # 0 0 0 0 1 
1 1 F F 0 0 0 1 
1 1 H F 0 0 0 S 
1 1 1 1 1 1 1 1 
P52 P46 

Map
1 1 1 1 1 1 1 1 
1 1 1 1 1 1 1 1 
1 0 0 0 0 # 1 1 
1 0 0 0 0 0 1 1 
1 H F 0 0 0 1 1 
S F 0 0 H 0 1 1 
1 0 1 0 # 0 1 1 
1 1 1 1 G 1 1 1 
P35 P36 

Map
1 1 1 1 1 S 1 1 
1 1 0 0 0 0 F 1 
1 1 0 0 0 # 0 1 
1 1 0 0 # 0 H 1 
1 1 1 0 # H 0 1 
1 1 0 F # 0 0 1 
1 1 1 1 1 G 1 1 
1 1 1 1 1 1 1 1 
P53 P65 

Map
1 1 1 1 1 1 1 1 
1 1 1 G 1 1 1 1 
1 0 0 0 F 0 1 1 
1 # 0 0 0 0 1 1 
1 0 0 1 0 1 1 1 
1 0 F 0 0 # 1 1 
1 0 0 0 0 F 1 1 
1 1 1 1 S 1 1 1 
P12 P43 

Map
1 1 1 1 1 1 1 1 
1 1 1 1 1 1 1 1 
1 0 F 0 0 F S 1 
G F 0 0 0 F 1 1 
1 0 0 0 F 0 1 1 
1 0 0 0 0 # 1 1 
1 0 # 0 0 0 1 1 
1 1 1 1 1 1 1 1 
P32 P46 

Map
1 1 1 1 1 1 1 1 
1 0 F 0 0 # 1 1 
1 F 0 F 0 0 1 1 
1 0 0 F 0 0 1 1 
1 0 0 # 0 0 1 1 
1 # 1 0 0 0 1 1 
1 1 1 S G 1 1 1 
1 1 1 1 1 1 1 1 
P24 P55 

Map
1 1 1 1 1 1 1 1 
1 1 1 1 1 1 1 1 
1 0 0 0 0 0 1 1 
1 0 H 1 0 0 1 1 
G 0 0 0 H 0 1 1 
1 0 0 1 0 0 1 1 
1 0 1 0 0 0 1 1 
1 1 1 1 S 1 1 1 
P15 P45 

Map
1 1 1 1 1 1 1 1 
1 0 0 0 # 0 1 1 
G F 0 # 0 1 1 1 
1 0 0 0 F 0 1 1 
1 0 0 0 0 0 1 1 
1 0 0 0 # 0 1 1 
1 S 1 1 1 1 1 1 
1 1 1 1 1 1 1 1 
P21 P13 

Map
1 1 1 1 1 1 1 1 
1 # 0 0 0 0 1 1 
1 0 0 0 0 0 1 1 
1 0 0 1 0 0 1 1 
1 0 0 0 0 0 1 1 
1 0 F 0 0 F S 1 
1 1 G 1 1 1 1 1 
1 1 1 1 1 1 1 1 
P14 P35 

Map
1 1 1 1 1 S 1 1 
1 0 # 0 0 0 1 1 
1 0 0 0 F 0 1 1 
1 0 0 0 0 0 1 1 
1 0 0 1 0 H 1 1 
1 1 0 0 0 0 1 1 
1 1 1 G 1 1 1 1 
1 1 1 1 1 1 1 1 
P52 P45 

Map
1 1 1 1 1 1 1 1 
1 1 1 1 1 1 1 1 
1 F 0 0 0 0 1 1 
S F 0 0 H F 1 1 
1 F # 0 0 0 1 1 
1 0 0 0 F 0 1 1 
1 0 1 0 0 0 1 1 
1 1 1 1 G 1 1 1 
P33 P36 

Map
1 1 1 1 1 1 S 1 
1 1 0 # 0 # 0 1 
1 1 # 0 0 1 1 1 
1 1 0 0 0 0 # 1 
1 1 F 0 H 0 0 G 
1 1 1 0 0 0 0 1 
1 1 1 1 1 1 1 1 
1 1 1 1 1 1 1 1 
P21 P65 

Map
1 1 1 1 1 1 1 1 
1 1 0 0 1 H 0 G 
1 1 0 # 0 0 0 1 
1 1 0 H 0 0 0 1 
1 1 0 0 0 0 0 1 
1 1 0 0 1 0 0 1 
1 1 1 S 1 1 1 1 
1 1 1 1 1 1 1 1 
P21 P34 

Map
1 1 1 1 1 1 1 1 
1 1 1 1 1 1 1 1 
1 1 1 1 0 0 0 1 
1 1 0 0 # 1 0 S 
1 1 0 0 0 0 F 1 
1 1 0 0 0 0 0 G 
1 1 0 0 F 0 H 1 
1 1 1 1 1 1 1 1 
P44 P26 

Map
1 1 1 1 1 1 1 1 
1 1 1 1 1 1 1 1 
1 0 0 0 F 0 1 1 
1 0 0 0 0 F 1 1 
1 0 0 H F 0 G 1 
1 0 0 0 0 0 1 1 
1 0 0 0 0 # 1 1 
1 1 1 1 S 1 1 1 
P45 P55 

Map
1 1 1 1 1 1 1 1 
1 1 1 1 G 1 1 1 
1 0 0 H 0 0 1 1 
1 0 0 F 0 0 1 1 
1 0 0 0 0 H 1 1 
1 0 0 0 0 0 1 1 
S F 0 0 0 # 1 1 
1 1 1 1 1 1 1 1 
P24 P36 

