Map
1 1 1 1 1 1 1 1 
1 1 1 1 1 1 1 1 
1 G F 0 0 F 1 1 
1 1 0 F 1 0 1 1 
1 S 0 0 0 0 1 1 
1 1 H 0 0 0 1 1 
1 1 1 1 1 1 1 1 
1 1 1 1 1 1 1 1 
p24 T4

Map
1 1 1 1 1 1 1 1 
1 1 1 G 1 1 1 1 
1 1 0 0 0 0 1 1 
1 S # 0 0 0 1 1 
1 1 0 0 0 1 1 1 
1 1 0 1 0 0 1 1 
1 1 1 1 1 1 1 1 
1 1 1 1 1 1 1 1 
p42 T5

Map
1 1 1 1 1 1 1 1 
1 1 1 1 1 1 1 1 
1 1 0 0 0 0 1 1 
1 G F 0 F 0 1 1 
1 1 0 0 H 0 1 1 
1 1 1 0 # 0 S 1 
1 1 1 1 1 1 1 1 
1 1 1 1 1 1 1 1 
p34 T4

Map
1 1 1 1 1 1 1 1 
1 1 1 1 1 1 1 1 
1 1 0 # 0 0 1 1 
1 S # 0 0 0 1 1 
1 1 0 0 0 0 1 1 
1 1 0 0 0 0 1 1 
1 1 1 G 1 1 1 1 
1 1 1 1 1 1 1 1 
p42 T5

Map
1 1 1 1 1 1 1 1 
1 1 S 1 1 1 1 1 
1 1 0 0 1 0 G 1 
1 1 0 0 0 0 1 1 
1 1 0 0 0 F 1 1 
1 1 0 0 0 F 1 1 
1 1 1 1 1 1 1 1 
1 1 1 1 1 1 1 1 
p22 T5

Map
1 1 1 1 1 1 1 1 
1 1 1 1 G 1 1 1 
1 1 0 0 0 0 1 1 
1 S 0 1 0 0 1 1 
1 1 H 0 0 0 1 1 
1 1 H 0 H 0 1 1 
1 1 1 1 1 1 1 1 
1 1 1 1 1 1 1 1 
p32 T5

Map
1 1 1 1 1 1 1 1 
1 1 1 1 1 1 1 1 
1 1 0 H 1 F 1 1 
1 1 0 H 0 F 1 1 
1 1 0 0 0 0 1 1 
1 1 0 0 0 0 1 1 
1 1 S G 1 1 1 1 
1 1 1 1 1 1 1 1 
p25 T6

Map
1 1 1 1 1 1 1 1 
1 1 S G 1 1 1 1 
1 1 0 0 F 0 1 1 
1 1 1 0 0 0 1 1 
1 1 F 0 0 0 1 1 
1 1 0 0 0 0 1 1 
1 1 1 1 1 1 1 1 
1 1 1 1 1 1 1 1 
p52 T6

Map
1 1 1 1 1 1 1 1 
1 1 1 1 1 1 1 1 
1 1 0 H 0 0 G 1 
1 1 0 0 0 1 1 1 
1 1 0 0 1 0 1 1 
1 1 0 0 0 0 S 1 
1 1 1 1 1 1 1 1 
1 1 1 1 1 1 1 1 
p24 T6

Map
1 1 1 1 1 1 1 1 
1 1 1 1 1 1 1 1 
1 1 0 0 0 1 1 1 
1 1 0 F 0 0 1 1 
1 1 0 0 1 0 G 1 
1 1 0 0 0 0 S 1 
1 1 1 1 1 1 1 1 
1 1 1 1 1 1 1 1 
p55 T7

Map
1 1 1 1 1 1 1 1 
1 1 1 S G 1 1 1 
1 1 H 0 0 # 1 1 
1 1 0 0 F 0 1 1 
1 1 0 0 1 0 1 1 
1 1 0 1 0 0 1 1 
1 1 1 1 1 1 1 1 
1 1 1 1 1 1 1 1 
p32 T6

Map
1 1 1 1 1 1 1 1 
1 1 1 1 1 1 1 1 
1 1 # 0 0 0 1 1 
1 G 0 # 0 # 1 1 
1 1 1 0 1 0 1 1 
1 S 0 0 0 1 1 1 
1 1 1 1 1 1 1 1 
1 1 1 1 1 1 1 1 
p25 T6

Map
1 1 1 1 1 1 1 1 
1 1 G 1 1 1 1 1 
1 1 # 0 0 0 1 1 
1 1 F 0 F 1 1 1 
1 S F 0 F 0 1 1 
1 1 0 0 0 0 1 1 
1 1 1 1 1 1 1 1 
1 1 1 1 1 1 1 1 
p45 T7

Map
1 1 1 1 1 1 1 1 
1 1 1 1 1 1 1 1 
1 S 0 0 1 0 G 1 
1 1 0 0 0 0 1 1 
1 1 F 0 # 0 1 1 
1 1 0 0 0 H 1 1 
1 1 1 1 1 1 1 1 
1 1 1 1 1 1 1 1 
p32 T6

Map
1 1 1 1 1 1 1 1 
1 1 1 1 1 S 1 1 
1 1 0 0 0 0 1 1 
1 1 0 H 0 0 1 1 
1 1 0 0 0 0 1 1 
1 1 1 H 0 0 1 1 
1 1 1 1 G 1 1 1 
1 1 1 1 1 1 1 1 
p34 T7

Map
1 1 1 1 1 1 1 1 
1 1 1 1 1 1 1 1 
1 1 0 F # 0 1 1 
1 G F F 0 # 1 1 
1 1 0 0 0 0 S 1 
1 1 0 0 0 0 1 1 
1 1 1 1 1 1 1 1 
1 1 1 1 1 1 1 1 
p52 T6

Map
1 1 1 1 1 1 1 1 
1 1 1 1 1 1 1 1 
1 1 F 0 0 # 1 1 
1 1 # 0 0 0 1 1 
1 1 0 F 0 0 1 1 
1 1 0 0 0 0 1 1 
1 1 1 G S 1 1 1 
1 1 1 1 1 1 1 1 
p25 T6

Map
1 1 1 1 1 1 1 1 
1 1 1 1 1 1 1 1 
1 S 0 0 F 0 1 1 
1 1 0 0 0 0 1 1 
1 1 0 0 F 0 1 1 
1 1 0 0 1 0 1 1 
1 1 1 G 1 1 1 1 
1 1 1 1 1 1 1 1 
p52 T7

Map
1 1 1 1 1 1 1 1 
1 1 S G 1 1 1 1 
1 1 0 0 0 0 1 1 
1 1 0 0 0 0 1 1 
1 1 0 0 0 0 1 1 
1 1 0 1 0 0 1 1 
1 1 1 1 1 1 1 1 
1 1 1 1 1 1 1 1 
p22 T6

Map
1 1 1 1 1 1 1 1 
1 1 1 1 1 G 1 1 
1 1 0 0 # F 1 1 
1 1 0 F 0 0 1 1 
1 1 0 0 0 # 1 1 
1 1 0 0 # F 1 1 
1 1 1 S 1 1 1 1 
1 1 1 1 1 1 1 1 
p23 T6

Map
1 1 1 1 1 1 1 1 
1 1 1 1 G S 1 1 
1 1 0 0 0 0 1 1 
1 1 0 0 0 0 1 1 
1 1 0 0 0 0 1 1 
1 1 0 0 H 0 1 1 
1 1 1 1 1 1 1 1 
1 1 1 1 1 1 1 1 
p52 T6

Map
1 1 1 1 1 1 1 1 
1 1 1 1 1 1 1 1 
1 1 0 1 0 0 1 1 
1 1 0 0 0 0 1 1 
1 1 0 H 0 0 G 1 
1 1 0 0 0 0 S 1 
1 1 1 1 1 1 1 1 
1 1 1 1 1 1 1 1 
p55 T6

Map
1 1 1 1 1 1 1 1 
1 1 1 S 1 1 1 1 
1 1 0 0 0 H 1 1 
1 1 0 # # 0 1 1 
1 1 0 F 0 0 1 1 
1 1 0 0 0 F 1 1 
1 1 1 1 1 G 1 1 
1 1 1 1 1 1 1 1 
p24 T6

Map
1 1 1 1 1 1 1 1 
1 1 1 1 S 1 1 1 
1 1 0 0 0 0 1 1 
1 1 0 0 0 F 1 1 
1 1 0 0 0 0 1 1 
1 1 H F 0 0 1 1 
1 1 1 G 1 1 1 1 
1 1 1 1 1 1 1 1 
p22 T6

Map
1 1 1 1 1 1 1 1 
1 1 1 1 1 1 1 1 
1 1 0 0 0 F 1 1 
1 1 0 0 0 0 G 1 
1 S 0 0 0 0 1 1 
1 1 0 0 0 0 1 1 
1 1 1 1 1 1 1 1 
1 1 1 1 1 1 1 1 
p22 T6

Map
1 1 1 1 1 1 1 1 
1 1 1 1 1 1 1 1 
1 1 0 0 0 0 1 1 
1 1 F 0 0 F G 1 
1 1 0 0 1 0 1 1 
1 S 0 0 0 0 1 1 
1 1 1 1 1 1 1 1 
1 1 1 1 1 1 1 1 
p32 T7

Map
1 1 1 1 1 1 1 1 
1 1 1 1 1 1 1 1 
1 1 0 0 H 0 1 1 
1 G 0 0 0 H 1 1 
1 S 0 0 0 0 1 1 
1 1 F 1 0 0 1 1 
1 1 1 1 1 1 1 1 
1 1 1 1 1 1 1 1 
p24 T6

Map
1 1 1 1 1 1 1 1 
1 1 1 1 1 1 1 1 
1 G 0 # # H 1 1 
1 1 H 0 0 1 1 1 
1 1 0 0 F 0 1 1 
1 1 0 0 0 0 1 1 
1 1 1 1 1 S 1 1 
1 1 1 1 1 1 1 1 
p45 T6

Map
1 1 1 1 1 1 1 1 
1 1 1 1 1 1 1 1 
1 1 0 0 H 0 1 1 
1 1 0 0 0 0 1 1 
1 1 0 0 0 0 1 1 
1 1 0 0 0 0 1 1 
1 1 1 1 G S 1 1 
1 1 1 1 1 1 1 1 
p55 T6

Map
1 1 1 1 1 1 1 1 
1 1 G 1 1 S 1 1 
1 1 # H 0 F 1 1 
1 1 0 F # F 1 1 
1 1 H 0 0 0 1 1 
1 1 0 1 # 0 1 1 
1 1 1 1 1 1 1 1 
1 1 1 1 1 1 1 1 
p44 T6

Map
1 1 1 1 1 1 1 1 
1 1 1 G 1 1 1 1 
1 1 0 0 0 1 1 1 
1 1 0 0 0 0 1 1 
1 1 0 1 0 0 1 1 
1 1 1 0 0 0 S 1 
1 1 1 1 1 1 1 1 
1 1 1 1 1 1 1 1 
p43 T6

Map
1 1 1 1 1 1 1 1 
1 1 1 1 G 1 1 1 
1 1 0 0 0 0 1 1 
1 1 F 0 1 H 1 1 
1 S 0 F 0 0 1 1 
1 1 0 0 0 0 1 1 
1 1 1 1 1 1 1 1 
1 1 1 1 1 1 1 1 
p32 T7

Map
1 1 1 1 1 1 1 1 
1 1 1 1 1 1 1 1 
1 1 F 0 0 0 1 1 
1 1 0 0 0 0 1 1 
1 G 0 0 0 0 1 1 
1 1 0 0 0 0 S 1 
1 1 1 1 1 1 1 1 
1 1 1 1 1 1 1 1 
p55 T6

Map
1 1 1 1 1 1 1 1 
1 1 1 1 1 1 1 1 
1 1 1 0 1 0 1 1 
1 1 0 0 H # G 1 
1 1 0 0 0 0 1 1 
1 1 0 0 0 0 1 1 
1 1 1 S 1 1 1 1 
1 1 1 1 1 1 1 1 
p54 T6

Map
1 1 1 1 1 1 1 1 
1 1 1 1 1 1 1 1 
1 1 0 F 0 0 1 1 
1 S 0 0 1 0 G 1 
1 1 0 # 0 0 1 1 
1 1 1 0 0 0 1 1 
1 1 1 1 1 1 1 1 
1 1 1 1 1 1 1 1 
p54 T6

Map
1 1 1 1 1 1 1 1 
1 1 G 1 1 1 1 1 
1 1 0 0 0 H 1 1 
1 1 0 0 0 1 1 1 
1 1 H 0 0 0 1 1 
1 1 0 0 0 0 1 1 
1 1 1 1 1 S 1 1 
1 1 1 1 1 1 1 1 
p45 T7

Map
1 1 1 1 1 1 1 1 
1 1 1 1 1 1 1 1 
1 1 0 0 0 0 1 1 
1 1 0 0 0 0 1 1 
1 1 H 0 0 0 1 1 
1 G # 0 1 # S 1 
1 1 1 1 1 1 1 1 
1 1 1 1 1 1 1 1 
p42 T6

Map
1 1 1 1 1 1 1 1 
1 1 1 1 1 1 1 1 
1 1 0 0 0 0 1 1 
1 1 1 # H # 1 1 
1 1 0 0 0 F 1 1 
1 S 0 0 F 0 1 1 
1 1 G 1 1 1 1 1 
1 1 1 1 1 1 1 1 
p42 T7

Map
1 1 1 1 1 1 1 1 
1 1 1 1 1 1 1 1 
1 1 0 0 0 F 1 1 
1 G 0 0 0 0 1 1 
1 S 0 0 0 0 1 1 
1 1 0 0 0 0 1 1 
1 1 1 1 1 1 1 1 
1 1 1 1 1 1 1 1 
p22 T6

Map
1 1 1 1 1 1 1 1 
1 1 1 1 1 S 1 1 
1 1 0 0 0 0 1 1 
1 1 0 0 0 0 1 1 
1 1 H 0 0 0 1 1 
1 1 0 H F # 1 1 
1 1 1 1 G 1 1 1 
1 1 1 1 1 1 1 1 
p52 T6

Map
1 1 1 1 1 1 1 1 
1 1 1 1 S 1 1 1 
1 1 0 0 0 0 1 1 
1 1 0 0 0 0 1 1 
1 1 0 0 0 0 1 1 
1 1 0 F 0 0 1 1 
1 1 1 G 1 1 1 1 
1 1 1 1 1 1 1 1 
p22 T6

Map
1 1 1 1 1 1 1 1 
1 1 1 1 1 1 1 1 
1 1 0 0 F 0 1 1 
1 1 0 F F 0 1 1 
1 1 # 0 0 0 G 1 
1 S F # 1 0 1 1 
1 1 1 1 1 1 1 1 
1 1 1 1 1 1 1 1 
p53 T6

Map
1 1 1 1 1 1 1 1 
1 1 1 1 G 1 1 1 
1 1 H 0 0 0 1 1 
1 1 # 0 0 0 1 1 
1 1 0 0 0 0 1 1 
1 1 0 0 0 0 1 1 
1 1 1 1 1 S 1 1 
1 1 1 1 1 1 1 1 
p55 T6

Map
1 1 1 1 1 1 1 1 
1 1 1 1 1 1 1 1 
1 S 0 # F 0 1 1 
1 1 0 0 0 0 1 1 
1 1 0 0 # 0 1 1 
1 G 0 0 H 0 1 1 
1 1 1 1 1 1 1 1 
1 1 1 1 1 1 1 1 
p52 T6

Map
1 1 1 1 1 1 1 1 
1 1 1 1 1 1 1 1 
1 1 H 0 0 0 1 1 
1 1 0 0 0 0 G 1 
1 1 F F 0 1 1 1 
1 1 0 0 0 0 S 1 
1 1 1 1 1 1 1 1 
1 1 1 1 1 1 1 1 
p45 T6

Map
1 1 1 1 1 1 1 1 
1 1 S 1 1 G 1 1 
1 1 0 1 0 0 1 1 
1 1 0 0 F 1 1 1 
1 1 0 0 0 0 1 1 
1 1 1 # 0 0 1 1 
1 1 1 1 1 1 1 1 
1 1 1 1 1 1 1 1 
p34 T6

Map
1 1 1 1 1 1 1 1 
1 1 1 1 1 1 1 1 
1 1 0 0 0 0 S 1 
1 1 H 0 0 0 G 1 
1 1 0 0 0 0 1 1 
1 1 0 0 0 0 1 1 
1 1 1 1 1 1 1 1 
1 1 1 1 1 1 1 1 
p52 T6

Map
1 1 1 1 1 1 1 1 
1 1 1 G S 1 1 1 
1 1 # 0 0 0 1 1 
1 1 0 0 0 0 1 1 
1 1 0 0 0 0 1 1 
1 1 H 0 0 0 1 1 
1 1 1 1 1 1 1 1 
1 1 1 1 1 1 1 1 
p42 T6

Map
1 1 1 1 1 1 1 1 
1 1 1 1 1 1 1 1 
1 1 # H 0 0 1 1 
1 1 0 1 0 0 G 1 
1 1 0 0 0 0 1 1 
1 1 0 0 0 0 1 1 
1 1 S 1 1 1 1 1 
1 1 1 1 1 1 1 1 
p54 T6

Map
1 1 1 1 1 1 1 1 
1 1 1 G 1 1 1 1 
1 1 0 0 0 0 1 1 
1 1 H H 0 0 1 1 
1 1 0 0 0 0 S 1 
1 1 0 0 0 0 1 1 
1 1 1 1 1 1 1 1 
1 1 1 1 1 1 1 1 
p42 T6

Map
1 1 1 1 1 1 1 1 
1 1 1 1 G S 1 1 
1 1 0 0 0 0 1 1 
1 1 0 0 0 0 1 1 
1 1 0 0 0 0 1 1 
1 1 F F 0 0 1 1 
1 1 1 1 1 1 1 1 
1 1 1 1 1 1 1 1 
p52 T6

Map
1 1 1 1 1 1 1 1 
1 1 1 1 1 1 1 1 
1 1 H 0 0 0 1 1 
1 1 0 0 0 0 1 1 
1 1 0 0 0 0 1 1 
1 1 0 0 0 0 1 1 
1 1 1 G S 1 1 1 
1 1 1 1 1 1 1 1 
p25 T6

Map
1 1 1 1 1 1 1 1 
1 1 S 1 1 1 1 1 
1 1 0 0 0 0 1 1 
1 1 0 0 0 0 1 1 
1 1 0 0 0 0 1 1 
1 1 0 # H 0 1 1 
1 1 1 G 1 1 1 1 
1 1 1 1 1 1 1 1 
p22 T6

Map
1 1 1 1 1 1 1 1 
1 1 1 1 1 1 1 1 
1 1 0 0 0 0 S 1 
1 1 0 1 0 0 G 1 
1 1 0 0 0 0 1 1 
1 1 0 0 1 0 1 1 
1 1 1 1 1 1 1 1 
1 1 1 1 1 1 1 1 
p52 T6

Map
1 1 1 1 1 1 1 1 
1 1 1 1 1 1 1 1 
1 1 F 0 0 0 1 1 
1 S 0 0 0 0 1 1 
1 1 0 0 0 0 G 1 
1 1 0 0 0 H 1 1 
1 1 1 1 1 1 1 1 
1 1 1 1 1 1 1 1 
p23 T6

Map
1 1 1 1 1 1 1 1 
1 1 1 1 1 1 1 1 
1 1 0 0 0 0 1 1 
1 1 0 0 0 F G 1 
1 S 0 0 0 0 1 1 
1 1 0 0 0 0 1 1 
1 1 1 1 1 1 1 1 
1 1 1 1 1 1 1 1 
p22 T6

Map
1 1 1 1 1 1 1 1 
1 1 1 1 1 1 1 1 
1 1 0 0 0 0 1 1 
1 1 0 0 H 0 1 1 
1 1 H 0 0 F 1 1 
1 1 0 0 H 0 1 1 
1 1 G 1 1 S 1 1 
1 1 1 1 1 1 1 1 
p42 T6

Map
1 1 1 1 1 1 1 1 
1 1 1 1 1 1 1 1 
1 1 0 0 0 H 1 1 
1 1 0 0 0 0 1 1 
1 1 0 0 0 0 1 1 
1 1 0 0 0 0 1 1 
1 1 S G 1 1 1 1 
1 1 1 1 1 1 1 1 
p25 T6

Map
1 1 1 1 1 1 1 1 
1 1 1 1 1 1 1 1 
1 1 0 0 0 0 1 1 
1 G 0 0 0 H 1 1 
1 S 0 0 0 0 1 1 
1 1 0 0 F 0 1 1 
1 1 1 1 1 1 1 1 
1 1 1 1 1 1 1 1 
p22 T6

Map
1 1 1 1 1 1 1 1 
1 1 1 1 1 1 1 1 
1 S 0 1 # 1 1 1 
1 1 0 0 H 0 G 1 
1 1 0 0 F 0 1 1 
1 1 0 1 0 # 1 1 
1 1 1 1 1 1 1 1 
1 1 1 1 1 1 1 1 
p23 T6

Map
1 1 1 1 1 1 1 1 
1 1 G 1 1 1 1 1 
1 1 0 0 0 1 1 1 
1 1 0 0 1 # 1 1 
1 1 1 # 0 0 1 1 
1 1 0 # 0 0 1 1 
1 1 1 1 1 S 1 1 
1 1 1 1 1 1 1 1 
p55 T6

Map
1 1 1 1 1 1 1 1 
1 1 1 1 1 1 1 1 
1 1 F 1 0 0 1 1 
1 1 0 H 0 0 1 1 
1 G F 0 0 F 1 1 
1 S # 0 # 0 1 1 
1 1 1 1 1 1 1 1 
1 1 1 1 1 1 1 1 
p43 T6

Map
1 1 1 1 1 1 1 1 
1 1 1 1 G 1 1 1 
1 1 0 0 0 0 1 1 
1 1 0 0 1 H 1 1 
1 1 0 0 0 0 1 1 
1 1 0 F F 0 1 1 
1 1 1 1 S 1 1 1 
1 1 1 1 1 1 1 1 
p32 T6

Map
1 1 1 1 1 1 1 1 
1 1 1 1 1 1 1 1 
1 S 0 0 0 0 1 1 
1 1 0 0 1 0 1 1 
1 1 0 0 0 0 1 1 
1 1 0 0 0 # 1 1 
1 1 1 1 G 1 1 1 
1 1 1 1 1 1 1 1 
p35 T6

Map
1 1 1 1 1 1 1 1 
1 1 1 1 1 1 1 1 
1 1 0 0 0 0 1 1 
1 1 0 0 F F G 1 
1 S 0 0 0 0 1 1 
1 1 0 0 0 0 1 1 
1 1 1 1 1 1 1 1 
1 1 1 1 1 1 1 1 
p22 T6

Map
1 1 1 1 1 1 1 1 
1 1 1 1 1 1 1 1 
1 1 0 H 0 0 1 1 
1 1 0 0 0 0 1 1 
1 1 0 0 0 1 1 1 
1 1 0 1 0 0 1 1 
1 1 S 1 1 G 1 1 
1 1 1 1 1 1 1 1 
p25 T6

Map
1 1 1 1 1 1 1 1 
1 1 1 1 1 1 1 1 
1 1 0 1 0 0 1 1 
1 1 0 0 1 0 G 1 
1 1 0 0 0 0 1 1 
1 1 0 0 0 0 1 1 
1 1 S 1 1 1 1 1 
1 1 1 1 1 1 1 1 
p54 T6

Map
1 1 1 1 1 1 1 1 
1 1 1 1 G S 1 1 
1 1 0 0 # 0 1 1 
1 1 0 F 0 0 1 1 
1 1 F 0 0 0 1 1 
1 1 F 0 0 0 1 1 
1 1 1 1 1 1 1 1 
1 1 1 1 1 1 1 1 
p52 T6

Map
1 1 1 1 1 1 1 1 
1 1 1 1 1 1 1 1 
1 1 0 0 0 0 S 1 
1 G 0 0 0 0 1 1 
1 1 0 0 F 0 1 1 
1 1 F 0 0 0 1 1 
1 1 1 1 1 1 1 1 
1 1 1 1 1 1 1 1 
p52 T6

Map
1 1 1 1 1 1 1 1 
1 1 1 1 1 1 1 1 
1 S 0 0 0 0 1 1 
1 G 0 0 0 H 1 1 
1 1 0 0 0 0 1 1 
1 1 0 0 0 0 1 1 
1 1 1 1 1 1 1 1 
1 1 1 1 1 1 1 1 
p22 T6

Map
1 1 1 1 1 1 1 1 
1 1 1 1 1 1 1 1 
1 1 0 0 0 0 1 1 
1 1 0 0 0 0 1 1 
1 1 0 0 0 0 G 1 
1 S # 0 # # 1 1 
1 1 1 1 1 1 1 1 
1 1 1 1 1 1 1 1 
p23 T6

Map
1 1 1 1 1 1 1 1 
1 1 1 1 G S 1 1 
1 1 0 0 0 # 1 1 
1 1 0 0 H 0 1 1 
1 1 F 0 0 0 1 1 
1 1 0 0 0 0 1 1 
1 1 1 1 1 1 1 1 
1 1 1 1 1 1 1 1 
p32 T6

Map
1 1 1 1 1 1 1 1 
1 1 1 1 1 1 1 1 
1 1 0 0 0 0 S 1 
1 G # 0 0 0 1 1 
1 1 0 0 0 0 1 1 
1 1 H 0 0 0 1 1 
1 1 1 1 1 1 1 1 
1 1 1 1 1 1 1 1 
p52 T6

Map
1 1 1 1 1 1 1 1 
1 1 1 1 1 1 1 1 
1 1 0 H 0 0 G 1 
1 1 1 0 0 H 1 1 
1 1 0 # 0 0 1 1 
1 1 0 0 0 0 1 1 
1 1 S 1 1 1 1 1 
1 1 1 1 1 1 1 1 
p35 T6

Map
1 1 1 1 1 1 1 1 
1 1 1 1 1 1 1 1 
1 1 0 0 1 0 G 1 
1 1 0 1 # 0 1 1 
1 1 0 F 0 1 1 1 
1 1 0 0 0 0 1 1 
1 1 S 1 1 1 1 1 
1 1 1 1 1 1 1 1 
p25 T7

Map
1 1 1 1 1 1 1 1 
1 1 1 1 1 1 1 1 
1 S 0 0 0 1 1 1 
1 1 0 0 F # G 1 
1 1 0 0 0 F 1 1 
1 1 0 0 1 1 1 1 
1 1 1 1 1 1 1 1 
1 1 1 1 1 1 1 1 
p22 T6

Map
1 1 1 1 1 1 1 1 
1 1 1 1 1 1 1 1 
1 1 F 0 0 1 1 1 
1 1 0 0 0 F 1 1 
1 1 0 0 0 0 1 1 
1 1 0 0 0 0 1 1 
1 1 1 G S 1 1 1 
1 1 1 1 1 1 1 1 
p25 T6

Map
1 1 1 1 1 1 1 1 
1 1 1 G 1 1 1 1 
1 1 0 0 0 F 1 1 
1 1 0 0 0 0 1 1 
1 1 0 0 0 # 1 1 
1 1 0 0 0 # 1 1 
1 1 S 1 1 1 1 1 
1 1 1 1 1 1 1 1 
p25 T6

Map
1 1 1 1 1 1 1 1 
1 1 1 1 1 1 1 1 
1 1 0 0 0 0 S 1 
1 1 0 H 0 0 G 1 
1 1 0 0 0 0 1 1 
1 1 H H 0 0 1 1 
1 1 1 1 1 1 1 1 
1 1 1 1 1 1 1 1 
p52 T6

Map
1 1 1 1 1 1 1 1 
1 1 1 1 1 1 1 1 
1 1 0 # 0 0 1 1 
1 G 0 1 0 0 S 1 
1 1 0 0 0 0 1 1 
1 1 0 0 0 H 1 1 
1 1 1 1 1 1 1 1 
1 1 1 1 1 1 1 1 
p22 T6

Map
1 1 1 1 1 1 1 1 
1 1 1 1 1 1 1 1 
1 1 F 0 0 0 1 1 
1 1 0 0 0 0 1 1 
1 1 0 0 0 0 1 1 
1 1 0 0 0 0 1 1 
1 1 1 G S 1 1 1 
1 1 1 1 1 1 1 1 
p25 T6

Map
1 1 1 1 1 1 1 1 
1 1 1 1 1 1 1 1 
1 1 H 0 H 0 1 1 
1 1 0 0 0 0 1 1 
1 1 0 0 0 0 1 1 
1 1 1 0 0 0 1 1 
1 1 1 S G 1 1 1 
1 1 1 1 1 1 1 1 
p35 T6

Map
1 1 1 1 1 1 1 1 
1 1 S 1 1 1 1 1 
1 1 F 0 0 1 1 1 
1 1 0 0 0 0 1 1 
1 1 0 0 F 0 1 1 
1 1 0 0 0 F 1 1 
1 1 1 G 1 1 1 1 
1 1 1 1 1 1 1 1 
p23 T6

Map
1 1 1 1 1 1 1 1 
1 1 1 1 1 1 1 1 
1 1 0 # 0 0 S 1 
1 1 0 0 # 0 G 1 
1 1 H 0 0 0 1 1 
1 1 0 H 0 0 1 1 
1 1 1 1 1 1 1 1 
1 1 1 1 1 1 1 1 
p52 T6

Map
1 1 1 1 1 1 1 1 
1 1 1 1 1 1 1 1 
1 1 0 0 1 0 1 1 
1 G 0 F 1 0 1 1 
1 S 0 0 0 0 1 1 
1 1 0 0 0 0 1 1 
1 1 1 1 1 1 1 1 
1 1 1 1 1 1 1 1 
p22 T6

Map
1 1 1 1 1 1 1 1 
1 1 1 1 1 1 1 1 
1 S 0 0 0 0 1 1 
1 1 0 0 0 # 1 1 
1 1 0 0 H H 1 1 
1 1 0 0 0 0 1 1 
1 1 1 1 G 1 1 1 
1 1 1 1 1 1 1 1 
p35 T6

Map
1 1 1 1 1 1 1 1 
1 1 1 1 1 G 1 1 
1 1 F 0 0 0 1 1 
1 1 1 # # 1 1 1 
1 1 0 0 0 0 1 1 
1 1 0 0 0 0 1 1 
1 1 S 1 1 1 1 1 
1 1 1 1 1 1 1 1 
p24 T6

Map
1 1 1 1 1 1 1 1 
1 1 1 1 1 1 1 1 
1 1 0 0 H 0 1 1 
1 1 0 0 0 0 1 1 
1 1 H 0 0 F 1 1 
1 S 0 0 1 0 G 1 
1 1 1 1 1 1 1 1 
1 1 1 1 1 1 1 1 
p34 T6

Map
1 1 1 1 1 1 1 1 
1 1 1 1 1 1 1 1 
1 1 0 H 0 F G 1 
1 1 0 0 0 F 1 1 
1 1 0 H 0 0 1 1 
1 1 0 0 0 0 1 1 
1 1 S 1 1 1 1 1 
1 1 1 1 1 1 1 1 
p35 T6

Map
1 1 1 1 1 1 1 1 
1 1 1 1 1 1 1 1 
1 1 H 0 0 0 1 1 
1 1 0 0 # 0 G 1 
1 1 0 0 0 0 S 1 
1 1 # 0 1 0 1 1 
1 1 1 1 1 1 1 1 
1 1 1 1 1 1 1 1 
p52 T6

Map
1 1 1 1 1 1 1 1 
1 1 1 1 1 G 1 1 
1 1 F # 0 0 1 1 
1 1 0 0 0 1 1 1 
1 1 0 0 H 0 1 1 
1 1 0 0 0 0 1 1 
1 1 1 1 1 S 1 1 
1 1 1 1 1 1 1 1 
p45 T7

Map
1 1 1 1 1 1 1 1 
1 1 1 1 1 1 1 1 
1 1 0 0 0 0 G 1 
1 1 H 0 0 0 1 1 
1 S 0 1 # H 1 1 
1 1 0 0 0 0 1 1 
1 1 1 1 1 1 1 1 
1 1 1 1 1 1 1 1 
p35 T6

Map
1 1 1 1 1 1 1 1 
1 1 1 1 1 1 1 1 
1 S 0 1 0 F 1 1 
1 1 0 0 0 F 1 1 
1 1 0 0 0 0 1 1 
1 1 0 1 0 0 1 1 
1 1 1 1 G 1 1 1 
1 1 1 1 1 1 1 1 
p23 T7

Map
1 1 1 1 1 1 1 1 
1 1 1 S 1 1 1 1 
1 1 0 0 0 0 1 1 
1 1 1 1 0 0 1 1 
1 1 0 0 0 # 1 1 
1 1 0 # 0 0 1 1 
1 1 1 G 1 1 1 1 
1 1 1 1 1 1 1 1 
p45 T6

Map
1 1 1 1 1 1 1 1 
1 1 1 1 1 1 1 1 
1 1 F 0 0 0 1 1 
1 1 # 0 0 0 1 1 
1 G F 0 0 0 1 1 
1 1 0 0 0 0 S 1 
1 1 1 1 1 1 1 1 
1 1 1 1 1 1 1 1 
p55 T6

Map
1 1 1 1 1 1 1 1 
1 1 1 1 1 1 1 1 
1 1 0 H 0 0 1 1 
1 1 0 0 0 0 1 1 
1 1 0 0 0 0 1 1 
1 1 0 # 0 0 1 1 
1 1 1 1 G S 1 1 
1 1 1 1 1 1 1 1 
p55 T6

Map
1 1 1 1 1 1 1 1 
1 1 1 1 S 1 1 1 
1 1 0 0 0 0 1 1 
1 1 # 0 0 0 1 1 
1 1 0 0 0 F 1 1 
1 1 F 0 0 # 1 1 
1 1 1 G 1 1 1 1 
1 1 1 1 1 1 1 1 
p22 T6

Map
1 1 1 1 1 1 1 1 
1 1 1 1 1 1 1 1 
1 G 0 0 1 F 1 1 
1 1 1 0 0 0 1 1 
1 1 0 H 0 0 1 1 
1 1 0 0 0 0 S 1 
1 1 1 1 1 1 1 1 
1 1 1 1 1 1 1 1 
p55 T6

Map
1 1 1 1 1 1 1 1 
1 1 1 1 1 1 1 1 
1 1 0 0 0 F 1 1 
1 G 0 0 0 0 1 1 
1 S 0 0 0 0 1 1 
1 1 0 0 0 0 1 1 
1 1 1 1 1 1 1 1 
1 1 1 1 1 1 1 1 
p22 T6

Map
1 1 1 1 1 1 1 1 
1 1 1 1 1 1 1 1 
1 1 0 1 1 0 1 1 
1 1 0 0 0 0 1 1 
1 1 0 0 0 0 1 1 
1 1 0 0 0 0 1 1 
1 1 1 1 G S 1 1 
1 1 1 1 1 1 1 1 
p55 T6

Map
1 1 1 1 1 1 1 1 
1 1 1 1 1 1 1 1 
1 1 0 0 0 # 1 1 
1 1 F 0 F 1 1 1 
1 1 0 H 0 0 1 1 
1 1 0 0 0 0 1 1 
1 1 S 1 1 G 1 1 
1 1 1 1 1 1 1 1 
p32 T6

Map
1 1 1 1 1 1 1 1 
1 1 1 G S 1 1 1 
1 1 0 0 0 0 1 1 
1 1 0 F 0 0 1 1 
1 1 0 0 0 0 1 1 
1 1 F 0 0 F 1 1 
1 1 1 1 1 1 1 1 
1 1 1 1 1 1 1 1 
p22 T6

Map
1 1 1 1 1 1 1 1 
1 1 1 G 1 1 1 1 
1 1 H 0 0 0 1 1 
1 1 0 0 0 0 1 1 
1 1 0 0 0 0 1 1 
1 1 0 0 0 0 1 1 
1 1 1 1 S 1 1 1 
1 1 1 1 1 1 1 1 
p25 T6

Map
1 1 1 1 1 1 1 1 
1 1 1 1 1 1 1 1 
1 1 H 1 0 0 1 1 
1 1 0 0 0 0 1 1 
1 1 0 F 0 0 1 1 
1 1 0 0 0 H 1 1 
1 1 1 G S 1 1 1 
1 1 1 1 1 1 1 1 
p45 T6

Map
1 1 1 1 1 1 1 1 
1 1 S G 1 1 1 1 
1 1 0 0 0 0 1 1 
1 1 0 0 0 0 1 1 
1 1 0 0 0 0 1 1 
1 1 0 1 0 0 1 1 
1 1 1 1 1 1 1 1 
1 1 1 1 1 1 1 1 
p22 T6

Map
1 1 1 1 1 1 1 1 
1 1 1 1 1 1 1 1 
1 1 F 0 0 0 1 1 
1 G 0 0 0 0 1 1 
1 1 0 0 0 0 S 1 
1 1 1 # H 1 1 1 
1 1 1 1 1 1 1 1 
1 1 1 1 1 1 1 1 
p54 T6

Map
1 1 1 1 1 1 1 1 
1 1 1 1 1 1 1 1 
1 1 0 0 0 0 1 1 
1 1 0 1 0 0 G 1 
1 S # 0 1 0 1 1 
1 1 0 0 0 0 1 1 
1 1 1 1 1 1 1 1 
1 1 1 1 1 1 1 1 
p54 T6

Map
1 1 1 1 1 1 1 1 
1 1 1 1 1 1 1 1 
1 1 0 0 0 0 1 1 
1 1 0 0 0 0 1 1 
1 G F 0 0 0 1 1 
1 1 0 0 0 0 S 1 
1 1 1 1 1 1 1 1 
1 1 1 1 1 1 1 1 
p55 T6

Map
1 1 1 1 1 1 1 1 
1 1 1 G 1 1 1 1 
1 1 0 F 0 1 1 1 
1 1 0 0 0 0 1 1 
1 1 0 0 0 0 1 1 
1 1 0 0 0 0 1 1 
1 1 1 1 S 1 1 1 
1 1 1 1 1 1 1 1 
p25 T6

Map
1 1 1 1 1 1 1 1 
1 1 1 1 1 1 1 1 
1 1 0 0 0 0 1 1 
1 G F 0 # # 1 1 
1 1 0 0 0 0 S 1 
1 1 0 0 # 0 1 1 
1 1 1 1 1 1 1 1 
1 1 1 1 1 1 1 1 
p52 T6

Map
1 1 1 1 1 1 1 1 
1 1 1 G S 1 1 1 
1 1 0 0 0 F 1 1 
1 1 0 0 0 0 1 1 
1 1 H 0 0 0 1 1 
1 1 F 0 0 1 1 1 
1 1 1 1 1 1 1 1 
1 1 1 1 1 1 1 1 
p42 T6

Map
1 1 1 1 1 1 1 1 
1 1 1 1 1 1 1 1 
1 1 0 0 0 0 1 1 
1 1 F 0 H 0 1 1 
1 1 0 1 0 0 G 1 
1 S 0 1 F 0 1 1 
1 1 1 1 1 1 1 1 
1 1 1 1 1 1 1 1 
p53 T6

Map
1 1 1 1 1 1 1 1 
1 1 G 1 1 1 1 1 
1 1 F 0 0 0 1 1 
1 1 0 0 0 0 1 1 
1 1 # 1 0 0 1 1 
1 1 1 0 0 0 1 1 
1 1 1 S 1 1 1 1 
1 1 1 1 1 1 1 1 
p54 T6

Map
1 1 1 1 1 1 1 1 
1 1 1 1 1 1 1 1 
1 S 0 0 0 0 1 1 
1 1 0 0 0 H 1 1 
1 1 0 0 0 0 1 1 
1 1 0 0 H 0 G 1 
1 1 1 1 1 1 1 1 
1 1 1 1 1 1 1 1 
p23 T7

Map
1 1 1 1 1 1 1 1 
1 1 1 1 1 S 1 1 
1 1 0 0 0 0 1 1 
1 1 F 0 1 1 1 1 
1 1 0 F 0 0 1 1 
1 1 0 0 0 0 1 1 
1 1 1 1 G 1 1 1 
1 1 1 1 1 1 1 1 
p35 T6

Map
1 1 1 1 1 1 1 1 
1 1 S 1 1 1 1 1 
1 1 0 0 0 0 1 1 
1 1 0 # 0 0 1 1 
1 1 0 0 0 0 1 1 
1 1 0 0 0 H 1 1 
1 1 1 G 1 1 1 1 
1 1 1 1 1 1 1 1 
p22 T6

Map
1 1 1 1 1 1 1 1 
1 1 1 S G 1 1 1 
1 1 H 0 0 0 1 1 
1 1 0 0 0 0 1 1 
1 1 0 0 0 0 1 1 
1 1 0 0 # H 1 1 
1 1 1 1 1 1 1 1 
1 1 1 1 1 1 1 1 
p32 T6

Map
1 1 1 1 1 1 1 1 
1 1 1 1 1 1 1 1 
1 1 0 0 0 0 1 1 
1 1 0 F H 0 G 1 
1 S 0 0 1 0 1 1 
1 1 0 0 0 0 1 1 
1 1 1 1 1 1 1 1 
1 1 1 1 1 1 1 1 
p52 T6

Map
1 1 1 1 1 1 1 1 
1 1 S 1 1 1 1 1 
1 1 0 0 0 0 1 1 
1 1 0 F 0 0 1 1 
1 1 1 0 0 0 1 1 
1 1 F 0 0 F G 1 
1 1 1 1 1 1 1 1 
1 1 1 1 1 1 1 1 
p32 T6

Map
1 1 1 1 1 1 1 1 
1 1 1 1 1 1 1 1 
1 1 0 0 0 F 1 1 
1 G 0 0 0 0 1 1 
1 S 0 0 0 0 1 1 
1 1 0 0 0 0 1 1 
1 1 1 1 1 1 1 1 
1 1 1 1 1 1 1 1 
p22 T6

Map
1 1 1 1 1 1 1 1 
1 1 1 S 1 1 1 1 
1 1 F 0 0 0 1 1 
1 1 0 0 0 0 1 1 
1 1 0 0 0 0 1 1 
1 1 0 0 F 0 1 1 
1 1 1 1 G 1 1 1 
1 1 1 1 1 1 1 1 
p32 T6

Map
1 1 1 1 1 1 1 1 
1 1 1 1 1 1 1 1 
1 1 0 0 F H 1 1 
1 G 0 0 F 0 1 1 
1 S 0 0 0 0 1 1 
1 1 0 0 0 0 1 1 
1 1 1 1 1 1 1 1 
1 1 1 1 1 1 1 1 
p22 T6

Map
1 1 1 1 1 1 1 1 
1 1 1 1 1 1 1 1 
1 1 1 0 H 0 1 1 
1 1 0 H H 0 G 1 
1 1 0 1 0 0 1 1 
1 1 # 0 0 0 1 1 
1 1 S 1 1 1 1 1 
1 1 1 1 1 1 1 1 
p54 T6

Map
1 1 1 1 1 1 1 1 
1 1 1 1 1 1 1 1 
1 1 0 0 H 1 1 1 
1 1 0 0 0 0 S 1 
1 1 # 0 0 F G 1 
1 1 H 0 0 1 1 1 
1 1 1 1 1 1 1 1 
1 1 1 1 1 1 1 1 
p43 T6

Map
1 1 1 1 1 1 1 1 
1 1 1 1 1 1 1 1 
1 1 0 1 0 0 1 1 
1 1 0 0 0 0 1 1 
1 1 0 0 F 0 1 1 
1 1 F 0 F 0 1 1 
1 1 S 1 G 1 1 1 
1 1 1 1 1 1 1 1 
p24 T6

Map
1 1 1 1 1 1 1 1 
1 1 1 1 1 1 1 1 
1 S 0 0 0 0 1 1 
1 G 0 0 0 H 1 1 
1 1 0 0 0 0 1 1 
1 1 0 0 0 0 1 1 
1 1 1 1 1 1 1 1 
1 1 1 1 1 1 1 1 
p22 T6

Map
1 1 1 1 1 1 1 1 
1 1 1 1 1 S 1 1 
1 1 0 0 0 0 1 1 
1 1 0 F 1 0 1 1 
1 G 0 0 H 0 1 1 
1 1 0 0 F 1 1 1 
1 1 1 1 1 1 1 1 
1 1 1 1 1 1 1 1 
p23 T6

Map
1 1 1 1 1 1 1 1 
1 1 1 1 1 1 1 1 
1 1 0 0 F F 1 1 
1 G 0 0 0 0 1 1 
1 S 0 0 0 0 1 1 
1 1 0 F 0 0 1 1 
1 1 1 1 1 1 1 1 
1 1 1 1 1 1 1 1 
p22 T6

Map
1 1 1 1 1 1 1 1 
1 1 1 1 1 1 1 1 
1 1 1 H 0 0 1 1 
1 S 0 0 0 0 1 1 
1 1 0 0 0 F G 1 
1 1 0 0 F H 1 1 
1 1 1 1 1 1 1 1 
1 1 1 1 1 1 1 1 
p23 T6

Map
1 1 1 1 1 1 1 1 
1 1 S 1 1 1 1 1 
1 1 0 0 0 0 1 1 
1 1 1 0 0 0 1 1 
1 1 0 1 0 0 1 1 
1 1 0 0 0 0 1 1 
1 1 1 G 1 1 1 1 
1 1 1 1 1 1 1 1 
p45 T6

Map
1 1 1 1 1 1 1 1 
1 1 1 1 1 1 1 1 
1 1 0 0 0 0 S 1 
1 1 0 0 0 0 G 1 
1 1 0 0 0 0 1 1 
1 1 H 0 1 0 1 1 
1 1 1 1 1 1 1 1 
1 1 1 1 1 1 1 1 
p52 T6

Map
1 1 1 1 1 1 1 1 
1 1 1 1 1 1 1 1 
1 S 0 0 0 0 1 1 
1 G 0 0 0 # 1 1 
1 1 0 0 # H 1 1 
1 1 0 0 0 0 1 1 
1 1 1 1 1 1 1 1 
1 1 1 1 1 1 1 1 
p22 T6

Map
1 1 1 1 1 1 1 1 
1 1 1 1 1 1 1 1 
1 1 0 0 0 0 1 1 
1 1 H 0 0 0 1 1 
1 1 0 0 0 0 G 1 
1 1 0 0 0 0 S 1 
1 1 1 1 1 1 1 1 
1 1 1 1 1 1 1 1 
p55 T6

Map
1 1 1 1 1 1 1 1 
1 1 1 G 1 1 1 1 
1 1 H 0 0 0 1 1 
1 1 0 F 0 0 1 1 
1 1 0 0 0 # 1 1 
1 1 0 0 0 0 1 1 
1 1 1 1 S 1 1 1 
1 1 1 1 1 1 1 1 
p25 T6

Map
1 1 1 1 1 1 1 1 
1 1 1 1 1 1 1 1 
1 1 0 F 0 0 1 1 
1 1 0 0 1 0 G 1 
1 S 0 0 1 0 1 1 
1 1 H 0 F 0 1 1 
1 1 1 1 1 1 1 1 
1 1 1 1 1 1 1 1 
p54 T6

Map
1 1 1 1 1 1 1 1 
1 1 1 1 G 1 1 1 
1 1 0 F 0 0 1 1 
1 1 0 F 0 0 1 1 
1 1 0 0 0 0 1 1 
1 1 0 0 0 # S 1 
1 1 1 1 1 1 1 1 
1 1 1 1 1 1 1 1 
p35 T6

Map
1 1 1 1 1 1 1 1 
1 1 1 1 1 1 1 1 
1 1 F 0 0 0 1 1 
1 1 0 0 0 0 G 1 
1 1 0 # 0 0 S 1 
1 1 0 0 0 0 1 1 
1 1 1 1 1 1 1 1 
1 1 1 1 1 1 1 1 
p52 T6

Map
1 1 1 1 1 1 1 1 
1 1 1 G 1 1 1 1 
1 1 0 0 1 # 1 1 
1 1 0 0 0 0 1 1 
1 1 0 0 H 0 1 1 
1 1 1 0 H 0 1 1 
1 1 1 1 1 S 1 1 
1 1 1 1 1 1 1 1 
p54 T6

Map
1 1 1 1 1 1 1 1 
1 1 1 1 1 1 1 1 
1 1 0 1 # 0 1 1 
1 1 H 0 0 0 1 1 
1 1 0 F # 0 1 1 
1 1 0 0 0 0 1 1 
1 1 1 G S 1 1 1 
1 1 1 1 1 1 1 1 
p25 T6

Map
1 1 1 1 1 1 1 1 
1 1 1 1 G S 1 1 
1 1 0 F 0 0 1 1 
1 1 0 0 0 0 1 1 
1 1 1 0 H 0 1 1 
1 1 H 0 0 0 1 1 
1 1 1 1 1 1 1 1 
1 1 1 1 1 1 1 1 
p52 T6

Map
1 1 1 1 1 1 1 1 
1 1 1 1 1 1 1 1 
1 S 0 0 0 0 1 1 
1 G 0 0 0 1 1 1 
1 1 0 0 0 0 1 1 
1 1 0 0 0 0 1 1 
1 1 1 1 1 1 1 1 
1 1 1 1 1 1 1 1 
p22 T6

Map
1 1 1 1 1 1 1 1 
1 1 1 1 1 1 1 1 
1 1 0 0 1 H 1 1 
1 1 0 0 H H 1 1 
1 1 0 0 0 0 G 1 
1 S 0 0 0 0 1 1 
1 1 1 1 1 1 1 1 
1 1 1 1 1 1 1 1 
p25 T6

Map
1 1 1 1 1 1 1 1 
1 1 1 G S 1 1 1 
1 1 0 # 0 0 1 1 
1 1 0 0 0 1 1 1 
1 1 0 0 0 1 1 1 
1 1 0 H 0 0 1 1 
1 1 1 1 1 1 1 1 
1 1 1 1 1 1 1 1 
p22 T6

Map
1 1 1 1 1 1 1 1 
1 1 1 1 1 1 1 1 
1 1 H 0 0 0 1 1 
1 1 0 0 0 0 1 1 
1 1 0 0 0 0 G 1 
1 1 0 0 0 0 S 1 
1 1 1 1 1 1 1 1 
1 1 1 1 1 1 1 1 
p55 T6

Map
1 1 1 1 1 1 1 1 
1 1 1 1 1 1 1 1 
1 1 0 0 0 0 1 1 
1 1 F 0 0 0 G 1 
1 S 0 1 0 0 1 1 
1 1 0 F 0 0 1 1 
1 1 1 1 1 1 1 1 
1 1 1 1 1 1 1 1 
p22 T6

Map
1 1 1 1 1 1 1 1 
1 1 1 1 1 1 1 1 
1 1 0 0 0 # 1 1 
1 1 0 0 0 0 1 1 
1 1 0 0 0 0 1 1 
1 1 0 0 0 # 1 1 
1 1 1 1 G S 1 1 
1 1 1 1 1 1 1 1 
p35 T6

Map
1 1 1 1 1 1 1 1 
1 1 1 1 1 1 1 1 
1 G 0 # H 0 1 1 
1 1 0 0 0 0 1 1 
1 1 0 H 0 0 1 1 
1 S F 0 0 0 1 1 
1 1 1 1 1 1 1 1 
1 1 1 1 1 1 1 1 
p54 T6

Map
1 1 1 1 1 1 1 1 
1 1 1 S G 1 1 1 
1 1 H 0 0 0 1 1 
1 1 0 0 0 0 1 1 
1 1 1 0 0 # 1 1 
1 1 0 0 1 0 1 1 
1 1 1 1 1 1 1 1 
1 1 1 1 1 1 1 1 
p32 T6

Map
1 1 1 1 1 1 1 1 
1 1 1 G 1 1 1 1 
1 1 # 0 0 0 1 1 
1 1 0 F 0 0 S 1 
1 1 F F 0 0 1 1 
1 1 0 0 0 # 1 1 
1 1 1 1 1 1 1 1 
1 1 1 1 1 1 1 1 
p42 T7

Map
1 1 1 1 1 1 1 1 
1 1 1 1 1 1 1 1 
1 1 0 # 0 0 1 1 
1 G F F 0 0 1 1 
1 1 0 # 0 0 S 1 
1 1 0 0 0 F 1 1 
1 1 1 1 1 1 1 1 
1 1 1 1 1 1 1 1 
p54 T6

Map
1 1 1 1 1 1 1 1 
1 1 1 1 1 1 1 1 
1 1 0 0 0 0 S 1 
1 1 H 0 0 0 G 1 
1 1 0 0 0 # 1 1 
1 1 H 0 0 1 1 1 
1 1 1 1 1 1 1 1 
1 1 1 1 1 1 1 1 
p42 T6

Map
1 1 1 1 1 1 1 1 
1 1 1 1 1 1 1 1 
1 1 1 0 0 0 1 1 
1 S 0 0 0 0 1 1 
1 1 # 0 0 0 G 1 
1 1 0 0 0 F 1 1 
1 1 1 1 1 1 1 1 
1 1 1 1 1 1 1 1 
p23 T6

Map
1 1 1 1 1 1 1 1 
1 1 1 1 1 1 1 1 
1 G 0 0 1 0 1 1 
1 1 1 0 0 0 1 1 
1 1 0 H F 1 1 1 
1 S 0 0 0 0 1 1 
1 1 1 1 1 1 1 1 
1 1 1 1 1 1 1 1 
p35 T6

Map
1 1 1 1 1 1 1 1 
1 1 S 1 1 G 1 1 
1 1 F 0 1 0 1 1 
1 1 0 # 0 0 1 1 
1 1 0 0 0 H 1 1 
1 1 0 0 1 0 1 1 
1 1 1 1 1 1 1 1 
1 1 1 1 1 1 1 1 
p34 T6

Map
1 1 1 1 1 1 1 1 
1 1 1 1 1 1 1 1 
1 1 0 1 H 0 1 1 
1 1 0 0 0 0 1 1 
1 1 F 0 H 0 1 1 
1 G 0 0 1 0 S 1 
1 1 1 1 1 1 1 1 
1 1 1 1 1 1 1 1 
p54 T6

Map
1 1 1 1 1 1 1 1 
1 1 1 1 1 1 1 1 
1 1 0 0 0 0 1 1 
1 G F 0 0 F 1 1 
1 1 1 1 0 0 1 1 
1 1 0 0 0 0 1 1 
1 1 S 1 1 1 1 1 
1 1 1 1 1 1 1 1 
p42 T7

Map
1 1 1 1 1 1 1 1 
1 1 1 1 1 1 1 1 
1 1 H 0 0 0 1 1 
1 1 0 0 H 0 1 1 
1 1 0 0 0 0 1 1 
1 1 0 0 1 0 1 1 
1 1 1 G 1 S 1 1 
1 1 1 1 1 1 1 1 
p55 T6

Map
1 1 1 1 1 1 1 1 
1 1 S 1 1 1 1 1 
1 1 0 0 0 0 1 1 
1 1 0 H 0 0 1 1 
1 1 1 0 0 H 1 1 
1 G 0 0 0 0 1 1 
1 1 1 1 1 1 1 1 
1 1 1 1 1 1 1 1 
p32 T6

Map
1 1 1 1 1 1 1 1 
1 1 G 1 1 1 1 1 
1 1 F 0 0 0 1 1 
1 1 0 0 0 0 1 1 
1 1 0 # 0 0 1 1 
1 1 0 F 1 0 1 1 
1 1 1 S 1 1 1 1 
1 1 1 1 1 1 1 1 
p32 T6

Map
1 1 1 1 1 1 1 1 
1 1 1 1 G 1 1 1 
1 1 0 H 0 0 1 1 
1 1 0 0 0 0 1 1 
1 1 0 0 0 0 1 1 
1 1 0 0 0 0 1 1 
1 1 1 1 1 S 1 1 
1 1 1 1 1 1 1 1 
p55 T6

Map
1 1 1 1 1 1 1 1 
1 1 1 1 1 1 1 1 
1 1 0 0 F 0 1 1 
1 1 0 0 0 0 1 1 
1 G 0 0 1 1 1 1 
1 S 0 0 0 0 1 1 
1 1 1 1 1 1 1 1 
1 1 1 1 1 1 1 1 
p25 T6

Map
1 1 1 1 1 1 1 1 
1 1 1 1 1 1 1 1 
1 1 0 0 H 0 1 1 
1 1 0 H 0 0 G 1 
1 1 0 0 0 0 1 1 
1 1 0 0 0 0 1 1 
1 1 S 1 1 1 1 1 
1 1 1 1 1 1 1 1 
p54 T6

Map
1 1 1 1 1 1 1 1 
1 1 1 1 1 1 1 1 
1 1 H 0 0 1 1 1 
1 S 0 1 0 0 G 1 
1 1 0 0 0 F 1 1 
1 1 0 0 0 1 1 1 
1 1 1 1 1 1 1 1 
1 1 1 1 1 1 1 1 
p44 T6

Map
1 1 1 1 1 1 1 1 
1 1 1 1 1 1 1 1 
1 1 0 0 0 0 S 1 
1 1 H 0 0 0 G 1 
1 1 0 0 0 0 1 1 
1 1 H 0 0 0 1 1 
1 1 1 1 1 1 1 1 
1 1 1 1 1 1 1 1 
p52 T6

Map
1 1 1 1 1 1 1 1 
1 1 1 1 1 1 1 1 
1 1 0 0 0 H 1 1 
1 1 0 0 0 0 G 1 
1 1 1 0 # 0 1 1 
1 S F 0 0 0 1 1 
1 1 1 1 1 1 1 1 
1 1 1 1 1 1 1 1 
p35 T6

Map
1 1 1 1 1 1 1 1 
1 1 1 1 1 1 1 1 
1 1 # 0 0 0 1 1 
1 1 1 1 0 0 G 1 
1 1 0 0 0 0 S 1 
1 1 1 0 0 0 1 1 
1 1 1 1 1 1 1 1 
1 1 1 1 1 1 1 1 
p52 T6

Map
1 1 1 1 1 1 1 1 
1 1 1 1 1 S 1 1 
1 1 0 0 0 0 1 1 
1 1 0 0 0 0 1 1 
1 G 0 1 0 0 1 1 
1 1 0 F 1 0 1 1 
1 1 1 1 1 1 1 1 
1 1 1 1 1 1 1 1 
p23 T6

Map
1 1 1 1 1 1 1 1 
1 1 1 1 1 1 1 1 
1 G F 0 1 0 S 1 
1 1 0 0 0 0 1 1 
1 1 1 0 0 0 1 1 
1 1 0 0 0 0 1 1 
1 1 1 1 1 1 1 1 
1 1 1 1 1 1 1 1 
p53 T6

Map
1 1 1 1 1 1 1 1 
1 1 1 1 1 S 1 1 
1 1 0 0 0 0 1 1 
1 1 # 0 0 0 1 1 
1 1 H # 0 0 1 1 
1 G 0 0 H 0 1 1 
1 1 1 1 1 1 1 1 
1 1 1 1 1 1 1 1 
p42 T6

Map
1 1 1 1 1 1 1 1 
1 1 1 1 1 1 1 1 
1 1 0 0 1 # 1 1 
1 1 0 1 0 0 1 1 
1 1 0 0 0 0 1 1 
1 1 0 0 0 0 1 1 
1 1 1 G S 1 1 1 
1 1 1 1 1 1 1 1 
p25 T6

Map
1 1 1 1 1 1 1 1 
1 1 1 1 G 1 1 1 
1 1 0 0 0 0 1 1 
1 1 0 0 F 0 1 1 
1 1 0 1 0 0 1 1 
1 1 0 # 1 0 1 1 
1 1 1 S 1 1 1 1 
1 1 1 1 1 1 1 1 
p32 T6

Map
1 1 1 1 1 1 1 1 
1 1 1 G 1 1 1 1 
1 1 0 0 0 H 1 1 
1 1 0 F 0 F 1 1 
1 1 0 0 0 0 1 1 
1 1 0 # 0 # 1 1 
1 1 S 1 1 1 1 1 
1 1 1 1 1 1 1 1 
p25 T6

Map
1 1 1 1 1 1 1 1 
1 1 S 1 1 1 1 1 
1 1 0 0 0 0 1 1 
1 1 0 0 0 0 1 1 
1 1 # F # 1 1 1 
1 1 1 0 F 0 1 1 
1 1 1 G 1 1 1 1 
1 1 1 1 1 1 1 1 
p22 T6

Map
1 1 1 1 1 1 1 1 
1 1 1 1 G 1 1 1 
1 1 0 0 0 H 1 1 
1 1 0 0 0 0 1 1 
1 1 0 # 0 0 1 1 
1 1 0 1 0 0 1 1 
1 1 S 1 1 1 1 1 
1 1 1 1 1 1 1 1 
p24 T6

Map
1 1 1 1 1 1 1 1 
1 1 G 1 1 1 1 1 
1 1 0 0 H 0 1 1 
1 1 H 0 0 0 1 1 
1 1 0 0 0 0 1 1 
1 1 0 0 0 0 1 1 
1 1 1 1 1 S 1 1 
1 1 1 1 1 1 1 1 
p45 T7

Map
1 1 1 1 1 1 1 1 
1 1 1 1 1 1 1 1 
1 S 0 0 0 0 1 1 
1 1 0 0 0 0 G 1 
1 1 0 0 0 H 1 1 
1 1 0 0 0 0 1 1 
1 1 1 1 1 1 1 1 
1 1 1 1 1 1 1 1 
p22 T6

Map
1 1 1 1 1 1 1 1 
1 1 1 1 1 1 1 1 
1 1 F F 0 0 1 1 
1 1 0 0 0 0 1 1 
1 1 0 0 0 0 1 1 
1 1 0 0 1 0 1 1 
1 1 1 G 1 S 1 1 
1 1 1 1 1 1 1 1 
p54 T6

Map
1 1 1 1 1 1 1 1 
1 1 S G 1 1 1 1 
1 1 0 0 0 0 1 1 
1 1 0 0 0 0 1 1 
1 1 0 H 0 0 1 1 
1 1 1 H 0 0 1 1 
1 1 1 1 1 1 1 1 
1 1 1 1 1 1 1 1 
p22 T6

Map
1 1 1 1 1 1 1 1 
1 1 1 1 1 1 1 1 
1 S # 0 0 0 1 1 
1 1 0 0 H 0 1 1 
1 1 0 0 0 0 1 1 
1 1 0 0 0 # 1 1 
1 1 1 1 G 1 1 1 
1 1 1 1 1 1 1 1 
p35 T6

Map
1 1 1 1 1 1 1 1 
1 1 1 1 1 1 1 1 
1 S 0 0 0 0 1 1 
1 1 0 0 0 0 G 1 
1 1 0 0 0 0 1 1 
1 1 0 0 0 H 1 1 
1 1 1 1 1 1 1 1 
1 1 1 1 1 1 1 1 
p22 T6

Map
1 1 1 1 1 1 1 1 
1 1 1 1 1 1 1 1 
1 1 F 0 0 0 1 1 
1 1 0 0 0 0 G 1 
1 1 0 0 0 0 S 1 
1 1 0 0 0 0 1 1 
1 1 1 1 1 1 1 1 
1 1 1 1 1 1 1 1 
p52 T6

Map
1 1 1 1 1 1 1 1 
1 1 1 1 1 1 1 1 
1 1 0 0 0 0 1 1 
1 1 0 1 0 0 1 1 
1 1 0 # 0 F 1 1 
1 1 H 0 0 0 1 1 
1 1 1 S G 1 1 1 
1 1 1 1 1 1 1 1 
p32 T6

Map
1 1 1 1 1 1 1 1 
1 1 1 S 1 G 1 1 
1 1 0 0 H 0 1 1 
1 1 0 1 0 0 1 1 
1 1 0 0 0 0 1 1 
1 1 0 0 H 0 1 1 
1 1 1 1 1 1 1 1 
1 1 1 1 1 1 1 1 
p23 T6

Map
1 1 1 1 1 1 1 1 
1 1 1 1 1 1 1 1 
1 S 0 0 0 0 1 1 
1 1 0 0 H H 1 1 
1 1 0 0 0 0 1 1 
1 1 0 0 0 0 1 1 
1 1 1 1 G 1 1 1 
1 1 1 1 1 1 1 1 
p35 T6

Map
1 1 1 1 1 1 1 1 
1 1 1 1 G 1 1 1 
1 1 0 0 0 0 1 1 
1 1 0 0 1 1 1 1 
1 S 0 0 0 1 1 1 
1 1 0 H 0 0 1 1 
1 1 1 1 1 1 1 1 
1 1 1 1 1 1 1 1 
p32 T6

Map
1 1 1 1 1 1 1 1 
1 1 1 1 1 1 1 1 
1 1 0 0 H 0 1 1 
1 1 0 # 0 0 1 1 
1 G 0 0 H 0 1 1 
1 S 0 0 0 0 1 1 
1 1 1 1 1 1 1 1 
1 1 1 1 1 1 1 1 
p25 T6

Map
1 1 1 1 1 1 1 1 
1 1 1 1 1 1 1 1 
1 1 0 0 0 0 1 1 
1 1 0 0 0 0 1 1 
1 1 0 0 0 F S 1 
1 1 0 H 0 0 1 1 
1 1 1 1 1 G 1 1 
1 1 1 1 1 1 1 1 
p32 T7

Map
1 1 1 1 1 1 1 1 
1 1 1 1 G S 1 1 
1 1 0 0 # 0 1 1 
1 1 0 0 0 # 1 1 
1 1 0 0 F 0 1 1 
1 1 F 0 1 0 1 1 
1 1 1 1 1 1 1 1 
1 1 1 1 1 1 1 1 
p52 T6

Map
1 1 1 1 1 1 1 1 
1 1 1 1 1 1 1 1 
1 1 0 0 0 0 1 1 
1 1 0 0 1 0 1 1 
1 1 1 0 0 0 1 1 
1 1 0 0 0 0 1 1 
1 1 1 1 G S 1 1 
1 1 1 1 1 1 1 1 
p55 T6

Map
1 1 1 1 1 1 1 1 
1 1 1 1 1 1 1 1 
1 1 0 0 0 F 1 1 
1 1 0 1 0 0 1 1 
1 1 0 0 0 0 1 1 
1 1 0 0 0 0 1 1 
1 1 S G 1 1 1 1 
1 1 1 1 1 1 1 1 
p25 T6

Map
1 1 1 1 1 1 1 1 
1 1 S G 1 1 1 1 
1 1 0 0 0 0 1 1 
1 1 0 0 0 0 1 1 
1 1 0 0 0 1 1 1 
1 1 0 F 0 0 1 1 
1 1 1 1 1 1 1 1 
1 1 1 1 1 1 1 1 
p22 T6

Map
1 1 1 1 1 1 1 1 
1 1 1 1 1 1 1 1 
1 1 0 0 0 0 1 1 
1 1 # 0 0 0 1 1 
1 G F 0 0 0 1 1 
1 1 0 0 0 0 S 1 
1 1 1 1 1 1 1 1 
1 1 1 1 1 1 1 1 
p55 T6

Map
1 1 1 1 1 1 1 1 
1 1 S G 1 1 1 1 
1 1 0 0 0 0 1 1 
1 1 0 0 0 0 1 1 
1 1 0 0 0 0 1 1 
1 1 0 0 H 0 1 1 
1 1 1 1 1 1 1 1 
1 1 1 1 1 1 1 1 
p22 T6

Map
1 1 1 1 1 1 1 1 
1 1 1 1 1 1 1 1 
1 1 0 0 H 0 1 1 
1 1 0 0 0 F 1 1 
1 G 0 0 H 0 1 1 
1 S 0 0 0 0 1 1 
1 1 1 1 1 1 1 1 
1 1 1 1 1 1 1 1 
p25 T6

Map
1 1 1 1 1 1 1 1 
1 1 1 G 1 1 1 1 
1 1 0 0 0 0 1 1 
1 1 0 0 0 0 1 1 
1 1 0 1 0 0 1 1 
1 1 0 0 0 0 1 1 
1 1 1 S 1 1 1 1 
1 1 1 1 1 1 1 1 
p22 T6

Map
1 1 1 1 1 1 1 1 
1 1 1 1 S G 1 1 
1 1 0 0 0 F 1 1 
1 1 0 0 0 0 1 1 
1 1 0 H F F 1 1 
1 1 0 0 0 H 1 1 
1 1 1 1 1 1 1 1 
1 1 1 1 1 1 1 1 
p24 T6

Map
1 1 1 1 1 1 1 1 
1 1 1 1 1 1 1 1 
1 1 0 0 0 0 1 1 
1 S 0 0 0 0 1 1 
1 1 0 0 1 0 1 1 
1 1 0 0 0 # 1 1 
1 1 1 1 G 1 1 1 
1 1 1 1 1 1 1 1 
p35 T6

Map
1 1 1 1 1 1 1 1 
1 1 1 1 1 1 1 1 
1 S 0 0 0 0 1 1 
1 1 0 0 1 1 1 1 
1 1 0 0 0 0 1 1 
1 1 0 H 0 0 1 1 
1 1 1 1 1 G 1 1 
1 1 1 1 1 1 1 1 
p23 T6

Map
1 1 1 1 1 1 1 1 
1 1 1 1 1 1 1 1 
1 1 H 0 0 0 1 1 
1 G 0 0 0 0 1 1 
1 1 0 0 0 0 S 1 
1 1 0 0 H 0 1 1 
1 1 1 1 1 1 1 1 
1 1 1 1 1 1 1 1 
p52 T6

Map
1 1 1 1 1 1 1 1 
1 1 1 1 1 1 1 1 
1 1 F 0 0 0 1 1 
1 G 0 0 0 0 1 1 
1 1 0 0 0 0 S 1 
1 1 0 # 0 0 1 1 
1 1 1 1 1 1 1 1 
1 1 1 1 1 1 1 1 
p52 T6

Map
1 1 1 1 1 1 1 1 
1 1 1 1 G 1 1 1 
1 1 0 0 F 0 1 1 
1 1 0 0 0 0 1 1 
1 1 0 # 0 # 1 1 
1 1 0 1 0 # 1 1 
1 1 S 1 1 1 1 1 
1 1 1 1 1 1 1 1 
p24 T6

Map
1 1 1 1 1 1 1 1 
1 1 1 1 1 1 1 1 
1 1 0 0 0 # 1 1 
1 G 0 0 F 1 1 1 
1 S 0 0 0 0 1 1 
1 1 H F H # 1 1 
1 1 1 1 1 1 1 1 
1 1 1 1 1 1 1 1 
p24 T6

Map
1 1 1 1 1 1 1 1 
1 1 S G 1 1 1 1 
1 1 0 0 0 H 1 1 
1 1 0 0 0 # 1 1 
1 1 0 0 0 0 1 1 
1 1 0 1 0 0 1 1 
1 1 1 1 1 1 1 1 
1 1 1 1 1 1 1 1 
p22 T8

Map
1 1 1 1 1 1 1 1 
1 1 1 1 1 1 1 1 
1 1 0 0 H 0 1 1 
1 1 0 0 0 H 1 1 
1 1 0 0 0 0 1 1 
1 1 0 0 0 0 1 1 
1 1 S G 1 1 1 1 
1 1 1 1 1 1 1 1 
p25 T6

Map
1 1 1 1 1 1 1 1 
1 1 1 1 1 1 1 1 
1 1 0 0 0 0 1 1 
1 1 0 0 0 0 1 1 
1 1 0 0 0 1 1 1 
1 1 # 0 0 # 1 1 
1 1 1 1 G S 1 1 
1 1 1 1 1 1 1 1 
p32 T6

Map
1 1 1 1 1 1 1 1 
1 1 1 1 1 1 1 1 
1 1 0 0 0 0 1 1 
1 S 0 # F 0 1 1 
1 1 F 0 0 F G 1 
1 1 0 1 0 # 1 1 
1 1 1 1 1 1 1 1 
1 1 1 1 1 1 1 1 
p42 T6

Map
1 1 1 1 1 1 1 1 
1 1 1 1 1 1 1 1 
1 S 0 0 0 0 1 1 
1 1 0 0 0 0 G 1 
1 1 # 0 0 0 1 1 
1 1 0 0 0 H 1 1 
1 1 1 1 1 1 1 1 
1 1 1 1 1 1 1 1 
p22 T6

Map
1 1 1 1 1 1 1 1 
1 1 1 1 1 1 1 1 
1 1 0 0 0 0 S 1 
1 1 0 H 0 0 1 1 
1 1 1 0 0 0 1 1 
1 1 0 0 H 0 1 1 
1 1 1 G 1 1 1 1 
1 1 1 1 1 1 1 1 
p53 T6

Map
1 1 1 1 1 1 1 1 
1 1 1 1 1 1 1 1 
1 1 0 1 0 0 1 1 
1 1 0 0 0 0 1 1 
1 1 0 0 0 0 1 1 
1 1 F 0 0 0 1 1 
1 1 S 1 G 1 1 1 
1 1 1 1 1 1 1 1 
p24 T6

Map
1 1 1 1 1 1 1 1 
1 1 1 1 1 1 1 1 
1 S 0 0 0 0 1 1 
1 G 0 F 0 H 1 1 
1 1 0 0 0 0 1 1 
1 1 0 0 0 F 1 1 
1 1 1 1 1 1 1 1 
1 1 1 1 1 1 1 1 
p22 T6

Map
1 1 1 1 1 1 1 1 
1 1 1 1 1 1 1 1 
1 1 0 0 0 0 1 1 
1 1 0 0 0 0 1 1 
1 1 1 # 0 0 G 1 
1 1 0 0 0 0 S 1 
1 1 1 1 1 1 1 1 
1 1 1 1 1 1 1 1 
p55 T6

Map
1 1 1 1 1 1 1 1 
1 1 1 1 1 1 1 1 
1 1 0 0 F 0 1 1 
1 1 0 1 0 0 1 1 
1 1 0 0 0 0 1 1 
1 1 0 0 0 # S 1 
1 1 1 1 G 1 1 1 
1 1 1 1 1 1 1 1 
p54 T6

Map
1 1 1 1 1 1 1 1 
1 1 1 1 G 1 1 1 
1 1 0 0 0 0 1 1 
1 1 0 0 0 H 1 1 
1 1 0 0 H 0 1 1 
1 S 0 0 0 0 1 1 
1 1 1 1 1 1 1 1 
1 1 1 1 1 1 1 1 
p32 T6

Map
1 1 1 1 1 1 1 1 
1 1 1 S 1 1 1 1 
1 G 0 F 0 0 1 1 
1 1 0 0 0 0 1 1 
1 1 H F 0 0 1 1 
1 1 0 0 0 0 1 1 
1 1 1 1 1 1 1 1 
1 1 1 1 1 1 1 1 
p54 T7

Map
1 1 1 1 1 1 1 1 
1 1 1 1 1 1 1 1 
1 1 H 0 0 0 1 1 
1 1 0 0 0 0 1 1 
1 1 0 0 0 1 1 1 
1 1 0 0 0 0 1 1 
1 1 1 G S 1 1 1 
1 1 1 1 1 1 1 1 
p25 T6

Map
1 1 1 1 1 1 1 1 
1 1 1 1 1 1 1 1 
1 1 0 # 0 0 1 1 
1 G 0 0 H H 1 1 
1 S 0 0 0 0 1 1 
1 1 0 H 0 0 1 1 
1 1 1 1 1 1 1 1 
1 1 1 1 1 1 1 1 
p22 T6

Map
1 1 1 1 1 1 1 1 
1 1 1 1 1 1 1 1 
1 1 0 H 0 0 1 1 
1 1 0 H 0 0 G 1 
1 S 0 0 1 0 1 1 
1 1 # 0 0 0 1 1 
1 1 1 1 1 1 1 1 
1 1 1 1 1 1 1 1 
p54 T6

Map
1 1 1 1 1 1 1 1 
1 1 1 1 1 1 1 1 
1 1 0 H 0 0 1 1 
1 1 H H 0 0 1 1 
1 G 0 0 0 0 1 1 
1 1 0 0 0 0 S 1 
1 1 1 1 1 1 1 1 
1 1 1 1 1 1 1 1 
p55 T6

Map
1 1 1 1 1 1 1 1 
1 1 1 G 1 1 1 1 
1 1 0 0 0 F 1 1 
1 1 0 0 F 0 1 1 
1 1 0 0 0 0 1 1 
1 1 0 0 0 0 1 1 
1 1 S 1 1 1 1 1 
1 1 1 1 1 1 1 1 
p25 T6

Map
1 1 1 1 1 1 1 1 
1 1 1 G 1 1 1 1 
1 1 0 0 0 0 1 1 
1 1 1 0 H 0 1 1 
1 1 0 0 F 0 1 1 
1 1 F 0 0 0 1 1 
1 1 S 1 1 1 1 1 
1 1 1 1 1 1 1 1 
p42 T6

Map
1 1 1 1 1 1 1 1 
1 1 1 G S 1 1 1 
1 1 0 0 0 0 1 1 
1 1 0 0 0 0 1 1 
1 1 0 0 0 0 1 1 
1 1 0 1 0 0 1 1 
1 1 1 1 1 1 1 1 
1 1 1 1 1 1 1 1 
p22 T6

Map
1 1 1 1 1 1 1 1 
1 1 1 1 1 1 1 1 
1 1 0 F 0 0 S 1 
1 1 0 0 0 0 1 1 
1 1 0 0 0 0 1 1 
1 1 0 0 1 0 G 1 
1 1 1 1 1 1 1 1 
1 1 1 1 1 1 1 1 
p22 T6

Map
1 1 1 1 1 1 1 1 
1 1 1 1 1 1 1 1 
1 1 0 H 0 0 1 1 
1 1 0 0 0 0 1 1 
1 1 1 1 0 0 G 1 
1 1 0 0 0 0 S 1 
1 1 1 1 1 1 1 1 
1 1 1 1 1 1 1 1 
p55 T6

Map
1 1 1 1 1 1 1 1 
1 1 1 1 1 1 1 1 
1 1 F 0 # 0 1 1 
1 G 0 0 0 0 1 1 
1 1 0 0 0 0 S 1 
1 1 0 0 H 0 1 1 
1 1 1 1 1 1 1 1 
1 1 1 1 1 1 1 1 
p52 T6

Map
1 1 1 1 1 1 1 1 
1 1 1 1 1 1 1 1 
1 1 0 0 0 0 1 1 
1 1 1 0 0 0 1 1 
1 1 0 0 0 0 1 1 
1 1 0 F 0 0 1 1 
1 1 G S 1 1 1 1 
1 1 1 1 1 1 1 1 
p53 T6

Map
1 1 1 1 1 1 1 1 
1 1 1 1 1 1 1 1 
1 1 0 0 0 0 S 1 
1 G F 0 0 0 1 1 
1 1 0 # 0 0 1 1 
1 1 0 0 0 0 1 1 
1 1 1 1 1 1 1 1 
1 1 1 1 1 1 1 1 
p52 T6

Map
1 1 1 1 1 1 1 1 
1 1 1 1 1 1 1 1 
1 S 0 0 0 1 1 1 
1 1 # 0 1 # 1 1 
1 1 0 0 0 0 1 1 
1 1 # 0 0 0 1 1 
1 1 1 1 G 1 1 1 
1 1 1 1 1 1 1 1 
p35 T6

Map
1 1 1 1 1 1 1 1 
1 1 1 1 G 1 1 1 
1 1 0 # 0 H 1 1 
1 1 0 0 0 0 1 1 
1 1 0 0 0 0 1 1 
1 1 H 0 0 0 1 1 
1 1 1 S 1 1 1 1 
1 1 1 1 1 1 1 1 
p35 T6

Map
1 1 1 1 1 1 1 1 
1 1 1 1 1 1 1 1 
1 1 0 0 0 0 1 1 
1 1 0 0 0 # S 1 
1 1 1 0 # 0 G 1 
1 1 # F 1 F 1 1 
1 1 1 1 1 1 1 1 
1 1 1 1 1 1 1 1 
p32 T6

Map
1 1 1 1 1 1 1 1 
1 1 G 1 1 1 1 1 
1 1 0 H 0 0 1 1 
1 1 0 0 0 # 1 1 
1 1 H 0 0 1 1 1 
1 1 0 0 # 0 S 1 
1 1 1 1 1 1 1 1 
1 1 1 1 1 1 1 1 
p55 T7

Map
1 1 1 1 1 1 1 1 
1 1 1 1 1 1 1 1 
1 1 0 0 1 # 1 1 
1 1 1 0 0 0 G 1 
1 1 0 0 0 # 1 1 
1 1 0 0 0 0 1 1 
1 1 1 1 1 S 1 1 
1 1 1 1 1 1 1 1 
p55 T7

Map
1 1 1 1 1 1 1 1 
1 1 S G 1 1 1 1 
1 1 0 0 0 1 1 1 
1 1 0 0 0 0 1 1 
1 1 0 0 0 0 1 1 
1 1 0 H 0 0 1 1 
1 1 1 1 1 1 1 1 
1 1 1 1 1 1 1 1 
p23 T6

Map
1 1 1 1 1 1 1 1 
1 1 1 1 1 1 1 1 
1 1 0 0 0 0 1 1 
1 1 0 0 F 0 1 1 
1 G F # 0 0 1 1 
1 1 0 0 0 0 S 1 
1 1 1 1 1 1 1 1 
1 1 1 1 1 1 1 1 
p55 T6

Map
1 1 1 1 1 1 1 1 
1 1 1 1 1 1 1 1 
1 1 0 0 0 H 1 1 
1 1 0 0 0 0 G 1 
1 S 0 0 0 0 1 1 
1 1 H 0 0 0 1 1 
1 1 1 1 1 1 1 1 
1 1 1 1 1 1 1 1 
p24 T6

Map
1 1 1 1 1 1 1 1 
1 1 1 G 1 1 1 1 
1 1 0 F 0 0 1 1 
1 1 0 0 0 0 1 1 
1 1 0 0 # 0 1 1 
1 1 0 0 0 0 1 1 
1 1 S 1 1 1 1 1 
1 1 1 1 1 1 1 1 
p25 T6

Map
1 1 1 1 1 1 1 1 
1 1 1 1 1 1 1 1 
1 1 0 0 0 0 1 1 
1 S 0 0 1 0 G 1 
1 1 0 0 0 0 1 1 
1 1 0 0 0 0 1 1 
1 1 1 1 1 1 1 1 
1 1 1 1 1 1 1 1 
p52 T6

Map
1 1 1 1 1 1 1 1 
1 1 1 1 S 1 1 1 
1 1 0 0 0 0 1 1 
1 1 0 0 0 H 1 1 
1 1 0 0 0 0 1 1 
1 1 H 0 0 0 1 1 
1 1 1 G 1 1 1 1 
1 1 1 1 1 1 1 1 
p22 T6

Map
1 1 1 1 1 1 1 1 
1 1 1 1 1 1 1 1 
1 1 H 0 0 0 1 1 
1 G 0 0 0 0 1 1 
1 1 0 0 0 0 S 1 
1 1 0 1 0 # 1 1 
1 1 1 1 1 1 1 1 
1 1 1 1 1 1 1 1 
p52 T6

Map
1 1 1 1 1 1 1 1 
1 1 1 1 1 1 1 1 
1 1 0 0 0 0 S 1 
1 1 1 0 H 0 1 1 
1 1 0 1 0 0 1 1 
1 1 0 0 0 0 1 1 
1 1 1 G 1 1 1 1 
1 1 1 1 1 1 1 1 
p45 T6

Map
1 1 1 1 1 1 1 1 
1 1 1 1 1 1 1 1 
1 1 1 0 0 1 1 1 
1 1 0 0 0 0 1 1 
1 S 0 1 0 0 1 1 
1 G F 0 0 F 1 1 
1 1 1 1 1 1 1 1 
1 1 1 1 1 1 1 1 
p33 T6

Map
1 1 1 1 1 1 1 1 
1 1 1 1 1 1 1 1 
1 1 0 0 0 0 1 1 
1 1 # 1 # H 1 1 
1 1 0 0 0 H 1 1 
1 1 0 H 0 0 1 1 
1 1 S 1 1 G 1 1 
1 1 1 1 1 1 1 1 
p32 T6

Map
1 1 1 1 1 1 1 1 
1 1 1 1 1 1 1 1 
1 1 H 0 0 0 1 1 
1 G 0 0 0 0 1 1 
1 1 0 0 0 0 S 1 
1 1 # 0 0 0 1 1 
1 1 1 1 1 1 1 1 
1 1 1 1 1 1 1 1 
p52 T6

Map
1 1 1 1 1 1 1 1 
1 1 1 1 1 1 1 1 
1 1 0 0 H 0 1 1 
1 1 0 0 F 0 1 1 
1 1 0 0 0 0 1 1 
1 1 F 0 0 0 1 1 
1 1 1 S G 1 1 1 
1 1 1 1 1 1 1 1 
p35 T6

Map
1 1 1 1 1 1 1 1 
1 1 1 1 1 1 1 1 
1 1 0 1 0 0 1 1 
1 1 0 0 0 0 1 1 
1 1 0 0 0 0 1 1 
1 1 0 0 0 0 1 1 
1 1 S G 1 1 1 1 
1 1 1 1 1 1 1 1 
p25 T6

Map
1 1 1 1 1 1 1 1 
1 1 1 G 1 1 1 1 
1 1 0 0 0 0 1 1 
1 1 0 1 0 0 1 1 
1 1 0 0 0 0 1 1 
1 1 0 0 0 0 1 1 
1 1 1 S 1 1 1 1 
1 1 1 1 1 1 1 1 
p22 T6

Map
1 1 1 1 1 1 1 1 
1 1 1 1 S 1 1 1 
1 1 0 0 0 0 1 1 
1 1 0 0 0 0 1 1 
1 1 0 0 0 0 1 1 
1 1 0 F 0 0 1 1 
1 1 1 G 1 1 1 1 
1 1 1 1 1 1 1 1 
p22 T6

Map
1 1 1 1 1 1 1 1 
1 1 1 1 1 1 1 1 
1 1 0 0 # # 1 1 
1 1 H H # 0 G 1 
1 1 0 0 0 0 S 1 
1 1 0 0 0 0 1 1 
1 1 1 1 1 1 1 1 
1 1 1 1 1 1 1 1 
p54 T6

Map
1 1 1 1 1 1 1 1 
1 1 1 G S 1 1 1 
1 1 0 0 0 0 1 1 
1 1 0 0 0 0 1 1 
1 1 0 0 0 0 1 1 
1 1 F 0 0 0 1 1 
1 1 1 1 1 1 1 1 
1 1 1 1 1 1 1 1 
p22 T6

Map
1 1 1 1 1 1 1 1 
1 1 1 1 1 S 1 1 
1 1 0 0 0 0 1 1 
1 1 0 0 0 0 1 1 
1 1 0 0 0 0 1 1 
1 1 0 H 0 0 1 1 
1 1 1 1 G 1 1 1 
1 1 1 1 1 1 1 1 
p52 T6

Map
1 1 1 1 1 1 1 1 
1 1 1 1 G S 1 1 
1 1 0 0 0 0 1 1 
1 1 0 0 0 0 1 1 
1 1 H 0 H 0 1 1 
1 1 0 0 0 0 1 1 
1 1 1 1 1 1 1 1 
1 1 1 1 1 1 1 1 
p52 T6

Map
1 1 1 1 1 1 1 1 
1 1 1 1 1 1 1 1 
1 1 0 0 H 0 1 1 
1 G 0 H 0 0 1 1 
1 1 0 1 1 0 1 1 
1 1 0 0 0 0 1 1 
1 1 1 1 1 S 1 1 
1 1 1 1 1 1 1 1 
p24 T6

Map
1 1 1 1 1 1 1 1 
1 1 1 1 1 1 1 1 
1 1 0 0 0 0 S 1 
1 G 0 0 0 # 1 1 
1 1 H 0 F 0 1 1 
1 1 0 0 0 0 1 1 
1 1 1 1 1 1 1 1 
1 1 1 1 1 1 1 1 
p52 T6

Map
1 1 1 1 1 1 1 1 
1 1 1 1 1 1 1 1 
1 S 0 1 0 1 1 1 
1 1 0 0 0 0 1 1 
1 1 1 # 0 H 1 1 
1 1 0 0 0 0 1 1 
1 1 G 1 1 1 1 1 
1 1 1 1 1 1 1 1 
p23 T7

Map
1 1 1 1 1 1 1 1 
1 1 1 1 1 1 1 1 
1 S 0 0 0 1 1 1 
1 G 0 H 0 1 1 1 
1 1 0 0 0 # 1 1 
1 1 F 0 0 0 1 1 
1 1 1 1 1 1 1 1 
1 1 1 1 1 1 1 1 
p22 T7

Map
1 1 1 1 1 1 1 1 
1 1 1 1 1 1 1 1 
1 G 0 1 0 0 S 1 
1 1 0 0 0 F 1 1 
1 1 0 0 0 1 1 1 
1 1 F 0 0 0 1 1 
1 1 1 1 1 1 1 1 
1 1 1 1 1 1 1 1 
p42 T6

Map
1 1 1 1 1 1 1 1 
1 1 1 1 1 S 1 1 
1 1 0 F 0 0 1 1 
1 1 0 F 0 0 1 1 
1 1 0 0 0 0 1 1 
1 1 H 0 0 0 1 1 
1 1 1 1 G 1 1 1 
1 1 1 1 1 1 1 1 
p52 T6

Map
1 1 1 1 1 1 1 1 
1 1 1 1 1 1 1 1 
1 S 0 0 0 0 1 1 
1 1 0 0 0 F G 1 
1 1 # # 0 0 1 1 
1 1 # 0 0 0 1 1 
1 1 1 1 1 1 1 1 
1 1 1 1 1 1 1 1 
p22 T6

Map
1 1 1 1 1 1 1 1 
1 1 1 1 1 1 1 1 
1 1 0 0 0 0 1 1 
1 G F 0 0 0 1 1 
1 1 0 0 0 0 S 1 
1 1 0 0 0 0 1 1 
1 1 1 1 1 1 1 1 
1 1 1 1 1 1 1 1 
p52 T6

Map
1 1 1 1 1 1 1 1 
1 1 S G 1 1 1 1 
1 1 0 0 0 0 1 1 
1 1 0 0 0 0 1 1 
1 1 0 0 0 0 1 1 
1 1 0 1 0 0 1 1 
1 1 1 1 1 1 1 1 
1 1 1 1 1 1 1 1 
p22 T6

Map
1 1 1 1 1 1 1 1 
1 1 1 1 1 1 1 1 
1 1 0 F 0 1 1 1 
1 1 0 0 0 0 1 1 
1 1 1 0 1 0 S 1 
1 1 0 0 0 F 1 1 
1 1 G 1 1 1 1 1 
1 1 1 1 1 1 1 1 
p43 T7

Map
1 1 1 1 1 1 1 1 
1 1 1 G 1 1 1 1 
1 1 0 # 0 F 1 1 
1 1 0 0 0 0 1 1 
1 1 0 0 0 1 1 1 
1 1 0 0 0 0 1 1 
1 1 S 1 1 1 1 1 
1 1 1 1 1 1 1 1 
p25 T6

Map
1 1 1 1 1 1 1 1 
1 1 1 1 1 1 1 1 
1 1 0 0 0 F 1 1 
1 1 0 0 0 0 1 1 
1 G 0 F 0 0 1 1 
1 S 0 0 0 0 1 1 
1 1 1 1 1 1 1 1 
1 1 1 1 1 1 1 1 
p25 T6

Map
1 1 1 1 1 1 1 1 
1 1 1 S 1 1 1 1 
1 1 0 0 0 0 1 1 
1 1 0 1 1 0 1 1 
1 1 0 0 0 F 1 1 
1 1 0 # 0 0 1 1 
1 1 1 G 1 1 1 1 
1 1 1 1 1 1 1 1 
p25 T6

Map
1 1 1 1 1 1 1 1 
1 1 1 1 G S 1 1 
1 1 0 0 0 0 1 1 
1 1 # 0 0 0 1 1 
1 1 0 0 H 0 1 1 
1 1 0 1 0 0 1 1 
1 1 1 1 1 1 1 1 
1 1 1 1 1 1 1 1 
p52 T6

Map
1 1 1 1 1 1 1 1 
1 1 1 1 1 1 1 1 
1 1 0 # 0 0 1 1 
1 1 0 0 0 H 1 1 
1 G # 0 0 0 1 1 
1 S 0 0 0 0 1 1 
1 1 1 1 1 1 1 1 
1 1 1 1 1 1 1 1 
p25 T6

Map
1 1 1 1 1 1 1 1 
1 1 S G 1 1 1 1 
1 1 0 0 0 0 1 1 
1 1 0 0 0 0 1 1 
1 1 0 0 0 0 1 1 
1 1 # H 0 0 1 1 
1 1 1 1 1 1 1 1 
1 1 1 1 1 1 1 1 
p22 T6

Map
1 1 1 1 1 1 1 1 
1 1 1 1 1 1 1 1 
1 S # 0 0 0 1 1 
1 1 1 0 0 0 1 1 
1 G 0 0 F 0 1 1 
1 1 # 0 0 H 1 1 
1 1 1 1 1 1 1 1 
1 1 1 1 1 1 1 1 
p32 T6

Map
1 1 1 1 1 1 1 1 
1 1 1 1 1 1 1 1 
1 1 0 0 0 H 1 1 
1 1 0 0 0 0 1 1 
1 1 0 # 0 0 1 1 
1 1 0 0 0 0 1 1 
1 1 S G 1 1 1 1 
1 1 1 1 1 1 1 1 
p25 T6

Map
1 1 1 1 1 1 1 1 
1 1 1 G S 1 1 1 
1 1 # 0 0 0 1 1 
1 1 0 0 0 F 1 1 
1 1 0 0 # 0 1 1 
1 1 F 0 0 0 1 1 
1 1 1 1 1 1 1 1 
1 1 1 1 1 1 1 1 
p42 T6

Map
1 1 1 1 1 1 1 1 
1 1 1 1 1 1 1 1 
1 1 H 0 0 0 1 1 
1 1 0 0 # 0 1 1 
1 1 0 # 0 0 1 1 
1 1 0 0 0 F 1 1 
1 1 1 G S 1 1 1 
1 1 1 1 1 1 1 1 
p45 T6

Map
1 1 1 1 1 1 1 1 
1 1 1 1 1 1 1 1 
1 1 0 0 0 0 S 1 
1 1 0 0 0 0 G 1 
1 1 H 0 0 0 1 1 
1 1 H H 0 0 1 1 
1 1 1 1 1 1 1 1 
1 1 1 1 1 1 1 1 
p52 T6

Map
1 1 1 1 1 1 1 1 
1 1 1 1 S 1 1 1 
1 1 0 0 0 0 1 1 
1 1 0 0 0 0 1 1 
1 1 0 0 0 0 1 1 
1 1 F 0 0 0 1 1 
1 1 1 G 1 1 1 1 
1 1 1 1 1 1 1 1 
p22 T6

Map
1 1 1 1 1 1 1 1 
1 1 1 G S 1 1 1 
1 1 0 0 0 # 1 1 
1 1 0 F 0 0 1 1 
1 1 0 0 # 0 1 1 
1 1 0 H 0 0 1 1 
1 1 1 1 1 1 1 1 
1 1 1 1 1 1 1 1 
p22 T6

Map
1 1 1 1 1 1 1 1 
1 1 1 1 1 1 1 1 
1 1 0 0 H 0 G 1 
1 1 0 # 0 0 1 1 
1 1 0 0 0 H 1 1 
1 1 0 0 0 0 S 1 
1 1 1 1 1 1 1 1 
1 1 1 1 1 1 1 1 
p24 T6

Map
1 1 1 1 1 1 1 1 
1 1 1 S 1 1 1 1 
1 1 0 # 0 0 1 1 
1 1 0 0 H 0 1 1 
1 1 0 F 1 # G 1 
1 1 0 0 H 0 1 1 
1 1 1 1 1 1 1 1 
1 1 1 1 1 1 1 1 
p53 T7

Map
1 1 1 1 1 1 1 1 
1 1 1 1 1 1 1 1 
1 1 # 0 0 # S 1 
1 1 0 0 0 0 G 1 
1 1 0 # F 0 1 1 
1 1 0 0 0 0 1 1 
1 1 1 1 1 1 1 1 
1 1 1 1 1 1 1 1 
p54 T6

Map
1 1 1 1 1 1 1 1 
1 1 1 1 1 1 1 1 
1 1 0 0 0 0 1 1 
1 G 0 0 0 1 1 1 
1 1 1 H 0 0 1 1 
1 1 0 0 0 0 S 1 
1 1 1 1 1 1 1 1 
1 1 1 1 1 1 1 1 
p55 T6

Map
1 1 1 1 1 1 1 1 
1 1 1 G 1 1 1 1 
1 1 H 0 0 0 1 1 
1 1 0 0 0 H 1 1 
1 1 0 0 0 0 1 1 
1 1 0 0 0 0 1 1 
1 1 1 1 S 1 1 1 
1 1 1 1 1 1 1 1 
p25 T6

Map
1 1 1 1 1 1 1 1 
1 1 1 1 1 1 1 1 
1 S 0 0 0 0 1 1 
1 1 0 0 0 F G 1 
1 1 0 0 0 0 1 1 
1 1 0 0 0 H 1 1 
1 1 1 1 1 1 1 1 
1 1 1 1 1 1 1 1 
p22 T6

Map
1 1 1 1 1 1 1 1 
1 1 1 1 1 S 1 1 
1 1 0 0 0 0 1 1 
1 1 0 0 0 0 1 1 
1 1 0 0 0 0 1 1 
1 1 H 0 0 0 1 1 
1 1 1 1 G 1 1 1 
1 1 1 1 1 1 1 1 
p52 T6

Map
1 1 1 1 1 1 1 1 
1 1 1 G S 1 1 1 
1 1 # 0 0 H 1 1 
1 1 0 0 0 0 1 1 
1 1 0 0 0 0 1 1 
1 1 0 1 0 # 1 1 
1 1 1 1 1 1 1 1 
1 1 1 1 1 1 1 1 
p42 T6

Map
1 1 1 1 1 1 1 1 
1 1 1 1 1 1 1 1 
1 1 1 # 0 0 1 1 
1 1 0 0 0 0 1 1 
1 G 0 0 H 0 1 1 
1 1 1 # 0 0 S 1 
1 1 1 1 1 1 1 1 
1 1 1 1 1 1 1 1 
p34 T6

Map
1 1 1 1 1 1 1 1 
1 1 1 1 1 1 1 1 
1 1 F 0 # 0 1 1 
1 1 H 0 0 0 1 1 
1 1 0 1 0 0 G 1 
1 1 0 0 # 0 S 1 
1 1 1 1 1 1 1 1 
1 1 1 1 1 1 1 1 
p55 T6

Map
1 1 1 1 1 1 1 1 
1 1 1 1 1 1 1 1 
1 1 0 0 0 0 1 1 
1 1 0 0 F 0 1 1 
1 1 0 0 0 0 1 1 
1 S 0 1 0 F G 1 
1 1 1 1 1 1 1 1 
1 1 1 1 1 1 1 1 
p32 T6

Map
1 1 1 1 1 1 1 1 
1 1 1 1 1 1 1 1 
1 1 1 0 1 0 1 1 
1 S 0 0 0 0 1 1 
1 G 0 0 0 1 1 1 
1 1 0 0 0 0 1 1 
1 1 1 1 1 1 1 1 
1 1 1 1 1 1 1 1 
p23 T6

Map
1 1 1 1 1 1 1 1 
1 1 1 1 G S 1 1 
1 1 0 0 0 0 1 1 
1 1 0 0 # 0 1 1 
1 1 0 0 1 0 1 1 
1 1 F 0 0 0 1 1 
1 1 1 1 1 1 1 1 
1 1 1 1 1 1 1 1 
p52 T6

Map
1 1 1 1 1 1 1 1 
1 1 1 G S 1 1 1 
1 1 0 0 0 0 1 1 
1 1 0 # 0 0 1 1 
1 1 0 0 0 0 1 1 
1 1 0 1 0 0 1 1 
1 1 1 1 1 1 1 1 
1 1 1 1 1 1 1 1 
p22 T6

Map
1 1 1 1 1 1 1 1 
1 1 1 S 1 1 1 1 
1 1 0 0 0 # 1 1 
1 1 0 1 0 # G 1 
1 1 H 0 0 0 1 1 
1 1 0 1 0 0 1 1 
1 1 1 1 1 1 1 1 
1 1 1 1 1 1 1 1 
p42 T6

Map
1 1 1 1 1 1 1 1 
1 1 1 1 1 S 1 1 
1 1 # F 0 0 1 1 
1 1 0 0 0 0 1 1 
1 1 0 0 0 0 1 1 
1 1 H 0 0 0 1 1 
1 1 1 1 G 1 1 1 
1 1 1 1 1 1 1 1 
p52 T6

Map
1 1 1 1 1 1 1 1 
1 1 1 1 S 1 1 1 
1 1 0 0 0 H 1 1 
1 1 0 0 # 0 1 1 
1 1 H 0 0 0 1 1 
1 G 0 0 1 0 1 1 
1 1 1 1 1 1 1 1 
1 1 1 1 1 1 1 1 
p42 T7

Map
1 1 1 1 1 1 1 1 
1 1 1 1 S 1 1 1 
1 1 0 0 0 0 1 1 
1 1 0 0 0 0 1 1 
1 1 0 0 0 0 1 1 
1 1 H 0 0 0 1 1 
1 1 1 G 1 1 1 1 
1 1 1 1 1 1 1 1 
p22 T6

Map
1 1 1 1 1 1 1 1 
1 1 1 G S 1 1 1 
1 1 0 0 0 0 1 1 
1 1 0 # 0 # 1 1 
1 1 0 0 0 0 1 1 
1 1 F F # F 1 1 
1 1 1 1 1 1 1 1 
1 1 1 1 1 1 1 1 
p22 T6

Map
1 1 1 1 1 1 1 1 
1 1 1 1 1 S 1 1 
1 1 0 0 1 0 1 1 
1 1 0 0 0 0 1 1 
1 1 0 0 0 0 1 1 
1 1 1 0 1 0 1 1 
1 1 1 G 1 1 1 1 
1 1 1 1 1 1 1 1 
p52 T6

Map
1 1 1 1 1 1 1 1 
1 1 1 1 G 1 1 1 
1 1 0 0 # # 1 1 
1 1 0 # 1 0 1 1 
1 1 0 0 0 0 1 1 
1 S 0 0 0 0 1 1 
1 1 1 1 1 1 1 1 
1 1 1 1 1 1 1 1 
p32 T6

Map
1 1 1 1 1 1 1 1 
1 1 1 S 1 1 1 1 
1 1 0 0 F F 1 1 
1 1 0 0 F 0 1 1 
1 1 0 0 0 F 1 1 
1 1 1 1 0 0 1 1 
1 1 1 1 G 1 1 1 
1 1 1 1 1 1 1 1 
p32 T6

Map
1 1 1 1 1 1 1 1 
1 1 1 1 1 1 1 1 
1 1 H 0 0 0 1 1 
1 1 H 0 0 0 1 1 
1 1 0 0 0 F 1 1 
1 1 0 0 0 1 1 1 
1 1 1 G S 1 1 1 
1 1 1 1 1 1 1 1 
p45 T6

Map
1 1 1 1 1 1 1 1 
1 1 G 1 1 1 1 1 
1 1 F # 0 0 1 1 
1 1 0 0 0 0 1 1 
1 1 1 F 1 0 1 1 
1 1 0 0 0 0 1 1 
1 1 1 1 S 1 1 1 
1 1 1 1 1 1 1 1 
p54 T6

Map
1 1 1 1 1 1 1 1 
1 1 1 1 1 1 1 1 
1 1 0 0 0 0 1 1 
1 1 0 0 0 0 1 1 
1 G 0 F 0 H 1 1 
1 S 0 # 0 0 1 1 
1 1 1 1 1 1 1 1 
1 1 1 1 1 1 1 1 
p25 T6

Map
1 1 1 1 1 1 1 1 
1 1 1 1 1 1 1 1 
1 1 0 F F 0 1 1 
1 G 0 1 0 0 S 1 
1 1 0 # F H 1 1 
1 1 0 0 0 0 1 1 
1 1 1 1 1 1 1 1 
1 1 1 1 1 1 1 1 
p24 T6

Map
1 1 1 1 1 1 1 1 
1 1 1 1 1 1 1 1 
1 S 0 0 F # 1 1 
1 1 H 0 0 0 1 1 
1 1 0 0 0 0 1 1 
1 G 0 0 H # 1 1 
1 1 1 1 1 1 1 1 
1 1 1 1 1 1 1 1 
p53 T6

Map
1 1 1 1 1 1 1 1 
1 1 S 1 1 1 1 1 
1 1 0 0 0 0 1 1 
1 1 0 0 0 0 1 1 
1 1 0 0 0 # 1 1 
1 1 0 F 0 0 1 1 
1 1 1 G 1 1 1 1 
1 1 1 1 1 1 1 1 
p22 T6

Map
1 1 1 1 1 1 1 1 
1 1 1 G 1 1 1 1 
1 1 0 0 0 0 1 1 
1 1 F 1 0 0 1 1 
1 1 0 0 0 0 1 1 
1 1 0 0 0 0 1 1 
1 1 1 S 1 1 1 1 
1 1 1 1 1 1 1 1 
p22 T6

Map
1 1 1 1 1 1 1 1 
1 1 1 1 1 1 1 1 
1 1 # 0 0 0 1 1 
1 G F 0 0 0 1 1 
1 1 0 0 0 0 S 1 
1 1 1 0 0 0 1 1 
1 1 1 1 1 1 1 1 
1 1 1 1 1 1 1 1 
p52 T6

Map
1 1 1 1 1 1 1 1 
1 1 1 G 1 1 1 1 
1 1 0 0 0 0 1 1 
1 1 1 1 0 0 1 1 
1 1 0 H 0 0 1 1 
1 1 0 0 0 # S 1 
1 1 1 1 1 1 1 1 
1 1 1 1 1 1 1 1 
p42 T6

Map
1 1 1 1 1 1 1 1 
1 1 1 1 1 1 1 1 
1 1 0 0 0 # 1 1 
1 1 0 1 0 # 1 1 
1 G 0 0 H 0 1 1 
1 1 # 0 0 0 1 1 
1 1 S 1 1 1 1 1 
1 1 1 1 1 1 1 1 
p23 T6

Map
1 1 1 1 1 1 1 1 
1 1 1 1 1 1 1 1 
1 1 0 0 H 0 1 1 
1 1 0 0 0 0 1 1 
1 1 0 0 0 0 1 1 
1 1 # 0 # 0 1 1 
1 1 1 1 G S 1 1 
1 1 1 1 1 1 1 1 
p55 T6

Map
1 1 1 1 1 1 1 1 
1 1 S G 1 1 1 1 
1 1 0 0 F 0 1 1 
1 1 0 0 F 0 1 1 
1 1 0 1 0 1 1 1 
1 1 1 0 0 0 1 1 
1 1 1 1 1 1 1 1 
1 1 1 1 1 1 1 1 
p22 T6

Map
1 1 1 1 1 1 1 1 
1 1 1 1 1 1 1 1 
1 1 H 0 0 0 1 1 
1 1 0 0 F 0 G 1 
1 1 0 0 0 0 S 1 
1 1 F 0 0 0 1 1 
1 1 1 1 1 1 1 1 
1 1 1 1 1 1 1 1 
p52 T6

Map
1 1 1 1 1 1 1 1 
1 1 1 1 1 1 1 1 
1 1 0 0 0 F 1 1 
1 1 # 0 0 F G 1 
1 S 0 0 0 0 1 1 
1 1 0 0 # 0 1 1 
1 1 1 1 1 1 1 1 
1 1 1 1 1 1 1 1 
p22 T6

Map
1 1 1 1 1 1 1 1 
1 1 1 1 1 1 1 1 
1 S 0 0 0 0 1 1 
1 1 0 0 0 0 G 1 
1 1 0 0 0 F 1 1 
1 1 0 0 0 H 1 1 
1 1 1 1 1 1 1 1 
1 1 1 1 1 1 1 1 
p22 T6

Map
1 1 1 1 1 1 1 1 
1 1 1 G S 1 1 1 
1 1 0 0 0 0 1 1 
1 1 0 0 0 H 1 1 
1 1 0 H 0 F 1 1 
1 1 F 0 0 0 1 1 
1 1 1 1 1 1 1 1 
1 1 1 1 1 1 1 1 
p22 T6

Map
1 1 1 1 1 1 1 1 
1 1 1 1 G 1 1 1 
1 1 0 1 0 0 1 1 
1 1 0 0 # 0 1 1 
1 1 0 0 0 F S 1 
1 1 H 1 # 0 1 1 
1 1 1 1 1 1 1 1 
1 1 1 1 1 1 1 1 
p24 T7

Map
1 1 1 1 1 1 1 1 
1 1 S G 1 1 1 1 
1 1 0 0 F 0 1 1 
1 1 0 0 # 0 1 1 
1 1 0 0 0 F 1 1 
1 1 0 0 0 F 1 1 
1 1 1 1 1 1 1 1 
1 1 1 1 1 1 1 1 
p22 T6

Map
1 1 1 1 1 1 1 1 
1 1 1 1 1 1 1 1 
1 1 F 0 0 0 1 1 
1 1 0 0 0 0 1 1 
1 1 0 0 0 0 G 1 
1 1 # 0 0 0 S 1 
1 1 1 1 1 1 1 1 
1 1 1 1 1 1 1 1 
p55 T6

Map
1 1 1 1 1 1 1 1 
1 1 1 1 1 1 1 1 
1 1 0 F H 0 1 1 
1 1 0 0 0 0 1 1 
1 1 0 0 # 0 1 1 
1 1 0 0 0 # 1 1 
1 1 S G 1 1 1 1 
1 1 1 1 1 1 1 1 
p25 T6

Map
1 1 1 1 1 1 1 1 
1 1 1 1 G 1 1 1 
1 1 0 0 0 0 1 1 
1 1 0 0 0 0 1 1 
1 1 # 0 1 H 1 1 
1 S 0 0 0 0 1 1 
1 1 1 1 1 1 1 1 
1 1 1 1 1 1 1 1 
p32 T6

Map
1 1 1 1 1 1 1 1 
1 1 1 1 1 1 1 1 
1 1 0 0 0 0 S 1 
1 1 1 # # 1 1 1 
1 1 H 0 0 0 G 1 
1 1 0 0 0 0 1 1 
1 1 1 1 1 1 1 1 
1 1 1 1 1 1 1 1 
p42 T6

Map
1 1 1 1 1 1 1 1 
1 1 1 1 1 1 1 1 
1 1 0 H 0 0 1 1 
1 1 0 0 0 0 1 1 
1 1 0 0 0 0 1 1 
1 1 0 0 0 0 1 1 
1 1 S G 1 1 1 1 
1 1 1 1 1 1 1 1 
p25 T6

Map
1 1 1 1 1 1 1 1 
1 1 1 1 1 1 1 1 
1 G 0 1 0 0 1 1 
1 1 0 0 0 0 1 1 
1 1 1 0 0 0 1 1 
1 1 0 0 0 # S 1 
1 1 1 1 1 1 1 1 
1 1 1 1 1 1 1 1 
p45 T6

Map
1 1 1 1 1 1 1 1 
1 1 1 1 1 1 1 1 
1 1 0 H 0 0 1 1 
1 1 0 0 0 0 1 1 
1 1 0 0 0 0 1 1 
1 1 0 0 0 0 1 1 
1 1 S G 1 1 1 1 
1 1 1 1 1 1 1 1 
p25 T6

Map
1 1 1 1 1 1 1 1 
1 1 1 1 1 1 1 1 
1 1 0 0 0 H 1 1 
1 G 0 0 0 0 1 1 
1 S 0 0 0 0 1 1 
1 1 1 0 0 0 1 1 
1 1 1 1 1 1 1 1 
1 1 1 1 1 1 1 1 
p24 T6

Map
1 1 1 1 1 1 1 1 
1 1 1 1 1 1 1 1 
1 1 0 H 0 0 1 1 
1 1 0 0 0 0 1 1 
1 1 0 0 0 0 1 1 
1 1 0 0 0 0 1 1 
1 1 S G 1 1 1 1 
1 1 1 1 1 1 1 1 
p25 T6

Map
1 1 1 1 1 1 1 1 
1 1 1 1 1 1 1 1 
1 1 # 0 0 0 1 1 
1 G # H 0 0 1 1 
1 1 0 0 0 0 1 1 
1 1 0 0 0 0 1 1 
1 1 1 1 S 1 1 1 
1 1 1 1 1 1 1 1 
p24 T6

Map
1 1 1 1 1 1 1 1 
1 1 1 G S 1 1 1 
1 1 0 0 0 0 1 1 
1 1 0 0 0 0 1 1 
1 1 # 0 0 0 1 1 
1 1 0 H 0 0 1 1 
1 1 1 1 1 1 1 1 
1 1 1 1 1 1 1 1 
p22 T6

Map
1 1 1 1 1 1 1 1 
1 1 1 1 1 1 1 1 
1 1 0 1 0 F G 1 
1 1 0 1 0 0 1 1 
1 S 0 1 0 0 1 1 
1 1 0 0 0 0 1 1 
1 1 1 1 1 1 1 1 
1 1 1 1 1 1 1 1 
p35 T6

Map
1 1 1 1 1 1 1 1 
1 1 1 1 1 S 1 1 
1 1 0 0 0 0 1 1 
1 1 0 0 0 0 1 1 
1 1 0 0 0 0 1 1 
1 1 H 0 0 0 1 1 
1 1 1 1 G 1 1 1 
1 1 1 1 1 1 1 1 
p52 T6

Map
1 1 1 1 1 1 1 1 
1 1 1 1 1 1 1 1 
1 S 0 0 0 0 1 1 
1 G 0 0 0 1 1 1 
1 1 0 0 0 0 1 1 
1 1 0 0 0 1 1 1 
1 1 1 1 1 1 1 1 
1 1 1 1 1 1 1 1 
p22 T6

Map
1 1 1 1 1 1 1 1 
1 1 1 G S 1 1 1 
1 1 0 0 0 0 1 1 
1 1 0 0 0 0 1 1 
1 1 F 0 0 F 1 1 
1 1 F 0 0 0 1 1 
1 1 1 1 1 1 1 1 
1 1 1 1 1 1 1 1 
p22 T6

Map
1 1 1 1 1 1 1 1 
1 1 1 1 1 1 1 1 
1 1 0 0 0 H 1 1 
1 1 0 1 0 0 S 1 
1 G 0 H 0 0 1 1 
1 1 0 0 1 0 1 1 
1 1 1 1 1 1 1 1 
1 1 1 1 1 1 1 1 
p23 T6

Map
1 1 1 1 1 1 1 1 
1 1 1 G S 1 1 1 
1 1 0 0 0 0 1 1 
1 1 0 0 0 H 1 1 
1 1 0 F 0 F 1 1 
1 1 F 0 0 0 1 1 
1 1 1 1 1 1 1 1 
1 1 1 1 1 1 1 1 
p22 T6

Map
1 1 1 1 1 1 1 1 
1 1 1 1 1 G 1 1 
1 1 0 0 # 0 1 1 
1 1 0 0 0 0 1 1 
1 1 1 1 0 1 1 1 
1 1 0 0 0 0 1 1 
1 1 S 1 1 1 1 1 
1 1 1 1 1 1 1 1 
p35 T6

Map
1 1 1 1 1 1 1 1 
1 1 1 G S 1 1 1 
1 1 0 0 0 0 1 1 
1 1 0 0 0 0 1 1 
1 1 0 0 0 0 1 1 
1 1 0 H 0 0 1 1 
1 1 1 1 1 1 1 1 
1 1 1 1 1 1 1 1 
p22 T6

Map
1 1 1 1 1 1 1 1 
1 1 1 1 1 S 1 1 
1 1 1 0 F 0 1 1 
1 1 0 0 0 1 1 1 
1 1 0 0 0 # 1 1 
1 1 F # 1 # G 1 
1 1 1 1 1 1 1 1 
1 1 1 1 1 1 1 1 
p33 T7

Map
1 1 1 1 1 1 1 1 
1 1 1 1 1 1 1 1 
1 1 F 0 0 F G 1 
1 1 0 0 1 0 S 1 
1 1 0 0 0 0 1 1 
1 1 0 0 0 0 1 1 
1 1 1 1 1 1 1 1 
1 1 1 1 1 1 1 1 
p45 T6

Map
1 1 1 1 1 1 1 1 
1 1 1 1 1 1 1 1 
1 1 H 0 0 0 1 1 
1 1 0 0 0 0 1 1 
1 1 0 0 0 0 1 1 
1 1 0 0 0 H 1 1 
1 1 1 G S 1 1 1 
1 1 1 1 1 1 1 1 
p45 T6

Map
1 1 1 1 1 1 1 1 
1 1 1 1 1 1 1 1 
1 1 0 0 0 0 1 1 
1 1 1 0 0 0 G 1 
1 1 0 0 0 0 S 1 
1 1 0 0 0 0 1 1 
1 1 1 1 1 1 1 1 
1 1 1 1 1 1 1 1 
p52 T6

Map
1 1 1 1 1 1 1 1 
1 1 1 1 1 S 1 1 
1 1 0 0 0 0 1 1 
1 1 0 0 0 0 1 1 
1 G 0 0 1 0 1 1 
1 1 0 0 1 0 1 1 
1 1 1 1 1 1 1 1 
1 1 1 1 1 1 1 1 
p23 T6

Map
1 1 1 1 1 1 1 1 
1 1 1 G 1 1 1 1 
1 1 # 0 0 0 1 1 
1 1 0 H 0 0 1 1 
1 1 0 0 # 0 S 1 
1 1 0 0 0 0 1 1 
1 1 1 1 1 1 1 1 
1 1 1 1 1 1 1 1 
p42 T6

Map
1 1 1 1 1 1 1 1 
1 1 1 1 1 1 1 1 
1 1 0 0 0 0 1 1 
1 1 0 F 0 0 S 1 
1 1 0 0 # 0 1 1 
1 1 # 0 0 0 1 1 
1 1 1 G 1 1 1 1 
1 1 1 1 1 1 1 1 
p45 T7

Map
1 1 1 1 1 1 1 1 
1 1 S 1 1 1 1 1 
1 1 # 0 0 # 1 1 
1 G 0 0 0 0 1 1 
1 1 0 F 0 # 1 1 
1 1 0 0 0 0 1 1 
1 1 1 1 1 1 1 1 
1 1 1 1 1 1 1 1 
p24 T6

Map
1 1 1 1 1 1 1 1 
1 1 1 1 1 1 1 1 
1 1 0 0 0 0 1 1 
1 1 0 0 # 0 1 1 
1 G # 0 0 H 1 1 
1 S 0 # 0 0 1 1 
1 1 1 1 1 1 1 1 
1 1 1 1 1 1 1 1 
p25 T6

Map
1 1 1 1 1 1 1 1 
1 1 1 1 1 1 1 1 
1 1 0 0 0 0 1 1 
1 1 0 0 0 H 1 1 
1 G 0 0 0 0 1 1 
1 S 0 0 0 0 1 1 
1 1 1 1 1 1 1 1 
1 1 1 1 1 1 1 1 
p25 T6

Map
1 1 1 1 1 1 1 1 
1 1 1 1 1 1 1 1 
1 1 H 0 0 0 1 1 
1 G 0 0 # 0 1 1 
1 1 0 0 # 0 S 1 
1 1 H 0 0 0 1 1 
1 1 1 1 1 1 1 1 
1 1 1 1 1 1 1 1 
p52 T6

Map
1 1 1 1 1 1 1 1 
1 1 1 1 1 1 1 1 
1 1 H 0 0 0 1 1 
1 G 0 0 0 0 1 1 
1 1 0 0 0 0 S 1 
1 1 0 0 0 0 1 1 
1 1 1 1 1 1 1 1 
1 1 1 1 1 1 1 1 
p52 T6

Map
1 1 1 1 1 1 1 1 
1 1 1 1 1 1 1 1 
1 S # 1 0 0 1 1 
1 1 0 0 0 0 1 1 
1 1 0 0 1 0 1 1 
1 1 0 1 0 0 1 1 
1 1 1 1 G 1 1 1 
1 1 1 1 1 1 1 1 
p23 T9

Map
1 1 1 1 1 1 1 1 
1 1 1 1 S 1 1 1 
1 1 H 1 0 0 1 1 
1 1 0 0 0 # 1 1 
1 1 0 1 0 0 1 1 
1 1 0 0 1 0 1 1 
1 1 1 G 1 1 1 1 
1 1 1 1 1 1 1 1 
p42 T6

Map
1 1 1 1 1 1 1 1 
1 1 1 1 G 1 1 1 
1 1 0 0 0 0 1 1 
1 1 0 1 # 0 1 1 
1 1 H 0 H 0 1 1 
1 1 0 0 0 0 S 1 
1 1 1 1 1 1 1 1 
1 1 1 1 1 1 1 1 
p52 T6

Map
1 1 1 1 1 1 1 1 
1 1 1 S 1 1 1 1 
1 1 0 0 0 1 1 1 
1 1 0 0 0 # 1 1 
1 1 0 1 0 0 1 1 
1 1 # 0 0 0 1 1 
1 1 1 G 1 1 1 1 
1 1 1 1 1 1 1 1 
p45 T6

Map
1 1 1 1 1 1 1 1 
1 1 1 G 1 1 1 1 
1 1 0 0 0 0 1 1 
1 1 # 0 0 F 1 1 
1 1 1 1 0 0 1 1 
1 1 0 0 # 0 S 1 
1 1 1 1 1 1 1 1 
1 1 1 1 1 1 1 1 
p42 T6

Map
1 1 1 1 1 1 1 1 
1 1 1 1 1 1 1 1 
1 1 # 0 # 0 1 1 
1 1 0 0 0 0 1 1 
1 1 0 0 H 0 1 1 
1 1 0 0 0 # 1 1 
1 1 1 1 G S 1 1 
1 1 1 1 1 1 1 1 
p35 T6

Map
1 1 1 1 1 1 1 1 
1 1 1 1 1 1 1 1 
1 1 0 # 0 0 S 1 
1 1 0 0 H 0 1 1 
1 1 H H 0 0 1 1 
1 1 0 # 0 0 1 1 
1 1 1 G 1 1 1 1 
1 1 1 1 1 1 1 1 
p45 T6

Map
1 1 1 1 1 1 1 1 
1 1 1 1 1 S 1 1 
1 1 1 0 0 0 1 1 
1 1 0 0 H 0 1 1 
1 G 0 0 H 0 1 1 
1 1 0 0 1 0 1 1 
1 1 1 1 1 1 1 1 
1 1 1 1 1 1 1 1 
p33 T6

Map
1 1 1 1 1 1 1 1 
1 1 1 1 G 1 1 1 
1 1 0 0 0 0 1 1 
1 1 0 1 0 0 1 1 
1 1 0 0 1 0 1 1 
1 1 0 # 0 # 1 1 
1 1 1 1 S 1 1 1 
1 1 1 1 1 1 1 1 
p32 T6

Map
1 1 1 1 1 1 1 1 
1 1 1 1 G 1 1 1 
1 1 0 0 F 0 1 1 
1 1 # 0 0 0 1 1 
1 1 0 0 0 0 1 1 
1 1 0 0 0 0 1 1 
1 1 1 1 1 S 1 1 
1 1 1 1 1 1 1 1 
p55 T6

Map
1 1 1 1 1 1 1 1 
1 1 1 1 1 1 1 1 
1 1 F 0 0 0 1 1 
1 1 0 0 0 0 1 1 
1 1 0 0 0 0 1 1 
1 1 0 0 0 0 1 1 
1 1 1 1 G S 1 1 
1 1 1 1 1 1 1 1 
p55 T6

Map
1 1 1 1 1 1 1 1 
1 1 1 G 1 1 1 1 
1 1 H 0 0 0 1 1 
1 1 0 0 0 1 1 1 
1 1 0 0 0 1 1 1 
1 1 0 0 0 0 1 1 
1 1 1 1 S 1 1 1 
1 1 1 1 1 1 1 1 
p25 T6

Map
1 1 1 1 1 1 1 1 
1 1 S G 1 1 1 1 
1 1 0 0 F 0 1 1 
1 1 1 # 0 0 1 1 
1 1 0 0 0 0 1 1 
1 1 0 0 0 0 1 1 
1 1 1 1 1 1 1 1 
1 1 1 1 1 1 1 1 
p52 T6

Map
1 1 1 1 1 1 1 1 
1 1 1 1 1 1 1 1 
1 1 0 0 0 0 1 1 
1 1 0 0 0 F 1 1 
1 1 # 1 0 0 1 1 
1 1 0 0 0 1 1 1 
1 1 S G 1 1 1 1 
1 1 1 1 1 1 1 1 
p25 T7

Map
1 1 1 1 1 1 1 1 
1 1 1 1 1 1 1 1 
1 1 0 # 0 0 S 1 
1 G F F 0 0 1 1 
1 1 0 0 F # 1 1 
1 1 0 0 0 0 1 1 
1 1 1 1 1 1 1 1 
1 1 1 1 1 1 1 1 
p52 T6

Map
1 1 1 1 1 1 1 1 
1 1 1 1 1 1 1 1 
1 1 # 0 0 0 1 1 
1 1 F 0 0 1 1 1 
1 1 0 0 # 0 1 1 
1 1 0 0 0 0 1 1 
1 1 S 1 1 G 1 1 
1 1 1 1 1 1 1 1 
p32 T6

Map
1 1 1 1 1 1 1 1 
1 1 1 1 1 1 1 1 
1 1 F H 0 0 1 1 
1 G 0 0 0 0 1 1 
1 1 0 0 0 0 S 1 
1 1 0 0 0 0 1 1 
1 1 1 1 1 1 1 1 
1 1 1 1 1 1 1 1 
p52 T6

Map
1 1 1 1 1 1 1 1 
1 1 1 1 1 G 1 1 
1 S 0 # 1 0 1 1 
1 1 0 0 0 0 1 1 
1 1 0 0 0 1 1 1 
1 1 0 0 F # 1 1 
1 1 1 1 1 1 1 1 
1 1 1 1 1 1 1 1 
p22 T6

Map
1 1 1 1 1 1 1 1 
1 1 1 G 1 S 1 1 
1 1 H 0 0 0 1 1 
1 1 0 0 0 0 1 1 
1 1 # 0 0 # 1 1 
1 1 0 0 1 0 1 1 
1 1 1 1 1 1 1 1 
1 1 1 1 1 1 1 1 
p52 T6

Map
1 1 1 1 1 1 1 1 
1 1 1 1 1 G 1 1 
1 1 0 H 0 0 1 1 
1 1 # 0 0 F S 1 
1 1 0 0 0 H 1 1 
1 1 0 0 0 0 1 1 
1 1 1 1 1 1 1 1 
1 1 1 1 1 1 1 1 
p35 T7

Map
1 1 1 1 1 1 1 1 
1 1 1 S 1 1 1 1 
1 1 F 0 0 0 1 1 
1 1 0 0 0 0 1 1 
1 1 0 0 0 0 1 1 
1 1 0 0 0 H 1 1 
1 1 1 1 G 1 1 1 
1 1 1 1 1 1 1 1 
p32 T6

Map
1 1 1 1 1 1 1 1 
1 1 1 G S 1 1 1 
1 1 0 0 0 0 1 1 
1 1 0 0 0 1 1 1 
1 1 0 1 0 0 1 1 
1 1 0 # 1 0 1 1 
1 1 1 1 1 1 1 1 
1 1 1 1 1 1 1 1 
p22 T6

Map
1 1 1 1 1 1 1 1 
1 1 1 1 1 1 1 1 
1 1 0 0 0 0 S 1 
1 1 F # 0 0 G 1 
1 1 H 0 0 0 1 1 
1 1 0 F 0 0 1 1 
1 1 1 1 1 1 1 1 
1 1 1 1 1 1 1 1 
p52 T6

Map
1 1 1 1 1 1 1 1 
1 1 1 1 G 1 1 1 
1 1 0 0 0 0 1 1 
1 1 F 0 0 0 1 1 
1 1 0 1 0 0 1 1 
1 1 0 0 0 F 1 1 
1 1 1 S 1 1 1 1 
1 1 1 1 1 1 1 1 
p32 T6

Map
1 1 1 1 1 1 1 1 
1 1 1 1 S 1 1 1 
1 1 0 0 0 0 1 1 
1 1 0 0 0 0 1 1 
1 1 F 0 0 0 1 1 
1 1 0 F 0 F 1 1 
1 1 1 G 1 1 1 1 
1 1 1 1 1 1 1 1 
p22 T6

Map
1 1 1 1 1 1 1 1 
1 1 S 1 1 1 1 1 
1 1 0 0 0 0 1 1 
1 1 0 0 0 0 1 1 
1 1 0 0 0 0 1 1 
1 1 0 F 0 0 1 1 
1 1 1 G 1 1 1 1 
1 1 1 1 1 1 1 1 
p22 T6

Map
1 1 1 1 1 1 1 1 
1 1 1 1 1 1 1 1 
1 1 0 1 0 0 S 1 
1 1 0 0 1 0 1 1 
1 1 0 0 0 0 1 1 
1 1 0 0 0 0 1 1 
1 1 1 G 1 1 1 1 
1 1 1 1 1 1 1 1 
p45 T6

Map
1 1 1 1 1 1 1 1 
1 1 1 1 1 1 1 1 
1 S 0 0 0 0 1 1 
1 1 0 0 0 0 G 1 
1 1 F 0 0 0 1 1 
1 1 0 0 0 F 1 1 
1 1 1 1 1 1 1 1 
1 1 1 1 1 1 1 1 
p22 T6

Map
1 1 1 1 1 1 1 1 
1 1 1 1 1 1 1 1 
1 1 0 0 0 0 1 1 
1 1 1 0 0 0 G 1 
1 1 0 0 0 0 S 1 
1 1 1 0 0 0 1 1 
1 1 1 1 1 1 1 1 
1 1 1 1 1 1 1 1 
p52 T6

Map
1 1 1 1 1 1 1 1 
1 1 1 1 1 1 1 1 
1 1 0 0 1 0 1 1 
1 1 0 F 0 0 1 1 
1 1 0 0 0 0 1 1 
1 1 0 0 0 0 1 1 
1 1 1 1 G S 1 1 
1 1 1 1 1 1 1 1 
p55 T6

Map
1 1 1 1 1 1 1 1 
1 1 1 1 1 1 1 1 
1 1 0 0 0 0 1 1 
1 1 1 F 0 0 G 1 
1 1 0 1 0 0 1 1 
1 1 # 0 0 1 1 1 
1 1 S 1 1 1 1 1 
1 1 1 1 1 1 1 1 
p44 T6

Map
1 1 1 1 1 1 1 1 
1 1 1 G S 1 1 1 
1 1 # 0 0 0 1 1 
1 1 0 0 0 0 1 1 
1 1 1 1 0 0 1 1 
1 1 0 0 0 0 1 1 
1 1 1 1 1 1 1 1 
1 1 1 1 1 1 1 1 
p42 T6

Map
1 1 1 1 1 1 1 1 
1 1 1 1 1 1 1 1 
1 1 0 0 F H 1 1 
1 1 F 0 0 0 1 1 
1 1 0 0 0 0 G 1 
1 S 0 0 0 0 1 1 
1 1 1 1 1 1 1 1 
1 1 1 1 1 1 1 1 
p25 T6

Map
1 1 1 1 1 1 1 1 
1 1 1 1 1 1 1 1 
1 1 0 0 0 # 1 1 
1 1 0 0 0 0 1 1 
1 G 0 1 1 0 S 1 
1 1 # # 0 1 1 1 
1 1 1 1 1 1 1 1 
1 1 1 1 1 1 1 1 
p23 T6

Map
1 1 1 1 1 1 1 1 
1 1 1 S 1 1 1 1 
1 1 0 0 1 0 1 1 
1 1 0 1 0 0 1 1 
1 1 0 0 0 0 1 1 
1 1 0 0 0 0 1 1 
1 1 1 1 G 1 1 1 
1 1 1 1 1 1 1 1 
p35 T6

Map
1 1 1 1 1 1 1 1 
1 1 1 G S 1 1 1 
1 1 0 0 0 1 1 1 
1 1 0 0 0 # 1 1 
1 1 0 0 0 0 1 1 
1 1 0 1 0 1 1 1 
1 1 1 1 1 1 1 1 
1 1 1 1 1 1 1 1 
p42 T6

Map
1 1 1 1 1 1 1 1 
1 1 1 1 1 1 1 1 
1 1 0 0 0 0 1 1 
1 1 0 0 0 1 1 1 
1 1 0 # 0 0 1 1 
1 1 0 # 1 0 1 1 
1 1 1 S 1 G 1 1 
1 1 1 1 1 1 1 1 
p32 T6

Map
1 1 1 1 1 1 1 1 
1 1 1 G S 1 1 1 
1 1 0 # 0 0 1 1 
1 1 0 F 0 0 1 1 
1 1 F F 0 0 1 1 
1 1 0 H 0 0 1 1 
1 1 1 1 1 1 1 1 
1 1 1 1 1 1 1 1 
p22 T6

Map
1 1 1 1 1 1 1 1 
1 1 1 1 1 1 1 1 
1 1 0 1 0 0 S 1 
1 1 0 0 1 0 1 1 
1 1 0 0 0 0 1 1 
1 1 0 0 0 0 1 1 
1 1 1 G 1 1 1 1 
1 1 1 1 1 1 1 1 
p45 T6

Map
1 1 1 1 1 1 1 1 
1 1 S G 1 1 1 1 
1 1 0 0 H 0 1 1 
1 1 0 0 F 0 1 1 
1 1 0 0 H 0 1 1 
1 1 1 # 0 0 1 1 
1 1 1 1 1 1 1 1 
1 1 1 1 1 1 1 1 
p22 T6

Map
1 1 1 1 1 1 1 1 
1 1 1 1 1 1 1 1 
1 1 0 0 0 0 1 1 
1 1 0 0 0 0 1 1 
1 1 H # 0 0 G 1 
1 1 0 0 0 0 S 1 
1 1 1 1 1 1 1 1 
1 1 1 1 1 1 1 1 
p55 T6

Map
1 1 1 1 1 1 1 1 
1 1 1 1 1 1 1 1 
1 1 0 F H # 1 1 
1 1 0 0 H 0 1 1 
1 1 0 0 # 0 1 1 
1 1 0 0 0 0 1 1 
1 1 S G 1 1 1 1 
1 1 1 1 1 1 1 1 
p25 T6

Map
1 1 1 1 1 1 1 1 
1 1 1 1 1 1 1 1 
1 1 H 0 0 0 1 1 
1 1 0 0 0 0 1 1 
1 G 0 0 0 0 1 1 
1 1 0 0 0 0 S 1 
1 1 1 1 1 1 1 1 
1 1 1 1 1 1 1 1 
p55 T6

Map
1 1 1 1 1 1 1 1 
1 1 1 1 1 1 1 1 
1 1 0 F 0 0 1 1 
1 1 0 0 0 0 1 1 
1 1 0 1 0 0 G 1 
1 1 0 0 1 0 1 1 
1 1 1 S 1 1 1 1 
1 1 1 1 1 1 1 1 
p53 T7

Map
1 1 1 1 1 1 1 1 
1 1 1 1 1 1 1 1 
1 1 F F 0 1 1 1 
1 S 0 0 0 # 1 1 
1 1 0 0 F 0 G 1 
1 1 0 0 0 F 1 1 
1 1 1 1 1 1 1 1 
1 1 1 1 1 1 1 1 
p23 T6

Map
1 1 1 1 1 1 1 1 
1 1 1 1 1 1 1 1 
1 1 0 0 0 H 1 1 
1 1 0 F 0 0 1 1 
1 1 0 0 0 0 G 1 
1 S 0 0 0 0 1 1 
1 1 1 1 1 1 1 1 
1 1 1 1 1 1 1 1 
p25 T6

Map
1 1 1 1 1 1 1 1 
1 1 1 1 1 1 1 1 
1 1 0 0 0 0 S 1 
1 G F 0 0 0 1 1 
1 1 0 0 0 0 1 1 
1 1 0 0 0 0 1 1 
1 1 1 1 1 1 1 1 
1 1 1 1 1 1 1 1 
p52 T6

Map
1 1 1 1 1 1 1 1 
1 1 1 1 1 1 1 1 
1 1 0 0 0 H 1 1 
1 1 0 0 0 0 1 1 
1 G 0 0 0 # 1 1 
1 S 0 0 0 0 1 1 
1 1 1 1 1 1 1 1 
1 1 1 1 1 1 1 1 
p25 T6

Map
1 1 1 1 1 1 1 1 
1 1 S G 1 1 1 1 
1 1 0 0 0 0 1 1 
1 1 0 0 F 0 1 1 
1 1 0 0 # 0 1 1 
1 1 0 0 # H 1 1 
1 1 1 1 1 1 1 1 
1 1 1 1 1 1 1 1 
p22 T6

Map
1 1 1 1 1 1 1 1 
1 1 S 1 1 1 1 1 
1 1 0 0 0 0 1 1 
1 1 1 0 0 0 1 1 
1 1 0 0 0 H 1 1 
1 1 0 0 0 0 1 1 
1 1 G 1 1 1 1 1 
1 1 1 1 1 1 1 1 
p22 T6

Map
1 1 1 1 1 1 1 1 
1 1 1 1 1 1 1 1 
1 1 0 0 # 0 S 1 
1 1 0 H F 0 G 1 
1 1 0 F 0 0 1 1 
1 1 H F 0 0 1 1 
1 1 1 1 1 1 1 1 
1 1 1 1 1 1 1 1 
p52 T6

Map
1 1 1 1 1 1 1 1 
1 1 1 1 1 1 1 1 
1 1 0 0 H # 1 1 
1 1 0 H 0 0 1 1 
1 1 0 0 0 1 1 1 
1 1 0 0 0 0 1 1 
1 1 S G 1 1 1 1 
1 1 1 1 1 1 1 1 
p25 T6

Map
1 1 1 1 1 1 1 1 
1 1 S G 1 1 1 1 
1 1 0 0 0 0 1 1 
1 1 # 0 # 0 1 1 
1 1 0 0 H 0 1 1 
1 1 0 0 0 H 1 1 
1 1 1 1 1 1 1 1 
1 1 1 1 1 1 1 1 
p22 T6

Map
1 1 1 1 1 1 1 1 
1 1 1 1 1 1 1 1 
1 1 0 0 0 0 S 1 
1 G # 0 0 0 1 1 
1 1 0 0 0 F 1 1 
1 1 H 0 0 0 1 1 
1 1 1 1 1 1 1 1 
1 1 1 1 1 1 1 1 
p52 T6

Map
1 1 1 1 1 1 1 1 
1 1 1 G 1 1 1 1 
1 1 0 0 H F 1 1 
1 1 0 F 0 F 1 1 
1 1 0 0 0 0 1 1 
1 1 0 0 0 0 1 1 
1 1 S 1 1 1 1 1 
1 1 1 1 1 1 1 1 
p25 T6

Map
1 1 1 1 1 1 1 1 
1 1 1 1 1 S 1 1 
1 1 0 0 0 0 1 1 
1 1 0 0 0 0 1 1 
1 1 0 0 0 0 1 1 
1 1 F 0 0 0 1 1 
1 1 1 1 G 1 1 1 
1 1 1 1 1 1 1 1 
p52 T6

Map
1 1 1 1 1 1 1 1 
1 1 S G 1 1 1 1 
1 1 0 0 0 0 1 1 
1 1 0 0 0 0 1 1 
1 1 0 0 0 # 1 1 
1 1 0 1 0 0 1 1 
1 1 1 1 1 1 1 1 
1 1 1 1 1 1 1 1 
p22 T6

Map
1 1 1 1 1 1 1 1 
1 1 1 1 1 1 1 1 
1 1 0 1 0 F 1 1 
1 1 0 F F 0 1 1 
1 1 0 0 0 0 1 1 
1 1 F 0 0 1 1 1 
1 1 S G 1 1 1 1 
1 1 1 1 1 1 1 1 
p24 T6

Map
1 1 1 1 1 1 1 1 
1 1 1 1 G S 1 1 
1 1 0 0 0 0 1 1 
1 1 0 0 0 0 1 1 
1 1 0 0 0 0 1 1 
1 1 0 H 0 0 1 1 
1 1 1 1 1 1 1 1 
1 1 1 1 1 1 1 1 
p52 T6

Map
1 1 1 1 1 1 1 1 
1 1 1 S 1 1 1 1 
1 1 0 0 0 0 1 1 
1 1 0 0 # 0 1 1 
1 1 0 0 1 0 G 1 
1 1 0 0 1 0 1 1 
1 1 1 1 1 1 1 1 
1 1 1 1 1 1 1 1 
p53 T6

Map
1 1 1 1 1 1 1 1 
1 1 1 1 G 1 1 1 
1 1 0 0 0 0 1 1 
1 1 0 0 0 0 1 1 
1 1 0 0 1 F 1 1 
1 1 0 0 0 F 1 1 
1 1 1 1 S 1 1 1 
1 1 1 1 1 1 1 1 
p32 T6

Map
1 1 1 1 1 1 1 1 
1 1 S 1 1 1 1 1 
1 1 0 0 0 0 1 1 
1 1 0 0 0 H 1 1 
1 1 1 0 0 H 1 1 
1 1 0 0 0 0 1 1 
1 1 G 1 1 1 1 1 
1 1 1 1 1 1 1 1 
p32 T7

Map
1 1 1 1 1 1 1 1 
1 1 1 1 1 1 1 1 
1 1 # 0 0 0 1 1 
1 1 0 0 0 0 1 1 
1 G # 0 0 1 1 1 
1 S 0 0 0 0 1 1 
1 1 1 1 1 1 1 1 
1 1 1 1 1 1 1 1 
p25 T6

Map
1 1 1 1 1 1 1 1 
1 1 1 G 1 1 1 1 
1 1 0 0 0 0 1 1 
1 1 1 0 F 0 1 1 
1 1 0 F F 0 S 1 
1 1 0 0 0 0 1 1 
1 1 1 1 1 1 1 1 
1 1 1 1 1 1 1 1 
p42 T7

Map
1 1 1 1 1 1 1 1 
1 1 1 S 1 1 1 1 
1 1 0 0 0 # 1 1 
1 1 0 1 0 0 G 1 
1 1 0 1 # 0 1 1 
1 1 0 0 0 0 1 1 
1 1 1 1 1 1 1 1 
1 1 1 1 1 1 1 1 
p54 T7

Map
1 1 1 1 1 1 1 1 
1 1 1 1 S 1 1 1 
1 1 0 0 0 0 1 1 
1 1 0 0 0 0 1 1 
1 1 H # 0 0 1 1 
1 1 0 0 1 H 1 1 
1 1 1 G 1 1 1 1 
1 1 1 1 1 1 1 1 
p22 T6

Map
1 1 1 1 1 1 1 1 
1 1 1 1 1 1 1 1 
1 1 0 0 F F 1 1 
1 G 0 F 0 H 1 1 
1 S 0 0 0 1 1 1 
1 1 H # F 0 1 1 
1 1 1 1 1 1 1 1 
1 1 1 1 1 1 1 1 
p24 T6

Map
1 1 1 1 1 1 1 1 
1 1 1 1 1 1 1 1 
1 1 0 0 0 0 1 1 
1 G F 0 F 0 1 1 
1 1 0 0 0 0 1 1 
1 1 1 0 0 # 1 1 
1 1 1 1 S 1 1 1 
1 1 1 1 1 1 1 1 
p34 T7

Map
1 1 1 1 1 1 1 1 
1 1 1 1 1 S 1 1 
1 1 0 0 0 0 1 1 
1 1 0 0 0 0 1 1 
1 1 0 0 0 0 1 1 
1 1 0 0 F 0 1 1 
1 1 1 1 G 1 1 1 
1 1 1 1 1 1 1 1 
p52 T6

Map
1 1 1 1 1 1 1 1 
1 1 1 1 1 1 1 1 
1 S 0 0 F 0 1 1 
1 1 H 0 0 0 1 1 
1 1 0 F 0 0 1 1 
1 G # # 1 0 1 1 
1 1 1 1 1 1 1 1 
1 1 1 1 1 1 1 1 
p53 T6

Map
1 1 1 1 1 1 1 1 
1 1 1 1 1 1 1 1 
1 1 # # 0 0 S 1 
1 G 0 0 0 0 1 1 
1 1 H 0 0 0 1 1 
1 1 0 0 0 0 1 1 
1 1 1 1 1 1 1 1 
1 1 1 1 1 1 1 1 
p52 T6

Map
1 1 1 1 1 1 1 1 
1 1 1 1 1 1 1 1 
1 1 H 0 0 0 1 1 
1 G F 0 0 0 1 1 
1 1 0 0 0 0 S 1 
1 1 0 0 0 0 1 1 
1 1 1 1 1 1 1 1 
1 1 1 1 1 1 1 1 
p52 T6

