Map
1 1 1 1 1 1 1 1 
G # 0 # 0 F H 1 
1 # 0 0 # 0 0 1 
1 0 0 1 # 1 # 1 
1 1 1 0 0 0 0 1 
1 0 0 0 1 0 0 1 
1 1 0 # 0 0 0 1 
1 1 1 1 1 1 S 1 
R54 T9

Map
1 1 1 1 1 1 1 1 
1 F 0 0 H 0 F 1 
1 1 0 F 0 0 0 G 
1 0 0 0 0 0 0 1 
1 0 0 0 H 0 0 1 
1 0 # 0 0 0 0 1 
S 0 1 0 0 1 # 1 
1 1 1 1 1 1 1 1 
R52 T4

Map
1 1 1 1 1 S 1 1 
G # 0 0 H 0 # 1 
1 0 F 0 0 0 # 1 
1 0 0 # 0 H 0 1 
1 0 F F 0 0 0 1 
1 F 0 # 1 0 # 1 
1 0 0 0 0 0 0 1 
1 1 1 1 1 1 1 1 
R42 T5

Map
1 1 1 S 1 1 G 1 
1 F # # 1 0 0 1 
1 0 0 F # 0 1 1 
1 0 H 0 0 # F 1 
1 0 # 0 0 0 F 1 
1 0 H H 0 0 0 1 
1 0 0 H 1 0 0 1 
1 1 1 1 1 1 1 1 
R22 T4

Map
1 1 1 1 1 1 1 1 
1 0 0 0 0 F 0 1 
1 # F H 0 0 0 1 
1 0 0 1 0 1 F S 
1 1 F 0 0 F 0 1 
1 0 0 F 0 1 0 1 
1 0 0 0 0 0 1 1 
1 1 1 1 G 1 1 1 
U64 T9

Map
1 1 1 1 1 1 1 1 
G 0 0 0 0 0 F 1 
1 F F 0 1 0 0 1 
1 0 0 # 0 H 0 1 
1 0 0 0 0 H 0 S 
1 0 0 0 0 1 0 1 
1 F 1 0 0 0 0 1 
1 1 1 1 1 1 1 1 
D63 T4

Map
1 1 1 1 1 1 S 1 
1 0 0 0 0 0 0 1 
1 0 0 # 0 0 0 1 
G F 0 0 0 1 0 1 
1 0 0 0 0 # 0 1 
1 0 0 # 0 0 0 1 
1 0 0 0 1 H 0 1 
1 1 1 1 1 1 1 1 
L23 T4

Map
1 1 S 1 1 1 1 1 
1 0 0 0 0 0 0 1 
1 0 0 0 0 0 0 1 
1 0 0 1 0 0 0 1 
1 0 1 1 0 0 # 1 
1 0 0 0 0 0 0 1 
1 0 0 0 F 0 H 1 
1 1 1 G 1 1 1 1 
D35 T4

Map
1 1 1 1 1 1 1 1 
1 H 0 0 0 1 H 1 
1 1 0 0 F 0 H 1 
G 0 0 0 0 0 0 1 
1 0 0 0 0 0 0 1 
1 0 0 0 0 0 0 1 
1 0 0 0 0 1 # S 
1 1 1 1 1 1 1 1 
L63 T5

Map
1 1 1 1 1 1 S 1 
1 0 F # 0 0 0 1 
1 F 0 0 0 # 0 1 
1 0 F 0 # # 1 1 
1 0 0 1 1 1 0 1 
1 0 # # 0 # 0 1 
1 0 # 0 0 0 0 1 
1 1 G 1 1 1 1 1 
D22 T4

Map
1 1 1 1 1 G 1 1 
1 0 F 0 0 # 1 1 
1 # F F F 0 F 1 
1 1 0 1 0 # 0 1 
1 0 0 # 0 0 F 1 
1 0 # 0 1 H 0 1 
1 1 0 0 0 0 F 1 
1 1 1 S 1 1 1 1 
R11 T5

Map
1 1 1 1 1 1 1 1 
1 # # 0 # # 0 1 
1 0 0 0 0 H 0 1 
S 0 0 0 0 0 0 1 
1 0 0 0 0 0 0 1 
G 0 0 # 0 0 0 1 
1 0 0 0 0 0 0 1 
1 1 1 1 1 1 1 1 
U14 T6

Map
1 1 1 1 1 1 1 1 
1 # 1 F 0 0 0 1 
1 0 0 0 F F 0 S 
1 0 1 # 0 0 0 G 
1 0 0 0 0 F 0 1 
1 F # 0 0 0 0 1 
1 0 0 0 0 0 0 1 
1 1 1 1 1 1 1 1 
R53 T4

Map
1 1 1 1 1 1 1 1 
1 0 # 1 F 0 0 G 
1 # 0 0 0 0 # 1 
1 0 0 0 1 0 0 1 
1 0 0 0 0 0 0 1 
1 0 0 0 1 H 0 1 
S 0 0 0 0 # H 1 
1 1 1 1 1 1 1 1 
L26 T9

Map
1 G 1 1 1 1 1 1 
1 0 # 0 0 0 H 1 
1 0 0 0 0 0 0 1 
1 0 0 H # 0 # 1 
S 0 H 0 # 0 0 1 
1 0 0 0 0 H # 1 
1 0 0 F 0 1 0 1 
1 1 1 1 1 1 1 1 
D13 T5

Map
1 1 1 1 1 1 1 1 
1 0 0 0 H 0 0 1 
1 0 0 0 # H 0 1 
1 0 0 0 1 1 0 1 
1 0 0 H # 0 0 G 
1 0 0 0 0 0 0 1 
1 0 0 0 0 0 0 1 
1 S 1 1 1 1 1 1 
R54 T4

Map
1 1 1 1 1 1 1 1 
G 0 0 0 1 0 1 1 
1 F # 0 0 0 F 1 
1 0 0 0 0 0 0 1 
1 1 H 0 0 0 0 1 
1 H F 1 # # 0 S 
1 0 F 1 F # 0 1 
1 1 1 1 1 1 1 1 
L53 T4

Map
1 1 1 1 1 1 1 1 
1 1 0 F 0 F 0 1 
1 H 0 0 F 1 0 1 
G 0 0 0 1 0 0 1 
1 0 F 0 0 0 0 1 
S F 0 0 F 0 0 1 
1 F 0 0 0 0 1 1 
1 1 1 1 1 1 1 1 
L33 T4

Map
1 1 1 G 1 1 1 1 
1 0 0 0 0 0 0 1 
1 0 0 0 0 0 0 1 
1 0 0 0 0 0 0 1 
1 0 0 1 1 0 0 1 
1 0 0 0 0 0 0 1 
1 0 0 0 0 0 0 1 
1 1 1 1 S 1 1 1 
U32 T4

Map
1 1 1 1 G 1 1 1 
1 0 # 1 0 0 0 1 
1 0 0 # 0 # F 1 
1 0 0 # 0 F H 1 
S 0 0 # 0 # H 1 
1 F 0 0 0 0 F 1 
1 # 0 0 0 0 1 1 
1 1 1 1 1 1 1 1 
L24 T6

Map
1 1 1 1 1 1 1 1 
S 0 1 0 0 0 0 1 
1 0 0 0 1 0 0 1 
1 0 0 0 1 F 0 1 
1 1 0 1 0 0 0 G 
1 1 # 0 F F 0 1 
1 0 # 0 0 0 0 1 
1 1 1 1 1 1 1 1 
R54 T6

Map
1 1 1 1 1 1 1 1 
1 1 H H 0 0 # 1 
G 0 0 0 0 0 0 1 
1 0 # 1 0 0 0 S 
1 # 0 0 # # 0 1 
1 # # 0 0 # 0 1 
1 0 1 H 0 1 0 1 
1 1 1 1 1 1 1 1 
D52 T4

Map
1 1 1 1 1 1 1 1 
1 0 0 # 0 0 0 1 
1 F 0 0 # 0 0 S 
1 # F 1 F F 1 1 
1 0 0 0 0 0 # 1 
1 0 0 0 H # 0 1 
1 F 0 0 0 1 0 1 
1 G 1 1 1 1 1 1 
R22 T4

Map
1 1 1 1 G 1 1 1 
1 0 0 H 0 0 0 1 
S 0 F 0 0 F F 1 
1 0 0 F F 0 0 1 
1 0 0 0 0 0 0 1 
1 H 0 0 0 H 0 1 
1 0 0 0 0 0 0 1 
1 1 1 1 1 1 1 1 
U42 T5

Map
1 1 S 1 1 1 G 1 
1 1 0 # 0 0 F 1 
1 0 F # 0 0 0 1 
1 0 0 0 0 0 0 1 
1 0 0 0 # 0 0 1 
1 0 F # 0 0 # 1 
1 0 # 0 1 # 0 1 
1 1 1 1 1 1 1 1 
U62 T4

Map
1 1 1 1 1 1 1 1 
1 0 0 0 0 0 0 1 
1 0 0 0 0 H F S 
1 0 0 0 0 0 0 1 
1 0 0 0 0 0 0 1 
1 0 0 0 0 0 0 1 
1 0 0 0 0 0 0 G 
1 1 1 1 1 1 1 1 
U63 T4

Map
1 1 G 1 1 1 1 1 
1 0 0 1 F 0 F 1 
1 F 1 0 H 0 0 1 
1 0 0 1 0 0 1 1 
1 F # 0 0 0 0 S 
1 0 0 0 F 0 0 1 
1 # 1 F 0 1 0 1 
1 1 1 1 1 1 1 1 
D23 T5

Map
1 1 1 1 1 1 1 1 
1 0 0 1 1 H 0 1 
1 0 0 0 0 F 0 1 
1 0 H 0 F 0 # S 
1 0 F 0 0 0 0 1 
G 0 F F 0 0 0 1 
1 1 0 0 0 1 H 1 
1 1 1 1 1 1 1 1 
U34 T4

Map
1 1 1 1 1 1 1 1 
1 0 0 F 0 F 0 1 
1 0 0 F 0 0 # 1 
1 0 0 0 0 0 F 1 
1 0 0 0 H 0 # S 
1 0 0 0 0 F F 1 
1 # 0 0 1 0 F 1 
1 G 1 1 1 1 1 1 
R54 T4

Map
1 1 1 1 1 1 1 1 
S 0 0 0 1 0 0 1 
1 1 0 0 0 0 F 1 
1 H 0 0 0 0 # 1 
1 0 # 1 0 0 0 G 
1 0 1 H 0 0 # 1 
1 0 # 0 # 0 0 1 
1 1 1 1 1 1 1 1 
R54 T4

Map
1 1 1 1 1 1 1 1 
1 # F 0 0 0 0 1 
1 0 0 0 0 F 0 1 
1 0 0 0 H 0 H 1 
S 0 # F 0 0 H 1 
1 0 0 0 0 1 1 1 
G 0 1 # 0 0 0 1 
1 1 1 1 1 1 1 1 
U35 T4

Map
1 S 1 1 1 G 1 1 
1 0 0 1 0 0 H 1 
1 1 0 # 0 0 0 1 
1 0 0 0 0 0 0 1 
1 0 1 0 0 0 0 1 
1 0 0 0 0 0 0 1 
1 0 F 0 0 0 0 1 
1 1 1 1 1 1 1 1 
U54 T4

Map
1 1 1 1 1 1 1 1 
1 0 0 F 0 0 1 1 
1 0 0 0 0 0 0 1 
1 1 0 F F 0 H 1 
1 1 0 F 0 0 0 1 
1 # 0 1 0 0 F G 
S 0 0 0 0 0 0 1 
1 1 1 1 1 1 1 1 
L56 T7

Map
1 1 1 1 1 1 1 1 
1 0 F 0 0 0 0 1 
1 F 1 1 0 0 0 S 
1 0 0 0 0 F 0 1 
G F 0 0 F F # 1 
1 1 0 0 0 0 0 1 
1 1 1 0 0 0 0 1 
1 1 1 1 1 1 1 1 
L24 T4

Map
1 1 1 1 S 1 1 1 
1 0 # 0 0 # 0 1 
1 0 0 # 0 0 0 1 
1 0 0 0 H 0 0 1 
1 0 H 0 0 0 0 1 
1 # 0 # H 0 # G 
1 F 0 # 1 0 1 1 
1 1 1 1 1 1 1 1 
U42 T4

Map
1 1 1 1 1 1 1 1 
1 0 F F F # 0 1 
1 0 0 0 0 0 F 1 
1 0 0 0 0 0 0 1 
1 0 # 0 0 0 0 1 
1 # 0 H 0 H 0 1 
1 0 0 # 0 1 0 G 
1 1 S 1 1 1 1 1 
D22 T6

Map
1 1 1 1 1 1 1 1 
1 1 0 0 1 F 0 1 
1 0 0 0 # 0 F G 
1 0 0 0 0 0 1 1 
1 0 1 0 0 0 0 1 
1 H H 0 0 F 0 1 
1 0 0 0 0 0 0 1 
1 1 S 1 1 1 1 1 
R16 T9

Map
1 1 1 1 1 1 1 1 
1 1 0 F 0 0 0 S 
1 0 0 0 0 0 0 1 
1 0 0 0 0 0 0 1 
1 0 0 0 0 0 1 1 
1 1 1 0 0 0 0 1 
1 0 F 0 0 0 F 1 
1 1 1 G 1 1 1 1 
L65 T5

Map
1 1 1 1 1 1 1 1 
1 0 0 # 0 F 0 1 
1 0 # 0 0 F 0 S 
1 0 1 F 1 F 0 1 
G 0 0 0 H 0 0 1 
1 F 0 0 0 0 0 1 
1 0 F # 0 0 0 1 
1 1 1 1 1 1 1 1 
U13 T6

Map
1 1 1 1 1 1 1 1 
1 F 0 1 0 # 0 G 
1 0 F 1 F F 0 1 
1 0 H 0 0 0 F 1 
1 0 H 1 0 0 0 1 
S 0 0 H 0 0 0 1 
1 0 0 F F F 0 1 
1 1 1 1 1 1 1 1 
D14 T4

Map
1 1 1 1 1 1 1 1 
G 0 # 0 0 0 1 1 
1 0 0 H 0 F 0 1 
1 0 0 0 0 0 0 1 
1 0 0 H 0 0 H 1 
1 # # # 0 0 0 1 
1 0 0 1 0 0 0 1 
1 1 1 1 1 1 S 1 
D65 T4

Map
1 1 S G 1 1 1 1 
1 0 0 0 0 0 0 1 
1 0 F 0 0 # 0 1 
1 0 0 F 0 F 0 1 
1 0 0 # 0 0 0 1 
1 0 # # 1 0 # 1 
1 0 0 0 # 1 F 1 
1 1 1 1 1 1 1 1 
U32 T4

Map
1 1 1 1 1 1 1 1 
1 0 0 0 0 0 0 1 
1 0 H 0 # H 0 1 
1 0 # 1 0 0 F 1 
G 0 0 0 1 0 0 1 
1 0 0 F 0 0 F S 
1 1 1 0 0 0 0 1 
1 1 1 1 1 1 1 1 
D54 T4

Map
1 1 1 1 S 1 1 1 
1 0 # 0 0 F 0 1 
1 0 0 0 # F # 1 
1 # 0 0 0 0 0 1 
1 0 1 0 0 F 1 1 
1 1 0 # F # 0 1 
1 F 0 0 F 1 0 1 
1 1 G 1 1 1 1 1 
U43 T7

Map
1 1 1 1 1 1 1 1 
1 0 0 0 0 0 # 1 
1 0 0 H H F 0 1 
1 # 1 0 0 H 0 S 
1 1 1 # 0 1 0 1 
1 0 0 0 0 0 0 G 
1 0 0 0 0 # 0 1 
1 1 1 1 1 1 1 1 
D62 T4

Map
1 1 1 G 1 1 1 1 
1 0 0 0 0 0 0 1 
1 0 0 0 1 H 0 1 
1 1 H # 0 1 0 1 
1 1 0 0 H 1 # 1 
1 H 0 # 0 # 0 S 
1 0 # 1 0 0 0 1 
1 1 1 1 1 1 1 1 
R25 T6

Map
1 1 1 1 1 1 1 1 
1 0 0 # 0 0 1 1 
1 0 0 0 0 0 F 1 
1 # H F 0 0 # 1 
G 0 F 0 0 0 0 1 
1 # 1 0 0 0 # 1 
1 0 0 1 0 H 1 1 
1 1 S 1 1 1 1 1 
L64 T5

Map
1 1 1 1 S 1 1 1 
1 # F 0 0 0 0 1 
1 0 F 0 0 0 0 1 
1 # # 0 0 0 0 G 
1 1 0 0 0 F H 1 
1 0 0 H H 0 0 1 
1 0 # 0 1 0 # 1 
1 1 1 1 1 1 1 1 
U42 T4

Map
1 G 1 1 1 1 1 1 
1 0 0 0 # 1 0 1 
1 0 # 0 0 F 0 1 
1 0 0 0 0 # 0 1 
1 0 0 H 0 0 0 S 
1 F 0 H F 0 0 1 
1 1 0 0 # 0 0 1 
1 1 1 1 1 1 1 1 
D43 T5

Map
1 1 1 1 1 1 1 1 
1 0 1 0 # # 0 1 
1 F # F F # F 1 
1 0 0 F 0 H # 1 
1 0 # 0 0 0 0 1 
1 0 0 0 0 0 0 1 
1 0 0 0 0 0 0 1 
1 1 1 S 1 G 1 1 
D55 T4

Map
1 1 1 1 1 1 G 1 
1 0 0 H 0 0 F 1 
1 H 1 0 0 0 0 1 
1 H 0 F F 0 1 1 
S 0 0 # 0 0 0 1 
1 0 0 1 1 F 0 1 
1 0 0 1 1 0 F 1 
1 1 1 1 1 1 1 1 
U62 T8

Map
1 S 1 1 1 1 1 1 
1 0 0 1 0 1 0 1 
1 0 0 0 # 1 1 1 
1 0 1 0 0 0 H 1 
1 0 # 0 0 # 0 1 
1 0 0 # 0 0 0 1 
1 # 0 1 0 # H 1 
1 1 1 1 1 G 1 1 
D53 T4

Map
1 1 G 1 S 1 1 1 
1 0 0 0 0 # 0 1 
1 # 0 # 0 H 0 1 
1 F 0 0 0 0 0 1 
1 # F F 0 0 0 1 
1 F # F H # 0 1 
1 0 0 0 # 0 0 1 
1 1 1 1 1 1 1 1 
R31 T6

Map
1 1 1 1 1 1 1 1 
1 1 0 0 F 0 0 1 
1 F F 0 F # 0 1 
1 0 F 0 0 0 # 1 
1 0 0 0 0 F 1 1 
1 0 0 0 H # 0 S 
G 0 F F 0 0 1 1 
1 1 1 1 1 1 1 1 
U56 T6

Map
1 1 1 1 1 1 1 1 
1 0 0 0 0 0 0 1 
1 0 0 0 F 0 0 1 
1 0 0 0 0 0 0 1 
1 0 0 0 0 0 0 1 
1 0 0 F 0 0 0 1 
1 0 0 0 0 0 0 1 
1 1 1 1 G 1 S 1 
R51 T6

Map
1 1 1 1 1 1 1 1 
1 0 0 1 H F F 1 
1 # 0 0 H 0 0 1 
1 0 0 0 # 0 H 1 
1 0 # # F 0 0 1 
1 F 0 0 # 0 0 1 
1 0 0 0 # 0 0 1 
1 1 G 1 1 1 S 1 
D64 T5

Map
1 1 1 1 G 1 1 1 
1 0 0 0 0 H 0 1 
1 0 0 0 0 # 0 1 
1 0 1 0 1 0 0 1 
1 0 1 0 0 0 0 1 
1 # 0 0 0 0 0 1 
1 H 0 0 0 1 1 1 
1 1 1 1 S 1 1 1 
U42 T4

Map
1 1 1 S 1 1 1 1 
1 1 0 0 0 1 0 1 
1 0 1 0 0 0 0 1 
1 1 0 0 # 0 0 1 
1 0 0 0 0 0 0 1 
1 H 0 0 0 0 H 1 
1 0 0 1 0 0 0 1 
1 1 G 1 1 1 1 1 
L53 T5

Map
1 1 1 1 1 1 1 1 
1 0 0 # # 0 0 S 
G 0 0 F 0 1 0 1 
1 # F 0 0 0 # 1 
1 0 F 0 0 0 0 1 
1 0 0 0 0 0 0 1 
1 1 0 0 0 0 0 1 
1 1 1 1 1 1 1 1 
R21 T5

Map
1 1 S 1 1 1 1 1 
1 0 0 H F 0 F 1 
1 0 0 F # 0 H 1 
1 0 H 0 0 1 0 1 
1 F 0 0 0 0 H 1 
1 0 0 F 0 0 0 1 
G 0 F 0 0 0 F 1 
1 1 1 1 1 1 1 1 
U22 T4

Map
1 S 1 1 1 1 1 1 
1 0 0 0 # 0 0 1 
1 0 1 F 0 0 F 1 
1 0 0 # 0 0 0 1 
1 1 0 0 0 0 H 1 
G F 0 1 1 0 0 1 
1 0 1 0 F 0 0 1 
1 1 1 1 1 1 1 1 
D42 T5

Map
1 1 S 1 1 1 1 1 
1 0 0 0 0 1 1 1 
1 0 0 0 0 0 0 1 
1 0 H H 0 0 1 1 
1 0 0 0 0 0 0 1 
1 0 0 0 1 1 0 1 
1 H 0 0 H 0 0 1 
1 1 1 1 1 1 G 1 
U22 T5

Map
1 1 1 1 1 G 1 1 
1 0 0 0 0 0 1 1 
1 0 0 0 0 0 F 1 
1 0 0 F 0 0 0 1 
1 0 F 0 F 0 0 1 
S 0 0 # F H # 1 
1 0 0 H 0 0 0 1 
1 1 1 1 1 1 1 1 
L25 T4

Map
1 1 1 1 1 1 1 1 
1 F 0 # F 0 0 1 
1 # 0 # # 0 0 G 
1 F 0 1 # 0 0 1 
1 0 F 0 0 0 0 1 
S 0 1 # # F 0 1 
1 0 0 0 0 F 0 1 
1 1 1 1 1 1 1 1 
R52 T4

Map
1 1 1 1 1 G 1 1 
1 0 0 # 0 0 # 1 
1 0 0 F 0 0 0 1 
1 F H 0 0 0 0 1 
1 0 0 0 # 0 1 1 
1 F F 0 1 0 0 1 
1 0 0 F 0 0 H 1 
1 1 1 1 S 1 1 1 
U52 T4

Map
1 1 1 1 1 1 1 1 
1 0 0 H F 0 0 1 
1 F 0 1 0 0 0 1 
1 F # 0 F 0 0 1 
1 F F F F 0 0 G 
1 0 0 0 0 0 0 1 
1 0 1 0 0 0 0 S 
1 1 1 1 1 1 1 1 
D65 T6

Map
1 1 1 1 1 1 1 1 
G 0 0 F 0 0 0 1 
1 F 0 0 0 0 0 1 
1 H 0 0 1 0 0 1 
1 0 0 0 0 H 0 1 
1 0 0 0 0 0 0 1 
1 0 F 0 0 0 0 1 
1 S 1 1 1 1 1 1 
D14 T4

Map
1 1 1 1 1 1 1 1 
1 0 0 0 0 0 1 1 
1 0 F 0 0 # 1 1 
1 F # F 0 0 0 1 
G 0 0 0 F H F 1 
S # 0 F 0 1 0 1 
1 F 1 0 1 0 H 1 
1 1 1 1 1 1 1 1 
L24 T4

Map
1 1 1 1 1 1 1 1 
1 # H 0 0 # F 1 
1 0 0 F # 0 0 1 
1 0 F 0 # H 0 1 
1 1 0 0 0 0 0 1 
1 0 0 F 0 0 0 G 
1 0 # 0 1 0 F 1 
1 1 S 1 1 1 1 1 
D22 T4

Map
1 1 1 1 1 1 1 1 
1 H 0 0 0 # 0 1 
1 0 0 0 0 0 H 1 
1 0 # H 0 0 0 G 
1 # 0 1 1 0 0 1 
S # F # 1 0 0 1 
1 # 1 0 # 0 0 1 
1 1 1 1 1 1 1 1 
R53 T4

Map
1 1 1 1 1 1 1 1 
1 # # 0 0 1 0 1 
1 0 0 # 0 # # 1 
S 0 0 1 0 0 # G 
1 0 0 0 0 0 0 1 
1 0 # 0 0 0 0 1 
1 0 0 F 0 0 # 1 
1 1 1 1 1 1 1 1 
R53 T4

Map
1 1 1 1 G 1 1 1 
1 H 0 0 0 0 0 1 
1 0 0 0 0 1 0 1 
1 0 H F 0 0 # 1 
1 # # F 1 0 # 1 
1 0 0 0 0 0 # 1 
1 0 0 0 0 F 1 1 
1 1 1 1 1 S 1 1 
U42 T4

Map
1 1 1 1 G 1 1 1 
1 0 0 H # 1 0 1 
1 0 0 0 F F 0 1 
1 F # F 0 0 # S 
1 # 0 # 0 # F 1 
1 # 0 0 0 1 0 1 
1 1 0 0 0 # 0 1 
1 1 1 1 1 1 1 1 
R53 T8

Map
1 1 1 1 1 1 1 1 
1 0 1 0 0 0 0 1 
1 F 0 # 0 0 0 1 
1 0 0 0 0 0 0 S 
1 0 H 0 0 0 0 1 
G 0 0 0 0 0 0 1 
1 0 0 0 0 0 0 1 
1 1 1 1 1 1 1 1 
U64 T6

Map
1 1 1 1 1 1 S 1 
1 0 0 1 1 0 0 1 
1 0 H 0 # 0 0 1 
1 0 0 0 0 0 0 1 
1 0 0 # 0 0 H 1 
1 # 0 # 0 0 0 1 
1 0 0 0 # 0 0 G 
1 1 1 1 1 1 1 1 
L63 T6

Map
1 1 1 1 1 S 1 1 
1 0 0 # 0 0 0 1 
1 0 0 0 0 0 0 G 
1 0 0 F 0 H # 1 
1 # # 0 0 0 0 1 
1 0 0 0 0 0 0 1 
1 0 0 # 0 F 0 1 
1 1 1 1 1 1 1 1 
L61 T5

Map
1 1 1 1 1 1 1 1 
1 1 0 1 F 0 1 1 
1 0 F # 0 H 0 1 
1 0 # 0 0 F F 1 
1 # 1 # # 0 0 1 
1 0 1 0 0 0 0 G 
1 # 0 0 # 0 0 1 
1 S 1 1 1 1 1 1 
R55 T4

Map
1 1 G 1 1 1 1 1 
1 # 0 0 F # # 1 
S 0 0 # H F F 1 
1 0 0 0 # F 0 1 
1 F 0 0 0 0 # 1 
1 0 H 0 0 0 0 1 
1 0 0 0 0 0 F 1 
1 1 1 1 1 1 1 1 
D31 T5

Map
1 1 1 1 1 1 1 1 
1 0 0 0 0 1 F 1 
1 0 H 0 F 0 1 1 
1 0 H 0 # 0 0 1 
1 0 # 0 1 0 0 1 
1 0 # 0 # # 0 1 
1 0 0 F 0 0 0 1 
1 G S 1 1 1 1 1 
R15 T4

Map
1 1 1 1 1 1 1 1 
1 0 F 0 F F 0 1 
1 0 0 F H 0 0 G 
1 0 F 0 F 1 0 1 
1 0 H 0 0 0 0 1 
1 0 0 0 0 0 0 1 
1 0 0 0 0 # 0 1 
1 1 1 1 1 1 S 1 
D63 T6

Map
1 1 1 1 S 1 G 1 
1 0 1 F F 0 0 1 
1 0 0 0 0 0 F 1 
1 # 1 0 # 0 0 1 
1 0 # 0 F 0 0 1 
1 0 0 0 0 1 0 1 
1 0 # 1 0 0 F 1 
1 1 1 1 1 1 1 1 
L52 T6

Map
1 1 1 1 1 1 1 1 
1 0 0 0 0 # 0 1 
1 0 0 0 0 0 0 1 
1 0 0 0 0 # F 1 
1 0 F 0 0 0 0 1 
1 0 0 0 0 0 0 1 
1 0 # 0 0 0 # 1 
1 1 1 1 G 1 S 1 
R56 T6

Map
1 1 1 1 1 1 1 1 
1 0 0 F 0 0 0 1 
1 # 0 0 F 0 # 1 
1 1 # H F 0 0 S 
G 0 # 0 0 0 0 1 
1 0 0 # 0 0 0 1 
1 0 # 0 0 0 0 1 
1 1 1 1 1 1 1 1 
D52 T4

Map
1 1 1 1 S 1 1 1 
1 # 0 # 0 # 0 1 
1 F # 0 0 0 0 1 
1 0 0 0 0 0 0 1 
1 0 0 F 1 0 0 1 
1 1 0 0 0 0 0 1 
1 0 0 F F # 0 1 
1 1 1 1 G 1 1 1 
D45 T4

Map
1 1 1 1 1 1 1 1 
1 H # 0 0 F 0 1 
G # 0 0 0 1 1 1 
1 # 0 0 0 F 0 1 
S F 0 0 # 0 0 1 
1 0 1 0 0 # F 1 
1 0 F 0 0 H 1 1 
1 1 1 1 1 1 1 1 
L22 T4

Map
1 1 1 1 1 1 1 1 
1 0 0 0 F F 0 G 
1 0 0 0 0 0 H 1 
1 0 H 0 # 0 # S 
1 0 0 1 0 0 # 1 
1 0 0 # # 0 1 1 
1 0 0 0 0 0 0 1 
1 1 1 1 1 1 1 1 
D42 T4

Map
1 1 1 1 1 1 1 1 
1 0 0 0 0 # 0 1 
1 0 # 0 1 1 0 1 
1 0 0 # 0 0 F 1 
1 0 # H 0 F 0 1 
1 0 0 0 H 0 0 1 
1 F F 0 # 0 0 1 
1 1 1 G 1 S 1 1 
D35 T6

Map
1 1 1 1 G S 1 1 
1 0 1 0 0 F 0 1 
1 0 0 0 F 0 0 1 
1 0 H 0 F 0 H 1 
1 0 0 0 0 0 F 1 
1 0 F 0 F 0 0 1 
1 F 0 0 0 1 H 1 
1 1 1 1 1 1 1 1 
L61 T4

Map
1 1 1 1 1 1 1 1 
1 # 0 0 0 1 # 1 
1 0 1 0 0 0 0 S 
1 # # 0 0 0 0 1 
G 0 # 0 0 0 0 1 
1 0 1 0 0 F 0 1 
1 0 0 0 1 0 1 1 
1 1 1 1 1 1 1 1 
U33 T6

Map
1 1 1 G 1 S 1 1 
1 F 0 0 0 0 0 1 
1 0 # 0 0 0 0 1 
1 F # # 0 0 # 1 
1 F 0 0 # F 0 1 
1 0 0 1 # # 0 1 
1 0 0 # 0 0 0 1 
1 1 1 1 1 1 1 1 
U32 T4

Map
1 1 1 1 1 1 1 1 
G 0 H 0 0 F 0 S 
1 0 0 F 0 0 F 1 
1 0 F 0 0 # 0 1 
1 0 0 0 0 F 0 1 
1 0 0 0 H F 0 1 
1 0 0 0 0 0 0 1 
1 1 1 1 1 1 1 1 
R41 T5

Map
1 S 1 1 1 1 1 1 
1 0 F # 0 # 0 1 
1 0 0 H 0 F # G 
1 F 0 F 0 H 1 1 
1 0 F 0 0 F 1 1 
1 H 0 F 0 1 0 1 
1 0 0 F 0 1 0 1 
1 1 1 1 1 1 1 1 
U12 T4

Map
1 1 1 1 1 1 G 1 
1 0 0 0 0 # 0 1 
1 0 0 0 0 0 0 1 
1 0 H 0 0 # H 1 
S 0 H 0 0 0 0 1 
1 F 0 0 0 0 # 1 
1 0 # # 0 1 0 1 
1 1 1 1 1 1 1 1 
D13 T5

Map
1 1 1 1 1 1 1 1 
1 0 0 0 # 0 0 1 
1 0 0 0 # 0 0 S 
1 0 0 0 0 0 0 1 
1 0 0 0 # 0 0 G 
1 0 0 0 # 0 0 1 
1 0 0 F 0 0 0 1 
1 1 1 1 1 1 1 1 
U13 T6

Map
1 1 1 G S 1 1 1 
1 0 0 0 # 0 0 1 
1 0 0 0 0 0 0 1 
1 0 0 0 0 0 0 1 
1 0 0 0 0 F F 1 
1 0 0 F F 0 0 1 
1 0 0 F 0 F 0 1 
1 1 1 1 1 1 1 1 
U32 T4

Map
1 1 1 1 1 1 1 1 
1 0 0 0 0 F 0 1 
1 0 F # F F 0 1 
1 # # 0 0 0 1 1 
1 F 1 0 0 0 0 1 
1 0 1 0 0 0 F 1 
1 0 # # 0 0 0 1 
1 1 1 G 1 S 1 1 
D55 T5

Map
1 1 1 1 1 1 1 1 
1 0 0 1 0 F 0 1 
1 0 0 0 0 0 0 1 
1 0 0 0 0 0 F S 
1 0 0 0 F 0 0 1 
1 0 0 0 0 0 0 G 
1 F 0 F 0 0 0 1 
1 1 1 1 1 1 1 1 
R15 T4

Map
1 1 1 1 1 1 1 1 
1 1 0 0 0 0 0 1 
1 F 0 0 0 0 0 S 
1 1 0 F 0 1 0 1 
1 0 0 0 0 F 0 1 
1 H 0 # 0 1 0 1 
1 0 0 0 # 0 0 1 
1 1 G 1 1 1 1 1 
R32 T4

Map
1 1 1 1 1 1 1 1 
1 0 0 F F F 1 1 
1 0 0 0 0 0 0 1 
1 0 # 0 1 0 0 1 
1 1 1 1 0 0 0 1 
G 0 0 0 0 F # 1 
1 0 0 F 0 0 0 1 
1 1 1 1 1 S 1 1 
R42 T5

Map
1 1 1 G 1 1 1 1 
1 0 # 0 1 0 0 S 
1 1 0 0 F # 0 1 
1 0 1 H 0 0 0 1 
1 H F 0 0 0 F 1 
1 0 0 0 1 0 0 1 
1 0 1 0 1 0 0 1 
1 1 1 1 1 1 1 1 
L62 T5

Map
1 1 1 1 1 1 G 1 
1 # F 0 1 0 0 1 
1 0 0 # 0 F 0 1 
1 F # H # # 0 1 
1 0 0 F # 0 # 1 
S 0 1 1 F 0 0 1 
1 # H H 0 0 F 1 
1 1 1 1 1 1 1 1 
R22 T5

Map
1 G 1 1 1 1 1 1 
1 0 H 0 1 0 # 1 
1 0 0 0 F 0 0 1 
1 1 1 H F 0 F 1 
1 0 0 F F 0 0 1 
S 0 0 0 1 F 0 1 
1 # 0 0 0 0 1 1 
1 1 1 1 1 1 1 1 
L62 T5

Map
1 1 S 1 1 1 1 1 
1 0 0 0 0 0 0 1 
1 0 0 0 0 F 0 1 
1 0 0 0 0 1 0 1 
1 0 H 0 0 0 0 1 
1 0 0 0 0 H 0 1 
1 0 0 0 0 0 0 1 
1 1 1 1 G 1 1 1 
L31 T6

Map
1 1 1 S 1 1 G 1 
1 0 0 # 0 1 0 1 
1 H 0 0 0 F F 1 
1 0 # # 0 0 0 1 
1 0 0 H 0 0 # 1 
1 0 # # 0 0 0 1 
1 1 F # 0 0 0 1 
1 1 1 1 1 1 1 1 
U32 T5

Map
1 1 1 1 1 1 1 1 
1 0 0 0 0 0 0 1 
1 0 F 0 0 0 0 1 
1 0 0 0 F F F 1 
1 0 0 1 H F 0 1 
1 0 0 0 0 0 0 1 
S # 0 0 0 0 0 1 
1 1 1 1 G 1 1 1 
L36 T6

Map
1 1 G 1 1 1 1 1 
1 0 F 0 # 0 1 1 
1 # F 0 # 0 0 1 
1 1 F F F 0 0 1 
1 1 0 1 0 # # S 
1 0 # 0 0 F 0 1 
1 # 0 0 0 0 # 1 
1 1 1 1 1 1 1 1 
D35 T7

Map
1 1 S 1 1 1 1 1 
1 # 0 1 0 0 0 1 
1 # 0 0 0 # 0 1 
1 0 0 0 1 0 0 1 
1 0 0 0 0 0 0 1 
1 1 # 0 0 0 H 1 
1 0 0 0 H 0 0 1 
1 1 1 1 1 G 1 1 
D53 T5

Map
1 1 1 1 1 1 G 1 
1 # # 0 0 # 0 1 
1 0 0 0 1 0 0 1 
1 1 # # F 1 1 1 
1 F F 0 0 0 0 1 
1 F 0 0 F F 0 1 
1 F 0 0 1 0 0 S 
1 1 1 1 1 1 1 1 
U25 T5

Map
1 1 1 1 1 1 1 1 
1 0 F # 0 # H 1 
1 0 0 0 F 0 0 1 
1 0 # 0 0 # # 1 
1 0 # 0 0 0 0 1 
1 # 0 0 0 0 0 1 
1 0 1 # 0 0 0 1 
1 G 1 1 1 1 S 1 
D62 T5

Map
1 1 1 1 1 1 1 1 
1 0 F 0 0 0 0 1 
G # 0 0 F # F 1 
1 F F 0 0 H # 1 
1 F 0 0 0 0 0 1 
1 # # 0 0 0 # 1 
1 0 0 0 0 0 0 1 
1 1 S 1 1 1 1 1 
R11 T5

Map
1 1 1 1 1 1 1 1 
1 0 0 0 0 0 0 1 
1 0 0 0 1 0 0 1 
1 0 0 0 0 0 0 G 
1 1 0 0 0 0 0 1 
1 H 0 0 0 0 0 S 
1 0 0 0 0 0 0 1 
1 1 1 1 1 1 1 1 
R25 T5

Map
1 1 1 1 1 1 1 1 
S 0 F 0 0 0 0 1 
1 # 0 0 0 F 0 1 
1 0 0 0 0 # H 1 
1 F 0 F 0 F 0 1 
1 0 F 0 # 0 # 1 
1 0 # # 1 # F 1 
1 1 1 1 1 1 G 1 
L31 T10

Map
1 1 1 1 G 1 1 1 
1 0 # 0 0 # 0 1 
1 0 0 H # 0 0 1 
1 0 0 0 # # 0 1 
1 0 0 0 0 0 0 1 
1 0 0 F # H 0 1 
1 0 0 0 0 0 0 1 
1 1 1 1 1 1 S 1 
R56 T6

Map
1 1 1 1 1 S 1 1 
1 0 # H 1 F 0 1 
1 0 # H H 0 0 1 
1 F 0 F 0 # 1 1 
1 0 0 0 1 1 0 1 
1 0 0 0 0 0 0 1 
1 0 0 0 # # 0 G 
1 1 1 1 1 1 1 1 
U24 T5

Map
1 1 1 1 1 1 1 1 
1 1 F 0 F 0 F 1 
1 0 0 0 F 0 0 1 
1 0 F 1 0 0 0 1 
1 0 0 0 0 0 0 1 
1 0 F 0 0 1 1 1 
S 0 0 1 0 0 0 G 
1 1 1 1 1 1 1 1 
D43 T7

Map
1 1 1 1 1 1 1 1 
1 # F 0 1 0 0 1 
1 0 0 0 0 0 # S 
1 0 # # 1 # 0 1 
G 0 H 0 0 0 0 1 
1 0 # # 0 0 0 1 
1 0 0 0 1 0 H 1 
1 1 1 1 1 1 1 1 
U13 T6

Map
1 1 1 1 1 G 1 1 
1 # 0 1 0 0 0 1 
1 F 0 0 0 0 1 1 
1 0 0 0 H 0 0 1 
1 0 0 # 1 0 0 1 
S 0 0 0 0 0 F 1 
1 0 0 0 0 0 0 1 
1 1 1 1 1 1 1 1 
L25 T8

Map
1 1 1 1 1 1 1 1 
1 0 F 0 0 0 1 1 
1 0 F F 0 0 0 1 
1 0 0 0 0 0 0 G 
1 0 0 0 0 # 0 1 
1 0 H 0 0 0 0 1 
1 0 # 0 1 H H 1 
1 S 1 1 1 1 1 1 
D14 T6

Map
1 1 1 1 1 1 1 1 
S 0 # F 0 0 0 1 
1 1 0 # 0 0 # 1 
1 0 # # 0 0 0 1 
1 0 1 1 0 H H 1 
1 0 0 0 0 0 0 1 
G 0 0 0 0 0 # 1 
1 1 1 1 1 1 1 1 
L63 T7

Map
1 1 1 1 1 1 1 1 
1 # 0 0 1 H H 1 
1 0 0 # # 0 0 S 
1 0 0 # H 0 0 1 
G 0 # 1 0 0 F 1 
1 0 0 H 0 0 0 1 
1 0 # F 0 0 0 1 
1 1 1 1 1 1 1 1 
U13 T8

Map
1 1 1 1 1 1 1 1 
1 0 0 0 0 # 0 S 
1 F 0 0 1 0 0 1 
1 0 0 1 1 # 0 1 
1 0 # 1 0 # 0 1 
1 1 0 0 # 0 0 1 
1 0 1 0 0 0 F 1 
1 1 1 1 G 1 1 1 
D44 T5

Map
1 1 1 1 1 1 1 1 
1 # 0 0 0 F F 1 
1 0 0 F F 1 0 1 
G 0 1 1 F 0 0 1 
1 1 0 0 0 # F 1 
1 # 0 # H 0 # 1 
1 0 0 0 0 0 1 1 
1 1 1 S 1 1 1 1 
U44 T8

Map
1 1 1 1 1 1 1 1 
1 0 0 0 0 0 F 1 
1 0 0 F 0 0 0 1 
1 1 0 0 0 0 0 1 
1 0 # 1 H 0 # 1 
1 0 0 0 0 F 0 1 
1 0 0 0 0 0 0 1 
1 1 1 1 1 G S 1 
D62 T9

Map
1 1 1 1 1 1 1 1 
1 0 0 # 0 0 1 1 
1 0 # 0 0 0 0 1 
G 0 0 0 F 0 F 1 
1 0 H # 0 0 0 1 
S 0 F F # 1 # 1 
1 # F F 0 # 0 1 
1 1 1 1 1 1 1 1 
D14 T6

Map
1 1 1 1 1 1 1 1 
1 0 F F 0 0 0 1 
G 0 0 0 0 0 0 1 
1 0 0 0 0 0 0 1 
1 0 0 0 0 0 0 1 
1 0 # 0 0 # 0 1 
1 0 0 # 1 0 0 1 
1 1 S 1 1 1 1 1 
R13 T5

Map
1 1 1 G 1 1 1 1 
1 0 0 0 1 # 1 1 
1 0 0 # F # 0 1 
1 0 0 0 F F 0 1 
1 F F 0 0 0 0 S 
1 0 1 # 0 # # 1 
1 0 0 0 F 0 F 1 
1 1 1 1 1 1 1 1 
R34 T6

Map
1 1 1 G 1 1 1 1 
1 0 0 0 0 0 0 S 
1 0 0 H 1 0 0 1 
1 F 0 0 0 0 0 1 
1 0 0 0 0 0 0 1 
1 # H 0 0 F 0 1 
1 # 0 0 0 0 0 1 
1 1 1 1 1 1 1 1 
R41 T6

Map
1 1 1 1 1 G 1 1 
1 0 0 0 F 0 0 1 
1 # 0 F 0 1 F S 
1 H F 0 F 0 # 1 
1 F H # 0 1 0 1 
1 0 0 0 0 0 # 1 
1 # 0 0 1 0 0 1 
1 1 1 1 1 1 1 1 
D61 T9

Map
1 S 1 G 1 1 1 1 
1 0 0 0 0 0 1 1 
1 0 F F 0 0 0 1 
1 0 F 0 0 0 0 1 
1 0 1 0 0 0 0 1 
1 0 0 0 F 0 0 1 
1 0 0 F H 0 0 1 
1 1 1 1 1 1 1 1 
L64 T5

Map
1 1 1 1 1 1 1 1 
1 0 0 0 0 1 # 1 
1 0 0 0 0 0 0 1 
1 0 0 # 0 0 0 1 
1 H 0 0 0 0 0 S 
1 0 0 H 0 0 0 G 
1 0 0 1 0 # 0 1 
1 1 1 1 1 1 1 1 
R44 T5

Map
1 1 1 1 1 1 1 1 
1 0 1 0 0 0 0 1 
1 1 H 0 0 # # 1 
1 0 F 0 0 # H 1 
1 0 # 0 0 # 0 1 
1 0 F 0 0 # 0 1 
1 0 0 0 0 0 1 1 
1 1 G 1 S 1 1 1 
R36 T8

Map
1 1 1 1 1 1 1 1 
1 0 # 0 0 0 0 1 
1 0 0 # 0 0 # 1 
1 0 H 0 0 0 H 1 
1 0 0 H 0 0 1 1 
1 0 0 0 0 # 0 1 
1 0 0 0 0 # # 1 
1 1 1 S G 1 1 1 
D35 T5

Map
1 1 1 1 1 1 1 1 
1 0 0 0 0 0 0 1 
1 0 0 # 0 0 0 1 
1 0 0 0 F # 0 G 
1 0 0 H 0 0 1 1 
1 0 F # 0 0 H 1 
1 # 0 0 0 0 0 1 
1 1 1 S 1 1 1 1 
L45 T5

Map
1 1 1 1 1 1 1 1 
1 # 0 0 # 0 0 1 
S 0 0 H F 0 0 1 
1 H 1 0 0 # # 1 
1 0 0 F 0 H 0 1 
1 0 0 # 0 F 0 1 
1 0 0 H 0 0 0 1 
1 1 1 1 1 1 G 1 
U22 T5

Map
1 1 1 1 1 1 1 1 
S 0 F 0 0 0 # 1 
G 0 F # 1 0 # 1 
1 # 0 0 0 F 0 1 
1 0 0 0 0 1 # 1 
1 0 0 0 0 H 0 1 
1 0 0 0 1 H # 1 
1 1 1 1 1 1 1 1 
L31 T5

Map
1 1 1 1 G 1 S 1 
1 0 0 0 0 0 # 1 
1 0 0 0 0 0 F 1 
1 0 0 0 0 0 0 1 
1 0 0 F 0 0 0 1 
1 0 H 0 0 0 0 1 
1 0 0 0 0 F 0 1 
1 1 1 1 1 1 1 1 
R51 T6

Map
1 1 1 1 1 1 1 1 
1 0 0 F 0 0 # G 
1 0 0 # F 1 0 1 
1 1 0 0 F F 0 1 
1 0 0 0 0 0 # 1 
1 F 0 0 0 0 0 1 
1 0 0 0 0 H 0 1 
1 1 1 S 1 1 1 1 
D34 T6

Map
1 1 1 1 1 1 1 1 
1 0 0 0 0 # 0 1 
1 0 0 0 0 0 0 1 
1 0 0 0 0 # F 1 
1 0 0 0 0 0 0 1 
1 0 0 F 0 H 0 1 
1 0 0 # # 0 0 1 
1 1 S 1 G 1 1 1 
L31 T6

Map
1 1 1 1 1 1 1 1 
1 0 0 0 0 0 F 1 
1 0 0 0 0 0 0 1 
1 0 F 0 0 0 0 1 
1 0 F 0 0 0 # 1 
1 0 0 0 0 0 0 1 
S 0 0 0 1 0 0 1 
1 1 1 1 1 G 1 1 
R22 T5

Map
1 1 1 1 1 1 G 1 
1 0 0 0 # 0 0 1 
1 0 0 0 0 0 H 1 
1 1 0 1 0 0 F 1 
1 F F 1 1 0 # 1 
1 # # # # 0 0 1 
1 0 1 0 0 0 0 1 
1 1 1 1 1 1 S 1 
D65 T7

Map
1 1 1 1 1 1 S 1 
1 0 # 1 0 0 0 1 
1 F 0 0 # 0 0 1 
1 0 1 0 # 0 0 1 
1 H F 0 0 0 0 G 
1 H 0 # 0 0 0 1 
1 0 0 0 0 0 0 1 
1 1 1 1 1 1 1 1 
U63 T6

Map
1 1 1 1 1 1 S 1 
1 0 0 0 1 0 0 1 
1 F 0 0 0 0 0 1 
1 0 0 0 1 0 0 1 
1 0 0 0 0 F H 1 
1 0 0 1 0 0 0 1 
1 0 0 0 0 0 0 1 
1 1 1 1 1 1 G 1 
U62 T5

Map
1 1 1 1 1 1 1 1 
1 0 0 0 0 0 0 1 
1 F F 0 1 0 0 G 
1 F H 0 1 0 0 1 
S 0 F 0 0 F 0 1 
1 0 # 0 0 0 0 1 
1 0 0 0 0 0 0 1 
1 1 1 1 1 1 1 1 
D63 T6

Map
1 1 1 1 1 1 1 1 
1 0 # 0 0 0 0 1 
1 0 0 F 0 0 0 1 
1 0 0 0 0 0 0 1 
1 0 F 0 0 0 0 G 
1 0 0 0 0 # 0 1 
1 0 0 0 0 0 0 S 
1 1 1 1 1 1 1 1 
D15 T6

Map
1 1 1 1 1 1 1 1 
1 0 0 0 0 0 0 1 
1 0 0 # 0 0 0 1 
1 0 1 # 0 0 0 1 
S F 0 1 0 0 0 G 
1 0 0 0 0 0 1 1 
1 0 0 0 0 # 0 1 
1 1 1 1 1 1 1 1 
R15 T6

Map
1 1 1 1 1 1 1 1 
1 0 F 0 1 0 0 G 
1 0 1 0 0 H 0 1 
1 F 0 0 F F 0 1 
1 0 H F 0 0 0 1 
1 0 0 0 0 0 F S 
1 0 H 0 0 0 0 1 
1 1 1 1 1 1 1 1 
R23 T6

Map
1 1 1 1 1 1 1 1 
1 0 F # 0 # # 1 
G 0 0 0 0 0 0 1 
1 # 1 # 0 0 1 1 
1 0 0 0 H F F 1 
1 # 0 F 0 0 0 1 
1 0 # 0 0 0 0 1 
1 1 1 1 S 1 1 1 
L55 T5

Map
1 1 1 1 S 1 1 1 
G 0 1 0 0 0 0 1 
1 0 1 0 0 0 F 1 
1 0 0 H 0 F 0 1 
1 0 0 H 1 0 F 1 
1 0 0 0 0 0 1 1 
1 1 0 0 0 0 0 1 
1 1 1 1 1 1 1 1 
D52 T7

Map
1 1 1 1 1 1 1 1 
1 0 0 0 0 0 0 1 
1 0 0 1 0 # 0 1 
1 H 0 0 0 0 0 1 
1 0 0 0 # 0 0 1 
1 0 0 0 0 0 0 1 
1 0 0 F 0 1 0 G 
1 S 1 1 1 1 1 1 
D14 T6

Map
1 G 1 1 1 1 1 1 
1 0 0 0 1 0 0 1 
1 0 # 0 # 0 1 1 
1 1 0 0 0 1 0 1 
1 # # 0 0 0 0 1 
1 # 0 0 0 0 0 1 
S 0 0 0 # 0 0 1 
1 1 1 1 1 1 1 1 
L26 T8

Map
1 1 1 1 1 1 G 1 
1 0 F # 0 F 0 1 
S 0 0 0 0 0 H 1 
1 F 0 F # 0 0 1 
1 0 0 0 0 0 0 1 
1 0 F 0 0 0 0 1 
1 0 F 0 0 0 0 1 
1 1 1 1 1 1 1 1 
U42 T5

Map
1 1 1 1 1 1 1 1 
1 0 0 1 1 # F 1 
1 0 0 F 0 F F 1 
1 # 0 1 0 0 0 1 
G 0 0 0 0 F 0 1 
1 0 1 # F F 0 1 
1 0 0 0 0 0 0 1 
1 1 1 1 1 1 S 1 
D63 T6

Map
1 1 1 S 1 1 1 1 
1 0 1 0 0 0 0 1 
1 0 0 0 0 0 0 1 
1 0 0 0 0 0 0 1 
1 0 0 0 0 0 0 1 
1 0 0 0 0 0 0 1 
1 0 0 0 0 0 0 1 
1 1 1 1 1 G 1 1 
L41 T6

Map
1 1 1 1 1 1 G 1 
S 0 0 H H 0 0 1 
1 # 0 0 0 F # 1 
1 # F F F 0 0 1 
1 0 0 1 # 0 1 1 
1 # 0 0 0 F 0 1 
1 1 0 0 0 0 0 1 
1 1 1 1 1 1 1 1 
L21 T8

Map
1 1 1 1 1 1 1 1 
G 0 0 0 1 # 1 1 
1 0 0 0 0 F 0 1 
1 0 0 0 0 0 1 1 
1 0 1 0 0 0 0 1 
1 1 F 0 0 F 0 1 
1 1 0 H 0 0 0 S 
1 1 1 1 1 1 1 1 
R46 T5

Map
1 1 1 1 1 1 1 1 
1 0 0 0 # 0 1 1 
1 0 0 # F 0 # 1 
1 0 0 0 # 0 0 1 
1 0 0 # F 0 0 G 
1 0 H 0 0 0 H 1 
S 0 0 # 0 0 0 1 
1 1 1 1 1 1 1 1 
D55 T6

Map
1 1 1 1 1 1 1 1 
1 0 0 0 0 0 0 1 
1 0 1 F 0 0 0 1 
1 0 0 0 F 0 0 1 
1 0 0 0 F 0 # 1 
1 0 0 0 0 0 0 1 
S 0 0 0 0 H 0 G 
1 1 1 1 1 1 1 1 
L26 T5

Map
1 1 1 1 1 1 1 1 
G 0 0 1 0 0 0 1 
1 # 0 0 0 1 F S 
1 0 0 0 1 0 0 1 
1 0 0 F 0 0 0 1 
1 0 F 1 0 H 0 1 
1 0 0 0 F 1 F 1 
1 1 1 1 1 1 1 1 
U63 T6

Map
1 1 1 1 1 1 1 1 
1 0 0 1 0 F 0 1 
1 1 F H 0 0 0 S 
1 0 H 0 0 0 0 1 
1 F 0 0 0 0 1 1 
1 H 0 0 0 1 0 1 
1 0 0 0 0 0 0 G 
1 1 1 1 1 1 1 1 
R52 T5

Map
1 1 1 1 1 S 1 1 
1 # 0 0 # 0 0 1 
1 0 0 0 0 0 0 1 
1 0 F 0 F 0 1 1 
1 0 F 0 0 0 1 1 
1 0 0 0 F # 1 1 
1 0 F 0 0 # 1 1 
1 1 1 G 1 1 1 1 
R46 T6

Map
1 1 1 1 1 1 1 1 
1 0 # # 1 0 0 1 
G # F 0 # 0 0 1 
S 0 0 0 H 0 0 1 
1 0 0 0 1 F F 1 
1 0 # 0 F 0 # 1 
1 H 0 0 0 0 0 1 
1 1 1 1 1 1 1 1 
L33 T5

Map
1 S 1 1 1 1 1 1 
1 # 0 1 # F 0 1 
1 0 0 0 0 0 1 1 
1 0 0 0 # 0 0 1 
1 0 # 0 0 0 1 1 
G 0 # 0 0 1 0 1 
1 0 0 0 0 0 # 1 
1 1 1 1 1 1 1 1 
U14 T6

Map
1 1 1 1 1 1 1 1 
1 0 F 0 0 0 0 1 
1 F 0 1 0 0 0 1 
1 0 0 0 0 0 1 1 
1 0 0 0 1 F F 1 
1 0 0 F 0 F 0 1 
1 0 0 0 0 F 0 1 
1 S G 1 1 1 1 1 
D22 T6

Map
1 1 1 1 1 1 1 1 
1 # 0 0 1 0 0 1 
1 0 0 F 0 1 0 1 
1 0 1 # 0 0 F S 
1 0 0 # # 0 # 1 
1 0 0 0 1 0 # G 
1 1 0 0 0 0 0 1 
1 1 1 1 1 1 1 1 
L66 T7

Map
1 1 1 1 1 1 1 1 
S 0 F # 0 0 0 1 
1 F 1 0 F 0 0 1 
1 F F 0 # 0 1 1 
1 0 0 1 0 0 # 1 
1 0 0 0 0 0 1 1 
1 0 0 F 0 0 0 1 
1 1 G 1 1 1 1 1 
D25 T7

Map
1 1 1 1 1 1 S 1 
1 0 0 0 1 0 0 1 
1 0 0 0 1 0 0 1 
1 0 0 0 1 0 0 1 
1 F 0 0 0 0 0 1 
1 0 0 0 # 0 0 1 
1 0 0 0 0 0 H 1 
1 1 1 G 1 1 1 1 
U62 T7

Map
1 1 S 1 1 1 1 1 
G F 0 # 0 0 0 1 
1 0 F 0 0 0 0 1 
1 0 0 0 1 # 0 1 
1 0 H # 0 H 0 1 
1 F 0 0 0 # 0 1 
1 # F 0 # 0 # 1 
1 1 1 1 1 1 1 1 
L32 T5

Map
1 1 S 1 G 1 1 1 
1 0 0 0 # 0 0 1 
1 0 # 0 0 0 0 1 
1 1 1 0 1 0 0 1 
1 0 0 0 # 0 0 1 
1 0 0 0 1 0 0 1 
1 0 0 0 H # 1 1 
1 1 1 1 1 1 1 1 
L31 T6

Map
1 1 1 1 G 1 1 1 
1 0 0 0 0 0 1 1 
1 0 0 0 0 0 # 1 
1 1 0 H 0 0 0 S 
1 0 0 0 0 0 0 1 
1 1 0 # 0 0 0 1 
1 1 0 0 0 0 # 1 
1 1 1 1 1 1 1 1 
D52 T7

Map
1 S 1 1 G 1 1 1 
1 0 0 0 0 0 0 1 
1 0 1 0 0 0 0 1 
1 0 0 0 0 0 0 1 
1 # # F 1 0 1 1 
1 F 1 0 0 0 0 1 
1 # 0 0 0 0 0 1 
1 1 1 1 1 1 1 1 
U42 T6

Map
1 1 1 1 1 1 1 1 
1 F F 0 F 0 0 1 
1 1 0 F # 1 0 1 
1 0 0 0 1 0 # 1 
1 0 0 0 0 # 0 1 
S 0 # H 0 0 0 1 
1 0 0 F 1 0 # G 
1 1 1 1 1 1 1 1 
D24 T8

Map
1 1 S 1 1 1 1 1 
1 0 0 0 1 0 F 1 
1 0 0 0 0 0 F G 
1 # F 0 0 1 F 1 
1 F 0 0 1 0 0 1 
1 1 0 # 0 0 0 1 
1 # 0 0 0 F H 1 
1 1 1 1 1 1 1 1 
L33 T5

Map
1 1 1 1 1 1 1 1 
1 0 # 1 # 0 1 1 
1 0 # 0 F 0 0 1 
1 0 0 0 0 1 F 1 
1 # 0 0 0 0 0 S 
1 1 F 0 0 0 0 1 
1 0 0 0 F 0 0 1 
1 1 1 G 1 1 1 1 
R44 T6

Map
1 1 1 G 1 1 1 1 
1 0 0 # 0 0 F 1 
1 1 0 0 0 0 0 1 
1 0 0 0 1 F 0 1 
1 0 0 1 0 1 0 1 
1 0 1 0 0 0 F 1 
1 0 0 0 0 0 0 1 
1 1 1 1 1 1 S 1 
D64 T5

Map
1 1 1 1 1 1 1 1 
1 0 0 0 0 0 # 1 
1 # 0 0 H # 0 G 
1 1 0 0 0 0 1 1 
1 1 H 1 # 0 # S 
1 0 # # 0 0 # 1 
1 0 0 0 0 0 0 1 
1 1 1 1 1 1 1 1 
L53 T6

Map
1 1 1 1 1 1 1 1 
1 1 0 0 0 0 0 1 
1 0 0 0 0 0 0 1 
1 0 0 0 0 0 0 1 
1 0 0 0 0 F # 1 
1 0 F H 0 1 0 1 
1 0 0 0 0 0 0 1 
1 1 1 1 G 1 S 1 
R52 T6

Map
1 1 1 1 1 1 1 1 
1 0 0 # 0 0 0 1 
1 0 0 0 # 0 0 1 
G 0 0 0 0 0 F 1 
1 0 0 H 0 0 0 1 
1 # 0 0 0 0 0 S 
1 0 0 1 0 0 0 1 
1 1 1 1 1 1 1 1 
D14 T6

Map
1 1 1 1 1 1 1 1 
1 0 0 0 0 1 0 1 
1 0 0 0 0 0 0 1 
1 0 0 0 0 0 0 G 
1 # 0 0 0 0 0 1 
S 0 # 0 0 0 0 1 
1 0 H 0 1 0 0 1 
1 1 1 1 1 1 1 1 
D44 T6

Map
1 1 S 1 1 1 1 1 
1 0 0 0 0 0 H 1 
1 0 0 # 0 0 # 1 
1 0 0 0 0 0 H 1 
1 0 F # # F 0 1 
1 # 0 0 1 0 0 1 
1 0 # 0 1 0 0 G 
1 1 1 1 1 1 1 1 
L33 T7

Map
1 1 1 1 1 G 1 1 
S 0 0 H 0 0 1 1 
1 0 0 H 0 0 0 1 
1 1 0 0 0 0 0 1 
1 0 0 0 0 1 0 1 
1 0 0 1 # 0 0 1 
1 0 0 0 0 0 0 1 
1 1 1 1 1 1 1 1 
D21 T9

Map
1 1 1 1 S 1 1 1 
1 F # 0 0 # 0 1 
1 0 0 0 1 # F 1 
1 # # 0 0 F F 1 
G # 0 0 0 0 0 1 
1 0 0 F 0 0 F 1 
1 # 0 1 # 0 0 1 
1 1 1 1 1 1 1 1 
L54 T5

Map
1 1 1 1 1 1 1 1 
1 0 1 0 0 0 0 1 
1 0 H 0 0 0 0 S 
1 0 0 0 H 1 0 1 
1 0 0 1 0 0 0 1 
1 # # 0 0 1 1 1 
G 0 0 1 0 0 0 1 
1 1 1 1 1 1 1 1 
R42 T7

Map
1 1 1 1 1 S 1 1 
G # 0 H 0 F F 1 
1 F 0 F 0 0 0 1 
1 0 0 # 0 F H 1 
1 0 0 1 0 0 1 1 
1 F 0 0 0 0 0 1 
1 0 F 0 0 1 0 1 
1 1 1 1 1 1 1 1 
D44 T5

Map
1 1 1 1 1 1 1 1 
1 F 1 0 0 0 0 1 
1 # 0 F 0 1 1 1 
S 0 0 0 F F # 1 
1 0 0 F 0 0 1 1 
1 0 0 # 0 0 F 1 
1 0 1 0 0 0 0 1 
1 1 1 1 1 1 G 1 
U24 T5

Map
1 1 1 G 1 1 1 1 
1 0 F 0 H 0 # 1 
1 1 0 0 0 F 0 1 
1 0 # 0 # 1 # S 
1 0 # 0 0 H F 1 
1 0 F 0 F F 0 1 
1 0 F F 0 0 0 1 
1 1 1 1 1 1 1 1 
U34 T5

Map
1 1 1 1 1 1 1 1 
S 0 # 0 0 0 0 1 
1 0 0 # 0 0 # 1 
G # 0 F 0 0 0 1 
1 0 0 0 0 0 0 1 
1 0 0 0 0 0 0 1 
1 0 0 0 0 0 0 1 
1 1 1 1 1 1 1 1 
U12 T6

Map
1 1 1 1 1 1 1 1 
1 0 0 0 0 # 0 1 
1 F F 0 # F 0 G 
1 # 0 F H 0 0 1 
1 0 F 0 # 0 F S 
1 # F 0 0 0 # 1 
1 1 0 0 0 0 0 1 
1 1 1 1 1 1 1 1 
D63 T6

Map
1 1 1 S 1 1 1 1 
G 0 0 0 # 0 0 1 
1 0 F H 0 0 0 1 
1 0 0 0 0 0 F 1 
1 0 0 0 F 0 0 1 
1 0 0 F 0 F 0 1 
1 0 F 0 0 0 0 1 
1 1 1 1 1 1 1 1 
R21 T5

Map
1 1 1 1 1 1 1 1 
1 0 0 0 0 F 0 1 
1 0 0 1 0 0 0 S 
1 0 1 0 0 F 0 1 
1 0 0 0 1 0 0 1 
1 F 0 0 0 0 0 1 
1 0 0 F 0 0 F 1 
1 1 G 1 1 1 1 1 
D25 T5

Map
1 1 1 1 1 1 1 1 
G 0 # 0 0 0 0 1 
1 0 0 0 0 F 1 1 
1 1 0 0 0 F 0 1 
1 1 0 H 0 0 0 1 
1 0 1 0 0 0 0 1 
1 H 0 0 0 0 0 1 
1 1 1 S 1 1 1 1 
R26 T5

Map
1 1 1 1 1 G 1 1 
1 1 0 0 # # 0 1 
1 H 0 0 0 0 0 1 
1 0 0 0 0 0 # 1 
1 # 0 0 0 0 # 1 
1 0 0 0 0 0 0 1 
1 1 0 0 0 # 0 1 
1 1 1 S 1 1 1 1 
L46 T6

Map
1 1 1 1 1 1 1 1 
1 0 0 1 0 H 0 1 
1 0 0 0 0 0 0 1 
1 0 0 0 0 0 0 1 
1 0 0 0 0 0 1 1 
S 0 0 0 0 0 0 1 
1 1 # 0 0 0 0 1 
1 1 1 G 1 1 1 1 
L23 T10

Map
1 1 1 1 G 1 1 1 
S 0 0 0 0 0 0 1 
1 0 0 0 0 0 0 1 
1 0 0 0 0 0 0 1 
1 0 0 0 0 0 0 1 
1 0 0 0 1 0 0 1 
1 0 0 0 0 0 0 1 
1 1 1 1 1 1 1 1 
L31 T6

Map
1 S 1 1 1 1 1 1 
1 0 0 0 0 0 0 1 
1 0 0 0 F 0 0 1 
1 1 0 0 0 0 F 1 
1 0 0 0 0 0 0 1 
1 1 0 0 H 0 0 1 
1 0 0 0 0 H 0 1 
1 1 1 G 1 1 1 1 
L21 T6

Map
1 1 S 1 1 1 1 1 
1 0 0 0 0 0 0 1 
G # # # 0 0 1 1 
1 0 F 0 0 0 1 1 
1 0 0 0 0 H 0 1 
1 0 # 0 # 0 0 1 
1 0 0 0 0 H 0 1 
1 1 1 1 1 1 1 1 
R13 T5

Map
1 1 1 1 1 1 1 1 
1 0 H 0 0 H H 1 
1 1 0 # 0 0 0 1 
G 0 # 0 0 1 # 1 
1 0 0 0 0 0 # 1 
1 # 1 # 0 0 0 1 
1 # 0 F 1 0 0 1 
1 1 1 1 1 1 S 1 
D62 T6

Map
1 1 1 1 1 1 S 1 
1 0 0 0 0 0 0 1 
1 # 0 0 0 0 0 1 
1 0 # 0 0 0 # 1 
1 0 0 0 0 H 0 1 
1 0 0 0 # 0 0 1 
1 0 0 # # 0 0 1 
1 1 1 1 G 1 1 1 
R51 T6

Map
1 1 1 G 1 1 1 1 
S 0 0 0 F 0 0 1 
1 0 0 0 0 0 0 1 
1 0 0 0 0 H 0 1 
1 0 0 0 0 0 0 1 
1 0 1 1 0 0 0 1 
1 0 0 0 0 0 0 1 
1 1 1 1 1 1 1 1 
L21 T6

Map
1 1 1 1 1 1 1 1 
1 0 0 0 0 0 0 1 
S 0 0 # H 0 # 1 
1 0 0 # # 0 0 1 
1 0 0 0 0 0 # 1 
1 1 1 0 H 0 # 1 
1 0 H 0 0 0 0 G 
1 1 1 1 1 1 1 1 
L22 T5

Map
1 1 1 1 1 1 1 1 
1 0 0 1 0 0 1 1 
1 1 # 1 # 0 0 1 
G 0 0 0 0 # 0 1 
1 0 # 0 # 0 0 1 
1 0 0 0 0 0 0 1 
1 # 1 1 # 0 0 1 
1 1 1 1 1 S 1 1 
D54 T6

Map
1 1 1 1 1 1 1 1 
1 # F 0 0 0 0 1 
1 # 0 0 0 0 0 1 
1 F 0 1 F F 0 1 
1 0 # 0 F 0 # G 
1 0 0 1 0 0 # 1 
S 0 # # 1 0 0 1 
1 1 1 1 1 1 1 1 
R14 T5

Map
1 1 1 1 1 S 1 1 
1 0 0 # 0 # 0 1 
1 0 # 0 0 0 0 1 
1 0 H F # F 0 1 
1 0 0 F # 0 0 1 
1 0 0 0 0 0 0 1 
1 0 # 0 F 0 # 1 
1 1 1 G 1 1 1 1 
R41 T6

Map
1 1 1 1 1 1 1 1 
1 0 0 0 0 0 0 1 
1 0 0 0 F H 0 G 
1 0 0 0 0 0 0 1 
1 F 0 0 0 H # 1 
1 # 0 0 F 0 0 1 
1 0 0 0 0 0 0 1 
1 1 1 1 1 1 S 1 
D63 T6

Map
1 1 1 1 1 1 1 1 
1 0 1 0 # 0 0 1 
G 0 0 0 H 0 0 1 
1 0 0 0 H 0 0 S 
1 0 0 0 0 0 1 1 
1 0 0 0 0 H H 1 
1 1 0 0 0 0 0 1 
1 1 1 1 1 1 1 1 
R53 T7

Map
1 1 1 1 1 1 S 1 
1 0 0 0 0 0 0 1 
1 0 0 0 1 # 0 1 
1 0 0 0 0 0 0 1 
1 0 0 0 0 0 0 1 
1 F 0 0 0 F 0 G 
1 0 0 # 0 0 # 1 
1 1 1 1 1 1 1 1 
U64 T6

Map
1 1 1 S 1 1 1 1 
1 0 # 0 1 0 0 1 
1 1 0 0 0 0 0 1 
1 0 0 0 0 F 0 1 
1 0 # 1 1 H 0 1 
1 0 0 0 0 F 1 1 
1 0 0 0 # 1 # 1 
1 1 1 G 1 1 1 1 
L25 T8

Map
1 1 1 1 G 1 1 1 
1 0 0 0 0 1 0 1 
1 1 0 0 0 # 0 1 
1 0 0 0 1 F H 1 
1 0 0 0 0 0 0 1 
S 0 0 F H F F 1 
1 0 0 0 F F 1 1 
1 1 1 1 1 1 1 1 
L25 T6

Map
1 1 1 1 G 1 1 1 
1 0 0 0 0 0 0 1 
1 # 0 0 F 0 F 1 
1 0 0 0 0 0 0 1 
1 0 0 1 0 F 1 1 
1 1 0 0 F F 0 1 
1 0 # F 0 0 F 1 
1 1 1 S 1 1 1 1 
L33 T8

Map
1 1 1 1 1 1 1 1 
1 # 0 0 0 0 0 1 
1 0 F 0 0 0 0 1 
1 0 F 0 0 0 0 1 
1 0 0 0 0 H 0 1 
1 0 0 1 F 0 0 1 
1 0 0 0 0 # # 1 
1 S 1 G 1 1 1 1 
L26 T6

Map
1 1 1 1 1 1 1 1 
1 # H 0 F 0 0 1 
1 0 0 0 0 0 0 G 
1 0 0 0 H 1 1 1 
1 0 0 0 0 0 0 1 
1 0 0 0 H 1 0 S 
1 0 0 0 0 0 0 1 
1 1 1 1 1 1 1 1 
U35 T6

Map
1 1 1 1 1 1 1 1 
G 0 0 0 H 0 0 1 
1 1 0 1 # 0 1 1 
1 0 0 # 0 # 0 1 
1 0 # # # # F 1 
1 # 0 0 0 0 0 1 
1 0 0 0 0 F 0 1 
1 1 1 1 S 1 1 1 
R36 T7

Map
1 1 1 1 1 1 1 1 
1 F 0 0 0 0 0 S 
1 0 F 0 0 F 0 1 
1 F H 0 1 0 0 1 
1 0 0 H 0 0 # 1 
1 F 0 0 1 0 0 1 
1 1 0 0 0 0 1 1 
1 1 G 1 1 1 1 1 
R21 T6

Map
1 S 1 1 1 1 1 1 
1 0 # 0 0 0 0 1 
1 0 0 0 0 0 0 1 
1 0 0 0 0 0 0 1 
G 0 0 0 # 0 1 1 
1 0 0 0 0 0 0 1 
1 0 0 F 0 0 0 1 
1 1 1 1 1 1 1 1 
U13 T8

Map
1 1 1 1 1 1 1 1 
1 0 0 0 0 F # 1 
1 # 0 1 0 0 0 1 
1 F H # H # 0 1 
1 F F 0 0 0 0 1 
1 0 0 0 0 0 F 1 
S 0 0 0 0 0 # 1 
1 1 1 1 G 1 1 1 
L36 T6

Map
1 1 1 1 1 1 1 1 
1 0 # 0 0 0 F 1 
1 0 0 0 0 0 0 1 
G 0 0 0 0 F # 1 
1 0 0 0 0 0 0 1 
S 0 0 F 1 1 # 1 
1 0 0 0 1 0 0 1 
1 1 1 1 1 1 1 1 
D14 T6

Map
1 1 1 1 1 1 1 1 
1 F 0 0 H 0 0 G 
1 F 1 F H 0 F 1 
1 0 0 0 0 F 0 1 
1 0 0 0 H F 1 1 
1 0 0 F 0 0 0 1 
1 0 0 0 0 0 0 1 
1 S 1 1 1 1 1 1 
D15 T8

Map
1 S 1 1 1 1 1 1 
1 0 0 0 1 0 0 1 
1 # 0 0 0 0 0 1 
1 0 0 0 0 0 0 1 
G # 0 F 0 1 0 1 
1 F 1 1 0 0 0 1 
1 0 0 0 # 0 0 1 
1 1 1 1 1 1 1 1 
D22 T7

Map
1 1 1 1 G 1 1 1 
S 0 # 0 0 0 # 1 
1 F H 0 1 # 0 1 
1 0 0 0 H 0 0 1 
1 0 1 1 0 0 0 1 
1 0 # # 1 0 0 1 
1 0 0 0 0 # 0 1 
1 1 1 1 1 1 1 1 
L31 T6

Map
1 1 S 1 G 1 1 1 
1 0 0 0 # 0 0 1 
1 0 F 1 0 1 F 1 
1 0 1 F 0 0 0 1 
1 0 0 0 0 1 F 1 
1 0 0 0 H F 0 1 
1 0 0 0 # F 0 1 
1 1 1 1 1 1 1 1 
L31 T6

Map
1 1 1 1 1 1 1 1 
1 0 0 F 1 0 0 S 
1 0 0 0 0 0 0 1 
1 # 0 0 0 # 1 1 
1 H F # 0 0 H 1 
1 H 0 # # 0 F 1 
1 0 0 0 1 0 # 1 
1 G 1 1 1 1 1 1 
D21 T6

Map
1 1 1 1 1 S 1 1 
1 0 0 0 0 0 0 1 
1 0 # 0 0 0 0 1 
1 0 0 0 F F # 1 
1 H F 0 0 0 0 G 
1 0 0 0 0 F 0 1 
1 0 0 F 0 1 F 1 
1 1 1 1 1 1 1 1 
L65 T7

Map
1 1 1 1 1 S 1 1 
1 0 0 0 0 0 0 1 
1 0 0 0 F 0 0 1 
1 0 0 0 0 F 0 1 
1 0 0 0 0 0 F 1 
1 0 0 0 0 0 0 1 
1 0 0 0 0 F 0 1 
1 1 1 G 1 1 1 1 
R41 T6

Map
1 S 1 1 1 1 G 1 
1 # 0 0 1 0 # 1 
1 0 0 # 0 0 F 1 
1 0 0 F 0 F 0 1 
1 0 # 0 # F # 1 
1 0 0 0 0 F F 1 
1 0 0 0 0 0 F 1 
1 1 1 1 1 1 1 1 
U13 T7

Map
1 1 1 1 1 1 1 1 
1 0 0 0 # 0 0 1 
1 0 0 0 # H 0 1 
1 0 0 0 F # 0 1 
G 0 F 0 F F 0 1 
1 0 # 0 0 0 0 1 
1 0 0 0 # 0 0 S 
1 1 1 1 1 1 1 1 
D15 T6

Map
1 1 1 1 1 1 1 1 
1 0 0 0 0 0 0 1 
1 0 0 1 0 0 0 S 
1 0 # 0 0 0 0 1 
1 0 0 1 0 0 1 1 
1 0 0 0 0 0 0 1 
1 0 F 0 0 0 1 1 
1 1 1 G 1 1 1 1 
U46 T6

Map
1 1 1 1 S 1 1 1 
1 0 0 0 0 0 0 1 
1 0 0 0 0 1 0 1 
1 1 # 0 H 0 0 1 
1 1 0 0 0 0 0 1 
G 0 0 0 1 0 # 1 
1 0 0 1 H 0 0 1 
1 1 1 1 1 1 1 1 
U42 T6

Map
1 1 1 1 1 G 1 1 
1 0 0 0 0 0 0 1 
1 0 0 F 0 0 0 1 
1 F 0 0 H # 0 1 
1 # 0 0 0 0 1 1 
S 0 0 F 0 # 0 1 
1 0 0 # F 0 0 1 
1 1 1 1 1 1 1 1 
L45 T6

Map
1 1 1 1 1 S 1 1 
1 0 0 0 0 0 0 1 
1 0 0 0 0 0 0 1 
1 0 F 0 0 0 0 1 
1 0 0 0 0 0 0 1 
1 1 # 0 0 0 1 1 
1 0 0 0 0 # # 1 
1 1 1 G 1 1 1 1 
R41 T6

Map
1 1 1 1 1 1 1 1 
1 F 1 0 0 0 0 1 
G 0 0 0 F 0 0 1 
1 0 0 0 0 0 0 1 
1 0 0 F 0 H 1 1 
S 0 1 H 0 0 0 1 
1 0 0 0 0 1 0 1 
1 1 1 1 1 1 1 1 
U24 T8

Map
1 1 1 S 1 1 1 1 
1 # 0 0 0 1 0 1 
1 0 0 0 0 0 0 1 
1 1 0 0 0 0 F 1 
1 H 0 F 0 0 0 1 
1 H 0 # 0 F 0 G 
1 0 1 0 0 0 H 1 
1 1 1 1 1 1 1 1 
U32 T6

Map
1 S 1 1 1 1 1 1 
1 0 0 1 0 0 0 1 
1 0 0 # 0 1 0 1 
1 0 0 # 0 0 0 1 
1 0 H F 0 0 # 1 
1 0 0 # 0 0 0 1 
1 0 0 0 0 0 1 1 
1 1 1 G 1 1 1 1 
L23 T6

Map
1 1 1 1 1 1 1 1 
1 0 # 0 0 0 1 1 
G # H 0 # 0 H 1 
1 1 # 1 # 0 H 1 
1 0 F # 0 # 0 1 
1 0 0 0 F 0 0 1 
1 0 F H 1 # 0 1 
1 1 S 1 1 1 1 1 
L35 T9

Map
1 1 1 1 1 S 1 1 
1 0 # 1 1 0 0 1 
1 0 0 # # # 0 1 
1 0 0 0 0 0 0 1 
1 H 0 H 0 0 0 G 
1 0 0 0 H H 0 1 
1 0 0 0 0 0 0 1 
1 1 1 1 1 1 1 1 
L63 T7

Map
1 1 1 1 1 1 1 1 
1 0 0 0 0 0 0 1 
1 0 0 0 0 0 # 1 
1 0 # 0 0 # 0 1 
1 0 0 0 1 0 0 G 
1 0 0 1 0 F 0 1 
1 1 0 0 0 0 0 1 
1 1 1 1 1 S 1 1 
L63 T7

Map
1 1 1 1 1 1 1 1 
G 0 0 # 1 0 0 S 
1 0 # 1 0 0 0 1 
1 # 0 0 0 0 0 1 
1 H 0 F 0 0 0 1 
1 1 1 0 0 0 # 1 
1 0 H 0 0 0 0 1 
1 1 1 1 1 1 1 1 
U62 T8

Map
1 1 1 1 1 1 1 1 
1 0 0 0 0 0 1 1 
1 0 0 0 0 0 0 1 
1 0 0 0 0 0 0 1 
1 # 0 0 0 0 F 1 
1 0 1 F 0 1 1 1 
1 0 0 0 0 0 0 1 
1 S 1 G 1 1 1 1 
L24 T6

Map
1 1 1 1 G 1 S 1 
1 0 H # 0 0 # 1 
1 0 F 0 # # 0 1 
1 0 0 0 1 F 0 1 
1 F 0 0 0 # 0 1 
1 0 0 0 # H # 1 
1 1 1 0 0 0 0 1 
1 1 1 1 1 1 1 1 
R51 T6

Map
1 1 1 1 1 1 S 1 
1 0 0 0 0 0 0 1 
1 F 0 0 0 H 0 1 
1 0 0 0 0 0 0 1 
1 0 0 0 0 0 0 1 
1 0 0 0 0 0 0 1 
1 0 0 0 0 0 0 1 
1 1 1 1 G 1 1 1 
R51 T6

Map
1 1 1 1 1 1 1 1 
1 0 # F 0 1 0 1 
1 0 H 0 0 # 0 1 
S 0 0 0 0 0 F 1 
1 # 1 F 0 F 0 1 
G 0 0 0 0 F 0 1 
1 F 0 0 0 H 1 1 
1 1 1 1 1 1 1 1 
L43 T7

Map
1 1 1 G 1 1 1 1 
1 0 0 # # 0 0 1 
1 0 0 0 0 0 0 1 
1 0 0 0 F 0 0 1 
1 0 0 0 # 0 0 1 
1 0 0 0 0 0 0 1 
1 # 0 0 0 # 0 S 
1 1 1 1 1 1 1 1 
R46 T6

Map
1 1 1 1 1 1 1 1 
1 1 0 # 0 0 0 1 
G 0 # H 0 0 0 S 
1 0 0 # 0 1 0 1 
1 0 0 0 0 1 0 1 
1 0 0 0 0 0 0 1 
1 0 1 0 # 0 0 1 
1 1 1 1 1 1 1 1 
U43 T6

Map
1 1 1 1 1 1 1 1 
1 0 0 0 # 0 0 1 
1 0 0 0 0 0 0 1 
1 0 0 F 0 # F 1 
G 0 0 0 F 1 0 1 
1 F 0 # 1 0 0 1 
S 0 F F 0 0 1 1 
1 1 1 1 1 1 1 1 
L24 T6

Map
1 1 1 1 1 1 1 1 
1 0 1 0 F 0 0 1 
1 0 0 0 0 0 0 1 
1 # # 0 0 0 0 1 
1 0 F F 1 F 0 G 
S 0 0 0 0 F 1 1 
1 0 0 1 0 0 0 1 
1 1 1 1 1 1 1 1 
L45 T7

Map
1 1 1 1 1 1 1 1 
1 1 0 0 F # 1 1 
1 0 F 0 0 F 0 1 
1 F 0 0 F # # S 
1 0 0 0 # 0 0 G 
1 0 1 0 F 0 F 1 
1 1 0 0 0 # 1 1 
1 1 1 1 1 1 1 1 
D32 T6

Map
1 1 1 1 1 S 1 1 
1 0 0 0 0 F # 1 
1 0 0 0 F F 0 1 
1 0 0 0 # 0 0 1 
1 0 F 0 # # 0 1 
1 # F F # 0 F 1 
1 0 0 0 0 0 0 1 
1 1 1 G 1 1 1 1 
R41 T6

Map
1 1 1 1 1 G 1 1 
1 1 F 0 0 0 0 1 
1 0 0 0 0 0 0 S 
1 0 0 F 0 0 0 1 
1 0 0 0 0 0 1 1 
1 H 1 H 0 0 H 1 
1 0 # 0 0 0 0 1 
1 1 1 1 1 1 1 1 
R32 T8

Map
1 1 1 1 1 1 1 1 
1 0 0 0 0 H 0 1 
1 0 0 0 0 0 0 1 
S F 0 1 0 0 1 1 
1 0 F 0 0 0 0 G 
1 0 H 0 0 0 F 1 
1 0 0 0 0 # 0 1 
1 1 1 1 1 1 1 1 
L34 T6

Map
1 1 G 1 S 1 1 1 
1 0 0 0 0 0 0 1 
1 0 # 1 0 0 # 1 
1 0 0 # 0 0 0 1 
1 0 # 0 0 0 0 1 
1 0 0 0 F F 0 1 
1 0 0 0 0 # 0 1 
1 1 1 1 1 1 1 1 
R31 T6

Map
1 1 1 1 1 1 1 1 
1 0 0 F 0 0 1 1 
1 0 0 F 0 F 0 1 
1 H 1 1 # 0 0 1 
1 1 0 0 # 0 0 1 
1 0 0 0 0 0 F 1 
G 0 1 0 0 0 F 1 
1 1 1 1 1 S 1 1 
D51 T8

Map
1 1 1 1 1 1 1 1 
1 0 0 0 F 0 0 1 
1 0 0 0 0 0 0 G 
1 F 0 0 # H 0 1 
S 0 0 0 0 0 0 1 
1 0 0 0 0 F 0 1 
1 H 1 0 F F 0 1 
1 1 1 1 1 1 1 1 
D63 T6

Map
1 1 S 1 1 G 1 1 
1 0 F F 0 0 0 1 
1 F F 1 0 0 0 1 
1 0 0 1 F 0 1 1 
1 0 1 0 0 0 # 1 
1 0 0 0 F H F 1 
1 0 0 0 0 1 0 1 
1 1 1 1 1 1 1 1 
U52 T6

Map
1 1 1 1 G 1 S 1 
1 0 0 0 0 0 0 1 
1 0 F F 0 0 0 1 
1 1 # 0 F 0 1 1 
1 0 # # 1 # 0 1 
1 F H 0 1 0 0 1 
1 0 0 H H 0 0 1 
1 1 1 1 1 1 1 1 
R51 T6

Map
1 1 S 1 1 1 1 1 
1 0 0 0 0 1 0 1 
1 0 0 1 0 0 0 1 
1 H # 0 0 H 0 1 
1 1 0 # 0 0 0 1 
1 0 H 0 1 0 0 G 
1 0 0 0 H 0 1 1 
1 1 1 1 1 1 1 1 
U22 T6

Map
1 1 1 1 1 1 1 1 
1 0 0 0 0 0 # 1 
1 F 0 0 0 0 0 1 
1 # # 0 1 0 0 1 
1 1 1 0 1 # 0 G 
1 # 0 0 # F F 1 
1 # 0 0 1 0 0 1 
1 1 S 1 1 1 1 1 
R53 T10

Map
1 1 1 1 1 1 1 1 
1 0 H 0 0 0 0 S 
1 0 0 # 0 0 0 1 
1 1 # 0 0 0 0 1 
1 0 0 0 0 0 0 1 
1 # # 0 0 0 # 1 
G 0 0 1 # 0 0 1 
1 1 1 1 1 1 1 1 
U42 T8

Map
1 1 1 1 1 1 1 1 
1 0 0 0 F 0 1 1 
S 0 F F 0 0 0 1 
1 0 F 1 1 0 0 1 
G 0 0 0 # # F 1 
1 0 0 # 1 0 0 1 
1 1 # F F 0 0 1 
1 1 1 1 1 1 1 1 
R15 T6

Map
1 S 1 1 1 1 1 1 
1 0 0 0 0 0 0 1 
1 # 0 F # 0 0 1 
1 # # 0 0 0 0 1 
1 0 0 0 F 0 0 1 
1 0 0 0 0 0 F 1 
1 # 0 0 0 0 0 1 
1 1 1 G 1 1 1 1 
L21 T6

Map
1 S 1 G 1 1 1 1 
1 # # 0 0 0 1 1 
1 0 0 0 0 F 0 1 
1 0 0 F 0 # 0 1 
1 0 0 0 0 0 0 1 
1 0 0 0 0 0 0 1 
1 0 0 0 F 0 # 1 
1 1 1 1 1 1 1 1 
L22 T6

Map
1 1 1 S 1 1 1 1 
1 0 0 0 0 0 0 1 
1 0 0 0 1 0 0 1 
1 0 0 # 0 0 0 1 
1 0 1 0 0 0 0 1 
1 0 1 0 0 0 0 1 
1 1 0 F 0 0 1 1 
1 1 1 1 1 G 1 1 
U35 T7

Map
1 1 1 1 1 1 1 1 
G # H 1 0 0 0 1 
1 0 0 0 0 1 0 S 
1 0 0 # 0 0 0 1 
1 1 0 0 0 0 # 1 
1 # 0 0 0 0 0 1 
1 0 # 0 0 0 0 1 
1 1 1 1 1 1 1 1 
L53 T6

Map
1 1 1 1 1 1 S 1 
1 0 0 0 0 0 0 1 
1 # 0 0 0 0 0 1 
G 0 0 0 # 0 # 1 
1 0 0 0 0 0 0 1 
1 0 0 0 0 0 0 1 
1 0 0 0 0 0 0 1 
1 1 1 1 1 1 1 1 
U62 T6

Map
1 1 1 1 1 1 1 1 
S 0 F 0 1 0 F 1 
1 1 1 0 0 F F 1 
1 0 0 0 0 F H 1 
1 0 H 1 0 0 F G 
1 0 0 0 F 0 0 1 
1 0 0 0 0 F 0 1 
1 1 1 1 1 1 1 1 
R54 T6

Map
1 1 G 1 1 1 1 1 
1 0 0 0 0 F 0 1 
1 0 0 # 0 0 0 1 
1 0 0 F 0 0 F 1 
1 0 F 0 0 0 F 1 
1 # F 0 # 0 F 1 
1 0 0 # 0 0 0 1 
1 1 1 1 S 1 1 1 
R31 T6

Map
1 1 S 1 1 1 1 1 
1 0 0 0 0 0 0 1 
1 0 0 0 # 0 0 1 
1 0 0 0 0 0 0 1 
1 1 0 0 0 0 0 1 
1 0 0 0 0 0 0 1 
1 0 0 0 0 0 0 1 
1 1 1 1 G 1 1 1 
L31 T6

Map
1 1 1 1 1 1 1 1 
1 0 0 0 0 0 0 1 
G 0 # F 0 # 0 1 
1 0 0 # 0 0 # 1 
S 0 0 0 F 0 0 1 
1 0 # 0 0 F F 1 
1 # 0 0 0 0 0 1 
1 1 1 1 1 1 1 1 
D13 T6

Map
1 G 1 1 1 1 1 1 
1 0 0 F # 0 1 1 
1 0 0 # 0 0 0 1 
S 0 H 0 0 0 # 1 
1 0 0 0 0 0 0 1 
1 0 1 0 0 0 # 1 
1 # 0 0 0 0 0 1 
1 1 1 1 1 1 1 1 
D12 T7

Map
1 1 1 1 1 1 S 1 
1 0 0 0 0 # 0 1 
1 # 0 0 # 0 0 1 
1 1 0 0 0 0 0 1 
1 1 F 1 # 1 0 1 
1 0 0 0 F 0 0 1 
1 F 0 H 0 0 0 1 
1 1 1 1 G 1 1 1 
R52 T6

Map
1 1 1 G 1 1 1 1 
1 0 0 0 0 0 0 1 
1 0 0 0 0 1 1 1 
1 0 0 0 0 0 0 1 
1 0 1 1 0 0 0 1 
1 0 0 0 1 1 0 1 
1 0 0 0 0 0 0 1 
1 S 1 1 1 1 1 1 
L23 T6

Map
1 1 1 1 1 1 1 1 
1 0 # 0 0 0 1 1 
1 0 # 0 F 0 0 1 
S 0 0 0 0 0 0 1 
1 # 0 0 0 0 0 1 
1 0 0 0 0 0 0 G 
1 0 0 0 0 0 # 1 
1 1 1 1 1 1 1 1 
U64 T6

Map
1 1 1 1 S G 1 1 
1 0 0 1 # F 0 1 
1 F 1 0 0 0 F 1 
1 # 0 # F H 0 1 
1 0 0 0 # 0 F 1 
1 F H 0 0 # 0 1 
1 0 1 # 0 1 F 1 
1 1 1 1 1 1 1 1 
U52 T6

Map
1 1 1 1 1 1 1 1 
1 0 1 0 # 0 0 1 
1 0 0 0 0 # 0 1 
1 1 0 0 0 1 H 1 
1 0 # 0 1 F 0 1 
1 0 0 # 0 F 0 1 
S 0 0 0 0 # 1 1 
1 1 G 1 1 1 1 1 
L43 T6

Map
1 1 1 1 1 1 G 1 
1 0 0 1 0 0 0 1 
1 0 0 1 0 0 0 1 
1 0 0 0 0 0 0 1 
1 0 0 0 H 0 0 1 
1 0 0 0 0 0 0 1 
S 0 0 H 1 0 0 1 
1 1 1 1 1 1 1 1 
L26 T6

Map
1 1 1 1 1 1 1 1 
1 0 0 0 # F 0 1 
1 0 0 0 # # 0 1 
1 F 0 0 0 0 0 1 
1 0 0 0 0 0 0 1 
1 0 0 0 0 F 0 1 
1 1 0 F 0 0 0 1 
1 1 1 G 1 S 1 1 
R45 T6

Map
1 1 1 1 1 1 1 1 
1 0 0 0 0 0 0 1 
1 0 0 H 0 0 0 1 
1 0 H # 0 0 0 1 
1 0 1 H 0 0 0 1 
1 0 0 0 0 0 0 1 
1 0 0 0 0 0 0 1 
1 1 G 1 S 1 1 1 
R36 T6

Map
1 1 1 1 1 1 1 1 
S # 1 H 1 # 0 1 
1 0 0 1 H 0 0 1 
1 1 0 0 0 0 H 1 
1 1 0 # 0 0 0 1 
G 0 1 0 0 0 H 1 
1 0 0 0 0 # 0 1 
1 1 1 1 1 1 1 1 
D33 T8

Map
1 1 1 1 1 1 1 1 
1 0 0 0 F F 0 1 
G # # H 0 0 # 1 
1 0 0 0 H F 0 1 
S 0 1 0 # F 0 1 
1 0 F 0 # 0 F 1 
1 0 0 0 # F 0 1 
1 1 1 1 1 1 1 1 
D13 T6

Map
1 1 1 1 1 1 1 1 
1 0 0 0 0 H F 1 
S 0 0 0 H 0 # 1 
1 0 0 0 1 0 # 1 
1 1 0 0 H # 1 1 
G 0 0 0 0 # # 1 
1 0 0 # 0 H 0 1 
1 1 1 1 1 1 1 1 
L22 T7

Map
1 1 1 1 1 1 1 1 
1 0 0 0 1 0 0 1 
1 0 0 0 0 0 0 1 
1 F 0 F 0 0 0 1 
G 0 0 # 0 0 1 1 
1 F 0 0 0 F 0 1 
1 0 # 0 0 0 F S 
1 1 1 1 1 1 1 1 
D35 T6

Map
1 1 1 1 1 1 1 1 
1 0 0 0 1 0 0 1 
1 0 0 0 0 F 0 1 
1 0 0 0 0 0 0 1 
1 1 0 F 0 1 0 S 
1 1 # 0 0 0 0 1 
1 0 0 0 0 0 0 1 
1 1 1 1 G 1 1 1 
R24 T9

Map
1 1 1 1 1 1 1 1 
1 0 0 0 0 0 # 1 
1 0 0 # 0 # 0 1 
1 0 0 0 0 H 0 1 
1 # 1 1 F H 0 1 
1 F H F F 0 0 1 
1 0 0 0 0 0 # 1 
1 S 1 G 1 1 1 1 
L26 T6

Map
1 1 1 1 1 1 1 1 
1 H 0 0 0 0 # 1 
1 F 0 0 0 0 0 1 
1 0 0 F # # 0 1 
S 0 F F 0 H 0 1 
1 0 F 0 0 0 0 1 
G # 0 0 F 0 1 1 
1 1 1 1 1 1 1 1 
U45 T6

Map
1 1 1 1 1 1 1 1 
1 0 0 0 # # 0 1 
1 0 0 0 0 0 F 1 
1 0 0 0 # 0 0 1 
1 0 0 0 0 0 0 1 
1 1 0 F F F F 1 
1 0 0 0 0 0 0 1 
1 1 1 1 G 1 S 1 
R54 T6

Map
1 1 G 1 1 1 1 1 
1 # # 0 0 0 0 S 
1 0 0 # 0 0 0 1 
1 0 1 0 H 0 0 1 
1 0 # 0 H 1 0 1 
1 0 0 0 0 0 F 1 
1 0 # 0 0 0 0 1 
1 1 1 1 1 1 1 1 
R31 T6

Map
1 1 1 1 G 1 1 1 
1 0 0 0 0 0 0 1 
1 1 0 0 0 1 0 1 
1 0 0 0 1 0 0 1 
1 0 H 0 0 1 0 1 
1 F 0 0 0 0 H 1 
1 0 0 0 0 0 0 1 
1 1 1 1 S 1 1 1 
R22 T7

Map
1 1 1 1 1 1 1 1 
1 0 0 0 0 0 0 1 
1 0 0 0 0 0 0 1 
1 0 0 0 0 0 1 1 
1 1 0 # 0 0 0 1 
1 0 0 0 0 0 0 1 
1 0 # 0 0 0 0 1 
1 1 S 1 G 1 1 1 
L31 T6

Map
1 1 1 G 1 1 S 1 
1 0 0 0 0 1 0 1 
1 0 F 0 0 0 0 1 
1 0 0 0 0 0 1 1 
1 H 0 1 0 0 0 1 
1 1 0 0 0 0 0 1 
1 H 0 0 0 0 0 1 
1 1 1 1 1 1 1 1 
D21 T8

Map
1 1 1 1 1 1 1 1 
1 0 F # 0 0 # 1 
1 1 0 0 0 0 0 1 
1 # 0 0 F # 0 1 
1 1 F 0 0 F 0 1 
1 # F 0 F 0 0 1 
1 # 1 # 0 0 0 1 
1 1 1 1 G 1 S 1 
R51 T6

Map
1 1 1 1 1 1 1 1 
1 F 0 0 0 0 0 1 
1 0 1 0 0 0 0 1 
1 0 0 0 H 0 0 1 
1 1 0 0 0 0 0 1 
1 0 # # # # 0 1 
S 0 0 0 0 # 0 1 
1 1 1 1 G 1 1 1 
U36 T8

Map
1 1 1 1 1 1 1 1 
1 0 # 0 # 0 0 1 
1 0 H 0 0 0 0 S 
G 0 0 0 0 0 0 1 
1 0 1 0 # H 0 1 
1 0 0 0 0 0 0 1 
1 0 0 # 0 1 # 1 
1 1 1 1 1 1 1 1 
R42 T7

Map
1 1 1 1 1 1 1 1 
1 1 0 0 0 0 0 1 
1 F 0 0 0 0 0 1 
1 0 0 0 0 1 # 1 
1 0 0 0 0 0 0 1 
1 0 0 0 0 0 0 S 
1 1 0 F F 0 0 1 
1 1 1 1 G 1 1 1 
R13 T6

Map
1 1 1 1 1 1 1 1 
1 0 1 0 1 # 0 1 
G 0 0 1 0 0 0 1 
1 0 0 0 0 0 0 1 
1 0 0 0 0 0 # 1 
1 0 0 0 0 1 0 1 
1 # # 0 F 1 # 1 
1 1 1 1 S 1 1 1 
L22 T7

Map
1 1 1 1 1 1 1 1 
1 0 F 0 0 0 0 1 
1 0 F 0 F # # 1 
G 0 # 0 0 1 0 1 
1 0 0 0 0 0 0 1 
1 # F 0 0 0 0 1 
1 # # F 0 0 0 1 
1 S 1 1 1 1 1 1 
D14 T6

Map
1 1 1 1 1 1 1 1 
1 H 0 H 1 0 F G 
1 0 F # H F 1 1 
1 F 1 0 F # 1 1 
1 0 # 0 0 0 0 1 
1 F H F 0 0 0 1 
1 # 0 1 0 0 0 1 
1 1 1 1 S 1 1 1 
D44 T6

Map
1 1 1 S 1 1 1 1 
1 0 0 0 0 0 0 1 
1 0 # F 0 0 0 1 
1 0 # 0 0 0 0 1 
1 0 0 0 0 0 0 1 
1 # 0 0 # 0 0 1 
1 0 0 0 0 # 0 1 
1 1 1 1 1 G 1 1 
L41 T6

Map
1 1 1 1 1 1 1 1 
1 0 0 F 0 0 0 1 
S 0 0 0 F H 0 1 
1 F 0 0 F 0 0 1 
G 0 0 0 0 0 0 1 
1 0 0 F 1 0 F 1 
1 0 0 1 0 0 0 1 
1 1 1 1 1 1 1 1 
U23 T6

Map
1 1 1 1 1 1 1 1 
1 # 0 1 0 0 # S 
1 # F 0 0 0 0 1 
G 0 0 0 # 0 # 1 
1 0 0 0 F # 0 1 
1 H 0 H 0 H 0 1 
1 0 0 F 0 0 0 1 
1 1 1 1 1 1 1 1 
U62 T6

Map
1 1 1 1 1 1 1 1 
1 0 0 0 0 F 0 1 
1 0 0 0 1 0 0 1 
1 0 0 0 0 0 0 G 
S 0 0 H 0 1 0 1 
1 H 0 0 0 0 F 1 
1 0 F 1 0 0 0 1 
1 1 1 1 1 1 1 1 
U25 T6

Map
1 1 1 1 1 1 1 1 
1 0 F 0 1 # H 1 
1 0 0 0 0 0 0 1 
1 0 H 0 0 0 0 G 
1 0 0 0 # H 0 1 
1 0 0 0 1 0 # 1 
1 0 0 0 # 0 # 1 
1 1 1 S 1 1 1 1 
D34 T6

Map
1 1 1 1 1 1 1 1 
1 0 0 0 F F 0 1 
1 0 0 0 F 0 0 1 
1 0 0 0 0 0 0 1 
1 F 0 F 0 0 0 1 
1 0 0 0 0 1 0 1 
1 0 F # 0 0 0 S 
1 1 1 G 1 1 1 1 
R46 T6

Map
1 1 1 1 1 1 S 1 
1 0 0 # 0 0 0 1 
1 0 0 0 F 0 # 1 
1 0 0 0 0 0 0 1 
1 0 1 F 0 1 # 1 
1 0 0 0 0 0 F 1 
1 0 0 # 0 0 0 1 
1 1 1 1 G 1 1 1 
R51 T6

Map
1 1 1 1 1 1 1 1 
1 1 F F 1 0 0 1 
1 0 0 1 0 0 0 1 
1 0 0 0 0 F F 1 
1 0 0 F F 0 0 1 
1 1 F 0 0 0 0 1 
1 0 F 0 0 0 0 1 
1 1 G 1 1 1 S 1 
R55 T8

