Mp
1 1 1 1 1 1 1 1 
1 1 1 1 1 1 1 1 
1 1 0 0 1 0 1 1 
1 1 0 1 F 0 G 1 
1 1 0 0 F 0 1 1 
1 1 0 0 0 0 1 1 
1 1 1 1 S 1 1 1 
1 1 1 1 1 1 1 1 
U35 L45 r53 

Mp
1 1 1 1 1 1 1 1 
1 1 1 1 1 1 1 1 
1 1 0 0 0 0 1 1 
1 1 0 # H 0 1 1 
1 G 0 0 0 F 1 1 
1 1 H # 0 # 1 1 
1 1 1 1 S 1 1 1 
1 1 1 1 1 1 1 1 
P44 D32 l34 

Mp
1 1 1 1 1 1 1 1 
1 1 1 S 1 1 1 1 
1 1 0 0 0 0 1 1 
1 1 0 H 0 0 1 1 
1 1 H 0 0 0 1 1 
1 1 0 0 0 0 1 1 
1 1 1 G 1 1 1 1 
1 1 1 1 1 1 1 1 
P22 D35 L32 

Mp
1 1 1 1 1 1 1 1 
1 1 1 S 1 1 1 1 
1 1 H 0 0 0 1 1 
1 1 0 H 0 0 G 1 
1 1 1 0 F F 1 1 
1 1 # 0 0 0 1 1 
1 1 1 1 1 1 1 1 
1 1 1 1 1 1 1 1 
R32 r43 D42 

Mp
1 1 1 1 1 1 1 1 
1 1 G 1 1 1 1 1 
1 1 0 0 0 0 1 1 
1 1 H 0 0 0 1 1 
1 1 0 0 0 F 1 1 
1 S 0 H 0 H 1 1 
1 1 1 1 1 1 1 1 
1 1 1 1 1 1 1 1 
R24 U25 P44 

Mp
1 1 1 1 1 1 1 1 
1 1 1 1 1 1 1 1 
1 1 0 0 # # 1 1 
1 1 F 0 0 0 G 1 
1 1 0 0 H 0 1 1 
1 1 0 0 0 0 1 1 
1 1 1 1 S 1 1 1 
1 1 1 1 1 1 1 1 
R45 P34 d32 

Mp
1 1 1 1 1 1 1 1 
1 1 1 1 S 1 1 1 
1 1 0 0 0 0 1 1 
1 1 # F H 1 1 1 
1 1 0 0 0 1 1 1 
1 1 H 0 0 0 1 1 
1 1 1 1 1 G 1 1 
1 1 1 1 1 1 1 1 
D32 P52 R42 

Mp
1 1 1 1 1 1 1 1 
1 1 1 1 1 1 1 1 
1 1 H 0 0 0 1 1 
1 G 0 0 H 0 S 1 
1 1 0 0 0 0 1 1 
1 1 1 0 0 0 1 1 
1 1 1 1 1 1 1 1 
1 1 1 1 1 1 1 1 
P52 L33 U53 

Mp
1 1 1 1 1 1 1 1 
1 1 1 1 1 1 1 1 
1 1 0 0 0 0 1 1 
1 1 0 0 H 0 S 1 
1 1 0 0 0 0 1 1 
1 1 0 0 F 0 1 1 
1 1 1 1 G 1 1 1 
1 1 1 1 1 1 1 1 
U53 D44 r24 

Mp
1 1 1 1 1 1 1 1 
1 1 1 1 1 1 1 1 
1 1 0 0 0 0 1 1 
1 S 0 H 0 0 1 1 
1 1 0 0 0 H 1 1 
1 1 0 H 0 0 1 1 
1 1 1 1 1 G 1 1 
1 1 1 1 1 1 1 1 
P25 D23 D44 

Map
1 1 1 1 1 1 1 1 
1 1 1 S 1 1 1 1 
1 1 0 0 0 0 1 1 
1 1 0 F 0 # 1 1 
1 1 0 0 F # 1 1 
1 1 0 H F F 1 1 
1 1 1 1 G 1 1 1 
1 1 1 1 1 1 1 1 
P52 L34 

Map
1 1 1 1 1 1 1 1 
1 S 1 G 1 1 1 1 
1 # F # F 0 1 1 
1 F 0 0 0 # 1 1 
1 0 0 0 0 0 1 1 
1 0 0 0 H 0 1 1 
1 F 0 0 1 # 1 1 
1 1 1 1 1 1 1 1 
D24 P15 

Map
1 1 1 1 1 1 1 1 
1 1 1 1 1 1 1 1 
1 1 1 0 0 0 0 1 
1 G F 0 0 0 F 1 
1 1 0 F H 0 0 1 
1 1 0 0 0 F 0 1 
1 1 0 0 0 0 0 1 
1 1 1 1 S 1 1 1 
L33 L45 

Map
1 1 1 1 1 1 1 1 
1 1 1 1 1 1 1 1 
1 1 0 F 0 0 1 1 
1 1 H 0 0 0 # 1 
1 1 0 0 1 0 0 1 
1 1 # 0 0 0 0 1 
1 1 0 0 # 0 0 1 
1 1 S 1 1 G 1 1 
U43 P24 

Map
1 1 1 1 1 1 1 1 
1 1 H 0 0 F H 1 
1 G 0 0 0 0 0 1 
1 1 0 0 0 0 1 1 
1 1 0 0 0 0 # 1 
1 S 0 1 0 # 0 1 
1 1 1 1 1 1 1 1 
1 1 1 1 1 1 1 1 
P41 P23 

Map
1 1 1 1 1 1 1 1 
1 G 0 H 0 0 0 S 
1 1 0 0 0 0 0 1 
1 1 1 0 0 0 0 1 
1 1 0 1 0 1 H 1 
1 1 # 0 0 0 0 1 
1 1 1 1 1 1 1 1 
1 1 1 1 1 1 1 1 
P41 u43 

Map
1 1 1 1 1 1 1 1 
1 S 0 1 0 0 0 1 
1 1 0 # 0 0 0 1 
1 1 H 1 F # 0 1 
1 G F 0 H 0 0 1 
1 1 0 0 0 0 0 1 
1 1 1 1 1 1 1 1 
1 1 1 1 1 1 1 1 
P25 R22 

Map
1 1 1 1 1 1 1 1 
1 1 1 1 1 1 1 1 
1 1 F 0 0 0 0 1 
1 1 0 1 F 0 0 S 
1 1 0 0 1 0 0 1 
1 1 0 0 0 0 1 1 
1 1 F 0 0 0 0 1 
1 1 1 G 1 1 1 1 
U53 D36 

Map
1 1 1 1 G 1 1 1 
1 0 0 H 0 H 1 1 
1 0 # 0 0 # 1 1 
1 0 0 F 0 1 1 1 
1 0 0 0 F 1 1 1 
1 0 1 0 F 0 1 1 
1 1 1 1 1 S 1 1 
1 1 1 1 1 1 1 1 
P12 L34 

Map
1 1 1 1 1 1 1 1 
1 1 1 G 1 S 1 1 
1 1 0 0 0 0 # 1 
1 1 F 0 0 0 0 1 
1 1 1 0 0 0 F 1 
1 1 0 0 0 0 F 1 
1 1 0 # 1 H 0 1 
1 1 1 1 1 1 1 1 
R53 D42 

Map
1 1 1 1 1 1 1 1 
1 1 1 1 1 1 1 1 
1 1 0 0 0 0 F 1 
1 1 # 0 F 0 0 1 
1 1 1 0 0 0 0 1 
1 1 0 0 F 0 # 1 
1 1 F H 0 0 0 1 
1 1 1 1 S G 1 1 
L44 P63 

Map
1 1 1 G 1 S 1 1 
1 1 0 0 0 F 1 1 
1 0 0 0 0 0 1 1 
1 0 0 H 0 0 1 1 
1 F 0 0 0 0 1 1 
1 0 0 0 H 1 1 1 
1 1 1 1 1 1 1 1 
1 1 1 1 1 1 1 1 
D24 P42 

Map
1 1 1 1 S 1 1 1 
1 1 0 0 0 0 0 1 
1 1 F 0 0 F 1 1 
1 G 0 0 0 0 0 1 
1 1 0 F F 0 0 1 
1 1 0 0 0 0 F 1 
1 1 1 1 1 1 1 1 
1 1 1 1 1 1 1 1 
R54 d51 

Map
1 G 1 1 1 1 1 1 
1 0 F 0 0 F 1 1 
1 1 0 # 0 0 1 1 
1 # 0 0 F 0 1 1 
1 0 0 0 H 0 S 1 
1 0 1 0 F 0 1 1 
1 1 1 1 1 1 1 1 
1 1 1 1 1 1 1 1 
P53 U54 

Map
1 1 1 1 1 1 1 1 
1 1 0 1 0 F 0 1 
1 1 0 0 0 0 0 1 
1 G # 0 0 0 F 1 
1 1 0 0 0 H 0 1 
1 S 0 0 0 0 1 1 
1 1 1 1 1 1 1 1 
1 1 1 1 1 1 1 1 
L43 R22 

Map
1 1 1 1 1 1 1 1 
1 1 1 1 1 1 1 1 
1 1 0 0 0 # 0 1 
1 1 0 0 H 0 0 S 
1 1 # 0 0 0 0 1 
1 1 0 0 0 0 0 1 
1 G 0 0 H 0 F 1 
1 1 1 1 1 1 1 1 
D53 r54 

Map
1 1 1 1 1 1 1 1 
1 1 0 0 0 0 0 1 
1 S 0 # H F 0 1 
1 1 0 0 1 0 0 1 
1 1 # 0 F F 0 1 
1 G 0 F 0 H 0 1 
1 1 1 1 1 1 1 1 
1 1 1 1 1 1 1 1 
U22 l64 

Map
1 1 1 1 1 1 1 1 
1 F 0 # 0 0 S 1 
1 0 0 0 0 0 1 1 
1 0 H 1 0 0 G 1 
1 0 0 0 0 # 1 1 
1 0 0 0 0 0 1 1 
1 1 1 1 1 1 1 1 
1 1 1 1 1 1 1 1 
P21 P52 

Map
1 1 1 1 1 1 1 1 
1 1 G 1 1 1 1 1 
1 0 0 F 0 0 1 1 
1 # 0 0 0 0 1 1 
1 1 0 # 0 0 1 1 
1 0 0 1 0 0 1 1 
1 # H 0 0 # S 1 
1 1 1 1 1 1 1 1 
R36 d33 

Map
1 1 1 1 1 1 1 1 
1 0 0 0 F 0 1 1 
G F F 0 0 0 1 1 
1 0 0 1 0 0 1 1 
1 # 0 0 0 0 1 1 
1 0 0 F 0 0 1 1 
1 1 1 1 S 1 1 1 
1 1 1 1 1 1 1 1 
P42 d31 

Map
1 1 1 1 1 S 1 1 
1 1 0 0 0 # 0 1 
1 1 0 1 0 0 0 1 
1 1 0 0 H 1 0 1 
1 G # 0 1 0 H 1 
1 1 0 0 0 0 0 1 
1 1 1 1 1 1 1 1 
1 1 1 1 1 1 1 1 
L34 u35 

Map
1 1 1 1 1 1 1 1 
1 1 0 0 0 0 0 1 
1 1 F F F 0 0 1 
1 1 0 1 0 0 # 1 
1 1 0 0 0 H 0 G 
1 1 0 0 0 0 0 1 
1 1 1 1 1 S 1 1 
1 1 1 1 1 1 1 1 
P65 R55 

Map
1 1 1 G 1 1 1 1 
1 1 0 F 0 0 0 1 
1 1 0 0 0 0 F 1 
1 1 0 0 0 0 # 1 
1 1 0 0 0 0 0 1 
1 1 0 F 0 1 0 1 
1 1 S 1 1 1 1 1 
1 1 1 1 1 1 1 1 
P24 D51 

Map
1 1 1 1 1 1 1 1 
1 1 S 1 G 1 1 1 
1 0 0 # # H 1 1 
1 0 1 0 0 0 1 1 
1 0 # 0 1 0 1 1 
1 0 0 0 0 0 1 1 
1 0 0 0 # 0 1 1 
1 1 1 1 1 1 1 1 
L53 u43 

Map
1 1 1 1 1 1 1 1 
1 1 G 1 1 1 1 1 
1 0 0 F 0 0 1 1 
1 0 0 0 0 # 1 1 
1 F 1 0 H # 1 1 
1 H 0 0 0 0 1 1 
1 0 0 1 0 1 1 1 
1 S 1 1 1 1 1 1 
R16 u22 

Map
1 1 1 1 1 1 1 1 
1 1 1 1 S 1 1 1 
1 1 0 0 0 0 1 1 
1 0 0 # H H 1 1 
1 F 0 0 1 0 G 1 
1 0 0 0 # 0 1 1 
1 0 0 0 0 1 1 1 
1 1 1 1 1 1 1 1 
R54 L42 

Map
1 1 1 1 1 1 1 1 
1 1 1 G 1 1 1 1 
1 1 0 0 F 0 # 1 
1 1 0 0 H 0 F 1 
1 1 0 1 # 0 # 1 
1 1 0 0 0 0 0 1 
1 1 0 0 0 0 0 1 
1 1 1 1 S 1 1 1 
L45 P22 

Map
1 1 1 1 1 1 1 1 
1 1 1 1 1 1 1 1 
1 0 0 0 0 F 1 1 
G 0 0 0 0 0 1 1 
S 0 0 F 0 F 1 1 
1 0 0 0 0 0 1 1 
1 0 # 1 0 0 1 1 
1 1 1 1 1 1 1 1 
P24 d22 

Map
1 1 1 1 1 1 1 1 
1 1 0 0 H 0 # S 
1 1 0 0 F 0 0 1 
1 1 # 0 0 1 0 1 
1 G 0 0 1 0 0 1 
1 1 0 0 0 0 1 1 
1 1 1 1 1 1 1 1 
1 1 1 1 1 1 1 1 
P25 R51 

Map
1 1 1 1 1 1 1 1 
1 0 1 0 0 0 1 1 
1 0 F 0 0 1 1 1 
1 0 0 0 0 F 1 1 
1 0 0 0 0 0 1 1 
1 0 0 0 H 0 1 1 
1 1 S G 1 1 1 1 
1 1 1 1 1 1 1 1 
P11 L23 

Map
1 1 1 1 1 1 1 1 
1 0 0 0 0 0 1 1 
1 0 0 0 0 0 1 1 
1 0 0 1 H 0 1 1 
1 H 0 0 0 0 1 1 
1 0 0 1 0 0 1 1 
1 G 1 1 S 1 1 1 
1 1 1 1 1 1 1 1 
P11 R44 

Map
1 1 1 S 1 1 1 1 
1 1 0 0 F 0 0 1 
1 1 0 0 0 F 0 1 
1 1 0 0 # 1 0 1 
1 1 F H 0 0 0 G 
1 1 0 0 0 0 # 1 
1 1 1 1 1 1 1 1 
1 1 1 1 1 1 1 1 
P32 P63 

Map
1 1 1 1 1 S 1 1 
1 1 0 1 0 0 0 1 
1 1 0 0 0 1 0 1 
1 1 0 0 0 0 0 1 
1 1 0 0 # 0 0 1 
1 1 0 # 0 0 # 1 
1 1 1 G 1 1 1 1 
1 1 1 1 1 1 1 1 
U55 d33 

Map
1 1 S G 1 1 1 1 
1 0 0 0 0 F 1 1 
1 0 H 0 0 0 1 1 
1 0 F 0 0 F 1 1 
1 0 0 0 0 0 1 1 
1 0 1 0 0 0 1 1 
1 1 1 1 1 1 1 1 
1 1 1 1 1 1 1 1 
L21 r14 

Map
1 1 1 1 1 1 1 1 
S 0 1 0 0 # 1 1 
1 0 0 0 0 0 1 1 
1 0 0 0 0 0 1 1 
1 0 0 0 F 0 1 1 
1 F 0 0 0 0 1 1 
1 1 G 1 1 1 1 1 
1 1 1 1 1 1 1 1 
P13 l53 

Map
1 1 1 1 1 1 1 1 
1 1 0 0 0 F 0 1 
1 1 0 0 0 0 0 1 
1 1 0 # 0 0 0 G 
1 S 0 0 0 H 0 1 
1 1 0 F F F 0 1 
1 1 1 1 1 1 1 1 
1 1 1 1 1 1 1 1 
P34 d31 

Map
1 1 1 1 1 1 1 1 
1 1 1 1 1 1 1 1 
1 1 F 0 0 0 0 1 
1 S 0 0 0 0 H 1 
1 1 0 0 0 1 0 1 
1 1 0 0 0 0 0 1 
1 1 0 0 1 0 0 1 
1 1 1 G 1 1 1 1 
U33 d42 

Map
1 1 1 1 1 1 1 1 
1 1 1 1 G 1 S 1 
1 1 F 1 # 0 F 1 
1 1 0 0 0 0 F 1 
1 1 0 0 0 0 0 1 
1 1 0 0 0 0 0 1 
1 1 0 0 0 0 F 1 
1 1 1 1 1 1 1 1 
P65 r25 

Map
1 1 1 1 1 G 1 1 
1 0 F F 0 0 1 1 
1 0 0 # 0 0 1 1 
1 H 0 0 F 1 1 1 
1 F 0 0 # 0 1 1 
1 0 0 F 0 0 S 1 
1 1 1 1 1 1 1 1 
1 1 1 1 1 1 1 1 
P34 P45 

Map
1 1 1 S 1 1 1 1 
1 F 0 # 1 0 1 1 
1 0 # 0 0 # 1 1 
1 0 0 0 0 1 1 1 
1 0 0 0 F H 1 1 
1 0 0 F F # 1 1 
1 1 1 1 1 G 1 1 
1 1 1 1 1 1 1 1 
U34 r33 

Map
1 1 1 1 1 1 1 1 
1 1 1 1 1 1 1 1 
1 0 0 0 1 0 1 1 
1 H F 0 1 0 1 1 
1 1 0 0 0 0 1 1 
G 0 0 0 0 F 1 1 
1 0 F F 0 0 1 1 
1 1 1 1 1 S 1 1 
P53 P34 

Map
1 1 1 G 1 1 1 1 
1 1 0 0 1 0 1 1 
1 1 # H 0 0 0 1 
1 1 0 0 0 0 F 1 
1 1 0 # 1 0 0 1 
1 1 F 0 0 0 0 1 
1 1 1 S 1 1 1 1 
1 1 1 1 1 1 1 1 
R35 D42 

Map
1 1 1 1 1 1 1 1 
1 S 1 1 1 1 1 1 
1 # # 0 0 0 1 1 
1 0 1 0 0 0 1 1 
G 0 0 0 0 0 1 1 
1 0 0 0 0 0 1 1 
1 F # 0 0 1 1 1 
1 1 1 1 1 1 1 1 
U13 u25 

Map
1 1 1 1 1 1 1 1 
1 1 1 1 1 1 S 1 
1 1 # 0 0 F 0 1 
1 1 H 0 0 # 1 1 
1 1 1 0 0 0 0 1 
1 1 0 H # 0 0 1 
1 1 0 0 F 0 0 1 
1 1 G 1 1 1 1 1 
P34 D32 

Map
1 1 1 1 1 1 1 1 
1 1 1 1 1 1 1 1 
G # 0 0 1 0 1 1 
1 1 0 F 0 F 1 1 
S 0 F 0 0 0 1 1 
1 0 F 0 0 1 1 1 
1 0 0 F 0 0 1 1 
1 1 1 1 1 1 1 1 
D14 r15 

Map
1 1 G 1 1 1 1 1 
1 0 0 0 # 0 1 1 
1 F 0 0 H # 1 1 
1 0 0 1 0 0 1 1 
1 0 1 # F 0 1 1 
1 F 0 0 0 1 1 1 
1 1 S 1 1 1 1 1 
1 1 1 1 1 1 1 1 
R43 u21 

Map
1 1 1 G S 1 1 1 
1 F 0 0 0 0 1 1 
1 1 H 0 H 0 1 1 
1 0 F 0 0 0 1 1 
1 0 F 0 F 0 1 1 
1 F 0 0 0 1 1 1 
1 1 1 1 1 1 1 1 
1 1 1 1 1 1 1 1 
R41 u33 

Map
1 1 1 1 1 1 1 1 
1 S 0 0 # 0 0 1 
1 1 0 0 0 H 1 1 
1 1 1 0 0 0 F 1 
1 1 F 0 1 0 0 1 
1 1 0 0 0 0 # 1 
1 1 1 1 1 G 1 1 
1 1 1 1 1 1 1 1 
L64 P51 

Map
1 1 1 1 G 1 1 1 
1 0 0 0 0 F 1 1 
1 0 # # 0 0 1 1 
1 0 1 0 0 0 1 1 
1 0 0 0 F 0 1 1 
S 0 0 0 F 0 1 1 
1 1 1 1 1 1 1 1 
1 1 1 1 1 1 1 1 
P52 d21 

Map
1 1 1 1 1 1 1 1 
1 0 0 0 0 0 1 1 
S 0 # 0 0 0 1 1 
1 H 1 0 0 0 1 1 
1 F 0 # 0 0 1 1 
1 0 0 0 1 1 1 1 
1 1 G 1 1 1 1 1 
1 1 1 1 1 1 1 1 
P15 l53 

Map
1 1 1 1 1 1 1 1 
1 1 G 1 1 1 1 1 
1 0 0 F 0 0 1 1 
1 0 0 0 1 0 1 1 
S 0 H 0 # 0 1 1 
1 0 1 1 0 # 1 1 
1 0 0 0 0 0 1 1 
1 1 1 1 1 1 1 1 
P12 U14 

Map
1 1 1 1 1 1 1 1 
1 1 1 1 1 1 1 1 
1 1 # 1 # 0 0 1 
1 S 0 1 # H 0 G 
1 1 0 0 0 0 0 1 
1 1 0 0 0 0 1 1 
1 1 0 0 0 0 0 1 
1 1 1 1 1 1 1 1 
P62 U36 

Map
1 1 1 1 1 1 1 1 
1 0 F H 0 H 1 1 
1 0 0 F 0 0 1 1 
G 0 0 0 F F 1 1 
1 0 0 1 0 0 1 1 
1 0 0 0 0 1 1 1 
1 1 1 1 S 1 1 1 
1 1 1 1 1 1 1 1 
L13 r42 

Map
1 1 1 S 1 1 1 1 
1 0 0 0 F # 1 1 
1 0 0 1 0 0 1 1 
1 0 0 0 0 0 1 1 
1 H H F 0 0 1 1 
1 1 0 # F F 1 1 
1 1 G 1 1 1 1 1 
1 1 1 1 1 1 1 1 
D33 P54 

Map
1 1 1 1 1 1 1 1 
1 1 1 1 1 S 1 1 
1 1 0 0 0 0 0 1 
1 1 F # 0 0 # 1 
1 G 0 0 F F 0 1 
1 1 0 0 0 0 0 1 
1 1 0 0 # 0 F 1 
1 1 1 1 1 1 1 1 
P25 r55 

Map
1 1 1 1 1 1 1 1 
1 1 S 1 1 1 1 1 
1 0 0 0 0 1 1 1 
1 1 H 0 0 0 1 1 
1 0 0 H F # 1 1 
1 0 0 0 0 0 1 1 
1 0 # 0 0 0 1 1 
1 1 1 G 1 1 1 1 
R22 P46 

Map
1 1 1 1 1 1 1 1 
1 1 1 1 1 S 1 1 
1 0 0 0 0 0 1 1 
1 0 0 0 0 1 1 1 
1 1 0 0 0 0 1 1 
1 0 0 0 H 0 G 1 
1 0 0 0 F 0 1 1 
1 1 1 1 1 1 1 1 
P54 L44 

Map
1 1 1 1 1 1 1 1 
1 1 1 1 S 1 1 1 
1 0 0 0 0 1 1 1 
1 0 0 0 1 0 G 1 
1 F F 0 0 0 1 1 
1 0 H # 0 0 1 1 
1 0 # 0 H # 1 1 
1 1 1 1 1 1 1 1 
P36 d32 

Map
1 1 1 1 1 1 1 1 
1 1 1 S 1 1 1 1 
1 0 0 0 1 0 1 1 
1 0 0 1 0 # 1 1 
1 F 0 0 0 0 1 1 
1 # 1 0 0 0 1 1 
1 0 0 0 F 0 1 1 
1 1 1 1 G 1 1 1 
R13 d44 

Map
1 1 1 S 1 1 1 1 
1 0 1 0 0 1 1 1 
1 H 0 0 0 0 1 1 
1 F 0 F F 0 G 1 
1 0 0 1 0 F 1 1 
1 0 0 0 0 0 1 1 
1 1 1 1 1 1 1 1 
1 1 1 1 1 1 1 1 
P32 r53 

Map
1 1 1 1 S 1 1 1 
1 1 0 # 0 0 F 1 
1 1 0 0 0 0 # 1 
1 1 0 0 H F 0 1 
1 1 0 1 0 0 0 G 
1 1 0 0 0 0 0 1 
1 1 1 1 1 1 1 1 
1 1 1 1 1 1 1 1 
P42 P63 

Map
1 1 1 1 G 1 1 1 
1 1 0 0 # 0 0 1 
1 1 0 F 0 1 1 1 
1 1 0 F # 0 0 1 
1 1 0 0 F # 0 1 
1 1 H 0 0 0 0 1 
1 1 1 S 1 1 1 1 
1 1 1 1 1 1 1 1 
R34 r22 

Map
1 1 1 1 1 1 1 1 
1 1 1 1 1 1 1 1 
1 1 0 0 0 0 0 1 
1 S # 0 F 1 H 1 
1 1 0 0 0 1 # 1 
1 1 # 0 0 0 0 1 
1 1 F 0 0 0 0 1 
1 1 1 1 1 1 G 1 
R24 U33 

Map
1 1 1 1 1 1 1 1 
1 1 1 0 1 0 0 1 
1 1 0 0 0 # 0 G 
1 1 0 0 H 0 # S 
1 1 0 0 0 0 0 1 
1 1 F 0 0 0 0 1 
1 1 1 1 1 1 1 1 
1 1 1 1 1 1 1 1 
U53 l64 

Map
1 1 1 1 1 1 1 1 
1 1 1 1 G 1 1 1 
1 0 F 0 F F 1 1 
1 0 1 # # 0 1 1 
1 0 0 0 F 0 1 1 
S # 0 0 F 0 1 1 
1 0 0 0 1 0 1 1 
1 1 1 1 1 1 1 1 
P32 P53 

Map
1 1 1 G 1 1 1 1 
1 1 0 0 F 0 0 1 
1 1 0 0 0 0 1 1 
1 1 0 0 1 0 H 1 
1 1 F 0 0 0 0 1 
1 1 0 H 0 0 0 1 
1 1 1 1 S 1 1 1 
1 1 1 1 1 1 1 1 
R23 u54 

Map
1 1 1 1 1 1 1 1 
1 G F 0 0 1 0 1 
1 1 0 0 0 # F 1 
1 1 1 H F 0 0 1 
1 1 0 0 1 F 0 1 
1 1 0 0 0 0 # 1 
1 1 S 1 1 1 1 1 
1 1 1 1 1 1 1 1 
P22 u55 

Map
1 1 1 1 1 1 1 1 
1 1 1 1 1 G 1 1 
1 1 0 0 1 0 0 1 
1 1 # 0 1 0 0 1 
1 1 0 F # F 0 1 
1 S 0 0 0 H 0 1 
1 1 # 0 0 0 F 1 
1 1 1 1 1 1 1 1 
D35 r24 

Map
1 1 1 1 1 1 1 1 
1 1 G 1 S 1 1 1 
1 H 0 0 0 F 1 1 
1 1 1 0 F 0 1 1 
1 1 0 0 0 0 1 1 
1 0 0 0 0 0 1 1 
1 0 0 F 0 0 1 1 
1 1 1 1 1 1 1 1 
U22 u35 

Map
1 1 1 1 1 G 1 1 
1 1 0 1 0 0 # 1 
1 1 0 0 0 # 0 1 
1 1 0 # 0 0 0 1 
1 1 0 0 0 1 F 1 
1 1 0 0 F 0 F 1 
1 1 S 1 1 1 1 1 
1 1 1 1 1 1 1 1 
U35 u51 

Map
1 1 1 1 1 1 1 1 
1 1 1 1 1 1 1 1 
1 1 0 H 0 0 0 S 
1 1 0 0 0 F # 1 
1 1 F 0 # H 1 1 
1 1 1 0 F 0 F 1 
1 1 F 0 0 0 0 1 
1 1 1 1 1 1 G 1 
P52 d33 

Map
1 1 1 1 S 1 1 1 
1 1 F 0 0 0 0 1 
1 1 0 0 0 0 0 1 
1 1 0 0 F 0 1 1 
1 1 0 0 0 0 0 1 
1 1 0 0 F 0 0 1 
1 1 1 G 1 1 1 1 
1 1 1 1 1 1 1 1 
P42 P25 

Map
1 1 1 1 1 1 1 1 
1 0 # 0 0 0 1 1 
1 F 0 0 H 0 1 1 
1 1 0 0 0 0 1 1 
G 0 0 0 H F 1 1 
1 0 0 0 0 0 1 1 
1 1 1 1 S 1 1 1 
1 1 1 1 1 1 1 1 
R45 l53 

Map
1 1 1 1 1 1 1 1 
1 1 F F # 0 0 1 
1 1 0 0 0 1 0 G 
1 1 0 0 0 0 1 1 
1 1 F 1 H H 0 1 
1 1 0 0 F 0 0 1 
1 1 1 1 1 S 1 1 
1 1 1 1 1 1 1 1 
L55 R22 

Map
1 1 1 1 1 1 1 1 
1 0 0 0 0 0 1 1 
S 0 0 0 0 H 1 1 
1 0 0 F 0 0 1 1 
1 1 1 1 0 0 1 1 
1 0 # 0 0 0 1 1 
1 1 1 1 G 1 1 1 
1 1 1 1 1 1 1 1 
U22 l54 

Map
1 1 1 1 1 1 1 1 
1 1 1 1 1 1 G 1 
1 1 0 F 1 H 0 1 
1 1 0 0 F 0 0 1 
1 1 0 0 0 0 1 1 
1 1 1 0 F 0 0 1 
1 1 0 0 0 0 0 S 
1 1 1 1 1 1 1 1 
P23 L33 

Map
1 1 1 1 1 1 1 1 
1 1 1 1 G 1 1 1 
1 0 0 F 0 0 1 1 
1 0 0 0 1 0 S 1 
1 # 0 0 F 0 1 1 
1 H 0 0 F 0 1 1 
1 F 1 0 0 # 1 1 
1 1 1 1 1 1 1 1 
P52 l54 

Map
1 1 1 1 1 1 1 1 
1 1 0 0 0 0 0 1 
1 G F 0 1 0 # 1 
1 1 0 0 0 0 0 1 
1 1 0 F # 0 F 1 
1 1 0 F F H 0 1 
1 1 1 1 S 1 1 1 
1 1 1 1 1 1 1 1 
P33 d31 

Map
1 1 1 1 1 1 1 1 
1 1 1 1 1 1 1 1 
1 0 0 0 0 0 1 1 
1 F 0 0 0 0 S 1 
G F 0 0 0 0 1 1 
1 0 0 0 0 # 1 1 
1 0 0 F 0 0 1 1 
1 1 1 1 1 1 1 1 
P23 u26 

Map
1 1 1 1 1 1 1 1 
1 1 1 G 1 1 1 1 
1 1 0 F 0 0 0 1 
1 1 0 F 0 0 F 1 
1 1 0 0 1 0 0 1 
1 1 0 0 0 0 F 1 
1 1 0 # 0 0 F 1 
1 1 1 1 1 1 S 1 
D52 r24 

Map
1 1 1 1 1 1 1 1 
1 1 1 1 1 S 1 1 
1 0 0 0 0 0 1 1 
1 0 0 H 0 0 1 1 
1 0 0 0 0 0 1 1 
1 F 0 0 0 F G 1 
1 0 0 0 0 1 1 1 
1 1 1 1 1 1 1 1 
P53 r45 

Map
1 1 1 1 1 1 1 1 
1 1 1 S 1 G 1 1 
1 1 0 0 0 0 0 1 
1 1 0 F F 1 F 1 
1 1 0 1 0 0 0 1 
1 1 0 0 0 F 0 1 
1 1 0 0 # 0 0 1 
1 1 1 1 1 1 1 1 
L32 P42 

Map
1 1 1 S 1 1 1 1 
1 1 0 0 0 0 0 1 
1 1 1 0 0 0 0 1 
1 1 0 0 # H 0 1 
1 1 0 F 0 0 0 G 
1 1 0 0 H 0 0 1 
1 1 1 1 1 1 1 1 
1 1 1 1 1 1 1 1 
R64 u33 

Map
1 1 1 G 1 S 1 1 
1 1 0 0 # 0 0 1 
1 1 0 0 0 0 0 1 
1 1 0 0 1 0 0 1 
1 1 0 F H 0 0 1 
1 1 1 H 0 F 0 1 
1 1 1 1 1 1 1 1 
1 1 1 1 1 1 1 1 
R52 r23 

Map
1 1 1 1 1 1 1 1 
1 1 1 0 # 0 F 1 
1 1 F 0 0 1 0 1 
1 G 0 0 0 0 F 1 
1 1 0 0 1 F 0 1 
1 1 0 0 0 0 0 S 
1 1 1 1 1 1 1 1 
1 1 1 1 1 1 1 1 
R24 r32 

Map
1 1 1 1 1 1 1 1 
1 1 1 1 G 1 1 1 
1 1 0 0 0 # 0 1 
1 1 0 H 0 # 1 1 
1 1 # 0 H 0 0 1 
1 1 0 0 0 0 0 1 
1 1 0 0 1 1 # S 
1 1 1 1 1 1 1 1 
P64 u42 

Map
1 1 1 1 1 1 1 1 
1 1 1 1 1 1 1 1 
1 1 1 0 H # 0 1 
1 1 0 0 0 0 0 1 
1 1 0 # F 0 0 S 
1 1 # 0 0 0 0 1 
1 1 F 0 F # 0 1 
1 1 1 1 G 1 1 1 
P35 l65 

Map
1 1 1 1 1 1 1 1 
1 1 1 1 1 1 1 1 
1 1 0 0 0 F # 1 
1 1 0 0 0 0 0 G 
1 1 0 1 0 0 # 1 
1 1 H 0 0 0 0 S 
1 1 0 0 0 0 0 1 
1 1 1 1 1 1 1 1 
D35 d32 

Map
1 1 1 1 1 1 1 1 
1 0 0 0 H 0 1 1 
1 0 0 0 0 0 1 1 
S 0 0 1 H 0 G 1 
1 1 # 0 0 0 1 1 
1 0 # 1 0 0 1 1 
1 1 1 1 1 1 1 1 
1 1 1 1 1 1 1 1 
D31 P54 

Map
1 1 1 1 1 1 1 1 
1 1 1 1 1 1 1 1 
1 1 0 0 0 1 # 1 
1 1 0 0 0 0 0 1 
1 1 0 0 0 0 # 1 
1 G # 0 0 H 0 1 
1 S F 0 0 0 0 1 
1 1 1 1 1 1 1 1 
L63 l45 

Map
1 1 1 1 1 1 1 1 
1 1 F 0 1 # 0 G 
1 1 # F 0 0 0 1 
1 1 0 0 0 1 # 1 
1 1 1 0 0 0 0 1 
1 1 0 0 0 H 0 1 
1 1 S 1 1 1 1 1 
1 1 1 1 1 1 1 1 
P33 P45 

Map
1 1 1 1 1 1 1 1 
1 1 F 0 0 0 1 1 
1 0 F 0 0 0 1 1 
1 0 1 0 0 1 1 1 
1 0 0 0 0 0 1 1 
1 F F F 0 0 1 1 
1 1 G S 1 1 1 1 
1 1 1 1 1 1 1 1 
R33 d24 

Map
1 1 1 S 1 1 1 1 
1 1 # F 0 1 0 1 
1 1 0 0 1 0 0 1 
1 1 0 # 0 0 0 1 
1 1 0 0 0 F 0 1 
1 1 0 0 0 F F 1 
1 1 1 1 1 G 1 1 
1 1 1 1 1 1 1 1 
U45 l62 

Map
1 1 1 1 1 1 1 1 
S 0 1 0 0 0 1 1 
1 0 F 0 0 0 1 1 
1 1 0 0 H 0 1 1 
1 1 F 0 0 0 1 1 
1 0 0 0 0 F 1 1 
1 1 1 1 G 1 1 1 
1 1 1 1 1 1 1 1 
R34 d44 

Map
1 1 1 S G 1 1 1 
1 F # 0 0 0 1 1 
1 0 0 0 0 F 1 1 
1 0 0 0 0 0 1 1 
1 0 H H 0 0 1 1 
1 0 # 0 0 # 1 1 
1 1 1 1 1 1 1 1 
1 1 1 1 1 1 1 1 
P33 l53 

Map
1 1 1 1 1 1 1 1 
1 1 1 1 1 1 1 1 
1 0 0 H # 0 1 1 
S 0 0 F 0 0 1 1 
1 0 0 0 0 F 1 1 
1 0 F 0 0 # 1 1 
1 0 F 0 F 0 1 1 
1 1 1 G 1 1 1 1 
P14 P45 

Map
1 1 1 1 1 1 1 1 
1 1 1 1 1 1 1 1 
1 0 0 0 0 0 1 1 
1 0 F F 0 0 1 1 
G 0 0 1 0 0 1 1 
1 F 0 0 0 0 1 1 
1 H 0 0 F 0 S 1 
1 1 1 1 1 1 1 1 
P26 L14 

Map
1 1 1 1 1 1 1 1 
1 S F 0 0 # 0 1 
1 1 0 0 H 0 0 1 
1 1 0 0 0 F 0 1 
1 1 0 0 0 0 F 1 
1 1 0 F 0 0 0 1 
1 1 1 1 G 1 1 1 
1 1 1 1 1 1 1 1 
P61 P55 

Map
1 1 1 1 1 1 1 1 
1 1 1 1 S 1 1 1 
1 1 # F 0 0 0 1 
1 1 0 0 0 H # 1 
1 1 # 0 0 0 0 1 
1 1 0 0 F 0 0 1 
1 1 0 0 0 F 0 1 
1 1 1 1 1 G 1 1 
D54 l64 

Map
1 1 1 1 1 1 1 1 
1 G F 0 # H 0 1 
1 1 0 0 H 0 0 1 
1 1 0 0 F F 0 1 
1 1 0 0 0 F # 1 
1 S # 0 # 0 1 1 
1 1 1 1 1 1 1 1 
1 1 1 1 1 1 1 1 
P23 l63 

Map
1 1 1 1 S 1 1 1 
1 0 0 F F 0 1 1 
1 0 0 F 0 F 1 1 
1 1 # 0 H 0 1 1 
1 0 0 0 0 0 1 1 
1 # 0 0 1 0 1 1 
1 1 1 1 1 G 1 1 
1 1 1 1 1 1 1 1 
P12 L42 

Map
1 1 1 1 1 1 1 1 
1 1 1 1 1 1 1 1 
1 0 0 0 0 0 1 1 
1 0 0 0 0 0 1 1 
1 F 0 0 0 0 S 1 
G 0 H 0 0 0 1 1 
1 0 F # 0 0 1 1 
1 1 1 1 1 1 1 1 
D34 l15 

Map
1 1 1 1 1 1 1 1 
1 0 0 0 0 0 1 1 
1 0 0 H 0 F S 1 
1 0 0 0 0 0 1 1 
1 1 0 # 0 0 1 1 
1 0 # 0 0 F 1 1 
1 G 1 1 1 1 1 1 
1 1 1 1 1 1 1 1 
U42 L54 

