Map8
1 G 1 1 1 1 1 1 
1 0 F 0 0 1 0 1 
1 1 F 0 H 0 0 1 
1 H 0 0 1 0 1 1 
1 0 0 F 0 1 0 1 
1 0 H 0 0 H 0 1 
1 0 # 0 0 0 0 1 
1 1 1 1 1 1 S 1 
P44 U36 T7

Map8
1 1 1 1 1 1 1 1 
1 0 0 0 0 F 0 1 
1 0 0 0 0 0 F G 
1 0 H 0 0 0 0 1 
1 0 # 0 F F # 1 
1 F 0 0 0 0 0 1 
1 # 0 # 0 0 F 1 
1 1 1 1 1 S 1 1 
P13 L61 T3

Map8
1 1 1 S 1 1 1 1 
1 0 0 # 0 # 1 1 
1 0 0 # # 0 1 1 
1 H 1 F 0 0 0 1 
1 F H 0 0 0 0 G 
1 0 1 # 0 0 0 1 
1 F 0 H # 0 1 1 
1 1 1 1 1 1 1 1 
P55 R21 T3

Map8
1 1 1 1 1 1 1 1 
1 0 0 1 0 # 0 S 
1 F 0 F # 0 F G 
1 0 0 0 F # # 1 
1 0 0 0 F 0 0 1 
1 0 F 0 0 0 0 1 
1 0 0 # F F 0 1 
1 1 1 1 1 1 1 1 
P23 L54 T6

Map8
1 1 1 1 1 1 1 1 
S 0 0 0 F # F 1 
1 # # 0 0 1 0 1 
1 # 0 F 0 0 0 1 
1 0 0 0 0 0 1 1 
1 0 H F H 0 0 1 
1 # 0 F # 0 0 1 
1 1 1 1 1 G 1 1 
P31 R14 T3

Map8
1 1 1 1 1 1 1 1 
1 0 # 0 0 H 0 1 
1 0 0 0 0 0 0 1 
1 # 0 0 0 0 0 1 
1 0 0 0 0 0 0 1 
1 0 H 0 0 0 # 1 
1 0 0 0 0 0 0 1 
1 1 S 1 1 1 G 1 
P11 L36 T4

Map8
1 1 1 1 1 1 1 1 
1 0 H 0 0 # 0 1 
1 # 0 H F 0 H 1 
S F 0 # F F 0 1 
G 0 # 0 0 H 0 1 
1 0 0 0 0 0 0 1 
1 0 0 0 0 0 0 1 
1 1 1 1 1 1 1 1 
P16 L34 T4

Map8
1 1 1 1 1 1 1 1 
S 0 0 0 0 F F 1 
1 1 0 0 # # H 1 
1 F # 0 # F 0 1 
1 0 0 0 0 0 # 1 
1 1 0 0 0 # 0 1 
1 0 H H 0 0 # G 
1 1 1 1 1 1 1 1 
P31 R14 T4

Map8
1 1 G 1 1 1 1 1 
1 0 0 0 # 0 0 1 
1 1 0 1 0 0 0 1 
1 0 # H # 0 1 1 
S 0 F 1 # 0 0 1 
1 F 0 0 0 0 H 1 
1 0 0 0 0 1 H 1 
1 1 1 1 1 1 1 1 
P36 D13 T3

Map8
1 1 1 1 1 S 1 1 
1 0 0 0 0 0 # 1 
1 0 0 # 0 H 0 1 
1 0 0 # F 0 0 G 
1 0 0 0 0 0 # 1 
1 0 0 0 0 0 0 1 
1 0 # F 0 0 1 1 
1 1 1 1 1 1 1 1 
P12 R41 T5

Map8
1 1 S 1 1 1 1 1 
1 0 0 0 0 0 0 1 
1 0 H 0 1 # 0 1 
1 0 0 0 0 0 F G 
1 0 0 F 0 0 0 1 
1 F F 0 0 0 0 1 
1 0 0 0 0 0 # 1 
1 1 1 1 1 1 1 1 
P14 L31 T3

Map8
1 1 1 1 1 1 1 1 
G F 0 F 0 1 0 1 
1 0 0 H 0 0 0 S 
1 F H F F 0 0 1 
1 0 0 # 0 0 F 1 
1 0 0 0 F 0 0 1 
1 0 0 0 0 0 0 1 
1 1 1 1 1 1 1 1 
P36 D61 T4

Map8
1 1 1 1 1 1 S 1 
1 0 0 # 0 0 0 1 
1 0 1 H 0 F 0 1 
1 0 F 0 F 0 H 1 
1 0 0 # 0 0 0 1 
1 F 0 0 0 H 0 1 
1 0 0 0 1 0 0 1 
1 1 1 1 1 G 1 1 
P62 R24 T8

Map8
1 1 1 1 1 1 1 1 
1 0 0 0 1 0 F 1 
1 0 0 0 0 F 0 1 
S F F 0 H F 0 1 
1 H 0 # # # # 1 
1 0 # 0 # 0 H 1 
1 0 0 1 # # 1 1 
1 1 1 1 G 1 1 1 
P55 U24 T5

Map8
1 1 1 1 1 1 1 1 
1 0 0 0 0 1 F 1 
1 0 0 F F F 0 G 
1 # 0 0 0 0 0 1 
1 F 0 0 0 0 0 1 
1 0 0 F 0 0 0 1 
1 0 0 0 1 0 0 1 
1 1 1 1 1 S 1 1 
P11 L63 T3

Map8
1 1 1 1 1 1 1 1 
1 0 0 0 0 0 # 1 
1 # 1 0 0 0 # 1 
1 F 0 0 0 F F 1 
S 0 0 1 0 0 F 1 
1 0 F 0 F 0 # 1 
1 0 0 0 0 0 F 1 
1 1 1 1 1 G 1 1 
P41 R15 T5

Map8
1 1 1 1 1 1 1 1 
1 # 0 0 H 0 F 1 
1 F 0 0 F 0 0 S 
1 F H 0 # 0 0 1 
1 H 0 1 0 0 0 1 
1 F 0 0 F 0 # 1 
1 F # 0 0 0 0 1 
1 1 1 1 G 1 1 1 
P53 D31 T3

Map8
1 1 G 1 1 1 1 1 
1 F F 0 0 0 0 1 
1 # 0 H 0 0 H 1 
1 0 0 0 0 0 0 1 
1 0 F 0 1 # # 1 
1 0 0 F # F # 1 
S 0 1 0 1 0 1 1 
1 1 1 1 1 1 1 1 
P13 L43 T5

Map8
1 1 1 1 1 1 1 1 
1 # 0 H 0 0 0 1 
G 0 0 0 0 0 0 1 
1 0 0 0 H 0 0 1 
1 0 0 0 0 # F 1 
1 F 0 0 0 0 # 1 
1 0 0 0 0 0 0 1 
1 1 1 S 1 1 1 1 
P61 R25 T3

Map8
1 1 1 1 1 1 1 1 
1 0 0 0 F 0 # 1 
1 0 0 0 0 0 0 1 
1 0 0 0 F # 0 S 
1 H 0 0 0 0 H 1 
1 0 F # H 0 0 1 
1 0 F F 0 F F 1 
1 G 1 1 1 1 1 1 
P23 L46 T3

Map8
1 1 1 1 1 1 1 1 
G 0 0 H 0 0 0 1 
1 F 0 0 0 0 F 1 
1 0 1 H F 0 0 1 
1 0 0 0 0 0 F 1 
1 0 F 0 0 0 0 1 
1 F 0 0 0 0 0 S 
1 1 1 1 1 1 1 1 
P26 L44 T4

Map8
1 1 1 S 1 1 1 1 
1 0 # 0 F 0 0 1 
1 0 0 F 0 0 0 1 
1 0 0 # 0 0 0 1 
G 0 # 0 0 0 0 1 
1 F # # 0 F 0 1 
1 0 0 F 0 0 0 1 
1 1 1 1 1 1 1 1 
P63 R26 T3

Map8
1 1 1 1 1 1 1 1 
1 0 0 0 0 0 0 1 
S 0 0 0 0 0 1 1 
1 0 0 0 0 0 1 1 
1 0 0 0 0 1 0 G 
1 0 H 0 0 0 0 1 
1 0 0 0 H 0 F 1 
1 1 1 1 1 1 1 1 
P52 R35 T4

Map8
1 1 1 1 1 G 1 1 
1 1 0 0 1 0 0 1 
1 0 0 0 0 0 0 1 
1 0 0 0 0 0 0 1 
1 H 0 0 0 0 H 1 
1 0 0 1 0 0 0 1 
1 0 0 0 1 # 0 1 
1 1 1 S 1 1 1 1 
P16 R12 T6

Map8
1 1 1 S 1 1 1 1 
1 0 0 0 0 0 0 1 
1 F 0 0 H 0 0 1 
1 F 0 0 0 0 0 1 
1 0 # 0 0 0 0 G 
1 0 0 H # H 0 1 
1 1 # 0 0 0 0 1 
1 1 1 1 1 1 1 1 
P15 L41 T3

Map8
1 1 1 1 1 1 1 1 
S 0 0 H 0 0 0 1 
1 # # F 0 0 0 1 
1 0 0 0 F 0 0 1 
1 # F H 0 0 0 1 
1 0 F 0 # # 1 1 
1 0 F # 1 # 0 1 
1 1 G 1 1 1 1 1 
P13 D21 T3

Map8
1 1 1 1 1 1 1 1 
1 0 # # 0 0 0 1 
1 0 F 0 0 0 0 1 
1 0 0 0 F 0 0 1 
1 F # 0 F # 0 S 
1 F # 0 0 0 0 1 
1 0 F 0 F F 0 1 
1 1 G 1 1 1 1 1 
P11 U35 T3

Map8
1 1 1 1 1 1 S 1 
1 H 0 1 F 0 0 1 
1 H 0 0 0 F 0 1 
1 0 0 1 0 0 0 1 
1 0 # 0 F 0 1 1 
1 0 0 0 0 0 F 1 
1 H 0 0 0 0 0 1 
1 1 G 1 1 1 1 1 
P14 L54 T4

Map8
1 1 G 1 1 1 1 1 
1 0 0 F 0 1 0 1 
1 0 0 # F F 0 1 
1 # 0 0 0 0 0 1 
1 0 0 1 1 0 0 1 
1 0 # 0 0 1 # S 
1 0 F 0 0 1 F 1 
1 1 1 1 1 1 1 1 
P61 U23 T3

Map8
1 1 1 1 1 G 1 1 
1 0 0 0 0 F # 1 
1 0 0 F F 0 0 1 
1 F # 0 0 0 H 1 
1 0 1 0 0 F # S 
1 0 0 0 # 0 0 1 
1 0 H 1 0 0 1 1 
1 1 1 1 1 1 1 1 
P62 R22 T3

Map8
1 1 1 1 1 1 1 1 
G 0 0 H 0 0 0 1 
1 0 0 F # # 0 1 
1 H 0 0 0 F # 1 
1 0 # H # 0 0 S 
1 F 0 H 0 0 0 1 
1 0 0 0 0 0 0 1 
1 1 1 1 1 1 1 1 
P41 U45 T4

Map8
1 1 1 1 1 1 1 1 
1 0 0 0 1 H # 1 
1 0 # # # 1 H 1 
1 0 0 0 0 F 0 1 
1 F F 0 0 0 # 1 
S F 0 # 0 H 0 1 
1 # 0 0 F 0 # 1 
1 1 G 1 1 1 1 1 
P11 U36 T3

Map8
1 1 1 1 1 1 S 1 
1 0 H 0 1 0 0 1 
1 0 H 1 0 # 0 1 
1 0 0 0 0 1 0 1 
1 1 0 0 0 0 F 1 
1 0 0 0 0 H 0 1 
1 H 0 F 0 0 0 1 
1 1 G 1 1 1 1 1 
P63 L54 T4

Map8
1 1 1 1 1 1 1 1 
1 F H H F 0 H 1 
1 0 F 0 F F 0 1 
1 1 0 0 H 0 0 1 
1 0 0 # 0 # # 1 
1 0 0 1 F # F S 
1 0 F 0 0 0 0 1 
1 G 1 1 1 1 1 1 
P53 U56 T3

Map8
1 1 1 1 1 1 1 1 
1 0 1 0 # 0 0 1 
1 0 H F # 0 # 1 
1 0 0 0 0 0 0 1 
1 0 0 # # 1 0 1 
1 0 0 H 0 H 0 S 
1 0 0 0 0 0 0 1 
1 1 1 1 1 G 1 1 
P31 U66 T5

Map8
1 G 1 1 1 1 1 1 
1 0 H 1 1 0 F 1 
1 0 0 0 0 0 0 1 
1 0 0 1 0 0 0 1 
1 F 0 F 0 0 1 1 
1 H 0 0 1 0 0 1 
1 0 1 0 F 0 0 S 
1 1 1 1 1 1 1 1 
P56 L62 T5

Map8
1 1 1 1 G 1 1 1 
1 H 1 F 0 H 0 1 
1 0 0 1 0 0 0 1 
1 0 F 0 1 0 0 1 
1 0 0 0 1 0 F 1 
1 0 H 0 0 F 0 S 
1 0 0 H 0 1 0 1 
1 1 1 1 1 1 1 1 
P61 R45 T4

Map8
1 1 1 1 S 1 1 1 
1 F H 1 0 1 1 1 
1 0 0 0 # 0 0 1 
1 0 0 # H 1 0 1 
1 0 0 1 0 0 1 1 
1 0 0 0 0 0 0 1 
1 H 0 0 0 0 0 1 
1 1 1 1 1 1 G 1 
P12 L52 T4

Map8
1 1 1 1 1 1 1 1 
1 F 0 0 0 0 # 1 
1 H 0 0 0 0 0 1 
G 0 0 0 0 0 0 1 
1 0 0 H # 0 0 1 
1 F 0 0 0 F 0 1 
1 # # 0 0 H 0 1 
1 1 1 S 1 1 1 1 
P62 R25 T3

Map8
1 1 1 1 1 1 1 1 
1 0 0 0 F 0 0 1 
S F # # F F 1 1 
1 0 0 1 0 0 0 G 
1 # # 0 # # 0 1 
1 0 0 H 0 0 0 1 
1 0 F 0 F 1 0 1 
1 1 1 1 1 1 1 1 
P61 U13 T6

Map8
1 1 1 1 1 1 1 1 
1 1 # 0 0 0 0 1 
1 # 0 # 0 0 F 1 
1 0 0 0 0 0 0 1 
1 0 # 0 0 0 # 1 
G 0 0 H 0 0 0 S 
1 0 0 0 0 # 0 1 
1 1 1 1 1 1 1 1 
P26 U46 T4

Map8
1 1 1 1 S 1 1 1 
1 0 F 0 # 0 H 1 
1 0 0 0 F F 0 G 
1 0 0 H 0 0 F 1 
1 0 1 0 0 0 1 1 
1 0 # # 0 0 H 1 
1 H # 0 0 0 0 1 
1 1 1 1 1 1 1 1 
P13 L51 T3

Map8
1 1 1 S 1 1 1 1 
1 # 0 0 0 # 0 1 
1 F H H 0 0 0 1 
1 0 0 0 0 F # 1 
1 0 0 0 0 0 0 1 
G 0 # 0 0 0 0 1 
1 # F 0 0 # 0 1 
1 1 1 1 1 1 1 1 
P66 R21 T3

Map8
1 1 1 1 1 1 1 1 
G # H 0 0 0 # 1 
1 # 0 0 0 # 0 1 
1 F 0 F 0 0 # 1 
1 H 0 F 0 0 0 1 
S # 0 F 0 F 0 1 
1 0 0 H 0 0 # 1 
1 1 1 1 1 1 1 1 
P43 L62 T6

Map8
1 1 1 1 1 1 1 1 
1 F # 0 F 0 0 1 
1 0 0 H 0 # H 1 
1 0 H 0 0 0 0 S 
1 0 F 0 0 0 0 1 
1 0 F 0 0 0 0 1 
1 0 0 0 H 0 0 1 
1 G 1 1 1 1 1 1 
P45 D42 T3

Map8
1 1 G 1 1 1 1 1 
1 0 F 0 0 0 0 1 
1 0 0 # 0 0 0 1 
1 0 F 0 0 0 0 S 
1 0 0 F F F 0 1 
1 0 # 0 0 # # 1 
1 # 0 0 1 0 0 1 
1 1 1 1 1 1 1 1 
P15 D42 T3

Map8
1 1 1 1 1 1 1 1 
1 0 0 0 0 0 0 1 
S 0 0 H 1 0 0 1 
1 0 0 0 0 1 0 1 
1 1 0 0 0 0 0 1 
1 0 0 H 0 0 0 1 
1 0 0 0 0 0 0 1 
1 1 G 1 1 1 1 1 
P31 U13 T3

Map8
1 1 1 1 1 1 1 1 
1 0 H 0 F # 0 1 
G # # 0 0 F 0 1 
1 0 1 0 0 0 0 1 
1 0 0 H # 1 0 1 
1 F # 0 0 0 0 1 
1 1 0 F F F 0 1 
1 1 1 S 1 1 1 1 
P61 R26 T3

Map8
1 1 1 1 1 1 1 1 
1 0 0 0 0 0 0 1 
1 0 1 1 0 0 0 1 
1 1 0 0 0 H 0 S 
1 F 0 0 0 0 0 1 
1 0 0 0 0 0 0 1 
1 0 0 0 0 0 1 1 
1 1 1 1 G 1 1 1 
P31 U64 T3

Map8
1 1 1 1 1 1 1 1 
1 0 H # 0 0 0 1 
1 0 0 0 0 0 # G 
1 0 0 0 0 1 0 1 
1 # 0 # H 1 H 1 
1 0 0 0 0 0 0 1 
1 0 0 0 0 0 0 1 
1 1 1 1 S 1 1 1 
P11 L55 T3

Map8
1 1 1 1 S 1 1 1 
1 0 0 0 0 0 1 1 
1 0 1 0 0 0 F 1 
1 H 0 0 0 F 0 G 
1 0 H 0 F 0 H 1 
1 0 F 0 0 0 0 1 
1 0 F 0 0 F H 1 
1 1 1 1 1 1 1 1 
P34 L52 T3

Map8
1 1 1 1 1 1 1 1 
1 1 0 0 0 F 0 1 
1 H 0 0 0 0 1 1 
1 0 H F 0 0 0 S 
1 0 0 0 0 F 0 1 
1 0 0 1 0 0 F 1 
1 H 0 1 # 0 0 1 
1 1 G 1 1 1 1 1 
P14 D32 T3

Map8
1 1 S 1 1 1 1 1 
1 0 0 # 0 1 0 1 
1 0 0 0 F F 0 1 
1 0 0 # 0 0 H 1 
1 F # # 0 # H 1 
1 0 0 F H # 0 1 
1 # 0 0 H 0 F G 
1 1 1 1 1 1 1 1 
P25 D53 T3

Map8
1 1 1 1 1 1 1 1 
1 0 0 0 0 0 # 1 
G # F 0 F 1 F 1 
1 # 0 0 F 0 0 1 
1 1 # 0 0 0 0 1 
1 F F 0 0 F # 1 
1 0 H # 0 # # 1 
1 1 1 1 S 1 1 1 
P21 R33 T5

Map8
1 1 1 1 1 1 1 1 
G 0 0 0 H F 0 1 
1 F 0 0 0 F 0 1 
1 1 0 1 # 0 F 1 
1 0 F 1 0 0 1 1 
1 0 # 0 0 F 0 1 
1 0 0 0 0 0 0 1 
1 1 1 1 1 S 1 1 
P16 D54 T4

Map8
1 1 1 1 S 1 1 1 
1 0 F H 0 # 0 1 
1 # 0 0 # F 0 G 
1 0 0 0 F 0 0 1 
1 0 0 F H 0 0 1 
1 # 0 0 0 0 0 1 
1 H # 0 0 0 # 1 
1 1 1 1 1 1 1 1 
P11 L53 T3

Map8
1 1 1 1 1 1 1 1 
G 0 0 H 0 0 0 1 
1 # 0 H 0 F # S 
1 0 0 0 F # 0 1 
1 0 F # 0 0 0 1 
1 1 1 0 F F 0 1 
1 0 F H 1 F 0 1 
1 1 1 1 1 1 1 1 
P54 D51 T4

Map8
1 1 1 1 1 1 S 1 
1 H 0 F 0 0 0 1 
1 0 0 0 # 0 0 1 
1 0 0 F 0 H F 1 
1 F 0 0 0 # 1 1 
1 0 0 F 0 0 F 1 
1 0 F 0 0 0 H 1 
1 G 1 1 1 1 1 1 
P41 L62 T4

Map8
1 1 G S 1 1 1 1 
1 0 0 0 # # 0 1 
1 # 0 F 0 F 0 1 
1 0 0 1 1 F 0 1 
1 0 0 0 0 F # 1 
1 0 0 0 # 0 F 1 
1 0 # F 0 0 H 1 
1 1 1 1 1 1 1 1 
P14 L42 T4

Map8
1 1 1 1 1 1 1 1 
1 # # 0 # 0 0 1 
1 0 0 0 1 1 F S 
1 0 # F 0 # 0 1 
1 0 0 F 0 0 0 1 
1 1 0 F 0 # # 1 
1 1 0 F 0 0 0 1 
1 1 1 1 1 G 1 1 
P14 U63 T5

Map8
1 1 1 1 1 1 1 1 
1 F 0 0 0 1 F 1 
1 1 0 0 0 F 0 1 
1 0 0 F 0 F 0 1 
1 0 F F 0 0 0 1 
1 0 1 0 1 0 0 1 
1 F 0 0 0 0 0 1 
1 G 1 S 1 1 1 1 
P62 R26 T4

Map8
1 1 1 G 1 1 1 1 
1 0 F 0 0 0 1 1 
1 0 0 0 0 0 0 1 
1 # 0 0 H # # 1 
1 1 0 F 0 0 0 1 
S 0 0 # F # F 1 
1 # # 0 0 0 0 1 
1 1 1 1 1 1 1 1 
P46 D24 T3

Map8
1 1 1 1 1 1 1 1 
1 1 1 0 0 0 0 1 
1 H 0 0 0 1 0 1 
1 H 0 F 0 # 0 S 
G 0 0 1 H 0 # 1 
1 0 0 0 0 0 0 1 
1 0 0 0 0 0 0 1 
1 1 1 1 1 1 1 1 
P16 R23 T5

Map8
1 1 1 G 1 1 1 1 
1 0 # F F 1 0 1 
1 0 0 0 F 0 0 1 
S 0 0 H H 0 F 1 
1 0 0 0 0 0 0 1 
1 0 1 0 F 0 0 1 
1 0 0 H H 1 1 1 
1 1 1 1 1 1 1 1 
P61 D22 T5

Map8
1 1 1 S 1 1 1 1 
1 0 F F F 0 1 1 
1 1 H 0 0 0 # 1 
1 F F # F F 1 1 
G 0 F 0 # 0 0 1 
1 0 1 # 0 0 H 1 
1 # 0 1 0 0 0 1 
1 1 1 1 1 1 1 1 
P55 L54 T3

Map8
1 1 1 1 1 1 G 1 
1 0 0 0 0 0 0 1 
1 0 0 0 0 0 0 1 
1 0 1 0 0 0 0 1 
1 H 0 H 0 # 0 1 
1 0 0 # 0 0 1 1 
1 H 0 0 F 0 0 S 
1 1 1 1 1 1 1 1 
P26 R25 T5

Map8
1 1 1 1 1 1 1 1 
1 0 0 0 1 # 0 S 
1 0 0 0 0 # F 1 
1 0 0 0 0 0 F 1 
1 1 1 # 0 0 0 1 
1 # 0 0 1 0 0 1 
G 0 H 0 0 0 0 1 
1 1 1 1 1 1 1 1 
P36 L64 T6

Map8
1 1 1 1 1 1 1 1 
1 0 0 H 0 0 0 1 
1 0 0 0 0 # 0 1 
1 1 0 0 0 0 # 1 
G 0 0 1 0 0 0 S 
1 1 0 0 0 0 H 1 
1 F 0 1 0 0 F 1 
1 1 1 1 1 1 1 1 
P23 L55 T4

Map8
1 S 1 1 1 1 1 1 
1 0 0 0 # 0 H 1 
1 0 1 0 0 0 0 1 
1 H F 0 1 # 1 1 
1 0 0 0 0 0 0 G 
1 0 # 0 1 0 # 1 
1 0 0 0 # 0 0 1 
1 1 1 1 1 1 1 1 
P12 D51 T7

Map8
1 1 1 S 1 1 1 1 
1 0 0 0 0 0 0 1 
1 # 0 0 F 0 H 1 
1 0 H 0 0 0 0 1 
1 F 0 0 0 0 0 1 
1 0 0 H # 0 # G 
1 # 0 0 1 1 # 1 
1 1 1 1 1 1 1 1 
P33 D41 T3

Map8
1 1 1 G 1 1 1 1 
1 1 0 0 0 # 1 1 
1 F F 0 0 F 0 1 
S 0 1 0 1 F 1 1 
1 0 0 0 F 0 # 1 
1 0 0 0 0 0 0 1 
1 0 # # H # 1 1 
1 1 1 1 1 1 1 1 
P15 U35 T3

Map8
1 1 1 1 1 1 1 1 
1 F F H 0 0 0 1 
1 0 0 0 F 0 0 1 
1 H F H 0 0 0 1 
G 0 0 0 0 0 0 1 
1 0 0 0 0 F 0 S 
1 0 0 0 1 0 # 1 
1 1 1 1 1 1 1 1 
P63 R45 T3

Map8
1 1 1 1 1 1 S 1 
1 H 0 0 0 0 0 1 
1 0 0 F 1 F 0 1 
1 0 1 0 0 0 0 1 
1 H 0 0 0 0 0 1 
1 0 0 H 0 0 0 1 
G 0 0 0 0 F F 1 
1 1 1 1 1 1 1 1 
P65 D43 T3

Map8
1 1 1 G 1 S 1 1 
1 0 0 0 0 F 0 1 
1 H # 0 0 0 0 1 
1 0 0 0 0 H # 1 
1 0 0 0 H 0 # 1 
1 F # 0 0 0 0 1 
1 0 0 0 0 0 0 1 
1 1 1 1 1 1 1 1 
P26 R41 T4

Map8
1 1 1 1 1 1 1 1 
1 1 0 0 0 H 0 1 
1 1 0 0 0 0 1 1 
1 0 0 0 # 0 0 1 
S 0 0 H 0 1 0 1 
1 0 0 H F 0 0 1 
1 1 # 1 0 0 F G 
1 1 1 1 1 1 1 1 
P53 U15 T4

Map8
1 1 S 1 1 1 1 1 
1 H 0 0 F F 0 1 
1 0 0 0 0 # F 1 
1 0 F F # # 0 G 
1 0 0 # # # 0 1 
1 1 1 F 0 1 0 1 
1 H H 0 1 1 # 1 
1 1 1 1 1 1 1 1 
P42 U45 T3

Map8
1 1 1 1 1 1 S 1 
1 1 0 0 0 # 0 1 
1 # 0 F 0 # 0 1 
1 0 # H F # 1 1 
1 0 0 F 0 0 F 1 
1 F 0 0 0 0 # 1 
1 0 H 0 0 H # 1 
1 1 1 1 1 1 G 1 
P42 R45 T4

Map8
1 1 1 1 1 1 1 1 
1 # F 0 0 0 # 1 
1 # # 0 0 F 0 G 
1 0 1 0 0 H 0 S 
1 0 0 0 F 0 0 1 
1 0 0 0 0 0 0 1 
1 # 0 0 0 F 0 1 
1 1 1 1 1 1 1 1 
P13 U64 T4

Map8
1 1 S 1 1 1 1 1 
1 # F 0 F H 0 1 
1 F 0 0 F 0 0 1 
1 F 0 0 0 0 0 1 
1 0 H 0 0 0 0 1 
1 0 0 0 F 0 F G 
1 0 0 0 # 0 0 1 
1 1 1 1 1 1 1 1 
P16 L31 T3

Map8
1 1 1 1 1 1 S 1 
1 F F 0 0 0 0 1 
1 # 0 0 0 0 1 1 
1 F 0 # 0 F F G 
1 # 0 0 0 H 0 1 
1 0 0 0 0 0 # 1 
1 0 # 0 0 0 F 1 
1 1 1 1 1 1 1 1 
P41 R43 T3

Map8
1 1 1 S 1 1 1 1 
1 0 0 0 H 0 # 1 
1 1 0 1 F 0 1 1 
1 0 # 0 0 0 0 1 
1 0 0 F 0 0 1 1 
1 0 0 0 H # 0 1 
1 0 0 0 0 0 0 1 
1 1 1 1 1 G 1 1 
P11 R14 T4

Map8
1 1 1 1 1 1 1 1 
1 # 0 1 0 # H 1 
1 # 0 F 0 1 0 1 
1 0 0 0 0 0 0 G 
1 1 0 0 0 H 0 1 
1 0 0 0 # # 0 1 
1 0 1 0 0 0 0 1 
1 1 1 1 1 S 1 1 
P15 L65 T5

Map8
1 1 1 G 1 1 1 1 
1 0 # 0 0 1 0 1 
1 0 0 # 0 # 1 1 
S F 0 0 H 0 0 1 
1 0 0 # 0 1 0 1 
1 0 0 0 0 0 0 1 
1 F 0 # 0 0 0 1 
1 1 1 1 1 1 1 1 
P46 D22 T3

Map8
1 S 1 1 G 1 1 1 
1 0 0 0 # H 0 1 
1 0 0 # F 0 H 1 
1 0 0 0 0 0 0 1 
1 H 0 1 # 0 # 1 
1 0 H # 0 0 1 1 
1 0 0 F 1 F 0 1 
1 1 1 1 1 1 1 1 
P13 D31 T6

Map8
1 1 1 1 1 S 1 1 
1 0 0 0 0 0 0 1 
1 H 0 0 0 F F 1 
1 F 0 0 0 F 0 1 
1 F 0 1 0 H 1 1 
1 0 0 0 0 0 0 1 
1 F 0 0 0 0 0 G 
1 1 1 1 1 1 1 1 
P11 R43 T5

Map8
1 1 1 1 S 1 1 1 
1 0 0 0 0 0 0 1 
1 0 0 0 0 0 0 G 
1 0 0 H # 0 H 1 
1 0 0 0 F 0 0 1 
1 0 0 0 H 0 0 1 
1 0 0 0 0 0 # 1 
1 1 1 1 1 1 1 1 
P11 L54 T3

Map8
1 1 1 1 1 S 1 1 
G 0 F 1 1 0 0 1 
1 0 0 0 0 0 0 1 
1 0 0 0 0 F 0 1 
1 F 0 0 0 0 0 1 
1 # 0 F H H 0 1 
1 0 0 0 0 F H 1 
1 1 1 1 1 1 1 1 
P61 R43 T5

Map8
1 1 G 1 1 1 1 1 
1 H # 0 0 F 0 1 
1 H # # 0 0 F S 
1 0 # 0 H 0 0 1 
1 0 0 0 F 0 0 1 
1 # F 0 0 0 1 1 
1 # 0 0 0 0 0 1 
1 1 1 1 1 1 1 1 
P14 D61 T3

Map8
1 1 1 1 G 1 1 1 
1 0 0 # 0 0 0 1 
1 F 0 0 0 0 0 1 
1 # 0 0 0 0 # 1 
1 F # 0 1 0 # S 
1 F 0 0 1 0 0 1 
1 H # 0 F # 0 1 
1 1 1 1 1 1 1 1 
P32 L62 T3

Map8
1 1 S 1 1 1 1 1 
1 1 # 0 F 0 0 1 
1 H 0 0 F 0 # 1 
1 0 H 0 H 1 0 1 
1 0 1 0 1 0 0 1 
1 0 # 0 0 # 0 1 
1 H # 0 0 0 1 1 
1 1 1 G 1 1 1 1 
P22 D34 T4

Map8
1 1 1 1 1 1 1 1 
1 1 0 0 0 0 # 1 
1 1 0 # 0 0 0 1 
1 # # 0 0 F F S 
1 H 0 0 0 0 1 1 
1 0 0 F 0 0 # 1 
1 0 H 0 0 0 1 1 
1 1 1 G 1 1 1 1 
P21 U44 T3

Map8
1 S 1 1 1 1 1 1 
1 0 F # # 0 # 1 
1 # 0 F 0 0 0 1 
1 0 0 0 1 0 0 1 
1 0 0 0 0 0 0 1 
1 1 F 0 0 0 F G 
1 0 F # 0 0 0 1 
1 1 1 1 1 1 1 1 
P56 D53 T3

Map8
1 S 1 1 1 1 1 1 
1 0 0 # 0 0 0 1 
1 0 # H 0 0 0 1 
1 1 0 0 0 0 0 1 
1 0 0 0 H 0 H 1 
1 0 0 0 0 0 0 1 
1 1 0 1 0 0 1 1 
1 1 G 1 1 1 1 1 
P51 L53 T5

Map8
1 1 1 1 1 1 1 1 
1 0 0 # 0 0 0 1 
1 F 0 0 0 0 0 S 
1 F 0 0 0 0 0 1 
1 0 0 0 0 0 1 1 
1 1 0 H 0 0 0 1 
1 # 0 0 1 F 0 1 
1 1 1 G 1 1 1 1 
P11 U33 T5

Map8
1 1 1 1 1 1 1 1 
1 0 0 # 0 0 0 1 
1 0 F # # 0 0 1 
1 0 H # F 0 F 1 
1 F 0 H 0 0 0 1 
G F # # F 0 0 1 
1 0 0 0 0 0 0 1 
1 1 1 1 S 1 1 1 
P64 R36 T3

Map8
1 1 1 1 1 1 1 1 
1 0 # 0 0 0 F 1 
G 0 0 0 0 0 F 1 
1 H F 0 0 0 0 1 
1 1 0 # 0 # 0 1 
1 0 0 0 # 0 F 1 
1 0 0 0 0 H 0 1 
1 S 1 1 1 1 1 1 
P31 U36 T3

Map8
1 1 S 1 1 1 1 1 
1 0 0 0 0 1 0 1 
1 0 0 0 0 1 0 1 
1 0 F 0 0 0 0 G 
1 0 0 1 0 0 H 1 
1 1 0 H 0 H 0 1 
1 1 0 0 0 0 0 1 
1 1 1 1 1 1 1 1 
P14 L31 T3

Map8
1 1 1 1 1 1 G 1 
S 0 F 0 H 0 F 1 
1 0 F 0 F 0 0 1 
1 F 0 0 0 0 0 1 
1 0 0 F # 0 0 1 
1 0 0 0 0 0 1 1 
1 0 0 H H 0 0 1 
1 1 1 1 1 1 1 1 
P15 L31 T4

Map8
1 1 S 1 1 1 1 1 
1 0 # 0 0 0 0 1 
1 1 0 0 # 0 0 1 
1 0 H 0 0 0 0 1 
1 # 0 0 0 0 0 1 
1 0 0 0 0 0 0 G 
1 0 # 1 # 0 # 1 
1 1 1 1 1 1 1 1 
P41 R11 T3

Map8
1 1 1 1 1 1 1 1 
1 0 0 0 0 # 0 1 
1 0 F 0 0 0 0 1 
1 # 0 0 # 0 0 1 
1 0 0 H 0 0 # S 
1 0 0 0 H 0 # 1 
1 0 0 0 0 0 0 1 
1 1 G 1 1 1 1 1 
P11 U55 T3

Map8
1 1 1 S 1 1 1 1 
1 0 0 0 # H 0 1 
1 0 0 0 # 0 0 1 
G 0 0 F 0 # 0 1 
1 0 0 1 0 0 0 1 
1 0 0 0 0 0 H 1 
1 1 H 0 0 0 0 1 
1 1 1 1 1 1 1 1 
P64 R22 T3

Map10
1 1 S 1 1 1 1 1 1 1 
1 0 0 0 0 0 0 F 1 1 
1 0 0 0 0 0 1 0 0 1 
1 1 0 H 0 1 F # H 1 
1 1 0 F 0 0 0 0 0 1 
1 0 H 0 1 0 0 F 0 1 
G 0 0 0 0 0 F 0 0 1 
1 0 F 0 1 H 0 0 0 1 
1 0 1 0 0 0 0 0 F 1 
1 1 1 1 1 1 1 1 1 1 
P87 L31 T9

Map10
1 1 1 1 1 G 1 1 1 1 
1 0 0 0 0 0 0 0 # 1 
1 0 0 0 0 0 0 F 0 1 
1 0 0 0 F # # 0 0 1 
1 0 # # 0 0 0 0 0 1 
S 0 0 0 0 0 # # F 1 
1 0 # 0 0 0 0 0 0 1 
1 0 F F 0 0 0 F 0 1 
1 0 0 0 0 0 0 0 0 1 
1 1 1 1 1 1 1 1 1 1 
P48 D64 T3

Map10
1 1 1 1 1 G 1 1 1 1 
1 0 # 0 H 0 0 0 # 1 
1 0 0 0 0 0 0 0 0 1 
1 F 0 # 0 0 0 0 0 1 
S 0 0 1 H 0 # F 0 1 
1 0 0 0 0 0 0 0 # 1 
1 0 0 0 0 0 0 0 0 1 
1 0 0 0 1 # # F 0 1 
1 0 0 1 H F 0 # 0 1 
1 1 1 1 1 1 1 1 1 1 
P62 R12 T3

Map10
1 G 1 1 1 S 1 1 1 1 
1 0 0 H 0 0 0 # 0 1 
1 H 0 0 0 # F # 0 1 
1 0 0 0 0 0 0 0 0 1 
1 0 # # 0 # 0 0 0 1 
1 1 # # 0 0 # 0 0 1 
1 0 0 # 0 H 0 0 0 1 
1 0 H # 0 0 0 0 0 1 
1 0 0 F 0 0 0 0 0 1 
1 1 1 1 1 1 1 1 1 1 
P13 L63 T4

Map10
1 1 1 1 1 S 1 1 1 1 
1 0 0 0 # 0 0 0 0 1 
1 1 0 0 0 0 0 # 0 1 
1 0 # 0 0 H 0 0 0 1 
1 H 0 1 0 0 F 0 0 1 
1 0 0 H 0 0 0 0 0 1 
1 0 1 F 0 1 F 0 # 1 
G F 0 0 0 0 0 0 # 1 
1 H 0 F 1 1 0 0 0 1 
1 1 1 1 1 1 1 1 1 1 
P88 R42 T3

Map10
1 1 S 1 1 1 1 1 1 1 
1 H 0 0 0 # F 0 0 1 
1 H 0 # 0 0 # 0 0 1 
1 0 1 # 0 0 # F 0 1 
1 # 0 0 0 0 0 0 0 1 
G 0 0 F 0 0 0 H 0 1 
1 0 0 0 0 0 0 0 0 1 
1 # 0 0 0 0 0 # # 1 
1 0 0 0 0 F H 0 0 1 
1 1 1 1 1 1 1 1 1 1 
P46 D41 T3

Map10
1 1 1 1 1 1 1 S 1 1 
1 F 0 0 0 0 0 0 H 1 
1 0 0 H 0 0 0 0 H 1 
1 0 H 0 0 0 0 # 0 1 
1 F 0 0 0 0 0 0 0 1 
G 0 F F 0 0 0 H F 1 
1 0 0 0 0 1 0 H F 1 
1 0 0 0 0 0 0 0 0 1 
1 0 0 0 H 0 0 0 0 1 
1 1 1 1 1 1 1 1 1 1 
P74 D52 T3

Map10
1 1 1 1 G 1 1 1 1 1 
1 0 0 1 0 F 0 1 0 1 
1 0 0 0 0 0 H 0 0 1 
1 0 0 0 0 0 0 0 1 1 
1 # 0 # 0 H 0 0 H 1 
1 0 0 0 0 # F 0 0 1 
S 0 0 # 0 F H 0 0 1 
1 0 0 # 0 1 0 0 0 1 
1 # 0 0 0 F 0 0 0 1 
1 1 1 1 1 1 1 1 1 1 
P28 D25 T3

Map10
1 1 1 1 S 1 1 1 1 1 
1 0 0 0 0 0 # 0 0 1 
1 0 # 0 0 0 F 0 F 1 
1 0 0 # 0 0 0 0 0 1 
G 0 0 0 F 0 0 0 0 1 
1 0 0 0 H 0 0 F 0 1 
1 0 0 # 0 0 0 0 0 1 
1 0 0 0 0 H 0 0 0 1 
1 0 0 0 0 0 0 0 # 1 
1 1 1 1 1 1 1 1 1 1 
P85 R31 T3

Map10
1 1 S 1 1 1 1 1 1 1 
1 0 0 F # 0 F H # 1 
1 # 0 0 H 0 0 0 0 1 
1 0 0 0 0 F 0 0 0 1 
1 1 0 0 0 F 1 1 0 1 
G 0 1 0 # 0 1 0 0 1 
1 0 # # 1 # 0 H # 1 
1 0 0 F 0 0 0 0 0 1 
1 0 0 F 0 1 H 0 F 1 
1 1 1 1 1 1 1 1 1 1 
P44 L47 T5

Map10
1 1 1 1 1 1 S 1 1 1 
1 0 1 1 0 0 0 F 0 1 
1 0 0 0 1 0 0 0 F 1 
1 1 0 0 0 F H 0 0 1 
G 0 0 0 0 0 0 0 0 1 
1 1 0 0 0 0 H 0 0 1 
1 0 F 0 H 0 H 0 0 1 
1 0 F 0 0 F F 0 0 1 
1 0 H 0 1 0 0 0 0 1 
1 1 1 1 1 1 1 1 1 1 
P55 L72 T3

Map10
1 1 1 1 1 1 1 1 1 1 
1 F H 0 0 0 0 0 F 1 
G 0 F 0 0 0 0 1 # 1 
1 0 1 0 0 0 0 0 1 1 
S 0 0 # F 0 F 0 0 1 
1 0 F # 0 0 0 0 0 1 
1 # 0 0 0 1 0 0 0 1 
1 0 0 0 0 0 0 0 # 1 
1 0 H H 0 0 0 # 0 1 
1 1 1 1 1 1 1 1 1 1 
P84 L42 T4

Map10
1 1 G 1 1 1 1 1 1 1 
1 0 0 H 0 H 0 0 0 1 
1 0 0 0 # 0 0 0 0 1 
1 0 0 0 0 0 # 0 F 1 
S 0 0 F 0 0 # 0 0 1 
1 0 0 F 0 0 0 0 F 1 
1 0 0 0 0 0 0 0 0 1 
1 0 0 0 0 0 F # 0 1 
1 0 0 0 1 0 0 F 0 1 
1 1 1 1 1 1 1 1 1 1 
P17 D43 T3

Map10
1 1 1 1 1 1 1 S 1 1 
1 0 0 0 0 0 1 0 H 1 
G F 0 0 1 0 0 0 0 1 
1 0 0 0 0 0 0 0 F 1 
1 0 H # 0 0 0 0 F 1 
1 H 1 0 0 0 0 0 0 1 
1 0 0 0 0 1 0 0 H 1 
1 0 0 0 0 0 0 0 0 1 
1 0 H 0 0 0 0 0 H 1 
1 1 1 1 1 1 1 1 1 1 
P31 L85 T3

Map10
1 1 1 G 1 1 1 1 1 1 
1 0 0 0 0 F H 0 0 1 
1 0 0 F 0 0 0 0 0 1 
1 H 0 0 0 F 0 0 0 1 
1 0 0 0 0 0 F 0 0 1 
1 0 0 0 0 0 0 0 F 1 
S 0 0 F 0 0 0 F 0 1 
1 0 0 0 0 0 0 0 0 1 
1 H 0 0 0 0 0 0 0 1 
1 1 1 1 1 1 1 1 1 1 
P48 D25 T3

Map10
1 G 1 1 S 1 1 1 1 1 
1 # 1 0 # 0 0 0 0 1 
1 0 0 0 F 0 0 0 0 1 
1 0 0 # 0 0 0 0 # 1 
1 0 0 F F 0 0 F H 1 
1 H 0 0 # # 0 F 0 1 
1 # 0 0 0 0 0 0 1 1 
1 0 0 0 0 1 F # 0 1 
1 # 0 0 0 0 0 0 0 1 
1 1 1 1 1 1 1 1 1 1 
P72 R36 T4

Map10
1 1 1 1 1 S 1 1 1 1 
1 0 0 0 0 # 0 0 0 1 
G 0 0 0 0 # 0 0 0 1 
1 # 0 # # H 0 0 0 1 
1 # 0 # 0 0 0 0 0 1 
1 0 0 0 0 F 0 0 0 1 
1 0 0 0 0 0 # 0 0 1 
1 0 0 0 0 H H # # 1 
1 # 0 0 0 0 0 0 0 1 
1 1 1 1 1 1 1 1 1 1 
P83 R41 T3

Map10
1 1 S 1 1 1 1 G 1 1 
1 # 0 0 0 H H 0 0 1 
1 F 1 0 1 0 0 F 1 1 
1 0 0 1 0 0 0 0 # 1 
1 F 0 0 H 0 # F 0 1 
1 0 0 F F 0 0 0 # 1 
1 0 0 0 F 0 0 0 0 1 
1 F 0 0 0 0 H H 0 1 
1 H H 0 1 0 # F 0 1 
1 1 1 1 1 1 1 1 1 1 
P16 U76 T4

Map10
1 1 1 1 1 1 1 G 1 1 
1 0 0 # 0 0 0 0 0 1 
1 0 0 # 0 0 0 0 0 1 
S 0 0 0 0 0 0 0 F 1 
1 0 0 0 # 0 0 0 0 1 
1 0 0 0 0 0 0 0 0 1 
1 0 0 0 0 0 0 0 0 1 
1 0 0 0 0 0 0 0 0 1 
1 0 0 0 0 0 0 0 0 1 
1 1 1 1 1 1 1 1 1 1 
P68 D82 T3

Map10
1 1 1 1 1 1 G 1 1 1 
1 0 # # 0 0 0 0 0 1 
S 0 # H 0 1 0 0 0 1 
1 0 0 0 0 0 0 # 0 1 
1 0 0 0 0 # F 0 0 1 
1 0 0 0 0 0 0 0 0 1 
1 0 # 0 0 0 0 1 # 1 
1 0 0 0 0 0 F F 1 1 
1 0 0 0 0 1 0 0 0 1 
1 1 1 1 1 1 1 1 1 1 
P17 D11 T3

Map10
1 1 1 1 1 1 G 1 1 1 
1 0 0 1 0 # 0 0 0 1 
1 0 0 0 0 # F F F 1 
S 0 0 1 F 0 0 # 0 1 
1 0 # 0 F 0 0 0 0 1 
1 0 H F 0 0 F 0 0 1 
1 1 0 0 0 0 0 0 F 1 
1 1 0 0 H 0 0 F 0 1 
1 0 0 0 0 0 0 # 0 1 
1 1 1 1 1 1 1 1 1 1 
P21 U63 T3

Map10
1 S 1 1 1 1 1 1 1 1 
1 F F 0 0 H 0 0 0 1 
1 F 0 0 0 0 0 0 F 1 
1 0 0 0 0 H F 0 F 1 
1 0 F 0 0 0 0 0 0 1 
1 1 0 0 0 0 0 F 0 1 
G 0 0 0 0 F 0 0 0 1 
1 0 0 F 0 0 0 0 H 1 
1 F 0 0 0 0 H 0 0 1 
1 1 1 1 1 1 1 1 1 1 
P44 L46 T3

Map10
1 1 1 1 1 1 G 1 1 1 
1 0 0 0 0 0 0 0 0 1 
1 0 0 H 0 0 0 0 0 1 
1 0 0 0 0 0 0 H 0 1 
S 0 0 0 0 F 0 H H 1 
1 0 0 0 H H 0 0 0 1 
1 0 0 0 0 0 0 H 0 1 
1 0 F 0 0 0 0 0 0 1 
1 0 F 0 0 0 0 0 0 1 
1 1 1 1 1 1 1 1 1 1 
P78 D13 T3

Map10
1 1 1 1 1 1 1 S 1 1 
1 F 0 0 0 0 0 F 0 1 
1 # 0 # 0 0 F 0 F 1 
1 0 0 # 0 0 1 0 0 1 
G 0 0 0 1 0 0 # # 1 
1 0 0 1 # 0 H 0 0 1 
1 0 0 F 0 H 0 # F 1 
1 0 0 H 0 F F H 1 1 
1 1 F # 1 0 0 H 0 1 
1 1 1 1 1 1 1 1 1 1 
P21 L81 T3

Map10
1 G 1 S 1 1 1 1 1 1 
1 0 # 0 0 0 0 0 F 1 
1 0 0 F 0 F 0 0 # 1 
1 # 0 H 0 0 0 F 0 1 
1 F 0 0 0 0 0 0 # 1 
1 # 0 0 0 # 0 F 0 1 
1 0 0 0 F F F 0 0 1 
1 F 0 0 0 0 F 0 0 1 
1 H 1 # 1 0 0 0 0 1 
1 1 1 1 1 1 1 1 1 1 
P72 R22 T4

Map10
1 1 1 1 1 G 1 1 1 1 
1 0 0 0 0 0 0 F 0 1 
1 0 0 # 0 0 H 0 H 1 
1 0 0 0 0 0 0 0 0 1 
1 H 0 0 0 # 0 0 F 1 
1 0 0 0 F 0 # H 0 1 
1 H 0 1 0 0 0 # 0 1 
S 0 0 0 0 # # 0 1 1 
1 1 # 0 0 # 0 F 0 1 
1 1 1 1 1 1 1 1 1 1 
P48 D66 T3

Map10
1 1 1 1 1 1 G 1 1 1 
1 0 0 0 0 0 0 0 0 1 
1 0 0 # 0 0 0 # # 1 
S 0 0 # H 0 # 0 0 1 
1 0 0 0 0 0 0 0 0 1 
1 0 0 0 # 0 # 0 0 1 
1 0 0 0 0 H 0 0 0 1 
1 0 0 0 0 # 0 0 0 1 
1 0 0 0 0 0 0 0 0 1 
1 1 1 1 1 1 1 1 1 1 
P78 D12 T3

Map10
1 1 1 1 1 1 S 1 1 1 
1 0 0 0 0 1 F 0 0 1 
1 0 1 1 0 0 0 0 0 1 
1 0 H 0 0 0 0 0 0 1 
G 0 0 0 # 0 1 1 0 1 
1 0 0 0 0 0 0 F 0 1 
1 1 0 0 0 0 0 0 0 1 
1 0 # 0 0 F 0 F 0 1 
1 0 0 0 0 0 0 0 0 1 
1 1 1 1 1 1 1 1 1 1 
P45 D42 T3

Map10
1 1 1 S 1 G 1 1 1 1 
1 0 H F 0 0 1 0 0 1 
1 0 0 0 0 # # 0 0 1 
1 0 0 0 0 F 0 0 F 1 
1 0 H H 0 # 0 # 0 1 
1 0 0 # 0 0 0 0 0 1 
1 0 1 1 0 # F 1 F 1 
1 0 0 0 0 # 1 0 0 1 
1 F 0 0 0 0 0 0 0 1 
1 1 1 1 1 1 1 1 1 1 
P48 R22 T4

Map10
1 S G 1 1 1 1 1 1 1 
1 0 0 F 0 0 0 1 0 1 
1 F 0 0 # 0 0 0 0 1 
1 F 0 0 0 0 0 1 0 1 
1 0 # # 0 0 1 # 0 1 
1 0 1 0 0 # 0 0 0 1 
1 0 0 0 0 1 0 0 0 1 
1 0 0 0 0 0 0 0 0 1 
1 0 0 0 0 0 0 0 0 1 
1 1 1 1 1 1 1 1 1 1 
P81 U23 T4

Map10
1 1 1 1 1 1 1 S 1 1 
1 0 0 0 # 0 0 0 # 1 
1 1 1 0 0 0 0 0 0 1 
1 F 0 0 1 1 0 F 0 1 
1 0 0 H 0 0 1 F F 1 
1 0 0 0 H 0 0 F 0 1 
1 # # F H H # 1 1 1 
G 0 0 0 0 F # 0 0 1 
1 0 H # 0 F 0 0 # 1 
1 1 1 1 1 1 1 1 1 1 
P55 L85 T5

Map10
1 1 1 1 1 1 1 G 1 1 
1 1 0 0 0 0 # 0 1 1 
1 0 0 0 H 0 1 # 1 1 
1 0 H 0 1 0 # 0 0 1 
1 0 0 0 0 0 0 0 H 1 
S F # H 0 0 0 0 0 1 
1 0 0 0 0 0 0 0 0 1 
1 0 0 0 F 0 # 0 0 1 
1 F 0 0 # 0 # H 0 1 
1 1 1 1 1 1 1 1 1 1 
P32 U16 T5

Map10
1 1 G 1 1 1 1 1 1 1 
1 0 0 1 0 0 F 0 # 1 
1 0 0 0 0 0 0 0 0 1 
S 0 F 1 0 F 0 0 0 1 
1 # F 0 1 0 0 0 0 1 
1 0 0 0 0 0 1 0 0 1 
1 0 H F 0 0 # 0 0 1 
1 F 0 1 0 0 1 0 0 1 
1 0 0 0 0 F 0 F # 1 
1 1 1 1 1 1 1 1 1 1 
P43 D12 T7

Map10
1 1 S 1 1 1 1 1 1 1 
1 0 0 0 0 # 0 0 1 1 
G 0 H 0 H 0 0 0 0 1 
1 0 0 0 0 0 # 0 1 1 
1 1 0 0 0 0 0 0 0 1 
1 # 0 0 H F 0 0 F 1 
1 F 0 0 0 0 0 0 0 1 
1 # 0 0 # # 0 0 0 1 
1 0 0 0 0 0 H H 0 1 
1 1 1 1 1 1 1 1 1 1 
P74 R11 T5

Map10
1 1 1 S 1 1 1 1 1 1 
1 H 0 0 0 0 # 0 0 1 
1 0 0 0 0 0 # 0 0 1 
1 0 0 1 0 F 0 0 0 1 
G # F # F 0 # 0 0 1 
1 # 0 0 0 0 F F # 1 
1 0 # H 0 F 1 1 0 1 
1 0 0 0 0 0 0 0 F 1 
1 1 # 0 0 F 0 0 0 1 
1 1 1 1 1 1 1 1 1 1 
P83 U88 T5

Map10
1 1 1 G 1 1 1 1 1 1 
S # F 0 F 0 # 0 0 1 
1 0 0 # 0 0 0 1 0 1 
1 0 0 # # 0 0 0 0 1 
1 1 0 0 0 # 0 0 H 1 
1 0 0 0 0 0 0 0 F 1 
1 0 1 # 0 0 # 0 0 1 
1 F F 0 F F 0 F H 1 
1 # 0 0 0 0 0 # 0 1 
1 1 1 1 1 1 1 1 1 1 
P71 L76 T3

Map10
1 1 G 1 1 1 1 1 1 1 
1 0 0 0 0 0 0 0 0 1 
S 0 H 0 0 1 1 0 0 1 
1 0 0 0 0 0 0 0 0 1 
1 0 0 0 0 1 1 0 0 1 
1 0 0 0 0 F 0 0 H 1 
1 0 0 0 F 0 0 0 0 1 
1 0 0 0 0 0 H 0 0 1 
1 0 1 F H H 0 0 0 1 
1 1 1 1 1 1 1 1 1 1 
P14 D11 T5

Map10
1 1 1 1 1 G 1 1 1 1 
S 0 0 1 F # 0 0 0 1 
1 0 # 0 0 0 0 0 0 1 
1 0 F 0 0 1 F 0 0 1 
1 0 0 0 1 F 0 # 0 1 
1 0 0 0 F 1 0 0 0 1 
1 0 0 0 0 # H 0 # 1 
1 0 0 # 1 0 0 F 0 1 
1 0 F 0 0 0 0 0 0 1 
1 1 1 1 1 1 1 1 1 1 
P62 R12 T3

Map10
1 1 1 1 1 1 1 S 1 1 
1 0 0 0 0 0 0 F 0 1 
1 0 0 1 0 0 0 1 0 1 
1 0 1 0 0 H 0 0 0 1 
G 0 0 0 0 0 0 0 0 1 
1 0 # 0 1 # # 0 0 1 
1 0 0 0 0 0 F 0 # 1 
1 0 0 1 0 0 0 1 # 1 
1 0 0 0 0 0 1 0 0 1 
1 1 1 1 1 1 1 1 1 1 
P85 R61 T3

Map10
1 1 1 G 1 1 1 1 1 1 
1 0 H 0 0 0 0 F 0 1 
1 0 0 0 0 0 0 0 0 1 
1 0 0 # # F 0 0 0 1 
S 0 F F F H 0 0 0 1 
1 0 0 0 F 0 F 0 0 1 
1 0 0 F 0 H 0 0 0 1 
1 # 0 0 0 0 0 0 0 1 
1 1 0 0 H 0 0 0 H 1 
1 1 1 1 1 1 1 1 1 1 
P47 D13 T3

Map10
1 1 1 1 1 1 G 1 1 1 
1 0 0 H # F F 0 0 1 
1 0 0 0 0 F 0 0 0 1 
1 0 0 # # 0 F # 0 1 
S F 0 # 1 0 0 H H 1 
1 0 0 0 0 0 0 0 0 1 
1 0 0 F 0 F 0 F 0 1 
1 0 # 0 0 0 0 0 F 1 
1 0 0 0 H 0 0 0 0 1 
1 1 1 1 1 1 1 1 1 1 
P72 R22 T3

Map10
1 1 1 S 1 1 1 1 1 1 
1 0 F # 0 1 0 0 0 1 
1 0 0 0 0 F 0 # 0 1 
1 # 0 0 F 0 0 0 0 1 
1 # 0 0 F F 0 # 0 1 
1 0 0 H # # 0 F F 1 
G 0 # F F 0 0 0 0 1 
1 0 0 0 F 0 0 0 0 1 
1 F 0 0 0 0 0 H 0 1 
1 1 1 1 1 1 1 1 1 1 
P32 L56 T3

Map10
1 1 1 1 1 1 1 1 1 1 
1 0 0 0 0 0 F 0 0 1 
G 0 0 0 0 0 0 0 0 1 
1 H 1 0 0 0 0 # H 1 
1 0 1 0 H 0 0 0 H 1 
1 0 0 0 0 F 0 0 F 1 
S F # 0 # H 0 0 1 1 
1 0 1 F 0 0 0 0 0 1 
1 1 H 0 0 0 1 0 0 1 
1 1 1 1 1 1 1 1 1 1 
P31 U36 T4

Map10
1 1 1 G 1 1 1 1 1 1 
1 0 0 0 0 0 0 0 0 1 
1 1 0 0 0 0 0 0 0 1 
1 0 0 0 0 0 0 0 0 1 
1 0 0 0 0 0 0 0 0 1 
1 0 0 1 0 1 H # 0 1 
1 0 0 0 0 H 0 0 0 1 
S 0 H 0 0 0 0 # 0 1 
1 0 0 H 0 0 0 0 0 1 
1 1 1 1 1 1 1 1 1 1 
P43 U18 T3

Map10
1 1 1 1 1 1 1 S 1 1 
1 0 H 0 0 0 0 0 0 1 
1 0 0 0 0 0 1 H 0 1 
1 # 0 0 0 0 0 0 1 1 
1 0 0 0 H 0 0 0 0 1 
1 0 0 0 0 0 0 H 0 1 
G 0 0 0 0 0 0 1 0 1 
1 1 0 0 0 1 0 0 0 1 
1 0 0 0 H 0 0 0 0 1 
1 1 1 1 1 1 1 1 1 1 
P41 L81 T3

Map10
1 1 G 1 1 1 1 1 1 1 
1 # 0 # 0 0 0 0 0 1 
S 0 0 # 0 0 0 0 0 1 
1 0 # # 0 0 0 0 0 1 
1 0 0 0 0 0 1 0 0 1 
1 0 F F 0 0 0 0 0 1 
1 0 0 0 0 0 0 0 0 1 
1 0 0 0 0 F 0 0 0 1 
1 0 F 0 0 0 F 0 0 1 
1 1 1 1 1 1 1 1 1 1 
P13 D61 T3

Map10
1 1 1 1 G 1 1 1 1 1 
1 1 0 # 0 1 0 0 0 1 
1 0 # 0 0 0 H 1 # 1 
S F H 0 0 0 0 0 1 1 
1 0 0 0 0 0 0 # 0 1 
1 # 0 0 F 0 0 0 0 1 
1 F F # # 0 0 0 0 1 
1 0 0 0 0 0 0 0 0 1 
1 0 0 0 1 0 0 # 0 1 
1 1 1 1 1 1 1 1 1 1 
P52 U14 T3

Map10
1 1 1 1 1 1 1 S 1 1 
1 F 0 1 1 0 H F F 1 
1 0 0 0 H 0 1 F 0 1 
1 0 0 0 1 0 0 0 0 1 
1 0 0 0 0 H 0 0 0 1 
G 0 0 0 0 0 0 0 0 1 
1 0 0 0 0 F F H 0 1 
1 0 0 0 0 0 1 0 1 1 
1 0 0 F 0 0 0 F 1 1 
1 1 1 1 1 1 1 1 1 1 
P86 R63 T3

Map10
1 1 S 1 1 1 G 1 1 1 
1 0 0 0 0 0 0 0 0 1 
1 0 F F 0 0 0 0 H 1 
1 1 0 0 F 0 0 0 0 1 
1 0 F F 0 1 F 0 0 1 
1 F 1 0 0 0 0 1 0 1 
1 0 1 1 0 0 H 0 F 1 
1 0 H # 0 0 0 0 0 1 
1 0 0 0 1 0 0 0 F 1 
1 1 1 1 1 1 1 1 1 1 
P72 L31 T4

Map10
1 1 1 1 1 1 1 S 1 1 
1 F 0 0 0 0 0 0 0 1 
1 0 0 0 0 0 1 0 0 1 
1 H F 0 0 0 0 0 0 1 
1 0 0 1 F 0 0 # 0 1 
1 0 0 0 0 0 0 1 0 1 
1 0 1 0 0 0 1 0 0 1 
G # 0 0 0 0 1 0 0 1 
1 0 0 0 0 0 1 0 0 1 
1 1 1 1 1 1 1 1 1 1 
P48 D43 T3

Map10
1 1 S 1 1 1 1 G 1 1 
1 0 0 0 0 0 H F 1 1 
1 0 0 0 F # 1 0 0 1 
1 0 H 0 0 1 0 H 0 1 
1 0 0 0 0 0 H 0 0 1 
1 H 0 F 0 0 0 0 0 1 
1 0 0 0 0 0 0 # 0 1 
1 0 0 H F 1 F 0 0 1 
1 # 0 0 0 0 # F 0 1 
1 1 1 1 1 1 1 1 1 1 
P51 R11 T6

Map10
1 1 1 1 1 S 1 1 1 1 
1 # # 0 0 0 0 0 0 1 
1 0 0 0 # 0 F 0 F 1 
1 # 0 0 0 0 0 0 0 1 
1 F 0 0 F 0 0 0 0 1 
G 0 0 # # F 0 0 # 1 
1 0 # 0 # F 0 0 0 1 
1 F 1 0 0 H 0 0 H 1 
1 0 0 # 0 0 0 H 0 1 
1 1 1 1 1 1 1 1 1 1 
P86 R41 T3

Map10
1 1 1 1 1 G 1 1 1 1 
1 # 0 1 F F 1 0 H 1 
1 0 # 0 0 0 0 0 0 1 
1 0 0 0 H H 0 0 0 1 
1 0 0 0 0 0 0 F 1 1 
S 0 0 0 0 F F 0 0 1 
1 H 0 0 0 F 0 0 H 1 
1 0 0 0 H 0 0 0 0 1 
1 0 0 # 0 0 0 1 0 1 
1 1 1 1 1 1 1 1 1 1 
P42 U66 T3

Map10
1 G 1 1 1 S 1 1 1 1 
1 0 0 H 1 F 0 0 H 1 
1 1 0 1 0 0 1 0 0 1 
1 0 0 0 0 0 # 0 0 1 
1 0 0 0 F 0 0 0 0 1 
1 0 0 F # 0 0 0 0 1 
1 0 0 0 0 0 0 0 0 1 
1 0 # 0 0 0 0 H 0 1 
1 0 0 F 1 H 0 0 0 1 
1 1 1 1 1 1 1 1 1 1 
P54 U24 T4

Map10
1 1 1 G 1 1 1 1 1 1 
1 0 H # 0 1 0 0 0 1 
1 F 0 0 0 0 0 0 0 1 
1 F 0 1 H 0 0 F 0 1 
S 0 0 0 0 0 0 # 0 1 
1 0 0 0 0 0 0 0 0 1 
1 0 0 0 0 0 0 0 0 1 
1 0 0 0 0 0 0 0 0 1 
1 F 1 0 F H 0 0 0 1 
1 1 1 1 1 1 1 1 1 1 
P22 U55 T3

Map10
1 1 1 1 1 1 1 1 1 1 
1 1 0 0 0 F 1 0 F 1 
1 0 0 0 F 0 F 0 0 1 
1 0 # 0 0 F 0 1 F 1 
1 0 1 0 F 0 0 1 0 1 
S 0 1 H 0 0 0 0 0 1 
G 0 0 H 0 F 0 0 0 1 
1 H 0 0 0 F 0 0 0 1 
1 0 0 0 0 H 0 0 0 1 
1 1 1 1 1 1 1 1 1 1 
P18 D41 T6

Map10
1 1 1 1 1 1 G 1 1 1 
1 0 0 1 0 0 0 0 0 1 
S 0 0 # 0 0 0 H 0 1 
1 0 0 0 1 0 0 0 H 1 
1 0 0 0 0 0 0 0 0 1 
1 0 0 0 0 0 0 0 0 1 
1 0 0 H 0 0 0 0 0 1 
1 0 0 0 0 1 0 0 0 1 
1 # 0 # 0 0 # 0 0 1 
1 1 1 1 1 1 1 1 1 1 
P76 D51 T3

Map10
1 1 1 1 1 1 S 1 1 1 
1 0 0 0 0 0 0 1 # 1 
1 0 F # 0 # 0 0 0 1 
1 0 0 # # F 0 0 F 1 
1 0 1 0 0 0 0 0 0 1 
1 0 0 0 0 0 0 # 0 1 
1 0 0 F # 0 1 0 H 1 
G F 0 0 0 1 # 0 0 1 
1 # 0 # 0 0 0 # 0 1 
1 1 1 1 1 1 1 1 1 1 
P48 D44 T3

Map10
1 1 G 1 S 1 1 1 1 1 
1 0 # 1 0 0 0 # H 1 
1 0 1 0 0 F # 1 0 1 
1 0 0 0 # 0 F 0 0 1 
1 0 0 0 H 0 0 0 0 1 
1 0 0 0 0 F 0 0 H 1 
1 0 0 H 0 0 0 0 0 1 
1 # F H 0 1 0 0 1 1 
1 1 1 # 0 0 0 0 # 1 
1 1 1 1 1 1 1 1 1 1 
P66 R32 T6

Map10
1 1 1 1 1 1 S 1 1 1 
G 0 0 0 0 0 0 0 0 1 
1 0 0 0 0 0 H 0 0 1 
1 0 0 0 0 0 0 0 0 1 
1 0 H 0 0 0 0 0 0 1 
1 0 0 0 0 0 0 F 0 1 
1 0 # H 0 F 0 0 H 1 
1 0 0 0 0 F 0 0 0 1 
1 0 0 0 F 0 F F 0 1 
1 1 1 1 1 1 1 1 1 1 
P84 R51 T5

Map10
1 1 G 1 1 S 1 1 1 1 
1 F 0 H 0 0 # F 0 1 
1 0 F 0 F 1 # 0 0 1 
1 F 0 # # # 1 0 F 1 
1 0 0 # 0 0 0 0 0 1 
1 H 0 0 0 0 0 0 0 1 
1 F # 0 0 F 0 0 0 1 
1 0 F 0 0 F 0 0 # 1 
1 # 0 F 0 0 0 0 0 1 
1 1 1 1 1 1 1 1 1 1 
P85 U25 T4

Map10
1 1 1 1 1 S 1 1 1 1 
1 0 1 0 0 0 0 # 0 1 
1 0 0 H 0 0 0 # 0 1 
1 0 0 1 0 1 0 0 0 1 
1 0 # 0 0 0 0 0 0 1 
G 0 # 0 0 0 0 0 H 1 
1 0 0 0 0 0 0 0 1 1 
1 0 H 0 H 0 0 0 0 1 
1 0 1 # 0 0 # 0 # 1 
1 1 1 1 1 1 1 1 1 1 
P46 D41 T3

Map10
1 1 1 1 G 1 1 1 1 1 
1 0 # 0 0 F 0 0 0 1 
S 0 0 1 0 0 0 1 0 1 
1 F 0 F 0 0 0 H H 1 
1 0 0 0 0 F F 0 0 1 
1 0 0 F 0 0 0 0 0 1 
1 F F 0 0 0 0 0 H 1 
1 F 0 0 0 0 0 0 0 1 
1 F F 0 0 0 0 0 H 1 
1 1 1 1 1 1 1 1 1 1 
P55 R15 T3

Map10
1 1 1 1 1 S 1 1 1 1 
1 0 0 0 0 0 0 0 0 1 
1 H 0 0 H 0 0 0 0 1 
1 0 1 0 1 H # 0 0 1 
1 0 0 1 0 0 0 0 0 1 
G 0 0 0 0 0 0 H 0 1 
1 H 0 0 1 0 # 0 0 1 
1 0 0 0 0 0 0 0 0 1 
1 # 0 0 0 0 1 # 0 1 
1 1 1 1 1 1 1 1 1 1 
P85 R41 T5

Map10
1 1 1 1 G 1 S 1 1 1 
1 0 0 # 0 0 # 0 F 1 
1 0 F F 0 0 0 F 0 1 
1 0 H 0 0 0 H 0 0 1 
1 0 0 H 0 0 0 0 0 1 
1 0 0 0 F 0 0 F F 1 
1 F 0 0 0 0 1 0 F 1 
1 F F 0 0 1 0 0 0 1 
1 0 0 0 0 0 0 0 0 1 
1 1 1 1 1 1 1 1 1 1 
P58 L71 T4

Map10
1 1 1 1 1 1 G 1 1 1 
1 0 0 H 0 0 # 0 H 1 
1 0 1 0 0 0 0 1 0 1 
1 0 0 0 1 0 0 0 0 1 
1 0 0 0 0 0 0 0 0 1 
S 0 0 # 0 0 0 H 0 1 
1 0 0 1 0 0 0 0 0 1 
1 1 0 # H 0 0 0 # 1 
1 0 0 0 0 0 0 0 # 1 
1 1 1 1 1 1 1 1 1 1 
P78 D24 T3

Map10
1 1 1 1 1 1 S 1 1 1 
1 0 # 0 0 0 0 0 0 1 
1 1 H H 0 0 0 # 0 1 
1 0 # F 0 0 0 H F 1 
1 1 H 0 # 0 0 0 0 1 
G # # 0 0 1 F F 0 1 
1 1 1 # H 0 0 0 F 1 
1 0 0 0 0 0 0 F 0 1 
1 0 0 0 0 F 0 # 0 1 
1 1 1 1 1 1 1 1 1 1 
P28 L45 T3

Map10
1 S 1 1 1 1 1 1 1 1 
1 0 0 0 0 1 F 0 0 1 
G 0 0 0 F 0 0 0 0 1 
1 # 0 1 0 0 0 0 F 1 
1 0 0 0 0 H 0 0 0 1 
1 F 1 0 0 1 0 0 0 1 
1 0 0 0 0 0 0 0 0 1 
1 0 0 0 0 0 1 0 0 1 
1 F F 0 0 # 0 F 0 1 
1 1 1 1 1 1 1 1 1 1 
P41 U14 T4

Map10
1 1 1 G 1 1 1 1 1 1 
1 0 0 0 0 0 F 0 0 1 
1 0 0 F 0 0 0 # 1 1 
S # 0 F F # 0 0 0 1 
1 H 0 0 0 # 0 # 0 1 
1 0 0 0 0 0 0 0 0 1 
1 0 0 F 0 # 0 0 0 1 
1 0 0 0 F 0 0 1 1 1 
1 0 0 0 0 0 # 0 0 1 
1 1 1 1 1 1 1 1 1 1 
P48 D22 T3

Map10
1 1 1 1 1 1 1 G 1 1 
1 # 0 0 0 0 # 0 0 1 
1 0 0 0 0 0 # 0 0 1 
S # 0 0 0 0 0 0 F 1 
1 0 0 0 # 0 0 0 0 1 
1 0 0 0 0 0 0 0 0 1 
1 F 0 0 F 0 # 0 0 1 
1 0 # 0 0 0 # F 0 1 
1 # 0 0 0 0 0 0 0 1 
1 1 1 1 1 1 1 1 1 1 
P68 D82 T3

Map10
1 1 1 1 1 1 S 1 1 1 
1 0 F 0 0 0 F # 1 1 
1 0 0 0 0 0 0 # F 1 
1 0 # 0 0 0 1 0 # 1 
G 0 F 0 0 0 0 0 # 1 
1 F 0 0 F 0 # 0 0 1 
1 # 0 H 0 0 0 0 # 1 
1 H 0 0 F 0 0 1 H 1 
1 0 0 # 0 0 H 0 F 1 
1 1 1 1 1 1 1 1 1 1 
P12 L34 T3

Map10
1 1 1 G 1 1 1 1 1 1 
1 0 0 0 0 0 0 0 0 1 
1 0 0 0 0 0 0 0 F 1 
1 1 0 0 0 0 0 0 0 1 
1 0 # 0 F 0 H 0 0 1 
1 F 1 0 0 0 H 0 0 1 
S 0 0 1 H 0 0 0 0 1 
1 0 0 0 0 0 0 # H 1 
1 0 0 1 F # H 1 0 1 
1 1 1 1 1 1 1 1 1 1 
P56 D53 T6

Map10
1 1 S 1 1 1 1 1 1 1 
1 0 # 0 0 1 0 # 1 1 
G 0 H # 0 0 0 # 0 1 
1 0 1 0 0 0 0 H 0 1 
1 0 1 0 # 0 1 0 0 1 
1 0 0 0 0 0 0 0 0 1 
1 0 0 0 0 1 H 0 0 1 
1 0 1 0 0 0 # F 0 1 
1 0 0 H H 0 1 # # 1 
1 1 1 1 1 1 1 1 1 1 
P46 R11 T5

Map10
1 1 1 1 1 1 S 1 1 1 
1 0 0 0 0 0 0 0 0 1 
1 0 # 0 0 0 0 F 0 1 
1 0 0 0 0 0 0 0 0 1 
1 1 0 1 0 0 H F 0 1 
1 0 0 0 0 0 0 0 0 1 
1 0 0 0 0 0 0 0 0 1 
G 0 0 H 0 0 0 0 0 1 
1 0 1 1 0 0 H 1 0 1 
1 1 1 1 1 1 1 1 1 1 
P11 L71 T3

Map10
1 1 S 1 1 1 G 1 1 1 
1 0 0 0 0 0 F F 0 1 
1 0 0 0 0 0 0 # F 1 
1 0 0 H 0 0 # 0 0 1 
1 0 0 0 F 0 # # 0 1 
1 0 0 0 # 0 0 F 0 1 
1 0 H 0 H F 0 0 # 1 
1 1 0 0 0 0 0 0 0 1 
1 # 0 0 1 0 0 # 0 1 
1 1 1 1 1 1 1 1 1 1 
P58 R14 T4

Map10
1 S 1 1 1 1 1 1 1 1 
1 0 # 0 0 0 0 1 0 1 
G 0 0 0 # 0 0 0 0 1 
1 # # 0 0 0 0 1 0 1 
1 0 H 0 0 0 F # 0 1 
1 0 0 0 0 0 0 1 F 1 
1 # 0 # 1 0 # 0 0 1 
1 F 0 0 0 1 0 1 0 1 
1 0 0 1 1 0 0 # 0 1 
1 1 1 1 1 1 1 1 1 1 
P63 U14 T4

Map10
1 1 1 1 1 1 1 G 1 1 
1 0 # 0 0 0 0 # 0 1 
1 0 F 0 0 0 0 0 0 1 
1 0 0 0 0 0 # 0 1 1 
1 # 0 1 # 0 1 0 # 1 
1 0 # 0 0 0 F 1 0 1 
1 1 0 0 # 0 1 0 # 1 
S 0 0 0 0 0 0 1 0 1 
1 # 0 # 0 H 0 1 0 1 
1 1 1 1 1 1 1 1 1 1 
P37 R13 T3

Map10
1 1 1 1 1 1 1 G 1 1 
1 # 0 F 0 0 0 0 H 1 
1 0 0 F 0 0 0 0 # 1 
1 0 0 0 0 F 0 F 0 1 
S 0 0 0 0 0 1 0 0 1 
1 0 0 0 0 0 0 0 0 1 
1 0 0 F 0 0 0 F 0 1 
1 0 0 H F H 0 0 0 1 
1 H 0 1 0 0 # 0 0 1 
1 1 1 1 1 1 1 1 1 1 
P88 D43 T3

Map10
1 1 1 S 1 1 1 1 1 1 
1 0 H 0 0 # 1 0 H 1 
1 0 0 # H F 0 0 0 1 
1 0 0 0 0 0 0 0 0 1 
G 0 0 0 0 0 # 0 0 1 
1 0 0 # 0 0 0 0 0 1 
1 0 0 0 0 0 0 0 0 1 
1 0 0 0 0 0 0 0 0 1 
1 0 0 H 0 0 0 0 0 1 
1 1 1 1 1 1 1 1 1 1 
P83 R25 T3

Map10
1 1 1 1 1 S 1 1 1 1 
1 0 0 H 0 # 0 # 0 1 
1 0 0 0 0 0 0 0 0 1 
1 # # # 0 F 0 0 0 1 
G 0 0 0 H H 0 0 0 1 
1 1 0 0 0 0 0 0 0 1 
1 0 0 0 0 0 H 0 0 1 
1 0 0 0 0 H 0 0 0 1 
1 # 0 # 0 0 # 0 0 1 
1 1 1 1 1 1 1 1 1 1 
P81 R43 T5

Map10
1 1 1 1 1 1 G 1 1 1 
S 0 0 1 1 0 # # 0 1 
1 0 0 0 0 1 0 F 0 1 
1 0 0 0 0 F 0 # 0 1 
1 0 0 0 # F 0 0 0 1 
1 F 0 0 0 0 # 0 # 1 
1 0 0 0 0 0 0 0 1 1 
1 F F 0 0 0 0 0 H 1 
1 0 1 0 H 0 # 0 0 1 
1 1 1 1 1 1 1 1 1 1 
P74 R14 T3

Map10
1 1 1 1 1 G 1 1 1 1 
1 0 F H 0 0 0 0 # 1 
1 0 0 0 0 0 0 0 # 1 
1 0 0 0 0 0 0 0 0 1 
1 0 # 0 0 0 H 0 0 1 
1 0 0 0 0 F 0 0 0 1 
1 0 0 0 H 0 0 0 0 1 
S 0 F 0 F 0 H 0 1 1 
1 0 0 0 F 0 0 H F 1 
1 1 1 1 1 1 1 1 1 1 
P68 L37 T4

Map10
1 1 1 1 S 1 1 1 1 1 
1 0 H 0 0 0 0 0 H 1 
1 0 0 0 0 0 # 0 # 1 
1 0 0 0 0 0 0 0 0 1 
1 0 0 H 0 0 0 F 0 1 
1 0 F 0 H H # H 0 1 
G 0 0 0 0 0 0 F 0 1 
1 0 0 0 0 0 0 0 0 1 
1 0 0 F 0 0 F 1 0 1 
1 1 1 1 1 1 1 1 1 1 
P87 R32 T3

Map10
1 1 1 1 1 1 1 1 1 1 
1 0 0 # F F 0 0 0 1 
1 0 0 # 0 0 0 H 0 1 
1 0 0 0 F 0 1 # # 1 
1 0 0 0 0 0 0 0 0 1 
G 0 # H H F H # F 1 
1 0 0 1 0 # 0 F # 1 
S F 0 H 0 0 0 F 0 1 
1 1 # 0 0 0 0 0 0 1 
1 1 1 1 1 1 1 1 1 1 
P11 D26 T6

Map10
1 S 1 1 1 1 1 1 1 1 
1 0 0 0 0 0 0 0 0 1 
1 0 0 0 1 0 0 F 0 1 
1 0 0 0 0 0 F 0 H 1 
1 H 0 F 0 0 0 0 F 1 
1 0 0 F H 0 0 0 0 1 
1 0 0 F 0 0 0 0 0 1 
G 0 0 0 H 0 0 0 F 1 
1 F 1 0 0 1 0 H 0 1 
1 1 1 1 1 1 1 1 1 1 
P13 D21 T3

Map10
1 1 1 1 1 G 1 1 1 1 
1 F 0 0 0 F 0 0 0 1 
1 0 0 0 F 0 0 0 0 1 
S 0 0 0 0 1 0 0 0 1 
1 0 0 0 0 # 1 1 0 1 
1 0 0 0 0 F 0 0 0 1 
1 0 F F 0 0 1 0 0 1 
1 1 0 0 H 0 0 0 F 1 
1 0 0 F 0 0 H 0 0 1 
1 1 1 1 1 1 1 1 1 1 
P62 R32 T3

Map10
1 1 1 1 1 1 1 G 1 1 
S 0 0 F 0 0 H 0 0 1 
1 0 0 0 0 0 0 # 0 1 
1 0 0 0 0 0 0 # H 1 
1 0 0 0 0 0 H 0 0 1 
1 0 # 0 0 0 0 0 0 1 
1 0 0 0 0 0 0 0 0 1 
1 0 0 0 1 0 0 0 0 1 
1 0 0 0 F 0 0 0 0 1 
1 1 1 1 1 1 1 1 1 1 
P51 U77 T3

Map10
1 1 1 1 S 1 1 1 1 1 
1 0 0 0 0 0 0 0 # 1 
1 0 0 0 0 0 0 # 0 1 
1 0 0 0 0 0 0 0 H 1 
1 0 0 F 0 1 0 0 0 1 
1 0 0 0 F 0 0 0 0 1 
1 1 # 0 F 0 H 1 0 1 
G 0 0 0 0 0 0 0 # 1 
1 0 0 0 H 1 0 H 0 1 
1 1 1 1 1 1 1 1 1 1 
P65 R35 T3

Map10
1 1 1 1 S 1 1 1 1 1 
1 0 0 0 0 0 0 0 1 1 
1 0 0 0 0 0 0 0 0 1 
1 0 0 0 0 0 # # 1 1 
G 0 0 0 H 0 F 0 F 1 
1 0 1 # 0 0 0 H 0 1 
1 0 0 0 0 0 1 H 0 1 
1 0 0 0 0 0 0 1 0 1 
1 1 0 0 0 0 0 0 0 1 
1 1 1 1 1 1 1 1 1 1 
P43 D21 T3

Map10
1 1 1 1 S 1 1 1 1 1 
1 F F 0 0 0 # 0 1 1 
1 0 0 0 0 0 # 0 # 1 
G 0 0 0 H F 0 0 F 1 
1 F 0 0 # 0 0 F 1 1 
1 0 # F H 0 0 # 0 1 
1 1 0 # 0 1 H 0 H 1 
1 0 1 0 0 F 0 0 # 1 
1 0 0 0 0 0 # 1 0 1 
1 1 1 1 1 1 1 1 1 1 
P32 R31 T5

Map10
1 1 S 1 1 1 G 1 1 1 
1 0 0 0 0 0 0 H 0 1 
1 0 0 0 0 H 0 0 F 1 
1 0 0 0 0 0 0 0 0 1 
1 # F 0 # 0 F 0 0 1 
1 0 0 0 0 F F 0 0 1 
1 0 F # H 0 0 0 0 1 
1 # 0 0 0 0 0 0 0 1 
1 0 F 0 # 0 0 0 0 1 
1 1 1 1 1 1 1 1 1 1 
P78 L31 T4

Map10
1 S 1 1 1 1 1 1 1 1 
1 0 0 0 0 # # 0 0 1 
1 1 0 F 0 0 # 0 H 1 
1 0 0 0 1 # 0 1 F 1 
G 0 0 0 H 0 0 # 0 1 
1 0 # 0 0 0 0 0 0 1 
1 0 F 0 0 0 H 0 0 1 
1 0 # 0 0 1 # 0 0 1 
1 0 H 0 H 0 0 1 F 1 
1 1 1 1 1 1 1 1 1 1 
P31 L34 T3

Map10
1 1 1 1 G 1 S 1 1 1 
1 0 0 0 0 1 0 H 0 1 
1 1 0 0 0 0 0 0 0 1 
1 F 1 0 0 0 H 0 0 1 
1 0 1 0 0 0 0 0 0 1 
1 1 0 0 0 0 0 H 0 1 
1 F 0 0 0 0 0 0 0 1 
1 0 0 0 0 0 1 0 0 1 
1 0 0 0 0 F 0 0 0 1 
1 1 1 1 1 1 1 1 1 1 
P38 R52 T4

Map10
1 G 1 1 1 1 S 1 1 1 
1 0 0 1 # 0 # 0 0 1 
1 0 H 0 H 0 1 0 1 1 
1 # F 0 # 0 0 0 H 1 
1 0 0 0 0 H 0 # 0 1 
1 H 0 1 0 0 0 0 # 1 
1 H 0 H 0 0 0 1 0 1 
1 F 0 0 0 # 0 0 0 1 
1 0 0 0 0 F 0 0 # 1 
1 1 1 1 1 1 1 1 1 1 
P81 U66 T6

Map10
1 1 1 1 1 1 1 G 1 1 
1 1 # 1 F 0 0 0 0 1 
1 0 0 0 0 0 0 0 0 1 
1 0 0 0 F 0 F 0 0 1 
1 0 H # F 0 0 0 0 1 
1 # 0 # 0 0 0 0 0 1 
S 0 # # 0 H F # F 1 
1 0 0 0 # 0 0 0 0 1 
1 0 0 # 0 0 0 0 H 1 
1 1 1 1 1 1 1 1 1 1 
P82 L46 T4

Map10
1 1 1 1 1 1 S 1 1 1 
1 0 0 0 0 0 0 H 0 1 
1 0 0 0 1 0 0 0 0 1 
1 0 0 0 0 0 F 0 0 1 
1 0 0 0 1 0 0 0 0 1 
1 H 0 0 0 0 1 0 0 1 
G 0 0 0 1 0 0 0 0 1 
1 0 0 0 0 0 0 0 0 1 
1 0 0 0 H 0 0 0 0 1 
1 1 1 1 1 1 1 1 1 1 
P11 L36 T5

Map10
1 1 1 1 1 G 1 1 1 1 
1 0 0 0 0 0 # 0 0 1 
1 0 0 0 0 0 # 0 0 1 
1 H 0 0 0 0 0 0 # 1 
S 0 0 0 # # H # 0 1 
1 F 0 1 # 0 # H 0 1 
1 H 0 # 0 F 0 0 H 1 
1 # # 1 H 0 0 0 0 1 
1 0 0 F 0 0 0 0 0 1 
1 1 1 1 1 1 1 1 1 1 
P68 D23 T3

Map10
1 1 G 1 1 1 1 1 1 1 
1 0 0 0 0 F 0 0 0 1 
1 1 0 0 0 0 H 0 0 1 
1 0 0 0 0 0 F 0 F 1 
1 0 0 H 0 0 0 0 F 1 
1 1 0 0 0 F 0 0 1 1 
1 F 1 0 0 0 1 1 0 1 
S 0 F # 0 0 0 H 0 1 
1 0 0 # 0 0 F 0 0 1 
1 1 1 1 1 1 1 1 1 1 
P47 L45 T3

Map10
1 1 1 1 S 1 1 1 1 1 
G 0 0 0 0 # 0 0 0 1 
1 0 0 0 # H H 0 0 1 
1 H 0 0 # 0 0 0 0 1 
1 0 0 0 H 0 0 0 # 1 
1 0 0 F 0 # H 0 0 1 
1 # 0 0 0 0 F 0 0 1 
1 0 1 0 0 0 # 0 0 1 
1 0 0 # 0 0 0 # 0 1 
1 1 1 1 1 1 1 1 1 1 
P23 L53 T3

Map10
1 1 1 1 1 S 1 1 1 1 
1 0 0 0 0 F F H 0 1 
1 H 1 0 # 0 0 # 0 1 
1 # H 0 H 1 0 0 # 1 
1 0 0 F F 0 0 0 # 1 
1 1 # 0 0 0 0 1 # 1 
G F 0 H 1 0 F 0 0 1 
1 F 0 0 # 0 0 1 0 1 
1 0 0 0 1 0 # 0 H 1 
1 1 1 1 1 1 1 1 1 1 
P27 L45 T5

Map10
1 1 1 1 S 1 1 1 1 1 
1 0 H 1 0 0 0 # 0 1 
1 0 0 0 0 0 0 0 0 1 
G 0 0 0 H 0 0 0 F 1 
1 1 0 0 0 1 0 0 0 1 
1 0 F 0 0 0 # H 0 1 
1 0 0 H 0 0 0 H F 1 
1 F 0 0 0 0 0 0 0 1 
1 0 0 0 0 0 0 0 # 1 
1 1 1 1 1 1 1 1 1 1 
P45 R32 T7

Map8
1 1 1 1 1 1 1 1 
1 # 0 H 1 0 0 S 
1 1 0 1 0 0 # 1 
1 F # # 1 0 0 1 
1 0 H 1 F 0 0 1 
1 # F 0 # # 0 1 
1 0 F 0 0 # 0 1 
1 1 1 G 1 1 1 1 
P64 R46 T7

Map8
1 1 1 1 S 1 1 1 
1 # 0 F 0 0 F 1 
1 0 # 0 # # 0 1 
1 0 F F F 0 1 1 
1 0 0 0 1 0 F 1 
1 # 0 0 0 0 F G 
1 # # # 0 0 0 1 
1 1 1 1 1 1 1 1 
P56 L51 T5

Map8
1 1 1 1 1 1 S 1 
1 0 0 # 0 0 0 1 
1 0 0 1 0 0 # 1 
1 0 1 0 0 H 0 1 
1 0 # H 0 F 0 1 
1 0 0 0 0 0 0 1 
1 0 0 0 0 # F 1 
1 1 1 1 1 G 1 1 
P16 U65 T5

Map8
1 1 1 1 1 1 1 1 
1 F 0 0 F 0 0 1 
1 # # 0 F 1 0 S 
1 0 # 1 0 0 1 1 
1 0 0 0 0 0 0 G 
1 F 0 0 0 # F 1 
1 0 0 0 0 0 F 1 
1 1 1 1 1 1 1 1 
P21 R14 T8

Map8
1 1 1 1 1 1 1 1 
1 0 0 0 0 0 F 1 
1 1 0 1 0 # F 1 
1 1 F H F 0 0 G 
S 0 0 0 0 1 0 1 
1 0 # 0 0 1 0 1 
1 0 0 0 F 0 # 1 
1 1 1 1 1 1 1 1 
P41 D51 T4

Map8
1 1 1 1 1 1 1 1 
S 0 # # F 0 1 1 
1 F H # 0 0 H 1 
1 0 F # 0 # 0 1 
G 0 # 0 0 0 1 1 
1 F 0 0 1 H 0 1 
1 0 F 0 1 0 0 1 
1 1 1 1 1 1 1 1 
P54 D42 T4

Map8
1 1 1 1 1 1 S 1 
1 0 F 1 0 0 0 1 
1 0 H 0 0 0 0 1 
1 0 0 0 0 1 0 1 
G 0 0 0 0 0 1 1 
1 H 0 0 # 0 0 1 
1 0 0 0 0 0 F 1 
1 1 1 1 1 1 1 1 
P46 U56 T6

Map8
1 1 1 1 1 1 1 1 
G 0 H 0 1 0 H 1 
1 0 0 F 0 0 0 1 
1 0 0 0 0 0 0 1 
1 0 0 F 0 # # 1 
1 0 0 # 0 0 0 1 
1 0 H # 0 0 1 1 
1 1 1 S 1 1 1 1 
P51 D33 T6

Map8
1 1 1 S 1 1 1 1 
1 0 0 # H 0 0 1 
1 # 0 F 0 0 F 1 
1 F 0 0 0 # H 1 
1 0 F 0 # 0 0 1 
1 0 0 # 0 H 0 1 
1 0 0 F F # F 1 
1 1 1 1 1 1 G 1 
P15 U33 T5

Map8
1 S 1 1 1 1 1 1 
1 0 0 0 F 0 0 1 
1 0 # 0 1 0 0 1 
1 0 # 0 0 1 # 1 
1 F 0 0 # 0 1 1 
1 0 0 F 0 0 F 1 
1 1 0 H 0 0 0 1 
1 1 1 1 1 G 1 1 
P13 R24 T4

Map8
1 1 1 1 1 1 1 1 
1 0 0 H 1 0 0 1 
1 0 0 0 0 0 0 1 
1 0 0 0 0 1 0 1 
1 0 1 H 0 0 H 1 
1 0 1 0 0 0 0 1 
S 0 1 0 0 H 0 G 
1 1 1 1 1 1 1 1 
P12 R35 T6

Map8
1 1 1 1 G 1 1 1 
1 0 F F 0 1 1 1 
1 0 0 0 0 0 0 1 
1 0 1 0 0 0 F 1 
1 F 0 0 0 # 0 1 
1 0 # 0 H F H 1 
1 0 1 0 # 0 0 1 
1 1 1 1 S 1 1 1 
P34 L56 T6

Map8
1 1 S 1 1 G 1 1 
1 0 0 1 0 0 0 1 
1 0 0 0 1 0 0 1 
1 0 0 0 0 0 # 1 
1 0 H F 0 0 0 1 
1 0 0 H 0 0 0 1 
1 # 0 0 F 0 0 1 
1 1 1 1 1 1 1 1 
P66 L32 T4

Map8
1 1 1 1 S 1 1 1 
1 0 0 F 0 0 0 1 
1 F 0 # H 0 0 1 
1 # 0 H F 1 0 1 
1 1 0 0 # 0 0 1 
1 # 0 # 0 # F G 
1 # 0 0 # 0 1 1 
1 1 1 1 1 1 1 1 
P11 L51 T5

Map8
1 1 1 1 1 1 1 1 
1 F # H 0 # 0 1 
G 0 # 0 0 0 0 1 
1 # 0 0 0 # 0 1 
1 0 0 0 0 1 0 1 
1 0 0 0 # H 0 1 
S 0 0 0 1 0 0 1 
1 1 1 1 1 1 1 1 
P41 R24 T4

Map8
1 1 1 1 1 1 1 1 
G # 1 F 0 0 # 1 
1 0 F 0 0 0 0 1 
1 # 0 # # 0 0 1 
1 H 0 0 F 0 F 1 
1 0 0 0 F 0 F 1 
1 0 F 0 F # # S 
1 1 1 1 1 1 1 1 
P62 R36 T5

Map8
1 1 1 1 1 1 1 1 
S 0 F 0 0 H 0 1 
1 0 1 F F 0 0 1 
1 0 F 0 0 0 0 1 
1 0 0 H 0 F 0 1 
1 0 0 0 0 0 0 1 
1 1 0 0 0 F 0 1 
1 1 1 1 1 G 1 1 
P65 L31 T4

Map8
1 G 1 1 1 1 1 1 
1 0 0 0 1 1 0 1 
1 0 0 H # 0 0 1 
1 H 0 0 F # 0 1 
1 0 0 H H 0 0 1 
1 0 0 0 0 F 0 1 
1 0 0 0 0 0 0 1 
1 1 1 S 1 1 1 1 
P15 L45 T4

Map8
1 1 1 1 1 1 1 1 
1 1 0 F # 0 0 1 
1 0 0 F 0 0 0 1 
1 0 0 0 # 0 F 1 
1 0 # H # 0 0 1 
1 0 F 0 0 0 F S 
1 # H # 0 0 0 1 
1 1 1 G 1 1 1 1 
P45 R15 T5

Map8
1 1 1 1 1 1 1 1 
1 H 0 0 F 0 0 1 
1 0 0 0 0 0 0 1 
1 0 0 # 0 0 F 1 
1 0 0 0 0 0 0 G 
1 # H F 1 1 0 1 
1 F F 0 F 0 0 1 
1 1 1 1 1 S 1 1 
P61 D51 T5

Map8
1 1 1 1 1 1 1 1 
1 0 F 0 0 0 0 1 
1 # 0 0 0 0 0 1 
1 0 # 0 0 H F 1 
1 0 0 0 F 0 F 1 
1 H # F 0 F 0 1 
1 0 0 H 0 0 0 1 
1 G 1 1 S 1 1 1 
P42 D22 T4

Map8
1 1 S 1 1 1 1 1 
1 0 F 0 0 0 0 1 
1 0 0 0 0 0 # 1 
1 1 0 0 F 0 0 1 
1 0 # 0 0 0 H 1 
1 F # 0 0 0 0 1 
1 0 F # 0 0 0 1 
1 G 1 1 1 1 1 1 
P23 D31 T4

Map8
1 1 1 1 1 1 G 1 
1 1 F H 0 0 0 1 
1 0 1 0 F 1 0 1 
1 0 0 H 0 0 1 1 
1 H 0 # 0 # 0 S 
1 1 0 0 # 1 F 1 
1 0 0 0 0 0 0 1 
1 1 1 1 1 1 1 1 
P26 D23 T5

Map8
1 1 1 1 1 1 1 1 
1 0 0 0 0 F 0 G 
1 # 0 0 F 0 # 1 
1 0 0 0 H 0 F 1 
1 0 1 # 0 0 0 1 
1 H 0 F 0 0 H 1 
1 F F 1 0 0 0 1 
1 1 S 1 1 1 1 1 
P55 L54 T5

Map8
1 1 1 1 1 1 1 1 
1 0 # H 0 0 0 G 
1 0 # 0 0 # 0 1 
1 0 0 0 0 0 1 1 
1 0 0 0 0 F 0 1 
1 # 0 0 0 H 0 S 
1 # 0 0 0 0 0 1 
1 1 1 1 1 1 1 1 
P36 D64 T4

Map8
1 1 1 1 1 1 1 1 
1 0 1 F 0 1 0 1 
1 0 0 0 H 0 # 1 
1 0 0 1 0 0 # 1 
1 0 0 F 1 0 F 1 
1 0 0 # 0 0 # 1 
1 H # 0 0 0 0 1 
1 1 1 S 1 1 G 1 
P15 L45 T4

Map8
1 1 1 1 1 1 1 1 
1 0 H 0 0 F H 1 
1 0 F 0 0 0 1 1 
1 0 0 F # 0 0 1 
1 F 0 0 # 0 0 G 
1 0 0 1 0 0 1 1 
S 0 F 0 0 F 0 1 
1 1 1 1 1 1 1 1 
P12 L36 T5

Map8
1 1 1 1 1 1 G 1 
1 F F 0 0 0 F 1 
1 F F 0 F 0 0 1 
1 0 # 0 H 0 0 1 
S 0 F 0 H # 0 1 
1 0 0 0 1 1 F 1 
1 1 H # 0 1 1 1 
1 1 1 1 1 1 1 1 
P31 D13 T5

Map8
1 1 1 1 1 1 G 1 
1 0 0 0 0 0 # 1 
1 F 0 0 # 0 F 1 
1 0 0 F # H 1 1 
1 H 0 # 0 # F 1 
S 0 0 F 0 F # 1 
1 0 0 0 F 1 H 1 
1 1 1 1 1 1 1 1 
P36 L45 T6

Map8
1 G 1 1 1 1 1 1 
1 0 0 0 F H 0 1 
1 0 H 0 1 H 0 1 
1 0 0 # 0 0 0 1 
1 0 0 0 0 F 0 1 
S F 0 H 0 0 F 1 
1 0 0 0 0 0 0 1 
1 1 1 1 1 1 1 1 
P62 D14 T5

Map8
1 1 1 1 1 1 1 1 
G 0 0 0 1 0 0 1 
1 0 0 0 0 0 0 1 
1 F F 0 0 0 # 1 
1 0 F 0 0 1 0 1 
1 1 F 0 0 F 0 1 
1 0 1 0 1 0 F S 
1 1 1 1 1 1 1 1 
P61 R45 T6

Map8
1 1 1 1 1 1 1 1 
1 0 0 H 0 0 F 1 
1 0 0 0 0 0 0 1 
1 1 F # 0 0 0 1 
1 0 0 # 0 H 0 1 
1 H F F 0 0 1 1 
1 F 1 0 1 # # 1 
1 1 1 S 1 G 1 1 
P52 R22 T4

Map8
1 1 1 1 1 1 G 1 
1 H 0 0 # 0 0 1 
1 0 # 0 1 F 0 1 
1 0 H 0 0 0 F 1 
1 0 0 0 0 0 0 1 
1 # # 0 0 H 0 1 
1 # # 0 0 F 1 1 
1 1 S 1 1 1 1 1 
P24 U36 T4

Map8
1 1 1 1 1 1 1 1 
1 F F F 0 0 0 1 
1 # 0 H F 0 F S 
1 0 0 F 0 0 0 1 
1 0 F 0 1 F 0 1 
1 # 0 0 0 0 0 1 
G 0 0 0 0 0 0 1 
1 1 1 1 1 1 1 1 
P41 U63 T4

Map8
1 1 1 1 1 S 1 1 
1 0 # 0 # F 0 1 
1 0 0 0 0 1 0 1 
1 0 0 0 1 1 1 1 
1 0 0 0 0 0 0 1 
1 F 0 0 0 0 0 1 
1 0 F 0 # F 0 1 
1 1 1 1 G 1 1 1 
P34 L61 T6

Map8
1 G 1 1 1 1 1 1 
1 0 0 H 0 F 0 1 
1 F 0 0 1 0 0 1 
1 F 1 F F 0 H 1 
1 F 0 F 0 0 1 1 
1 0 0 0 0 0 1 1 
1 F 0 0 0 0 0 1 
1 1 1 S 1 1 1 1 
P56 R24 T4

Map8
1 1 1 G 1 1 1 1 
1 1 0 0 0 0 F 1 
1 0 F 0 0 0 0 1 
1 F H 1 0 0 0 1 
1 # 0 H H 1 0 1 
1 0 0 0 0 F 0 1 
1 1 F 0 0 # 0 1 
1 1 1 S 1 1 1 1 
P42 L45 T4

Map8
1 1 S 1 1 1 1 1 
1 0 0 0 0 F 0 1 
1 # F 0 0 0 0 1 
1 0 H F 0 0 H 1 
1 0 0 F 0 0 0 1 
1 0 0 F H 0 # 1 
1 0 0 1 0 0 0 G 
1 1 1 1 1 1 1 1 
P15 L31 T5

Map8
1 1 1 1 S 1 1 1 
1 0 0 0 0 0 H 1 
1 F 0 0 1 F 0 1 
1 F 0 0 0 0 0 1 
1 0 0 0 # 0 0 1 
1 F 0 0 0 0 0 1 
1 0 F F 1 F 0 1 
1 1 1 1 1 1 G 1 
P11 R14 T4

Map8
1 1 1 1 1 1 1 1 
S 0 # 1 # # 0 1 
1 0 H 0 H H 0 1 
1 0 # 0 0 # 0 1 
1 0 0 # # 1 0 1 
1 0 0 0 0 0 0 1 
1 F 1 0 1 0 # 1 
1 1 1 G 1 1 1 1 
P14 D32 T4

Map8
1 1 1 1 S 1 1 1 
1 0 0 F 0 0 0 1 
1 0 0 0 0 F 0 1 
1 H F 0 0 F 0 1 
1 0 0 F 0 0 H 1 
1 0 F 0 F # 0 1 
1 0 0 0 F 0 1 1 
1 G 1 1 1 1 1 1 
P43 D21 T4

Map8
1 S 1 1 1 G 1 1 
1 0 F 1 0 # 0 1 
1 0 0 0 H # F 1 
1 0 0 0 1 F 1 1 
1 0 0 0 F # 1 1 
1 F 0 0 F 0 F 1 
1 0 0 H # H 0 1 
1 1 1 1 1 1 1 1 
P33 R14 T4

Map8
1 1 1 1 1 1 S 1 
1 0 0 0 F 0 # 1 
1 1 0 1 0 1 0 1 
1 0 # # 0 F # 1 
1 1 0 # 0 0 0 1 
1 0 0 0 F 0 F 1 
1 H 0 # F 0 0 1 
1 1 1 1 1 G 1 1 
P11 U66 T5

Map8
1 1 1 1 1 1 1 1 
1 0 0 0 1 # 1 1 
1 0 0 F F 0 0 1 
1 0 0 0 0 0 0 1 
G 0 0 1 0 0 0 1 
1 0 0 0 0 1 0 1 
1 F 0 0 # 0 F S 
1 1 1 1 1 1 1 1 
P23 U26 T4

Map8
1 1 1 1 1 1 1 1 
1 F 0 0 0 0 0 1 
1 0 1 0 0 0 0 1 
1 0 1 0 0 0 0 1 
1 0 0 0 0 H 0 S 
1 0 F 0 0 1 0 1 
1 H H 0 0 0 0 G 
1 1 1 1 1 1 1 1 
P21 U65 T4

Map8
1 1 1 1 1 1 1 1 
1 # F # # H 0 1 
1 0 # 0 F # 0 1 
1 0 0 0 0 0 0 1 
S 0 0 0 0 F 0 1 
1 0 0 F 0 0 0 1 
1 0 0 # F 0 # 1 
1 1 1 1 1 G 1 1 
P64 U45 T7

Map8
1 1 1 S 1 1 1 1 
1 # 0 0 F 0 # 1 
1 0 0 0 0 0 0 1 
1 1 0 H 0 0 0 1 
1 1 H 0 0 0 # 1 
1 # 1 0 # # 0 1 
1 0 1 0 0 0 1 1 
1 1 1 1 G 1 1 1 
P32 D44 T4

Map8
1 1 1 1 1 1 1 1 
1 0 # 0 0 0 # 1 
1 0 0 0 0 0 0 1 
1 0 0 0 0 0 0 1 
1 0 0 1 F # 0 1 
1 1 1 0 0 0 F 1 
1 0 0 0 0 F F 1 
1 1 S 1 1 G 1 1 
P41 U46 T8

Map8
1 G 1 1 1 S 1 1 
1 0 F 0 0 0 0 1 
1 0 H 0 0 H 0 1 
1 # 0 0 0 F 0 1 
1 0 0 0 # 0 0 1 
1 0 F 0 0 F H 1 
1 0 F H # 0 0 1 
1 1 1 1 1 1 1 1 
P64 R41 T4

Map8
1 1 1 G 1 1 1 1 
1 H 0 # 0 0 0 1 
1 0 0 0 0 # 0 1 
1 0 # 0 0 0 H 1 
1 0 0 0 0 0 0 1 
1 F 0 H 1 0 0 1 
1 1 0 # 1 0 F 1 
1 1 1 1 1 1 S 1 
P24 L64 T4

Map8
1 1 S 1 1 1 1 1 
1 F # 1 0 0 0 1 
1 0 0 # 0 1 F 1 
1 1 0 F F # 0 1 
1 0 H # 0 0 0 1 
1 0 0 0 1 H 0 1 
1 0 0 1 F 0 0 1 
1 G 1 1 1 1 1 1 
P42 R12 T4

Map8
1 1 G 1 1 1 1 1 
1 # 0 0 0 H # 1 
1 # 0 0 0 0 # 1 
1 0 0 0 H 0 0 1 
1 0 0 0 0 # 0 1 
1 H 1 # 0 0 0 1 
1 0 0 0 0 0 0 1 
1 1 1 1 S 1 1 1 
P14 L44 T4

Map8
1 1 G 1 1 1 1 1 
1 # 0 # # 0 F 1 
1 0 0 H 0 # 0 1 
1 1 0 # # 0 # 1 
1 0 0 F # F 0 1 
1 0 0 0 0 F F 1 
1 0 1 0 H 0 0 1 
1 1 1 1 1 S 1 1 
P64 R42 T4

Map8
1 1 1 1 1 1 1 1 
1 F 0 # 0 0 0 1 
1 0 0 H 0 F 0 S 
1 F 0 0 0 0 F 1 
G 0 0 0 0 0 # 1 
1 0 0 # H F 0 1 
1 0 H 0 0 0 0 1 
1 1 1 1 1 1 1 1 
P65 U43 T4

Map8
1 1 1 1 1 1 1 1 
1 0 0 0 0 0 0 1 
1 0 0 0 H 0 1 1 
1 # F 0 0 1 0 G 
1 0 0 # 0 # 0 1 
S 0 0 0 F # H 1 
1 0 0 0 0 0 0 1 
1 1 1 1 1 1 1 1 
P35 R14 T4

Map8
1 1 1 1 1 1 1 1 
1 0 # 0 0 # F 1 
1 0 # 0 0 F 0 1 
1 # 0 0 H 0 0 1 
G 0 0 0 0 0 F 1 
S 0 F 0 H 0 H 1 
1 0 1 0 # 0 0 1 
1 1 1 1 1 1 1 1 
P41 L35 T5

Map8
1 1 1 1 1 1 1 1 
1 0 0 0 0 0 0 1 
1 0 0 0 0 H 0 1 
1 H 0 0 # 0 F 1 
1 H 0 0 0 F 0 1 
1 # # 0 0 F # 1 
1 0 F 0 F 0 F 1 
1 1 1 G 1 S 1 1 
P21 R44 T4

Map8
1 S 1 1 1 1 1 1 
1 0 H 0 0 0 0 1 
1 0 0 0 H 0 1 1 
1 0 0 0 0 0 0 1 
1 H F 0 # 0 0 1 
1 0 0 0 # 0 0 1 
1 0 # 0 0 0 # 1 
1 G 1 1 1 1 1 1 
P13 D31 T4

Map8
1 1 1 1 1 S 1 1 
1 0 0 0 # 0 0 1 
1 0 0 # 0 H 1 1 
1 0 # 0 0 0 # 1 
1 1 0 1 0 0 0 1 
1 0 0 # F 0 0 G 
1 0 0 0 0 F F 1 
1 1 1 1 1 1 1 1 
P11 L61 T5

Map8
1 1 S 1 1 1 1 1 
1 1 0 0 0 # F 1 
1 0 0 0 0 # F 1 
1 0 1 0 # 0 # 1 
1 1 0 # H 0 0 1 
1 # H # 0 0 0 1 
1 0 H 0 0 1 0 1 
1 1 1 1 1 1 G 1 
P36 D31 T4

Map8
1 1 1 1 1 1 1 1 
1 0 0 F 0 0 # 1 
1 0 0 0 0 0 0 1 
1 0 0 # 0 0 0 1 
1 0 H H 0 F 0 G 
1 0 # 0 0 0 H 1 
1 # 0 0 0 0 F 1 
1 1 1 S 1 1 1 1 
P51 L45 T5

Map8
1 1 1 1 1 1 1 1 
1 H F H 0 0 0 G 
1 0 F 0 0 0 0 1 
1 F F 1 0 0 F 1 
1 0 1 0 H 0 0 1 
1 1 0 0 0 0 F 1 
1 0 0 0 1 0 0 1 
1 1 1 S 1 1 1 1 
P34 D54 T5

Map8
1 1 1 1 1 1 1 1 
1 0 0 0 0 0 H 1 
1 1 1 0 0 0 0 1 
G # 1 H # H F 1 
1 # 0 F 0 0 F 1 
1 0 1 0 0 0 0 1 
1 F F F 0 0 H 1 
1 1 1 1 1 S 1 1 
P54 L44 T5

Map8
1 1 1 1 1 1 1 1 
1 0 0 # H 0 F 1 
1 1 1 0 F H 0 1 
1 # 1 0 0 1 0 1 
1 0 0 0 0 0 0 1 
S F F F 1 # 1 1 
1 0 0 0 0 0 # G 
1 1 1 1 1 1 1 1 
P44 U26 T4

Map8
1 S 1 1 1 1 1 1 
1 0 F 0 1 0 0 1 
1 1 1 F F 0 0 1 
1 0 0 F 0 # 0 1 
1 0 0 H # 0 0 1 
1 0 0 0 0 1 0 1 
1 F 0 H 1 0 0 1 
1 1 G 1 1 1 1 1 
P13 L43 T4

Map8
1 G 1 1 1 1 1 1 
1 0 0 0 0 0 0 1 
1 0 0 0 0 0 H 1 
1 0 0 H 0 0 0 1 
1 H 0 0 0 0 0 1 
1 0 0 0 F 0 F 1 
1 0 0 0 0 0 0 1 
1 1 1 1 1 1 S 1 
P63 U25 T4

Map8
1 1 1 1 1 1 1 1 
G 0 0 0 0 0 0 1 
1 0 0 0 0 0 0 1 
1 1 0 H 0 0 0 1 
1 0 0 0 H 0 F 1 
1 0 0 0 0 0 0 1 
S 0 0 F 0 0 H 1 
1 1 1 1 1 1 1 1 
P56 R35 T4

Map8
1 1 1 S 1 1 1 1 
1 0 0 0 0 # # 1 
1 0 # # 0 F 0 1 
1 0 F 0 0 F 0 1 
1 0 0 0 F 0 0 1 
1 H 0 # 0 0 0 1 
1 # # F 0 0 F 1 
1 1 1 1 G 1 1 1 
P64 U33 T5

Map8
1 1 1 1 1 1 1 1 
1 0 0 0 0 1 0 G 
1 0 0 0 0 0 0 1 
1 0 F 0 0 H 1 1 
1 F 0 0 0 H F 1 
1 0 H 0 # 0 1 1 
S F 0 0 0 0 0 1 
1 1 1 1 1 1 1 1 
P46 R22 T4

Map8
1 1 1 1 G 1 1 1 
1 F 0 1 0 F 0 1 
1 0 0 # H 0 0 1 
S 0 F 0 H 0 # 1 
1 0 0 1 # 0 0 1 
1 0 0 0 0 0 0 1 
1 F 0 0 H 0 F 1 
1 1 1 1 1 1 1 1 
P26 D22 T5

Map8
1 1 1 1 1 1 1 1 
1 0 # 0 0 0 0 1 
G 0 0 0 # F H 1 
1 # 0 0 0 H 0 1 
1 1 0 0 0 F 0 1 
1 # 0 0 1 0 0 S 
1 0 0 # 0 1 H 1 
1 1 1 1 1 1 1 1 
P63 L32 T5

Map8
1 1 1 1 1 1 1 1 
1 F 1 0 F # 0 S 
1 0 0 0 0 0 # G 
1 0 0 # 0 1 0 1 
1 0 1 0 # 0 F 1 
1 F 0 F 0 F F 1 
1 0 0 0 # 0 0 1 
1 1 1 1 1 1 1 1 
P13 L43 T4

Map8
1 1 1 1 1 1 1 1 
1 0 F 0 0 0 0 1 
1 0 F 1 H 0 0 1 
1 F # 0 0 H 1 1 
1 F H 0 0 F 0 1 
1 0 0 0 # H 0 S 
1 0 0 0 1 0 0 1 
1 G 1 1 1 1 1 1 
P34 U66 T5

Map8
1 1 1 1 1 1 G 1 
1 F 1 0 # 0 # 1 
1 0 F 0 0 H 0 1 
1 H 1 0 0 F 0 1 
1 0 0 0 F 1 F 1 
1 # 1 0 H 0 # 1 
1 0 0 0 F 0 F 1 
1 1 1 1 S 1 1 1 
P26 L56 T4

Map8
1 1 1 1 G 1 1 1 
1 F 0 H 0 0 H 1 
1 0 # 0 0 # 0 1 
1 F 0 0 0 0 # 1 
1 1 F # # 0 0 1 
1 0 0 0 0 H 0 1 
1 0 0 # F 0 0 S 
1 1 1 1 1 1 1 1 
P33 U45 T5

Map8
1 G 1 1 1 1 1 1 
1 0 # 0 F F 0 1 
1 0 H 1 F # 1 1 
1 0 0 0 0 F 1 1 
1 H 0 0 0 0 0 1 
1 H # H 0 0 0 1 
1 0 0 F 1 F # 1 
1 1 1 1 1 S 1 1 
P24 R45 T6

Map8
1 1 1 1 1 1 1 1 
1 H F 0 0 1 1 1 
1 0 # # 0 # 0 1 
1 0 0 # 0 0 0 1 
1 0 1 0 1 # # 1 
S F H 0 0 0 0 1 
1 0 H # 0 0 0 G 
1 1 1 1 1 1 1 1 
P12 U16 T4

Map8
1 1 1 1 1 1 1 1 
1 0 # 0 1 F F 1 
G 0 0 F # 0 1 1 
1 F 0 0 # 0 0 1 
1 0 # 0 0 H 0 1 
1 0 0 0 0 # 0 1 
1 1 F H 0 0 0 S 
1 1 1 1 1 1 1 1 
P56 U44 T4

Map8
1 1 1 1 1 1 1 1 
1 0 0 0 0 0 H 1 
1 0 0 0 0 0 0 1 
1 0 F 0 0 0 0 1 
1 F 0 0 0 0 F 1 
1 0 F 0 F 0 0 G 
1 0 # 0 0 0 # 1 
1 1 S 1 1 1 1 1 
P41 L36 T5

Map8
1 1 1 1 1 1 1 1 
1 0 0 0 F 0 F 1 
1 H 0 0 0 0 0 1 
1 1 0 H 0 0 0 1 
S 0 F 0 1 0 0 1 
1 1 0 H 0 0 F 1 
1 0 0 0 0 0 0 G 
1 1 1 1 1 1 1 1 
P21 U25 T4

Map8
1 1 1 1 1 1 1 1 
1 # 0 0 0 H 0 G 
1 0 # 0 # 0 0 1 
1 0 0 0 0 # 1 1 
S 0 0 0 0 0 0 1 
1 # 0 # H H 0 1 
1 1 H 0 # # 1 1 
1 1 1 1 1 1 1 1 
P34 R12 T4

Map8
1 1 1 1 1 1 1 1 
1 0 0 0 1 0 # G 
1 F F 1 0 0 1 1 
1 0 H F 0 # 0 1 
S F 0 # 1 # H 1 
1 0 0 0 0 0 0 1 
1 1 1 # 0 F 0 1 
1 1 1 1 1 1 1 1 
P65 R25 T4

Map8
1 1 1 1 1 1 1 1 
1 1 1 0 F 0 0 S 
1 0 0 0 0 0 1 1 
1 # 0 0 # 1 1 1 
1 0 0 # F 0 1 1 
1 0 F H 0 0 F G 
1 0 0 0 0 0 0 1 
1 1 1 1 1 1 1 1 
P46 R23 T4

Map8
1 1 1 1 1 1 G 1 
1 1 0 0 1 0 0 1 
1 H 0 0 0 0 F 1 
1 0 1 # # 0 F S 
1 0 0 1 0 0 0 1 
1 0 0 0 0 0 0 1 
1 0 # 0 0 0 # 1 
1 1 1 1 1 1 1 1 
P46 D42 T7

Map8
1 1 1 1 1 1 1 1 
1 0 0 1 0 F 0 1 
1 0 F # 0 0 0 1 
1 1 0 0 H 0 0 1 
1 H 0 1 0 H 0 1 
1 0 F H F F 0 1 
S 0 0 0 1 0 0 G 
1 1 1 1 1 1 1 1 
P36 R12 T4

Map8
1 1 1 1 1 1 1 1 
1 0 0 1 1 0 1 1 
1 0 0 F 0 0 1 1 
1 0 0 0 1 # H 1 
G 0 H 0 0 F 0 1 
1 1 0 0 0 0 H 1 
1 F 0 # 0 F 0 1 
1 1 1 1 S 1 1 1 
P26 L42 T6

Map8
1 1 1 1 1 1 1 1 
1 0 0 # 1 1 0 1 
1 0 0 0 0 F # 1 
S 0 0 0 0 0 F 1 
1 # 0 F 0 0 # 1 
1 1 F 0 # 0 0 1 
1 0 F 0 # 0 H 1 
1 1 1 1 1 G 1 1 
P65 U44 T5

Map8
1 1 1 1 1 1 1 1 
G 0 1 0 1 0 0 1 
1 0 0 H H 0 0 1 
1 H 0 0 0 0 0 1 
1 # 0 # 0 0 0 S 
1 0 F 0 0 0 0 1 
1 # 1 F F 0 # 1 
1 1 1 1 1 1 1 1 
P62 U24 T7

Map8
1 1 1 1 1 1 1 1 
1 0 0 0 1 0 0 1 
S 0 0 1 0 0 0 1 
1 F 0 0 0 0 0 1 
1 0 0 0 0 H 1 1 
1 0 0 0 0 F H 1 
1 0 H H 0 # 0 1 
1 1 1 1 1 1 G 1 
P24 D42 T5

Map8
1 1 1 1 1 1 1 1 
1 0 # 0 0 # F 1 
1 0 # 0 0 # F G 
1 1 H 0 0 H 0 1 
1 1 0 0 0 0 0 1 
1 H 0 0 0 0 0 1 
1 0 0 0 # 0 0 1 
1 1 S 1 1 1 1 1 
P56 R16 T5

Map8
1 1 1 1 1 1 1 1 
1 F 0 0 H 0 F 1 
1 1 0 0 0 1 0 1 
1 0 0 H 0 0 # S 
1 H 0 0 0 1 0 1 
1 F 0 0 0 # F 1 
G 0 0 0 1 0 F 1 
1 1 1 1 1 1 1 1 
P25 D42 T4

Map8
1 1 1 1 1 S 1 1 
1 F F 1 F 0 # 1 
1 0 0 0 0 0 0 1 
1 0 F 0 0 H 0 1 
1 0 # 1 F H H 1 
1 0 0 0 0 0 0 1 
1 0 1 0 0 0 0 1 
1 1 1 G 1 1 1 1 
P32 L62 T4

Map8
1 1 1 1 1 1 1 1 
1 # 0 # F F 0 1 
1 1 0 # 0 # 1 1 
1 0 F 1 # 0 0 1 
1 0 0 0 0 0 0 1 
1 # H # 0 0 0 S 
1 1 F F 0 0 0 1 
1 1 1 G 1 1 1 1 
P24 R45 T6

Map8
1 1 1 1 1 1 1 1 
1 0 H F # H 0 1 
1 0 0 0 # 0 F 1 
1 0 0 0 F 0 0 1 
1 0 F 0 0 0 0 1 
G # H 0 0 0 0 1 
1 0 0 0 0 0 0 1 
1 1 S 1 1 1 1 1 
P63 R16 T5

Map8
1 1 1 1 1 1 G 1 
1 H 0 0 0 0 0 1 
1 0 H 0 0 0 F 1 
1 0 # F 0 H 0 1 
1 0 0 # 0 F 0 1 
S 0 F 0 # H 0 1 
1 0 # 0 F 0 F 1 
1 1 1 1 1 1 1 1 
P13 L35 T4

Map8
1 1 1 1 S 1 1 1 
1 0 0 0 # 0 0 1 
1 H 0 0 H 1 0 1 
1 0 0 0 0 0 0 1 
1 0 0 1 0 # 0 1 
1 0 0 1 0 0 1 1 
1 # 0 0 F H 1 1 
1 1 1 1 G 1 1 1 
P21 L51 T6

Map8
1 1 1 1 1 1 S 1 
1 F 0 0 0 0 0 1 
1 0 0 0 0 H 0 1 
1 0 0 H 0 # F 1 
G 0 0 F 0 1 0 1 
1 0 H 0 0 # # 1 
1 0 0 H 0 0 # 1 
1 1 1 1 1 1 1 1 
P43 U46 T5

Map8
1 G 1 1 1 1 1 1 
1 F F 0 0 F 0 S 
1 0 0 0 F 0 0 1 
1 # # 0 0 # 0 1 
1 0 0 F # 0 0 1 
1 0 0 # # 0 0 1 
1 F 0 0 # 0 0 1 
1 1 1 1 1 1 1 1 
P63 R41 T4

Map8
1 1 S 1 1 1 1 1 
1 0 0 0 0 H 0 1 
1 1 0 0 H 0 0 1 
1 0 0 0 0 0 0 1 
G 0 F 0 F 1 0 1 
1 0 H F 0 0 0 1 
1 0 0 0 0 H 0 1 
1 1 1 1 1 1 1 1 
P43 R13 T5

Map8
1 1 1 1 1 1 1 1 
S F 0 0 0 H 0 1 
1 0 0 0 0 0 0 1 
1 0 0 0 0 F F 1 
1 0 F H H 0 0 1 
1 0 1 0 F 0 0 1 
1 0 0 0 0 # 0 G 
1 1 1 1 1 1 1 1 
P31 R12 T4

Map8
1 1 1 1 1 1 1 1 
1 0 0 F 0 # F 1 
1 0 1 0 0 0 F 1 
1 0 # 0 0 F 0 1 
1 0 0 0 0 0 # 1 
1 0 1 F 0 F 0 G 
1 H 0 1 0 0 0 1 
1 1 1 1 1 1 S 1 
P44 D63 T4

Map8
1 1 1 G 1 1 1 1 
1 0 # F # # 0 1 
1 0 # 0 1 0 0 1 
1 F # H 1 1 0 S 
1 1 0 0 F # # 1 
1 0 F 0 0 0 0 1 
1 H 0 0 0 0 0 1 
1 1 1 1 1 1 1 1 
P65 R12 T5

Map10
1 1 1 S 1 1 1 1 1 1 
1 0 0 0 0 0 F 0 0 1 
1 1 0 0 0 0 0 0 0 1 
1 0 0 1 F 0 F 0 F 1 
1 F 0 0 0 0 0 F 1 1 
1 0 H 0 0 F F 0 0 1 
1 0 0 0 # 0 0 0 0 1 
G 0 0 0 0 0 0 0 0 1 
1 H 0 0 0 0 0 0 0 1 
1 1 1 1 1 1 1 1 1 1 
P48 D41 T3

Map10
1 1 1 1 1 1 1 1 1 1 
1 0 # 0 0 F 0 0 0 1 
1 0 F # 0 0 0 0 1 1 
1 H 0 # 0 0 0 F 0 1 
G 0 # 0 0 0 0 0 # 1 
1 # 0 0 0 0 0 H 0 1 
1 0 1 H 0 0 0 0 0 1 
S 0 # # # 0 0 0 H 1 
1 0 0 0 0 1 # 0 0 1 
1 1 1 1 1 1 1 1 1 1 
P43 U48 T2

Map10
1 1 1 1 1 1 1 1 1 1 
1 0 0 0 1 0 # 0 1 1 
S F # 0 F 1 0 0 0 1 
1 0 0 # 0 # 0 0 0 1 
1 0 H 0 0 0 0 0 0 1 
1 1 0 1 0 0 0 0 0 1 
1 0 0 0 # F F 0 0 1 
G 0 0 0 F 1 0 0 0 1 
1 1 0 0 0 0 0 0 0 1 
1 1 1 1 1 1 1 1 1 1 
P26 U13 T8

Map10
1 1 1 G 1 S 1 1 1 1 
1 0 F 0 1 0 F 0 1 1 
1 0 0 F 0 1 0 0 0 1 
1 0 H 0 F 0 0 H 0 1 
1 1 F 0 1 0 0 0 F 1 
1 0 1 0 0 0 0 H 0 1 
1 0 0 0 0 0 0 # F 1 
1 0 F 0 H 0 F 0 0 1 
1 0 0 0 0 0 # 0 0 1 
1 1 1 1 1 1 1 1 1 1 
P28 R62 T6

Map10
1 1 1 1 1 1 1 1 1 1 
G 0 0 F 0 0 F 0 # 1 
1 0 1 F 1 H 0 0 F 1 
1 F 1 0 0 F 0 0 H 1 
1 0 H 0 0 # 1 0 0 1 
S 0 # # F 0 # 1 0 1 
1 0 0 0 0 0 0 0 # 1 
1 0 0 H 0 H # 0 0 1 
1 0 0 F F H # 0 F 1 
1 1 1 1 1 1 1 1 1 1 
P36 D34 T4

Map10
1 G 1 1 1 S 1 1 1 1 
1 0 0 0 0 0 0 0 0 1 
1 0 H 0 0 H 0 0 0 1 
1 # 0 0 0 0 0 0 0 1 
1 F 1 F 0 0 # 1 0 1 
1 F 0 0 0 F 0 # 0 1 
1 # 1 0 1 0 # 1 0 1 
1 0 0 H 0 0 0 0 0 1 
1 F H H 0 1 0 F 1 1 
1 1 1 1 1 1 1 1 1 1 
P81 R41 T4

Map10
1 1 1 1 1 1 1 1 1 1 
1 1 0 F 0 0 0 0 0 1 
1 0 1 0 0 F 0 0 # 1 
1 F 0 F 0 0 0 0 0 1 
G F F 0 # 0 0 0 0 1 
1 0 0 # 0 0 0 F 0 1 
1 0 0 0 0 # 0 # 0 1 
S 0 0 H 0 1 0 0 0 1 
1 0 0 0 0 0 0 0 0 1 
1 1 1 1 1 1 1 1 1 1 
P83 D16 T4

Map10
1 1 1 1 1 G 1 1 1 1 
1 0 0 0 0 0 F 0 F 1 
1 0 0 0 0 0 0 0 0 1 
1 0 0 F 1 F 0 0 0 1 
1 0 1 0 F 0 F 0 0 1 
1 0 0 0 0 0 0 0 0 1 
1 0 0 1 0 0 0 0 0 1 
S 0 # 0 F F 1 0 0 1 
1 0 0 0 F 0 0 0 0 1 
1 1 1 1 1 1 1 1 1 1 
P68 L37 T4

Map10
1 1 1 1 1 1 S 1 1 1 
1 F 0 0 # 0 # 0 0 1 
1 0 0 0 0 F F 0 0 1 
1 0 0 0 F 0 0 0 0 1 
G # 0 0 F 0 # 0 0 1 
1 0 0 0 F 0 # 0 0 1 
1 0 0 0 1 0 F # 0 1 
1 # # 1 F 0 # 0 0 1 
1 F 0 0 F 0 H 0 F 1 
1 1 1 1 1 1 1 1 1 1 
P85 U63 T4

Map10
1 G 1 1 1 1 1 S 1 1 
1 0 1 1 1 0 0 0 0 1 
1 0 # 0 0 H 0 0 0 1 
1 # 0 0 0 0 1 0 0 1 
1 1 0 0 0 1 0 0 # 1 
1 # 0 0 1 0 0 0 0 1 
1 1 0 0 0 0 H H 0 1 
1 0 0 0 H 0 H 0 0 1 
1 0 # 0 0 0 0 0 0 1 
1 1 1 1 1 1 1 1 1 1 
P57 L85 T6

Map10
1 1 1 1 1 1 S 1 1 1 
1 0 # # 1 F 0 0 0 1 
1 F 0 0 0 0 0 0 0 1 
1 0 0 0 0 H 0 0 0 1 
1 0 0 0 # 0 F 0 0 1 
G 0 F 0 0 0 0 1 F 1 
1 0 F # 0 0 F 0 0 1 
1 0 0 0 1 0 1 # F 1 
1 1 0 0 0 # 0 F # 1 
1 1 1 1 1 1 1 1 1 1 
P48 R54 T5

Map10
1 1 1 1 1 S 1 1 1 1 
G F # 0 H 0 0 0 0 1 
1 0 0 # # 1 F 0 0 1 
1 0 0 0 0 0 0 0 0 1 
1 0 0 H 0 0 0 0 0 1 
1 0 0 0 0 0 H F F 1 
1 0 0 0 0 0 0 0 0 1 
1 0 0 0 0 0 0 H 0 1 
1 0 0 0 0 0 0 H # 1 
1 1 1 1 1 1 1 1 1 1 
P84 U24 T5

Map10
1 G 1 1 S 1 1 1 1 1 
1 0 0 0 0 F 0 F 0 1 
1 0 0 0 F H 0 0 F 1 
1 H F 0 0 F 0 0 F 1 
1 0 0 0 0 0 0 H F 1 
1 0 0 0 0 1 0 0 0 1 
1 0 0 0 F 0 0 0 H 1 
1 0 0 0 H 0 F 0 0 1 
1 H # 0 F 0 0 0 0 1 
1 1 1 1 1 1 1 1 1 1 
P73 R33 T4

Map10
1 1 1 S 1 G 1 1 1 1 
1 0 0 0 1 0 0 F 0 1 
1 0 0 F F F F F 0 1 
1 F F 0 1 H 0 0 1 1 
1 1 0 0 0 0 0 0 0 1 
1 # 0 0 0 0 0 0 1 1 
1 0 0 H F # 0 F 0 1 
1 F H H H 0 0 # 0 1 
1 H 0 0 0 # 0 0 0 1 
1 1 1 1 1 1 1 1 1 1 
P35 U65 T4

Map10
1 1 1 1 S 1 1 1 1 1 
1 0 0 0 0 0 0 H 0 1 
1 0 0 0 # 1 1 0 0 1 
1 0 0 # 0 0 1 0 0 1 
1 1 1 0 H 0 0 0 H 1 
1 0 0 H # 0 1 0 0 1 
G 0 0 # 0 0 0 0 0 1 
1 # 0 0 0 0 0 H # 1 
1 0 0 0 0 0 # 0 0 1 
1 1 1 1 1 1 1 1 1 1 
P57 L51 T5

Map10
1 1 1 S 1 1 G 1 1 1 
1 1 0 0 0 0 0 0 0 1 
1 0 0 H 0 # 0 0 0 1 
1 0 0 # 0 0 0 # 1 1 
1 0 0 F 0 0 0 H H 1 
1 1 0 0 0 0 0 0 0 1 
1 0 0 0 1 0 # 0 0 1 
1 0 0 0 0 0 0 0 0 1 
1 0 0 0 # 0 0 0 1 1 
1 1 1 1 1 1 1 1 1 1 
P78 L41 T4

Map10
1 1 1 1 S 1 1 1 1 1 
1 0 0 F 0 0 0 1 0 1 
1 1 0 F # 0 0 0 0 1 
1 0 H 0 0 0 0 0 0 1 
1 0 F 0 0 0 0 0 1 1 
1 0 0 0 F 0 0 0 0 1 
G 0 0 0 0 1 H 0 F 1 
1 0 F 1 F 0 H 0 0 1 
1 0 H 0 0 H 0 0 0 1 
1 1 1 1 1 1 1 1 1 1 
P43 D34 T7

Map10
1 1 1 1 1 1 1 S 1 1 
1 0 0 # # 0 0 0 0 1 
1 1 0 0 0 0 0 0 0 1 
1 1 0 0 0 0 0 F 0 1 
G 0 0 0 F 0 H 1 # 1 
1 0 H 0 0 0 0 0 0 1 
1 F 0 H # 0 0 0 # 1 
1 0 0 0 0 0 0 0 1 1 
1 0 0 0 0 0 0 0 1 1 
1 1 1 1 1 1 1 1 1 1 
P32 L82 T5

Map10
1 G 1 1 1 1 1 1 1 1 
1 0 # 0 0 0 0 # # 1 
1 0 0 0 0 0 0 0 # 1 
1 0 1 0 0 # 0 1 1 1 
1 0 H 0 # 0 0 0 0 1 
1 H 0 0 F 0 0 0 0 1 
S 0 0 H 0 # 0 F 0 1 
1 0 0 0 0 0 0 0 0 1 
1 0 0 0 0 0 0 0 1 1 
1 1 1 1 1 1 1 1 1 1 
P58 D25 T5

Map10
1 1 1 S 1 1 G 1 1 1 
1 0 0 F 0 0 0 0 1 1 
1 0 1 0 H F 0 0 0 1 
1 # F 0 F 0 0 0 0 1 
1 0 0 F 0 0 # 0 # 1 
1 0 0 0 0 0 0 0 # 1 
1 0 0 # 0 1 0 # F 1 
1 1 0 F F 1 0 0 0 1 
1 0 0 # 0 1 0 0 F 1 
1 1 1 1 1 1 1 1 1 1 
P75 L44 T6

Map10
1 1 1 1 S 1 1 1 1 1 
1 0 0 0 0 0 0 0 # 1 
1 H F 0 0 0 0 # 0 1 
1 0 0 0 H 0 F 0 0 1 
1 1 0 H 0 0 0 0 0 1 
1 0 # 0 F 0 0 0 F 1 
1 0 0 1 0 0 F # F 1 
G 0 1 0 0 0 # 0 # 1 
1 1 0 0 0 F 0 0 0 1 
1 1 1 1 1 1 1 1 1 1 
P11 L51 T5

Map10
1 1 1 G 1 1 S 1 1 1 
1 0 1 0 1 1 0 0 0 1 
1 # F F 0 0 0 F 0 1 
1 H F 0 0 0 1 0 1 1 
1 1 # 0 0 F H # 0 1 
1 0 0 0 0 F # 0 0 1 
1 0 0 0 H 0 0 0 # 1 
1 0 1 0 0 0 0 # 0 1 
1 H 0 # 0 0 H 0 # 1 
1 1 1 1 1 1 1 1 1 1 
P42 L67 T4

Map10
1 1 1 1 1 1 G 1 1 1 
1 0 0 H F F 0 0 0 1 
1 F F 0 1 # 0 0 F 1 
1 0 0 0 0 H 0 0 0 1 
1 0 # 0 0 # 0 0 0 1 
1 0 H 0 F 0 0 0 0 1 
1 H 0 0 0 0 0 1 0 1 
S # # 1 F # 0 0 1 1 
1 0 0 0 0 0 0 H 0 1 
1 1 1 1 1 1 1 1 1 1 
P58 R36 T5

Map10
1 1 1 1 1 1 G 1 1 1 
1 0 0 0 1 0 0 0 # 1 
1 0 0 0 0 0 0 0 1 1 
1 0 0 F 0 F F 0 0 1 
1 0 1 0 H 0 0 0 0 1 
S 0 0 1 0 H 0 0 0 1 
1 0 1 0 0 0 # 0 0 1 
1 0 0 0 0 0 0 0 0 1 
1 F 0 0 0 # 0 0 0 1 
1 1 1 1 1 1 1 1 1 1 
P12 U64 T4

Map10
1 1 1 1 1 1 1 1 1 1 
G F # H 0 F 0 0 # 1 
1 1 0 # 0 # 0 0 0 1 
1 # # 0 0 F 0 0 H 1 
1 0 0 0 0 F 0 # 0 1 
1 0 0 0 H 0 F 0 F 1 
1 0 0 # F 0 # 0 1 1 
S 0 0 F 1 0 0 0 # 1 
1 0 # 0 0 0 H 0 0 1 
1 1 1 1 1 1 1 1 1 1 
P33 U18 T4

Map10
1 1 S 1 1 1 1 G 1 1 
1 0 0 H 0 0 0 0 H 1 
1 0 0 0 0 H H 0 0 1 
1 0 0 1 0 0 1 0 0 1 
1 0 0 0 0 0 0 F 0 1 
1 0 0 H 0 0 # 0 0 1 
1 0 # 0 1 0 F 0 # 1 
1 0 # 1 0 0 H 1 0 1 
1 0 0 0 0 0 0 1 0 1 
1 1 1 1 1 1 1 1 1 1 
P82 R14 T4

Map10
1 1 1 1 1 1 1 1 1 1 
1 0 0 0 0 0 0 0 0 1 
1 0 H 0 0 F 0 0 0 1 
1 0 F 0 0 # 0 0 0 1 
1 0 0 0 0 0 0 0 0 1 
G 0 0 0 0 0 H 0 0 1 
1 0 0 0 0 0 0 0 0 1 
S 0 H 0 0 0 H 0 H 1 
1 0 0 0 0 0 0 0 0 1 
1 1 1 1 1 1 1 1 1 1 
P48 D16 T6

Map10
1 G 1 1 1 1 1 S 1 1 
1 0 # 0 0 0 0 0 0 1 
1 0 0 0 0 # 0 H 0 1 
1 # 0 0 1 0 0 # 0 1 
1 0 0 # # 0 0 0 0 1 
1 1 H 0 H F 1 0 0 1 
1 0 1 0 0 0 1 0 # 1 
1 0 H 0 0 0 H 1 1 1 
1 0 0 0 0 0 0 # # 1 
1 1 1 1 1 1 1 1 1 1 
P85 R61 T4

Map10
1 1 1 1 1 1 1 1 1 1 
1 0 0 0 0 # 0 0 # 1 
1 0 0 0 0 0 0 0 0 1 
G 0 0 0 0 0 0 0 0 1 
1 0 0 0 F # H # 0 1 
1 0 0 0 0 0 0 0 0 1 
1 H 0 0 0 0 0 1 0 1 
S # 0 H 0 0 # F 0 1 
1 # 0 0 0 0 0 0 0 1 
1 1 1 1 1 1 1 1 1 1 
P82 D26 T4

Map10
1 1 1 1 1 1 1 1 1 1 
1 0 0 0 0 # # 0 1 1 
1 1 0 0 0 0 # 0 0 1 
1 0 0 # 0 0 0 # F 1 
1 H 0 0 0 0 # 0 0 1 
G # 0 0 1 F 0 0 F 1 
1 0 F 0 1 F 0 0 0 1 
S 0 0 F 0 1 1 F H 1 
1 # 0 0 0 0 F 0 1 1 
1 1 1 1 1 1 1 1 1 1 
P21 D36 T6

Map10
1 1 1 S 1 1 1 1 1 1 
1 0 0 0 0 0 0 0 0 1 
1 0 0 # 0 0 0 F 0 1 
1 0 0 0 0 0 0 0 0 1 
1 0 0 0 0 H 0 F 0 1 
1 0 0 0 0 0 0 F 0 1 
G F 0 0 0 0 0 0 F 1 
1 F 0 # 0 # 0 0 0 1 
1 H 0 0 F 0 H 0 0 1 
1 1 1 1 1 1 1 1 1 1 
P11 R27 T5

Map10
1 1 1 1 1 1 1 S 1 1 
1 H 0 0 0 H 0 0 0 1 
1 0 F F F # 0 0 0 1 
1 # 0 0 0 0 # H 0 1 
1 1 0 0 0 0 0 0 0 1 
G # 0 0 0 0 0 0 0 1 
1 0 0 0 0 0 0 0 # 1 
1 0 0 F # 0 # 0 0 1 
1 F 0 H 0 0 0 0 0 1 
1 1 1 1 1 1 1 1 1 1 
P87 R61 T5

Map10
1 1 1 1 S 1 1 1 1 1 
1 0 0 0 F 0 1 0 0 1 
1 0 0 1 1 0 # 0 0 1 
1 1 0 1 0 0 F 0 0 1 
G 0 0 0 0 H # 0 0 1 
1 # # 0 H 0 0 0 0 1 
1 1 0 H 0 # F 0 0 1 
1 1 0 0 0 # 0 0 0 1 
1 F 0 # H 1 0 0 0 1 
1 1 1 1 1 1 1 1 1 1 
P26 L51 T7

Map10
1 1 1 1 1 1 1 1 1 1 
G F 0 0 # 0 0 0 F 1 
1 H 0 1 0 0 0 0 0 1 
1 0 0 0 # F F 0 H 1 
1 0 0 0 0 0 0 0 0 1 
1 0 0 0 # # 0 # 0 1 
S # F 1 0 F 0 0 0 1 
1 0 0 0 0 0 0 # F 1 
1 0 # 0 0 0 0 0 0 1 
1 1 1 1 1 1 1 1 1 1 
P38 D15 T4

Map10
1 1 1 S G 1 1 1 1 1 
1 # 1 # 0 # 0 0 0 1 
1 F 0 0 F 0 0 # 1 1 
1 F 0 0 0 # F 0 # 1 
1 1 0 1 0 0 # 0 H 1 
1 F 0 0 0 0 0 0 0 1 
1 0 0 0 0 0 0 0 0 1 
1 H 0 0 0 0 1 # F 1 
1 0 F 1 F 0 0 0 0 1 
1 1 1 1 1 1 1 1 1 1 
P71 L74 T5

Map10
1 1 1 1 1 1 1 1 1 1 
1 1 0 1 1 0 H 0 0 1 
1 0 0 0 0 0 # 0 1 1 
1 0 0 0 # 0 1 0 H 1 
1 # 0 H 0 0 1 0 0 1 
G 0 # 0 0 # 0 0 0 1 
1 0 0 0 0 0 0 0 1 1 
S 0 H # 0 0 0 0 0 1 
1 0 # 0 0 0 # 0 # 1 
1 1 1 1 1 1 1 1 1 1 
P78 D16 T4

Map10
1 1 1 1 1 1 G 1 1 1 
1 0 0 0 0 0 F 0 0 1 
1 1 # F 0 0 0 0 0 1 
1 0 0 F 0 H 0 0 0 1 
1 F 0 0 0 0 # 0 0 1 
1 0 0 # 0 0 0 0 H 1 
S 0 1 0 1 0 F 0 1 1 
1 1 H 0 0 0 0 0 0 1 
1 0 0 1 F 0 H 0 1 1 
1 1 1 1 1 1 1 1 1 1 
P75 D42 T5

Map10
1 1 1 1 1 1 G 1 1 1 
1 0 0 H F F 0 0 0 1 
1 H 0 0 0 0 0 0 0 1 
S 0 0 0 0 0 1 H 0 1 
1 0 0 0 0 # 0 # # 1 
1 # 0 0 0 0 0 0 0 1 
1 H 0 0 0 0 F 0 0 1 
1 0 0 0 0 0 0 H 0 1 
1 # 0 F 1 0 0 F # 1 
1 1 1 1 1 1 1 1 1 1 
P81 D52 T5

Map10
1 1 1 1 1 1 1 1 1 1 
G 0 0 0 1 0 0 0 0 1 
1 0 0 0 0 0 H 0 H 1 
1 0 # 0 F 0 0 0 0 1 
1 0 0 0 1 1 F 0 0 1 
S F 0 F 0 0 1 H 0 1 
1 0 0 0 0 1 0 0 0 1 
1 0 0 0 H 1 0 H 0 1 
1 0 0 0 F 0 0 0 0 1 
1 1 1 1 1 1 1 1 1 1 
P18 D34 T4

Map10
1 S 1 1 1 1 1 1 1 1 
1 0 0 0 0 0 0 F 0 1 
G 0 # 0 0 F 0 0 0 1 
1 # 0 0 # 0 0 0 0 1 
1 0 # 0 # 0 0 0 0 1 
1 H 0 0 0 0 0 H 0 1 
1 # 0 0 # 0 0 0 # 1 
1 F 0 0 0 0 0 0 F 1 
1 0 0 F H H 0 F F 1 
1 1 1 1 1 1 1 1 1 1 
P83 U14 T4

Map10
1 1 1 1 1 1 1 1 1 1 
1 0 F F F 1 0 0 H 1 
1 0 0 0 1 0 0 1 0 1 
S 0 0 1 1 0 0 F 0 1 
G 0 0 0 0 0 H # 0 1 
1 H F F 0 0 # 0 0 1 
1 0 0 F H 0 1 0 H 1 
1 0 0 0 0 1 0 0 0 1 
1 F F 0 0 0 0 0 0 1 
1 1 1 1 1 1 1 1 1 1 
P27 U37 T4

Map10
1 1 1 1 S 1 1 1 1 1 
1 F 0 0 0 0 F 0 0 1 
1 0 0 H 0 # F 0 0 1 
1 0 0 0 H 0 0 0 0 1 
1 0 0 0 0 0 0 0 0 1 
1 0 0 0 0 H 0 H 0 1 
1 0 0 H 0 0 0 0 0 1 
G 0 0 0 0 0 0 0 1 1 
1 0 H 0 0 0 1 0 0 1 
1 1 1 1 1 1 1 1 1 1 
P56 R31 T5

Map10
1 1 1 1 1 S 1 1 1 1 
1 0 1 0 0 # 0 # 0 1 
1 0 0 0 0 F 0 0 0 1 
1 H H 0 0 0 0 0 # 1 
1 F 0 0 H 0 # 0 0 1 
1 0 0 0 0 0 F 0 0 1 
1 1 0 H 0 H 0 0 # 1 
G 0 0 0 1 0 0 1 H 1 
1 0 0 0 0 0 1 0 0 1 
1 1 1 1 1 1 1 1 1 1 
P72 R42 T7

Map10
1 1 1 1 1 1 1 1 1 1 
1 0 0 H 0 0 0 # 0 1 
1 0 0 1 1 0 0 F 0 1 
1 F 0 0 0 0 0 0 0 1 
G 0 0 1 0 0 0 0 0 1 
1 0 0 0 0 0 0 0 0 1 
S F 1 F 0 0 0 0 0 1 
1 0 0 0 0 0 1 0 0 1 
1 0 0 0 0 0 1 0 0 1 
1 1 1 1 1 1 1 1 1 1 
P54 D15 T8

Map10
1 1 1 1 1 S 1 1 1 1 
1 0 0 0 H 0 F F 0 1 
1 F 0 H F 0 0 0 0 1 
1 0 0 0 0 0 0 0 0 1 
1 1 0 0 0 F 0 0 0 1 
1 0 0 0 0 H 0 0 F 1 
1 0 0 # 0 0 0 0 H 1 
G 0 0 # 0 0 0 0 H 1 
1 0 0 1 # 0 0 0 H 1 
1 1 1 1 1 1 1 1 1 1 
P73 R43 T11

Map10
1 1 1 1 1 1 G 1 1 1 
1 0 # 0 0 1 0 1 0 1 
1 0 0 H 0 0 0 0 0 1 
1 0 0 0 0 0 0 0 0 1 
1 0 0 0 0 0 0 F 0 1 
1 0 0 1 0 # # 0 0 1 
1 0 H 0 1 # 0 # 0 1 
S 0 H 1 0 0 0 1 0 1 
1 0 0 0 0 0 0 1 # 1 
1 1 1 1 1 1 1 1 1 1 
P75 U18 T5

Map10
1 G 1 1 1 1 1 1 1 1 
1 0 H 1 0 0 H 1 0 1 
1 0 # 0 H # 0 1 0 1 
1 0 0 0 0 0 0 0 H 1 
1 H 0 0 0 0 0 # 0 1 
1 0 # 0 # 0 0 0 # 1 
1 0 0 0 0 0 0 0 1 1 
S 0 0 # H 0 0 0 # 1 
1 0 0 0 0 0 0 0 0 1 
1 1 1 1 1 1 1 1 1 1 
P48 D16 T5

Map10
1 1 1 1 1 1 1 1 1 1 
1 H 0 0 0 0 0 0 0 1 
1 0 0 1 1 # 0 F 0 1 
1 0 0 0 0 F # 0 0 1 
1 0 0 0 1 F 0 0 0 1 
G 0 # 1 0 0 0 0 0 1 
1 0 0 # 0 0 0 0 # 1 
S 0 F 0 # 0 0 F 0 1 
1 1 0 F 0 1 F 0 0 1 
1 1 1 1 1 1 1 1 1 1 
P82 D16 T6

Map10
1 1 S 1 1 1 1 G 1 1 
1 0 0 0 0 1 1 0 F 1 
1 0 H F 0 0 0 0 F 1 
1 # 0 0 0 # F 0 # 1 
1 0 H 0 0 0 0 0 0 1 
1 0 0 0 # # # 0 0 1 
1 0 0 1 0 0 0 0 # 1 
1 0 0 0 # # 0 0 1 1 
1 0 0 0 0 0 F H 0 1 
1 1 1 1 1 1 1 1 1 1 
P18 L31 T4

Map10
1 1 1 1 1 S 1 1 1 1 
1 0 F 0 0 # 0 F F 1 
1 # 0 H 0 0 0 0 0 1 
1 1 0 0 1 0 0 0 F 1 
G 0 1 0 0 1 0 0 0 1 
1 0 0 0 # 0 0 # 0 1 
1 0 0 0 0 0 0 0 0 1 
1 0 0 # 0 0 H 0 0 1 
1 0 0 F 0 0 1 F 0 1 
1 1 1 1 1 1 1 1 1 1 
P86 R42 T5

Map10
1 1 1 1 1 S 1 1 1 1 
1 0 0 0 0 F 0 0 0 1 
1 0 0 0 0 0 0 0 0 1 
1 0 0 F 0 0 1 0 0 1 
1 0 0 0 H 0 0 0 0 1 
1 0 0 0 0 0 0 0 0 1 
G 0 0 F # # 1 0 0 1 
1 F H 0 0 H H 0 1 1 
1 0 1 0 0 # 0 0 F 1 
1 1 1 1 1 1 1 1 1 1 
P38 R45 T7

Map10
1 1 1 1 1 1 1 1 1 1 
1 F 0 0 # 0 0 1 F 1 
1 0 1 F 0 0 0 0 1 1 
S F F 0 0 0 F 0 0 1 
1 0 0 0 0 0 0 0 0 1 
1 0 F 0 H 0 0 0 0 1 
1 0 0 1 1 0 0 0 0 1 
G # 0 F 0 # 0 0 0 1 
1 F 0 0 0 0 0 H F 1 
1 1 1 1 1 1 1 1 1 1 
P68 U34 T4

Map10
1 1 1 S 1 1 G 1 1 1 
1 0 0 # 0 1 0 0 0 1 
1 F 0 0 0 0 1 1 # 1 
1 H F H 0 H 0 0 0 1 
1 0 # 1 0 F 0 0 0 1 
1 0 0 H 0 0 1 0 0 1 
1 0 # H 0 0 H 0 0 1 
1 0 0 1 F 1 0 # 0 1 
1 0 0 0 0 # 1 0 0 1 
1 1 1 1 1 1 1 1 1 1 
P45 R21 T6

Map10
1 1 1 1 1 1 S 1 1 1 
1 0 1 H # 0 0 0 F 1 
1 H 0 0 1 1 0 0 0 1 
1 1 0 0 0 0 0 F 0 1 
1 H 0 0 H 0 H 0 0 1 
1 0 0 0 1 0 0 0 H 1 
1 0 0 0 0 0 0 F 1 1 
G 0 0 0 F 0 0 0 0 1 
1 0 0 0 0 F 0 0 0 1 
1 1 1 1 1 1 1 1 1 1 
P63 D71 T5

Map10
1 1 1 1 1 G 1 S 1 1 
1 0 H # 1 # 0 F # 1 
1 0 H 0 # H 0 0 0 1 
1 0 0 0 0 0 0 0 0 1 
1 0 0 0 0 0 0 0 # 1 
1 0 0 0 0 0 0 0 # 1 
1 # 0 0 0 # 0 # 0 1 
1 0 H 0 0 0 0 0 0 1 
1 0 0 0 0 H # 0 0 1 
1 1 1 1 1 1 1 1 1 1 
P53 L83 T4

Map10
1 S 1 1 1 1 1 1 1 1 
1 0 0 # 0 0 0 0 0 1 
1 F 0 0 F 0 0 0 0 1 
1 0 # 0 0 F 0 0 0 1 
1 H 0 0 F 0 # 0 0 1 
G 0 0 F 0 0 F 0 0 1 
1 0 H 0 0 0 0 0 0 1 
1 F F 0 0 0 0 0 0 1 
1 0 0 0 F 0 0 # 0 1 
1 1 1 1 1 1 1 1 1 1 
P86 U13 T4

Map10
1 1 1 S 1 G 1 1 1 1 
1 0 0 0 0 F 0 0 0 1 
1 0 0 0 # 0 0 0 0 1 
1 0 0 H 0 0 0 0 0 1 
1 0 0 0 H F 0 0 0 1 
1 0 1 0 H 0 0 0 0 1 
1 0 0 1 0 0 0 0 1 1 
1 0 0 # 0 0 0 0 0 1 
1 0 0 0 0 0 0 1 H 1 
1 1 1 1 1 1 1 1 1 1 
P68 L41 T4

Map10
1 G 1 1 1 1 1 1 1 1 
1 0 1 0 F 0 0 0 0 1 
1 0 0 0 0 0 0 0 # 1 
1 0 0 0 H 0 0 0 0 1 
1 0 0 0 0 0 F 0 0 1 
1 0 0 0 0 0 0 0 0 1 
S 0 H 0 0 0 1 0 0 1 
1 0 F # 0 0 # 0 0 1 
1 0 0 # 0 F 0 # 0 1 
1 1 1 1 1 1 1 1 1 1 
P81 D15 T5

Map10
1 1 S 1 1 1 1 1 1 1 
1 # 0 1 0 0 # 0 F 1 
1 # 0 0 0 0 0 0 0 1 
1 0 0 0 0 0 0 F 0 1 
1 H 0 0 1 0 H 1 1 1 
G 0 0 0 0 0 0 0 0 1 
1 0 F H 0 0 0 0 0 1 
1 F 1 0 0 0 0 H 0 1 
1 0 0 0 1 0 0 0 # 1 
1 1 1 1 1 1 1 1 1 1 
P63 R13 T5

Map10
1 G 1 1 1 1 1 S 1 1 
1 0 0 1 0 # 0 0 0 1 
1 0 0 0 0 0 0 F 0 1 
1 1 0 0 0 0 0 1 0 1 
1 0 0 0 0 0 0 0 F 1 
1 0 0 0 0 0 F 0 0 1 
1 0 F 0 0 0 0 0 0 1 
1 1 # 0 F # F F 0 1 
1 0 0 F 0 1 F 0 0 1 
1 1 1 1 1 1 1 1 1 1 
P83 R61 T4

Map10
1 1 1 1 1 S 1 1 1 1 
1 0 0 F F F 1 F F 1 
1 0 0 0 0 0 0 0 H 1 
1 0 0 0 F 0 0 0 0 1 
1 0 # 0 1 0 0 0 F 1 
G 0 0 0 0 1 0 0 0 1 
1 H 0 0 1 0 # 0 0 1 
1 H 0 # 0 0 1 0 0 1 
1 0 1 0 0 0 0 0 # 1 
1 1 1 1 1 1 1 1 1 1 
P34 D73 T5

Map10
1 1 1 S 1 1 1 1 1 1 
1 1 0 0 0 0 0 F F 1 
1 0 0 # 0 0 0 # 0 1 
1 1 0 F 0 # 0 0 0 1 
1 1 0 0 0 0 0 0 0 1 
1 F F F 0 0 0 F 0 1 
1 F 0 1 0 0 # 0 H 1 
G 0 0 0 0 0 0 1 F 1 
1 0 0 0 0 0 0 0 F 1 
1 1 1 1 1 1 1 1 1 1 
P28 U34 T4

Map10
1 1 1 G 1 S 1 1 1 1 
1 0 0 0 0 0 0 0 0 1 
1 0 0 0 0 H 0 0 0 1 
1 0 0 0 0 H H 0 0 1 
1 0 0 0 0 0 0 1 # 1 
1 0 0 1 0 0 0 0 0 1 
1 # H 0 0 0 0 0 0 1 
1 0 0 0 0 0 0 F 0 1 
1 0 0 0 0 0 H 0 0 1 
1 1 1 1 1 1 1 1 1 1 
P88 R41 T6

Map10
1 1 1 S 1 1 1 G 1 1 
1 0 # 0 0 1 0 # 0 1 
1 0 0 0 0 0 0 0 0 1 
1 0 F F # 0 F 0 # 1 
1 0 F H 0 F # 0 0 1 
1 0 0 0 0 F 0 # 0 1 
1 F 0 0 0 H 0 0 0 1 
1 0 0 1 0 # 0 0 0 1 
1 0 0 0 F F 0 0 0 1 
1 1 1 1 1 1 1 1 1 1 
P88 L41 T4

Map10
1 1 1 1 1 1 1 1 1 1 
G 0 0 0 0 0 0 0 0 1 
1 0 # 0 0 H 0 0 0 1 
1 0 0 0 0 F 0 0 0 1 
1 0 1 1 0 0 0 1 0 1 
S 0 F 0 H 0 0 0 0 1 
1 0 # 0 0 0 0 0 0 1 
1 0 0 0 # 0 0 0 1 1 
1 0 0 1 0 # F 0 0 1 
1 1 1 1 1 1 1 1 1 1 
P17 D14 T4

Map10
1 1 1 1 S 1 1 1 1 1 
1 0 H F 0 0 0 0 1 1 
1 0 0 0 F 0 1 1 0 1 
1 0 1 0 H 0 0 0 H 1 
1 0 1 F 0 0 0 0 0 1 
G 0 0 0 0 0 0 1 0 1 
1 0 0 0 # F 0 0 1 1 
1 H # 0 1 0 0 F 0 1 
1 0 0 0 0 0 0 0 H 1 
1 1 1 1 1 1 1 1 1 1 
P18 R32 T5

Map10
1 1 1 1 1 1 S 1 1 1 
1 0 # 1 0 0 0 H 1 1 
1 # 0 0 H 0 0 1 0 1 
G 0 0 0 F H # 0 0 1 
1 0 1 # 0 0 0 0 0 1 
1 0 0 1 0 # H 0 0 1 
1 0 F 0 0 H 0 0 0 1 
1 0 0 0 0 0 0 0 0 1 
1 0 0 0 # 1 0 0 # 1 
1 1 1 1 1 1 1 1 1 1 
P66 R54 T9

Map10
1 1 S 1 1 1 1 G 1 1 
1 0 0 H H 0 0 0 H 1 
1 0 0 0 0 0 0 0 0 1 
1 0 H 0 0 0 H F 0 1 
1 0 0 0 0 0 0 # 0 1 
1 0 1 0 # 0 F 0 0 1 
1 0 # 0 0 0 0 0 0 1 
1 0 0 0 H 0 0 0 0 1 
1 0 0 F 0 0 0 0 0 1 
1 1 1 1 1 1 1 1 1 1 
P88 L32 T4

Map10
1 1 1 1 G 1 S 1 1 1 
1 0 1 # F F 0 1 0 1 
1 0 F # # 0 0 # # 1 
1 0 1 H H 0 0 0 F 1 
1 F 1 0 F 0 F 0 0 1 
1 0 H 0 0 1 0 # 0 1 
1 # 0 0 F F 0 1 0 1 
1 0 0 0 0 0 0 H 0 1 
1 0 0 # 0 0 F 0 # 1 
1 1 1 1 1 1 1 1 1 1 
P11 R52 T6

Map10
1 1 S 1 1 1 1 1 1 1 
1 0 0 0 0 # 0 0 0 1 
1 0 F 0 0 0 F F 0 1 
1 0 0 0 0 1 1 1 0 1 
1 0 1 # 0 0 0 # F 1 
1 0 0 0 0 0 0 0 0 1 
1 0 0 0 # 0 F 0 1 1 
G F 0 0 F 0 0 0 F 1 
1 # 0 F F 0 0 F 0 1 
1 1 1 1 1 1 1 1 1 1 
P58 D54 T7

Map10
1 1 1 S 1 1 1 1 1 1 
1 0 0 0 1 0 1 # H 1 
1 0 0 0 F 1 0 0 0 1 
1 1 0 # 0 0 # 0 0 1 
G 0 0 H H 0 # 0 0 1 
1 0 # 0 0 1 0 0 0 1 
1 0 0 H 0 0 F 0 0 1 
1 H 0 H 0 0 0 F 1 1 
1 0 0 H 0 F 0 0 0 1 
1 1 1 1 1 1 1 1 1 1 
P26 L43 T5

Map10
1 1 1 1 1 S 1 1 1 1 
G 0 0 0 0 0 0 0 0 1 
1 0 0 0 # H 0 0 0 1 
1 0 0 0 # 0 0 0 0 1 
1 0 # H 0 # 0 0 0 1 
1 H 0 0 0 0 0 0 0 1 
1 0 0 0 0 H 0 0 0 1 
1 0 # 0 H 0 0 0 H 1 
1 0 0 0 0 0 0 0 0 1 
1 1 1 1 1 1 1 1 1 1 
P84 R41 T5

Map10
1 1 1 1 1 S 1 G 1 1 
1 0 1 0 0 0 0 0 0 1 
1 0 0 0 0 H 0 0 0 1 
1 0 0 0 H 0 0 1 0 1 
1 0 # 0 F 0 0 0 0 1 
1 0 0 0 0 F 0 F 0 1 
1 0 1 0 # 0 # 0 0 1 
1 H F 0 0 H 0 # 0 1 
1 0 0 0 H 0 0 0 0 1 
1 1 1 1 1 1 1 1 1 1 
P35 L61 T6

Map10
1 1 1 1 1 1 1 1 1 1 
1 # 0 0 H 0 F 0 0 1 
S 0 1 0 0 0 # F 0 1 
1 0 0 H 0 # F 0 # 1 
1 0 0 # F 1 # F 0 1 
1 1 F 0 1 0 0 0 H 1 
G # 0 0 # 1 0 0 0 1 
1 H 0 1 0 0 0 0 0 1 
1 F # H 0 0 0 0 0 1 
1 1 1 1 1 1 1 1 1 1 
P27 D23 T4

Map10
1 1 1 1 1 1 G 1 1 1 
1 1 0 F 0 0 0 # 0 1 
1 0 0 0 F 0 0 0 0 1 
1 0 0 0 0 # 0 H F 1 
1 1 0 0 F 0 0 0 1 1 
S 0 0 0 F 1 0 0 # 1 
1 0 0 0 0 0 0 0 0 1 
1 0 F 0 0 0 0 0 1 1 
1 F 0 0 F 0 0 H 0 1 
1 1 1 1 1 1 1 1 1 1 
P37 D34 T5

Map10
1 1 1 1 1 G 1 1 1 1 
1 0 # H 0 0 1 0 0 1 
1 1 0 0 0 0 0 F F 1 
1 H 0 0 F 0 0 # 0 1 
1 0 0 0 0 0 0 0 0 1 
S 0 # 0 0 F H 0 0 1 
1 0 0 # 0 0 F 0 0 1 
1 0 0 0 0 H 0 0 0 1 
1 H 0 0 0 0 0 F # 1 
1 1 1 1 1 1 1 1 1 1 
P83 D44 T5

Map10
1 1 1 1 G 1 S 1 1 1 
1 0 1 0 F 0 0 0 0 1 
1 0 0 H # 1 H 1 0 1 
1 0 # F 0 0 0 F 0 1 
1 0 0 H 0 0 F # 0 1 
1 0 0 0 0 0 # 0 # 1 
1 0 0 0 0 1 0 0 1 1 
1 0 0 0 0 0 0 0 0 1 
1 0 0 0 # 0 0 0 # 1 
1 1 1 1 1 1 1 1 1 1 
P35 R51 T4

Map10
1 1 1 1 1 1 1 1 1 1 
G 0 F 0 # F 0 0 H 1 
1 1 0 0 # 0 # 0 0 1 
1 0 0 0 0 0 0 F 0 1 
1 F 0 H 1 1 0 0 1 1 
1 1 0 0 0 F 0 0 # 1 
1 0 0 0 0 0 0 H 0 1 
S 0 0 0 0 H 1 0 # 1 
1 1 F 0 0 0 1 0 H 1 
1 1 1 1 1 1 1 1 1 1 
P75 U48 T4

Map10
1 1 1 1 S 1 1 1 1 1 
G 0 0 H 0 0 0 0 0 1 
1 0 0 0 F 0 0 0 0 1 
1 0 1 1 1 F 1 # 0 1 
1 # 0 H H 0 0 0 0 1 
1 0 0 0 F 0 0 1 0 1 
1 0 0 0 0 0 0 0 0 1 
1 0 0 0 H 0 0 # F 1 
1 0 F # 1 0 0 0 0 1 
1 1 1 1 1 1 1 1 1 1 
P54 R32 T7

Map10
1 1 1 1 1 S 1 G 1 1 
1 0 F 0 0 0 1 0 0 1 
1 0 0 0 1 0 0 1 0 1 
1 0 # F 0 F 0 0 0 1 
1 0 0 0 F F 0 0 0 1 
1 0 0 0 0 F 0 0 0 1 
1 0 0 0 1 0 1 0 0 1 
1 0 0 0 0 0 0 0 F 1 
1 0 1 0 F 0 1 0 0 1 
1 1 1 1 1 1 1 1 1 1 
P58 U88 T4

Map10
1 S 1 G 1 1 1 1 1 1 
1 F F # # 0 0 1 # 1 
1 F 0 0 F 0 1 0 0 1 
1 0 # H 0 0 0 0 0 1 
1 1 # 0 0 0 0 0 0 1 
1 0 F F 1 0 0 0 0 1 
1 0 0 # 0 # 0 0 0 1 
1 F F 0 F 0 # 0 0 1 
1 F 0 0 0 0 1 0 0 1 
1 1 1 1 1 1 1 1 1 1 
P51 D22 T6

Map10
1 1 1 1 1 1 1 1 1 1 
G 0 H 0 0 1 0 0 0 1 
1 0 0 0 0 0 # 0 0 1 
1 1 0 F H 0 0 1 H 1 
1 H 0 0 0 H 0 0 0 1 
S F 0 0 0 H 0 0 # 1 
1 0 0 0 0 0 F 0 0 1 
1 F 0 0 0 0 0 0 0 1 
1 0 0 0 0 0 # F 0 1 
1 1 1 1 1 1 1 1 1 1 
P31 U36 T4

Map10
1 1 1 1 1 G 1 1 1 1 
1 0 0 0 F 0 1 1 0 1 
1 H 0 F 0 0 # 0 0 1 
1 1 0 0 0 F 0 0 H 1 
1 0 0 0 # 0 0 0 H 1 
1 # 0 0 0 0 0 0 0 1 
1 F 0 0 0 # 0 F F 1 
S # F 0 # F 0 0 0 1 
1 F 0 0 0 0 H 0 F 1 
1 1 1 1 1 1 1 1 1 1 
P64 L37 T4

Map10
1 1 1 1 1 1 1 G 1 1 
1 0 0 1 0 0 # 0 0 1 
S 0 0 1 F 0 0 0 F 1 
1 0 H F 0 0 0 0 0 1 
1 0 0 0 1 0 0 0 0 1 
1 0 0 0 0 0 F F 0 1 
1 0 F F 0 0 F 0 0 1 
1 F 0 0 0 0 H 0 0 1 
1 0 1 0 0 0 1 0 F 1 
1 1 1 1 1 1 1 1 1 1 
P16 U76 T4

Map10
1 1 1 1 G 1 1 1 1 1 
1 0 # 1 # 0 # 0 0 1 
1 0 0 F 0 0 0 # # 1 
1 0 1 # H 1 1 # 0 1 
1 1 0 0 0 F 0 F F 1 
1 F H 0 H 0 0 0 0 1 
1 F F 0 0 0 0 F F 1 
S 0 0 0 # 0 1 0 0 1 
1 0 F 0 0 H H 0 0 1 
1 1 1 1 1 1 1 1 1 1 
P55 D75 T7

Map10
1 1 1 1 1 1 G 1 1 1 
1 0 # 0 0 1 0 0 H 1 
S 0 F H F F 0 0 0 1 
1 0 0 0 0 1 0 0 0 1 
1 0 F H 0 0 0 0 0 1 
1 0 0 0 0 F 0 0 F 1 
1 0 0 0 0 0 0 0 0 1 
1 0 0 0 0 0 1 0 0 1 
1 0 0 0 0 0 0 0 0 1 
1 1 1 1 1 1 1 1 1 1 
P82 D11 T5

Map10
1 1 1 S 1 1 G 1 1 1 
1 0 0 0 0 H 0 # 0 1 
1 0 0 0 0 1 0 # 0 1 
1 # F H 1 0 0 0 0 1 
1 0 0 0 1 0 1 0 0 1 
1 0 0 0 0 0 0 0 # 1 
1 0 0 1 1 0 # 0 # 1 
1 0 0 H 0 0 0 0 0 1 
1 0 0 0 0 1 0 0 0 1 
1 1 1 1 1 1 1 1 1 1 
P81 L41 T8

Map10
1 1 1 1 1 1 1 1 1 1 
1 0 0 0 F 0 0 0 0 1 
S F 0 1 0 0 0 0 0 1 
1 0 0 0 0 F 0 0 0 1 
1 0 0 0 0 H F 0 0 1 
1 F H 0 H 0 0 F H 1 
1 0 F F 1 # # 0 0 1 
G 0 0 # 0 F # 0 0 1 
1 H 0 0 0 0 0 0 H 1 
1 1 1 1 1 1 1 1 1 1 
P71 L77 T4

Map10
1 1 1 G 1 1 S 1 1 1 
1 # 0 0 1 0 0 0 0 1 
1 1 0 0 0 1 # 0 0 1 
1 0 H H 0 0 # 0 H 1 
1 0 0 F 0 0 0 0 0 1 
1 0 # 0 # 0 H 1 0 1 
1 0 0 # 0 0 0 H 1 1 
1 1 0 0 0 0 1 0 F 1 
1 F 0 0 0 0 H # 1 1 
1 1 1 1 1 1 1 1 1 1 
P64 U44 T6

Map10
1 1 1 1 1 1 S 1 1 1 
1 0 0 0 0 F 0 0 # 1 
1 0 0 # F 0 1 0 0 1 
1 0 1 0 1 0 0 # 0 1 
1 0 0 0 1 0 0 0 0 1 
1 0 # 0 F 0 0 0 0 1 
1 0 # 1 0 0 0 # 1 1 
G 0 0 0 1 H 0 F 0 1 
1 F 0 0 F # 1 H 0 1 
1 1 1 1 1 1 1 1 1 1 
P28 D24 T5

Map10
1 1 1 1 G 1 S 1 1 1 
1 # 0 H # 0 0 0 0 1 
1 0 0 0 # 0 0 H 0 1 
1 0 1 0 0 0 H 1 0 1 
1 0 # H 0 0 0 0 0 1 
1 0 0 0 0 0 0 0 1 1 
1 0 0 0 0 0 0 0 0 1 
1 0 0 0 0 0 0 0 1 1 
1 0 0 0 0 1 0 0 0 1 
1 1 1 1 1 1 1 1 1 1 
P62 D53 T8

Map10
1 1 1 S 1 1 G 1 1 1 
1 1 H 0 H 0 # 1 0 1 
1 F # 0 0 0 H F 0 1 
1 0 0 0 1 0 0 0 0 1 
1 F 0 0 0 1 0 1 0 1 
1 0 0 0 0 0 0 0 0 1 
1 0 0 # 0 0 0 0 H 1 
1 # H 0 0 0 0 H 0 1 
1 0 F 0 F 0 0 1 1 1 
1 1 1 1 1 1 1 1 1 1 
P33 U53 T4

Map10
1 1 1 1 1 1 1 1 1 1 
1 0 0 0 0 0 0 F # 1 
1 0 0 0 0 0 0 0 0 1 
1 0 # 0 0 0 F 0 0 1 
G F 0 0 0 0 0 F 0 1 
1 0 0 0 0 0 0 F 0 1 
S 0 0 F H 0 0 0 # 1 
1 0 0 # 0 0 0 0 # 1 
1 0 1 0 0 0 0 # 0 1 
1 1 1 1 1 1 1 1 1 1 
P83 D25 T4

Map10
1 1 1 S 1 1 1 1 1 1 
1 0 F F 0 0 0 0 0 1 
1 0 H 0 0 H H 0 0 1 
G 0 0 0 0 0 F 0 0 1 
1 F 0 F 1 0 0 0 0 1 
1 1 0 0 0 0 0 1 F 1 
1 0 F 0 0 0 H 0 0 1 
1 H 0 0 0 0 0 H F 1 
1 0 1 0 0 0 1 0 0 1 
1 1 1 1 1 1 1 1 1 1 
P82 R54 T7

Map10
1 1 1 G 1 1 1 1 1 1 
1 0 0 0 H 0 0 0 0 1 
1 0 0 0 0 0 0 0 0 1 
1 0 0 0 0 0 F 0 1 1 
1 F 0 1 0 0 0 0 # 1 
1 0 # 1 0 0 0 1 0 1 
1 0 0 0 H 0 1 0 # 1 
S 0 0 0 0 0 0 0 # 1 
1 0 0 0 0 0 # # 0 1 
1 1 1 1 1 1 1 1 1 1 
P22 L52 T5

Map10
1 1 1 1 1 S 1 1 1 1 
1 F 1 0 0 0 # 0 0 1 
1 0 0 0 # 0 # # 0 1 
1 0 # 0 0 0 0 F 0 1 
1 0 H 0 0 0 F F 0 1 
1 0 0 0 0 0 0 0 0 1 
1 F H F 0 0 F 0 0 1 
G 0 0 0 0 F H # H 1 
1 F 0 # # 0 # 1 F 1 
1 1 1 1 1 1 1 1 1 1 
P58 R46 T7

Map10
1 1 1 1 1 1 S 1 1 1 
1 0 0 0 # 0 # 0 # 1 
1 1 0 0 0 0 0 1 0 1 
1 0 H H 0 0 H 0 0 1 
1 0 0 0 0 0 # 0 0 1 
G 0 0 0 0 0 0 0 0 1 
1 0 H 0 # 0 0 0 F 1 
1 F 0 H 0 0 0 0 0 1 
1 1 1 0 H 1 0 0 0 1 
1 1 1 1 1 1 1 1 1 1 
P62 L75 T5

Map10
1 G 1 1 1 1 1 1 1 1 
1 0 0 F 0 0 0 0 0 1 
1 0 # 1 1 0 0 0 0 1 
1 H 0 0 # 0 F 0 # 1 
1 1 0 0 F 0 0 0 0 1 
1 0 0 0 0 0 F 1 0 1 
S 0 0 H 0 0 H 0 0 1 
1 F 1 H 0 0 0 1 0 1 
1 0 0 0 0 0 0 0 F 1 
1 1 1 1 1 1 1 1 1 1 
P68 D15 T5

Map10
1 1 1 1 1 1 1 1 1 1 
1 H # F 0 0 0 1 H 1 
G 0 0 0 0 0 H 0 0 1 
S F 0 # 1 0 H # 0 1 
1 0 0 0 0 0 1 F 0 1 
1 0 H 0 0 0 0 0 0 1 
1 0 H 0 1 1 0 0 1 1 
1 0 0 H 0 0 0 0 F 1 
1 0 0 F # 1 0 0 0 1 
1 1 1 1 1 1 1 1 1 1 
P51 U24 T4

Map10
1 1 1 1 1 1 1 G 1 1 
1 0 0 # 0 0 1 0 1 1 
1 0 0 0 1 1 0 # H 1 
1 F 0 0 0 # 1 0 0 1 
1 0 0 0 0 0 # 0 0 1 
1 0 H H 0 1 0 1 0 1 
S 0 0 0 0 0 0 F 0 1 
1 0 F 0 0 H H 0 0 1 
1 0 H 0 0 F 0 F 0 1 
1 1 1 1 1 1 1 1 1 1 
P84 U47 T5

Map10
1 G 1 1 1 1 1 1 1 1 
1 0 # 0 H F 0 # 0 1 
1 0 0 0 F # 0 # # 1 
1 0 0 0 0 H 0 0 0 1 
S F 0 F 0 0 F 0 F 1 
1 0 0 F 0 0 0 0 F 1 
1 0 0 0 0 0 0 0 0 1 
1 0 0 0 0 # # 0 0 1 
1 0 0 0 H 0 0 0 0 1 
1 1 1 1 1 1 1 1 1 1 
P81 D63 T5

Map10
1 1 1 1 1 G 1 1 1 1 
1 F 0 0 0 0 1 0 0 1 
1 0 F 0 0 1 0 0 0 1 
S 0 0 H F 0 0 H 0 1 
1 F H 0 0 0 F 0 0 1 
1 0 0 F 0 0 # 0 0 1 
1 F 0 0 0 0 0 0 0 1 
1 0 # 1 0 0 F F 0 1 
1 0 0 0 0 0 1 0 F 1 
1 1 1 1 1 1 1 1 1 1 
P58 D12 T5

Map8
1 1 1 1 1 1 1 1 
1 H 1 0 # 0 F 1 
1 0 1 F 0 F H 1 
1 H 0 0 F 0 F 1 
G F 0 # 0 # 0 1 
1 0 0 # 1 F 1 1 
1 0 0 H 1 0 0 1 
1 1 1 1 1 1 S 1 
L64 T3

Map8
1 1 1 1 S 1 1 1 
1 0 0 0 F F # 1 
1 0 # F 0 H 0 1 
1 # 0 0 # F 0 1 
1 0 F 0 0 0 1 1 
1 # 0 0 H 0 H 1 
1 0 F 0 0 0 0 1 
1 1 1 1 1 1 G 1 
L54 T4

Map8
1 1 1 1 1 1 1 1 
1 0 0 1 0 1 # 1 
1 0 0 1 0 1 0 S 
1 0 # 0 1 0 0 1 
1 0 0 0 0 0 0 1 
G 0 # 0 0 0 0 1 
1 # 0 1 0 0 # 1 
1 1 1 1 1 1 1 1 
D33 T6

Map8
1 1 1 1 G 1 1 1 
1 0 F 0 0 0 0 1 
1 0 0 0 0 0 # 1 
1 1 0 0 0 0 0 1 
1 # 0 0 0 0 0 1 
1 0 0 1 0 0 0 1 
1 0 0 0 0 H 0 1 
1 1 1 S 1 1 1 1 
U45 T4

Map8
1 1 1 1 1 1 1 1 
G 0 1 F # 0 0 1 
1 # # # 0 0 1 1 
1 H 0 1 F 0 H 1 
1 1 0 0 0 0 0 1 
S 0 0 0 F 0 F 1 
1 0 0 1 0 0 0 1 
1 1 1 1 1 1 1 1 
U26 T4

Map8
1 1 1 1 1 1 1 1 
1 0 0 0 0 0 0 1 
1 0 0 0 0 0 0 1 
1 0 0 0 0 0 0 G 
1 0 0 0 0 0 0 1 
S 0 0 0 0 0 0 1 
1 0 0 1 0 0 0 1 
1 1 1 1 1 1 1 1 
D14 T6

Map8
1 1 1 S 1 1 1 1 
1 0 1 0 0 0 0 1 
1 H 0 0 0 0 1 1 
1 1 0 0 # 0 0 1 
1 1 0 1 0 0 # 1 
1 0 0 0 0 0 0 1 
1 0 H 0 0 0 0 1 
1 G 1 1 1 1 1 1 
L35 T4

Map8
1 1 1 1 1 1 1 1 
1 1 0 0 0 0 0 1 
1 # F 1 # 0 0 G 
1 # 0 0 0 0 0 1 
1 0 0 0 H # 0 1 
1 # H 0 H 0 0 1 
1 0 1 # 0 0 0 1 
1 1 1 1 1 1 S 1 
D63 T8

Map8
1 1 1 1 1 1 1 1 
1 0 0 0 0 0 0 1 
1 0 0 0 0 0 F 1 
1 F 0 0 F H 0 1 
1 H 0 H F 0 F 1 
1 0 1 0 0 0 0 1 
1 0 0 0 F F F 1 
1 G 1 1 1 S 1 1 
L65 T4

Map8
1 1 1 1 1 S 1 1 
1 0 F 0 0 0 0 1 
1 F F 1 H # H 1 
1 0 0 0 0 0 F 1 
1 0 0 F 0 # 0 1 
1 F # 0 0 H H 1 
1 0 0 # F F 0 1 
1 1 1 1 1 1 G 1 
U53 T5

Map8
1 1 1 1 1 1 1 1 
1 0 # 0 0 1 # 1 
1 0 0 0 0 0 # S 
1 F 0 0 0 0 1 1 
1 0 0 0 0 0 0 1 
G 0 0 0 1 1 0 1 
1 0 # 0 0 F 0 1 
1 1 1 1 1 1 1 1 
U14 T9

Map8
1 1 1 1 1 1 1 1 
1 0 0 0 0 0 0 1 
1 0 0 F 0 0 0 1 
1 0 0 0 0 0 0 1 
1 0 0 0 0 0 0 1 
1 0 0 0 0 0 0 1 
1 0 0 0 0 0 0 1 
1 1 1 G 1 S 1 1 
R41 T6

Map8
1 1 1 1 1 1 1 1 
1 0 # # # F 0 1 
1 1 0 0 F 0 1 1 
1 0 # 0 0 # 0 1 
1 # 0 # 0 0 F G 
1 F 1 0 1 0 0 1 
1 0 0 0 0 0 0 S 
1 1 1 1 1 1 1 1 
D22 T4

Map8
1 1 1 S 1 1 1 1 
1 1 0 0 0 0 # 1 
1 1 0 0 # 0 0 1 
1 # 0 0 1 0 0 1 
1 H 0 H 0 0 0 1 
1 0 0 0 0 0 0 1 
1 0 0 0 0 0 1 1 
1 G 1 1 1 1 1 1 
L41 T4

Map8
1 1 1 1 1 1 1 1 
1 0 0 0 0 0 0 1 
1 1 # 0 0 0 0 1 
1 0 0 0 0 1 # S 
1 # 0 0 0 H 0 1 
1 0 0 0 # 1 0 1 
1 1 0 # 0 # 0 1 
1 1 1 1 G 1 1 1 
R13 T5

Map8
1 1 1 1 1 1 G 1 
1 0 0 H 0 0 0 1 
1 0 0 0 0 0 1 1 
1 0 1 0 0 0 # 1 
1 1 0 0 # 1 0 1 
1 0 0 0 1 0 F 1 
1 0 0 # 0 H 0 1 
1 1 1 S 1 1 1 1 
R22 T4

Map8
1 1 1 1 1 1 1 1 
1 # F 0 # 0 0 1 
1 0 H # 0 F 0 S 
1 0 # F 0 F 0 1 
1 # 0 0 0 F 0 1 
1 # F 0 F 0 0 G 
1 1 H 0 F 1 # 1 
1 1 1 1 1 1 1 1 
R42 T5

Map8
1 1 1 1 1 1 1 1 
1 1 0 0 0 0 0 1 
1 0 0 H H 0 0 1 
1 0 0 0 # 0 0 1 
1 0 0 0 0 0 1 1 
1 0 0 0 0 0 0 1 
1 0 # 0 0 1 0 1 
1 1 G 1 S 1 1 1 
R33 T4

Map8
1 1 1 1 1 1 1 1 
1 0 F 0 1 0 0 1 
1 0 0 0 0 0 1 1 
1 0 0 0 0 F 0 1 
1 0 0 0 0 1 0 1 
1 F 0 0 0 0 0 1 
1 0 0 0 1 0 0 1 
1 1 S 1 1 G 1 1 
R13 T4

Map8
1 1 1 1 1 1 1 1 
G 0 0 0 0 0 0 1 
1 0 1 0 0 H 0 1 
1 1 0 0 0 0 0 1 
1 0 1 0 1 0 H 1 
1 0 0 0 0 0 0 1 
1 H H 0 # 0 0 S 
1 1 1 1 1 1 1 1 
U36 T4

Map8
1 1 1 S 1 1 1 1 
1 0 0 0 F H F 1 
1 F H F 1 0 0 1 
1 0 0 0 1 0 0 1 
G 0 F 0 0 1 0 1 
1 1 1 0 0 # 0 1 
1 0 1 F 0 F F 1 
1 1 1 1 1 1 1 1 
U33 T4

Map8
1 1 1 1 1 1 1 1 
1 0 F 1 0 0 1 1 
1 # # F 0 0 0 1 
1 # # 1 0 0 0 1 
1 0 # 0 F 0 0 1 
G 0 0 1 0 0 F 1 
1 0 F 0 F 0 0 1 
1 1 S 1 1 1 1 1 
R16 T5

Map8
1 1 1 1 1 1 1 1 
1 0 0 1 0 F 0 1 
1 F 0 # # 0 0 1 
1 # 0 0 0 0 0 1 
1 0 0 0 0 0 0 1 
1 0 0 1 H 0 0 1 
1 F 0 0 H 0 0 G 
1 S 1 1 1 1 1 1 
R14 T5

Map8
1 1 1 1 1 1 1 1 
1 F F H H 0 0 1 
1 1 0 F F 0 0 1 
1 0 0 0 F 0 0 1 
1 0 0 0 0 0 0 1 
1 1 0 0 0 0 H 1 
1 0 0 1 0 1 0 1 
1 G 1 1 S 1 1 1 
L52 T4

Map8
1 G 1 1 1 1 1 1 
1 0 # 0 0 1 1 1 
1 # F 0 0 0 H 1 
1 0 H 0 0 # 0 S 
1 0 0 # 1 0 0 1 
1 0 0 H 0 0 1 1 
1 0 1 0 # 0 0 1 
1 1 1 1 1 1 1 1 
R33 T6

Map8
1 1 1 1 G 1 1 1 
1 0 0 F 0 0 # 1 
1 0 0 0 0 # 0 1 
1 0 F F 0 0 0 1 
1 0 0 F 0 0 # 1 
1 0 0 0 0 0 0 1 
1 0 0 0 0 0 0 1 
1 1 S 1 1 1 1 1 
L36 T6

Map8
1 1 1 1 1 1 1 1 
1 0 # 0 0 0 0 1 
S 0 0 H 0 F 0 1 
1 0 0 H 0 0 0 1 
1 0 0 0 0 0 1 1 
1 1 # 0 0 0 0 G 
1 0 0 # 0 0 0 1 
1 1 1 1 1 1 1 1 
D11 T6

Map8
1 1 1 1 1 1 1 1 
1 0 0 0 0 F 1 1 
S 0 0 0 1 0 0 1 
1 0 F 1 0 0 0 G 
1 H F 0 0 F 0 1 
1 0 0 1 0 0 1 1 
1 0 0 F 0 1 0 1 
1 1 1 1 1 1 1 1 
D21 T4

Map8
1 1 1 S 1 G 1 1 
1 0 0 0 0 0 0 1 
1 0 0 0 0 0 0 1 
1 0 0 0 0 0 0 1 
1 0 0 0 H 0 0 1 
1 0 0 0 0 0 0 1 
1 0 0 0 0 0 0 1 
1 1 1 1 1 1 1 1 
L41 T6

Map8
1 1 1 1 1 1 1 1 
1 # 0 0 0 0 0 1 
1 0 0 # 1 0 0 1 
1 0 0 0 0 0 0 G 
S 0 H 0 0 0 1 1 
1 0 0 1 0 1 H 1 
1 1 0 0 0 # 0 1 
1 1 1 1 1 1 1 1 
U15 T4

Map8
1 S 1 1 1 1 1 1 
1 # 0 0 0 1 0 1 
1 0 0 1 0 # F 1 
1 # 0 0 0 0 0 1 
1 0 0 0 F 0 0 1 
G 0 # 0 0 0 0 1 
1 # # 0 0 F H 1 
1 1 1 1 1 1 1 1 
L55 T4

Map8
1 S 1 1 1 1 1 1 
1 0 0 0 0 1 0 1 
1 0 0 F 0 H 0 1 
1 0 0 0 0 F 0 1 
1 0 0 0 0 0 0 G 
1 0 0 # # 0 0 1 
1 0 # 0 # 0 F 1 
1 1 1 1 1 1 1 1 
U13 T6

Map8
1 1 1 G 1 1 1 1 
1 0 F F 0 0 0 1 
1 0 0 0 F 0 0 1 
1 0 F # 0 # # 1 
1 0 1 # 1 0 1 1 
1 0 # 0 # # 0 1 
1 0 0 0 0 # 0 S 
1 1 1 1 1 1 1 1 
R46 T6

Map8
1 1 1 1 1 1 1 1 
1 0 0 0 0 0 # 1 
1 # # F 0 0 0 1 
1 # 0 # 0 1 0 1 
1 0 # 0 0 0 0 1 
G 0 H 0 0 0 0 S 
1 1 1 0 0 0 0 1 
1 1 1 1 1 1 1 1 
U36 T4

Map8
1 1 1 1 G 1 1 1 
1 0 0 0 # 0 0 1 
1 0 0 0 0 0 0 1 
1 # # 0 1 0 0 1 
1 # 0 1 H 0 0 1 
1 0 # 0 0 0 0 1 
1 0 0 0 1 0 1 1 
1 1 S 1 1 1 1 1 
L31 T8

Map8
1 1 1 1 1 1 1 1 
1 0 1 1 1 0 0 1 
1 0 0 F 0 # 0 1 
1 0 0 0 H 0 # G 
1 0 0 0 0 0 1 1 
1 0 0 0 0 0 0 S 
1 0 0 0 0 0 # 1 
1 1 1 1 1 1 1 1 
U26 T4

Map8
1 1 1 1 S 1 1 1 
1 0 # 0 # 0 F 1 
1 # F F # 1 F 1 
1 0 H 0 0 0 1 1 
1 # H 1 H F F 1 
1 1 0 F 0 0 0 1 
1 0 # 0 0 1 0 1 
1 G 1 1 1 1 1 1 
R33 T6

Map8
1 1 1 1 1 1 1 1 
1 0 1 0 0 0 0 1 
1 0 # 1 F # 1 1 
1 0 0 H 0 F 0 S 
1 F 0 H # 0 0 1 
1 0 # 0 0 0 0 1 
1 0 0 0 F 0 1 1 
1 G 1 1 1 1 1 1 
R43 T4

Map8
1 1 1 1 1 1 1 1 
1 0 # 0 F # 0 1 
1 # F 0 0 0 0 1 
1 # 0 0 0 0 0 S 
1 0 0 0 1 H # 1 
G 0 0 0 0 F 0 1 
1 F 1 # 0 1 0 1 
1 1 1 1 1 1 1 1 
D32 T4

Map8
1 1 1 1 1 1 G 1 
1 # 0 0 1 1 # 1 
1 F 0 1 0 0 0 1 
1 0 0 0 0 0 0 1 
1 F # 0 1 0 0 1 
1 0 0 0 0 H 1 1 
1 0 0 1 0 0 0 1 
1 1 1 1 S 1 1 1 
R13 T6

Map8
1 1 1 1 1 1 1 1 
1 0 0 0 0 0 F 1 
1 0 H 0 0 # 0 S 
1 1 0 0 0 0 0 1 
1 0 1 F 1 F 0 1 
1 0 0 0 0 0 0 1 
1 0 0 0 0 0 # 1 
1 G 1 1 1 1 1 1 
R32 T4

Map8
1 1 1 1 1 1 S 1 
1 0 F 0 0 0 0 1 
1 0 0 0 0 0 0 1 
1 F 0 0 0 0 0 1 
1 0 0 0 0 0 0 G 
1 0 # 0 0 0 0 1 
1 0 0 0 0 0 0 1 
1 1 1 1 1 1 1 1 
U63 T6

Map8
1 1 1 1 G 1 1 1 
1 # F 1 0 F 0 1 
1 F H # # F 0 1 
1 0 H # 0 # 0 1 
1 0 0 0 H 0 0 1 
1 0 F 0 0 0 0 1 
1 # 0 F 0 # 0 1 
1 1 S 1 1 1 1 1 
L34 T6

Map8
1 1 1 1 1 S 1 1 
1 0 1 0 0 # # 1 
1 0 0 0 F # # 1 
1 # 0 H 0 0 0 G 
1 1 0 0 F F 0 1 
1 0 0 F # 0 0 1 
1 0 0 0 1 0 0 1 
1 1 1 1 1 1 1 1 
L64 T5

Map8
1 1 1 1 1 1 1 1 
1 0 0 0 0 0 0 1 
1 0 0 # 0 1 0 1 
1 1 0 0 0 0 0 1 
1 0 0 0 0 H 0 1 
S 0 0 H 0 0 0 1 
1 0 0 1 H 0 0 G 
1 1 1 1 1 1 1 1 
U26 T4

Map8
1 1 S 1 1 G 1 1 
1 0 # 0 1 0 0 1 
1 0 0 0 H F 0 1 
1 F F F 0 H 0 1 
1 0 # 0 0 0 0 1 
1 0 0 0 0 0 F 1 
1 H F 0 # H 0 1 
1 1 1 1 1 1 1 1 
R14 T4

Map8
1 1 1 1 1 1 1 1 
1 F 0 0 0 1 # 1 
S 0 F 1 0 0 0 1 
1 F 0 0 # 0 1 1 
1 F 0 0 0 0 0 1 
1 F 1 0 # # 0 1 
1 F 1 # # 0 # 1 
1 1 1 G 1 1 1 1 
U23 T5

Map8
1 1 1 1 1 G 1 1 
1 0 0 0 F 0 1 1 
1 0 0 0 0 0 0 1 
1 0 0 F 0 0 0 1 
1 0 0 1 F 0 0 1 
1 F 0 # F 0 0 S 
1 0 0 0 0 0 0 1 
1 1 1 1 1 1 1 1 
D24 T5

Map8
1 1 1 1 1 1 1 1 
1 1 H 0 0 F 0 1 
G 0 0 0 0 0 0 1 
1 0 0 1 F F 0 1 
1 0 0 0 H 0 0 1 
1 0 0 H 0 0 0 S 
1 0 0 0 0 0 0 1 
1 1 1 1 1 1 1 1 
D54 T4

Map8
1 1 1 1 1 S 1 1 
1 0 0 0 0 0 H 1 
1 0 0 1 0 0 0 1 
1 1 # F 0 0 0 1 
1 0 0 F 0 0 0 1 
1 0 0 0 F H 1 1 
1 0 0 F 0 0 0 1 
1 1 1 1 1 1 G 1 
L62 T4

Map8
1 1 1 1 1 1 1 1 
G 0 1 H # 0 F 1 
1 0 0 0 0 0 0 1 
1 0 0 F # 0 0 1 
1 0 0 0 0 0 H 1 
1 F 0 0 0 0 0 S 
1 0 F F 0 # 0 1 
1 1 1 1 1 1 1 1 
D44 T4

Map8
1 1 G 1 1 1 1 1 
1 0 0 1 0 0 1 1 
1 F 0 0 0 0 1 1 
1 0 0 1 F 0 0 1 
1 0 0 0 0 1 0 1 
1 0 0 0 0 0 1 1 
1 # 0 F 0 F 0 1 
1 1 1 1 S 1 1 1 
L55 T4

Map8
1 1 1 1 1 1 1 1 
1 0 0 0 # 0 F 1 
G 0 0 # 0 0 # 1 
1 1 0 F 0 0 1 1 
1 0 0 # 0 0 0 1 
1 0 # 0 0 0 1 1 
1 # # 0 0 F 1 1 
1 S 1 1 1 1 1 1 
U35 T5

Map8
1 1 1 1 1 1 1 1 
1 0 0 0 0 0 # G 
1 0 0 0 0 0 0 1 
1 0 0 0 0 0 0 1 
1 0 H 1 H 1 1 1 
1 0 0 0 0 0 0 1 
1 1 # F 0 0 0 S 
1 1 1 1 1 1 1 1 
L35 T4

Map8
1 S 1 1 1 1 1 1 
1 0 0 0 0 0 1 1 
1 # 1 0 0 # 1 1 
1 1 0 0 0 0 # 1 
1 0 0 0 0 # 0 1 
1 0 1 0 # 0 0 1 
1 1 0 0 0 0 0 1 
1 1 1 G 1 1 1 1 
L65 T5

Map8
1 1 1 1 1 1 1 1 
1 H 0 0 0 0 0 1 
1 0 0 0 0 0 0 1 
1 0 0 0 0 0 0 1 
1 0 0 0 # 0 0 1 
G 0 0 0 0 0 0 1 
1 0 0 1 0 0 1 1 
1 S 1 1 1 1 1 1 
D12 T6

Map8
1 1 1 1 1 1 1 1 
1 1 0 0 0 0 H 1 
1 0 0 1 0 1 0 1 
1 H 0 0 0 0 # 1 
S 0 0 0 # H 0 1 
1 0 0 0 0 0 0 1 
1 0 0 1 0 0 0 G 
1 1 1 1 1 1 1 1 
U35 T4

Map8
1 1 1 S 1 1 1 1 
1 H 0 0 0 0 0 1 
1 0 0 1 # 0 0 1 
1 0 0 # 0 0 1 1 
1 1 # F 1 1 0 1 
1 0 0 # 0 # 0 1 
1 0 0 # # 0 # G 
1 1 1 1 1 1 1 1 
D22 T7

Map8
1 1 1 1 1 1 1 1 
1 0 0 H 0 0 0 1 
1 # # 0 0 0 0 1 
S 0 F 0 0 H F 1 
1 0 0 0 H # 0 1 
1 0 0 0 H 0 0 1 
G 0 1 0 0 0 0 1 
1 1 1 1 1 1 1 1 
U24 T4

Map8
1 1 1 1 1 1 1 1 
1 0 F 0 0 0 0 1 
1 F 0 0 0 0 0 S 
1 0 1 0 0 0 0 1 
1 F 0 0 0 0 0 G 
1 0 0 0 0 0 0 1 
1 0 0 0 0 0 0 1 
1 1 1 1 1 1 1 1 
U63 T6

Map8
1 1 1 S 1 1 1 1 
1 # # 0 0 0 0 1 
1 0 0 0 H 1 # 1 
1 # 0 F 0 0 0 1 
1 0 0 F H 0 0 1 
1 0 F F 0 0 1 1 
1 # 0 0 1 0 F G 
1 1 1 1 1 1 1 1 
D53 T7

Map8
1 1 1 1 1 1 1 1 
1 0 0 0 0 0 0 1 
1 0 0 0 0 0 0 1 
G 0 0 0 0 0 0 1 
1 0 0 0 0 F 0 1 
1 0 0 0 0 # 0 S 
1 0 1 0 0 F 0 1 
1 1 1 1 1 1 1 1 
D64 T6

Map8
1 1 1 1 1 1 1 1 
1 1 0 # 0 # 0 1 
1 H H 1 H F 0 1 
G 0 0 0 1 0 0 1 
1 0 0 0 1 0 # S 
1 # 1 0 0 0 0 1 
1 F 0 # 0 0 0 1 
1 1 1 1 1 1 1 1 
L65 T4

Map8
1 S 1 1 1 1 1 1 
1 0 0 0 F 0 0 1 
1 F 0 0 0 0 0 1 
1 0 0 0 0 1 F 1 
G 0 0 0 0 F 0 1 
1 F F 0 0 0 0 1 
1 0 F 0 0 0 0 1 
1 1 1 1 1 1 1 1 
U13 T6

Map8
1 1 S 1 1 1 1 1 
1 1 0 # 0 1 0 1 
1 0 0 H # 1 0 1 
1 0 # 0 H 0 # 1 
1 0 0 0 1 1 # 1 
1 1 0 # 0 # 0 1 
1 0 F # 0 0 0 1 
1 G 1 1 1 1 1 1 
R14 T4

Map8
1 1 1 1 G S 1 1 
1 0 F 1 0 0 # 1 
1 0 1 F 0 F F 1 
1 # 1 F 0 0 # 1 
1 F 1 0 0 F 0 1 
1 0 # 0 0 0 0 1 
1 0 0 0 F 0 H 1 
1 1 1 1 1 1 1 1 
R43 T4

Map8
1 S 1 1 1 1 1 1 
1 0 # 0 0 0 0 1 
1 0 0 0 0 0 0 1 
1 1 0 0 0 # # 1 
1 0 0 0 0 H 0 1 
1 H 0 0 0 0 1 1 
1 # 0 0 F 0 0 1 
1 G 1 1 1 1 1 1 
D31 T4

Map8
1 1 1 1 1 1 G 1 
1 0 1 0 0 0 0 1 
1 1 # 0 0 0 F S 
1 F # 0 0 0 F 1 
1 0 0 0 0 1 0 1 
1 1 0 0 0 0 # 1 
1 0 0 0 0 0 0 1 
1 1 1 1 1 1 1 1 
R14 T5

Map8
1 1 1 1 1 1 1 1 
1 0 0 0 0 0 0 1 
1 # 0 0 0 0 # 1 
1 0 0 F 1 0 0 1 
1 0 0 0 F 0 0 1 
1 0 0 0 H F 0 S 
G 0 0 0 0 F 0 1 
1 1 1 1 1 1 1 1 
U66 T4

Map8
1 1 1 1 1 1 1 1 
1 F 0 F 0 1 1 1 
1 0 F 0 F 0 0 S 
1 F 0 F 0 H 0 1 
1 1 0 0 0 0 1 1 
G 0 0 F 0 # 1 1 
1 0 0 1 # 0 F 1 
1 1 1 1 1 1 1 1 
D21 T4

Map8
1 1 1 1 1 1 1 1 
1 0 0 0 0 0 0 1 
1 0 # 0 0 H 0 G 
1 # 0 # 0 0 1 1 
1 # H 0 0 0 0 S 
1 0 0 0 H # # 1 
1 # 0 0 0 0 0 1 
1 1 1 1 1 1 1 1 
U35 T4

Map8
1 1 1 1 1 1 1 1 
1 1 0 0 0 0 1 1 
1 0 0 0 0 # 0 1 
G # F 0 0 F 0 1 
1 0 0 F 0 0 0 1 
1 0 F 0 F 0 0 1 
1 1 0 0 0 0 0 1 
1 1 S 1 1 1 1 1 
R14 T5

Map8
1 1 1 1 1 1 1 1 
1 0 0 0 0 F 0 1 
1 0 1 F 0 # # 1 
1 0 0 0 0 0 F 1 
1 0 0 0 0 0 0 1 
1 0 0 F F 0 0 S 
1 0 0 0 0 0 0 1 
1 1 1 1 1 G 1 1 
U46 T5

Map8
1 1 1 1 1 1 1 1 
1 0 0 0 0 F # 1 
1 0 0 1 H 0 0 1 
1 # 0 0 H F 1 1 
1 0 0 0 F 0 0 1 
1 0 H H 0 0 F 1 
G 0 1 0 0 0 0 1 
1 1 1 1 S 1 1 1 
R36 T5

Map8
1 1 1 1 1 1 1 1 
G 0 0 1 0 0 0 1 
1 0 0 0 H 1 0 1 
1 0 H 0 0 0 0 1 
1 0 0 0 H 0 0 1 
1 H 1 0 0 0 # 1 
1 0 0 # 0 0 # 1 
1 1 1 1 1 S 1 1 
U34 T5

Map8
1 1 1 1 1 1 1 1 
1 0 0 0 0 0 1 1 
1 # 1 F 0 0 0 1 
1 0 0 0 1 0 # 1 
1 1 0 0 0 0 0 1 
1 0 0 0 0 0 0 1 
1 F F 0 0 0 0 1 
1 1 1 G 1 1 S 1 
U53 T6

Map8
1 1 1 1 1 S 1 1 
1 0 H 0 0 0 0 1 
1 0 0 0 0 # 0 1 
1 0 H 1 0 0 0 1 
1 0 0 0 0 1 0 1 
1 0 0 0 H 0 0 1 
1 0 0 0 0 1 0 1 
1 1 1 1 G 1 1 1 
L62 T4

Map8
1 1 1 G 1 1 1 1 
1 0 0 0 0 1 # 1 
1 0 1 0 0 F 0 1 
S # 1 0 F 0 0 1 
1 F 0 F 0 0 0 1 
1 0 0 0 0 # 0 1 
1 F 0 0 0 0 0 1 
1 1 1 1 1 1 1 1 
L53 T5

Map8
1 1 S 1 1 1 1 1 
1 # 0 0 0 0 0 1 
1 0 1 0 0 0 # 1 
1 0 0 1 0 0 0 1 
1 # 0 0 # 0 0 1 
1 1 0 0 0 0 0 1 
1 0 # 1 0 0 0 1 
1 1 G 1 1 1 1 1 
D23 T4

Map8
1 1 1 1 1 S 1 1 
1 0 # 0 0 0 0 1 
1 # 0 H 0 0 0 1 
1 0 0 # 0 # 0 1 
1 0 # 0 H 0 0 1 
1 0 0 0 H 0 0 1 
1 0 0 0 1 H 0 1 
1 1 1 G 1 1 1 1 
L61 T4

Map8
1 1 1 1 1 1 1 1 
1 1 1 0 0 0 0 1 
1 0 0 0 0 0 0 1 
1 0 1 0 0 0 0 1 
1 0 0 0 0 1 1 1 
1 0 1 0 0 0 0 1 
1 0 0 0 0 0 0 1 
1 1 1 1 G 1 S 1 
R24 T4

Map8
1 1 1 G 1 S 1 1 
1 0 0 # 0 0 0 1 
1 1 0 1 1 0 0 1 
1 0 0 1 # 0 0 1 
1 0 F 0 0 0 0 1 
1 0 0 0 0 1 0 1 
1 0 0 0 0 0 0 1 
1 1 1 1 1 1 1 1 
R41 T8

Map8
1 1 1 1 1 1 1 1 
1 1 0 0 F # 1 1 
1 0 0 0 0 0 1 1 
1 0 0 0 0 0 0 S 
1 1 0 0 F 0 F 1 
1 0 0 0 0 # 0 G 
1 1 # # 0 0 0 1 
1 1 1 1 1 1 1 1 
R45 T4

Map8
1 1 1 1 1 1 1 1 
1 0 0 0 0 # 0 1 
1 # 0 1 0 # 0 1 
1 0 0 0 0 0 0 G 
1 # 0 # 0 # 0 1 
1 1 0 0 0 # 1 1 
1 0 # 0 0 0 0 1 
1 1 1 1 1 S 1 1 
L64 T5

Map8
1 1 1 1 1 1 1 1 
1 0 0 H 0 1 0 1 
1 1 F 0 F 0 1 1 
1 F 0 0 F F 0 1 
1 0 # 0 0 # 0 1 
1 # 0 # 0 0 0 G 
1 0 1 1 0 0 # S 
1 1 1 1 1 1 1 1 
D32 T5

Map8
1 1 1 S 1 1 1 1 
1 0 0 # # 1 0 1 
1 0 0 0 0 0 0 1 
1 # # 0 1 # 0 1 
1 0 F H H 1 # 1 
1 H 0 0 0 # 0 G 
1 0 0 # 1 0 0 1 
1 1 1 1 1 1 1 1 
R22 T5

Map8
1 1 1 G 1 1 1 1 
1 0 H 0 F 1 0 1 
1 0 0 0 0 H H 1 
1 0 0 0 0 0 0 1 
1 0 0 F # 0 1 1 
1 # 0 0 0 0 0 1 
1 0 0 0 0 0 0 1 
1 1 1 1 1 S 1 1 
R46 T6

Map8
1 1 1 1 1 1 1 1 
1 0 0 0 # 0 0 1 
1 0 F 0 0 0 1 1 
1 0 H # # F # 1 
1 0 F # 0 0 0 1 
1 H 0 0 0 F # 1 
1 0 0 0 0 0 0 1 
1 G 1 1 1 S 1 1 
R44 T4

Map8
1 1 G 1 1 1 1 1 
1 # 0 # 0 1 # 1 
1 # # 0 0 0 1 1 
1 F 0 0 0 # 0 1 
1 F 0 0 0 0 0 1 
1 0 F 0 0 F 0 1 
1 0 1 0 0 0 0 1 
1 S 1 1 1 1 1 1 
U24 T6

Map8
1 1 1 1 1 G 1 1 
1 0 0 0 0 0 0 1 
1 # 0 0 0 0 # 1 
1 0 # 0 0 0 0 1 
1 0 0 0 0 0 0 1 
1 0 F # # 0 0 1 
1 0 0 0 0 1 0 1 
1 1 1 S 1 1 1 1 
L41 T8

Map8
1 1 S 1 1 1 1 1 
1 H 0 0 0 0 F 1 
1 0 0 0 0 0 0 1 
1 0 0 0 0 0 0 1 
1 0 0 0 0 0 0 1 
1 0 0 0 F 0 1 1 
1 # H 0 # 0 0 1 
1 1 1 1 1 1 G 1 
R15 T4

Map8
1 1 1 1 1 1 1 1 
1 0 # 0 0 0 0 1 
1 0 0 F 0 # 0 G 
1 F H # 0 0 0 1 
1 0 F F 0 0 # S 
1 0 0 0 F 0 0 1 
1 0 # 0 F F 0 1 
1 1 1 1 1 1 1 1 
D63 T6

Map8
1 1 1 1 1 S 1 1 
1 0 0 0 # # 0 1 
1 0 1 # 0 0 0 G 
1 # 0 0 0 # 0 1 
1 0 0 0 0 1 0 1 
1 0 0 0 0 F 0 1 
1 0 0 0 0 0 # 1 
1 1 1 1 1 1 1 1 
L61 T5

Map8
1 1 1 1 1 1 1 1 
1 H 0 H 0 0 0 G 
1 H 0 1 0 0 0 1 
1 0 0 0 F 0 F 1 
1 0 0 0 0 1 0 1 
1 0 0 0 0 0 1 1 
S 0 F 0 1 0 1 1 
1 1 1 1 1 1 1 1 
R24 T4

Map8
1 1 1 1 1 1 1 1 
1 1 0 0 0 0 0 1 
G # 0 0 0 H 0 1 
1 0 H 0 0 0 0 S 
1 # # 0 0 # 0 1 
1 0 0 0 0 0 0 1 
1 0 0 0 0 0 1 1 
1 1 1 1 1 1 1 1 
D32 T4

Map8
1 1 S 1 1 1 1 1 
1 0 F 0 # 0 F 1 
1 0 0 # 0 H 0 1 
1 1 0 0 0 H 0 1 
1 0 1 0 0 0 H 1 
1 0 # F # 0 1 1 
1 0 0 0 1 0 # 1 
1 G 1 1 1 1 1 1 
D42 T4

Map8
1 1 1 1 1 1 1 1 
1 1 0 0 0 0 0 1 
1 1 # H 0 0 # 1 
1 # 0 # 0 0 # 1 
G F 0 0 0 F 0 1 
1 0 F 0 1 1 0 S 
1 0 0 1 0 0 0 1 
1 1 1 1 1 1 1 1 
L34 T4

Map8
1 1 1 1 1 1 1 1 
1 0 # 0 0 0 0 1 
1 F 0 0 0 0 0 S 
1 0 0 F 0 0 0 1 
1 0 0 F F 0 0 G 
1 0 0 F 0 0 F 1 
1 0 0 0 0 0 0 1 
1 1 1 1 1 1 1 1 
U13 T6

Map8
1 1 1 1 1 1 1 1 
1 0 0 F 0 0 0 1 
1 0 # # # 0 # G 
1 0 0 0 0 0 0 1 
1 0 0 # 0 0 0 S 
1 0 0 0 0 0 0 1 
1 1 0 # 0 0 0 1 
1 1 1 1 1 1 1 1 
D13 T6

Map8
1 1 1 1 1 1 1 1 
1 0 0 0 0 0 0 1 
1 0 H 0 0 0 0 1 
1 0 0 H 0 F 0 S 
1 0 0 0 0 0 0 1 
1 0 F 0 F 0 0 1 
G 0 0 0 0 0 # 1 
1 1 1 1 1 1 1 1 
U44 T4

Map8
1 1 1 1 1 1 1 1 
1 0 H # F 1 0 1 
1 0 0 1 1 # 0 1 
1 # 0 0 1 0 0 1 
1 0 F 0 0 0 0 1 
1 0 # 0 0 # # 1 
1 0 0 # 1 0 F 1 
1 1 S 1 1 1 G 1 
L33 T6

Map8
1 1 1 1 1 1 1 1 
1 # # 1 # F 1 1 
1 0 0 1 0 0 0 1 
1 0 F 0 0 F # 1 
1 0 0 0 # 0 F 1 
1 0 0 0 0 F # 1 
1 0 # 0 0 0 H 1 
1 G 1 1 1 S 1 1 
R45 T6

Map8
1 1 1 1 1 S 1 1 
1 1 0 0 0 0 0 1 
1 0 H 0 F F 0 1 
1 0 0 0 0 0 0 1 
1 H 0 0 0 0 # 1 
1 0 1 0 0 0 0 1 
1 0 0 F 0 F 0 1 
1 G 1 1 1 1 1 1 
U53 T5

Map8
1 1 1 1 1 1 1 1 
1 0 0 0 0 0 0 1 
1 0 0 0 0 # 0 G 
1 0 0 0 # F 0 1 
1 0 0 0 0 0 0 S 
1 0 0 0 H 0 # 1 
1 0 0 0 0 0 0 1 
1 1 1 1 1 1 1 1 
D13 T6

Map8
1 1 1 1 1 1 1 1 
S 0 0 0 # 1 0 1 
1 0 0 0 H 0 0 1 
1 1 0 0 0 0 0 1 
1 0 0 0 0 0 1 1 
1 0 # 0 0 0 0 1 
1 0 1 0 0 0 0 G 
1 1 1 1 1 1 1 1 
D31 T5

Map8
1 1 1 1 1 1 1 1 
1 0 0 0 F 0 0 1 
1 0 H 0 H 0 0 1 
1 0 F F H F 0 S 
1 0 0 1 0 F 0 1 
1 0 0 0 0 0 0 1 
G 0 # 0 0 0 0 1 
1 1 1 1 1 1 1 1 
U64 T4

Map8
1 1 S 1 1 1 1 1 
1 1 0 0 0 0 0 1 
1 0 0 0 H 0 0 1 
1 0 0 0 0 0 H 1 
1 # 0 0 0 0 H 1 
1 1 1 0 0 0 0 1 
1 1 H 0 0 0 0 1 
1 1 1 1 1 1 G 1 
D33 T4

Map8
1 1 1 1 1 1 G 1 
1 0 0 0 F F 0 1 
1 0 0 0 F 0 F 1 
1 # 1 0 0 0 1 1 
1 0 0 0 1 F F 1 
1 # 0 F H 0 # 1 
1 1 0 0 0 0 H 1 
1 1 1 1 S 1 1 1 
L56 T6

Map8
1 1 1 1 1 1 1 1 
1 0 0 0 0 0 1 1 
1 0 0 0 0 0 1 1 
1 # 1 0 0 0 0 1 
G 0 0 # 1 1 0 S 
1 0 0 0 0 0 0 1 
1 0 0 0 1 0 0 1 
1 1 1 1 1 1 1 1 
U26 T6

Map8
1 1 1 1 1 1 S 1 
1 # # # 1 0 0 1 
1 0 # # 1 F 0 1 
1 0 0 0 0 F 0 1 
1 0 1 0 # F 0 G 
1 0 0 0 0 0 0 1 
1 0 0 0 # 1 0 1 
1 1 1 1 1 1 1 1 
U63 T6

Map8
1 1 1 1 1 G 1 1 
1 0 0 # 1 0 0 1 
1 0 1 1 0 0 F 1 
1 0 0 0 1 0 0 1 
1 0 0 0 0 # 0 1 
1 0 0 0 0 0 0 1 
1 0 0 0 0 # F 1 
1 1 S 1 1 1 1 1 
R14 T4

