Map8
1 1 1 1 1 1 1 1 
1 H 1 0 # 0 F 1 
1 0 1 F 0 F H 1 
1 H 0 0 F 0 F 1 
G F 0 # 0 # 0 1 
1 0 0 # 1 F 1 1 
1 0 0 H 1 0 0 1 
1 1 1 1 1 1 S 1 
L64 T3

Map8
1 1 1 1 S 1 1 1 
1 0 0 0 F F # 1 
1 0 # F 0 H 0 1 
1 # 0 0 # F 0 1 
1 0 F 0 0 0 1 1 
1 # 0 0 H 0 H 1 
1 0 F 0 0 0 0 1 
1 1 1 1 1 1 G 1 
L54 T4

Map8
1 1 1 1 1 1 1 1 
1 0 0 1 0 1 # 1 
1 0 0 1 0 1 0 S 
1 0 # 0 1 0 0 1 
1 0 0 0 0 0 0 1 
G 0 # 0 0 0 0 1 
1 # 0 1 0 0 # 1 
1 1 1 1 1 1 1 1 
D33 T6

Map8
1 1 1 1 G 1 1 1 
1 0 F 0 0 0 0 1 
1 0 0 0 0 0 # 1 
1 1 0 0 0 0 0 1 
1 # 0 0 0 0 0 1 
1 0 0 1 0 0 0 1 
1 0 0 0 0 H 0 1 
1 1 1 S 1 1 1 1 
U45 T4

Map8
1 1 1 1 1 1 1 1 
G 0 1 F # 0 0 1 
1 # # # 0 0 1 1 
1 H 0 1 F 0 H 1 
1 1 0 0 0 0 0 1 
S 0 0 0 F 0 F 1 
1 0 0 1 0 0 0 1 
1 1 1 1 1 1 1 1 
U26 T4

Map8
1 1 1 1 1 1 1 1 
1 0 0 0 0 0 0 1 
1 0 0 0 0 0 0 1 
1 0 0 0 0 0 0 G 
1 0 0 0 0 0 0 1 
S 0 0 0 0 0 0 1 
1 0 0 1 0 0 0 1 
1 1 1 1 1 1 1 1 
D14 T6

Map8
1 1 1 S 1 1 1 1 
1 0 1 0 0 0 0 1 
1 H 0 0 0 0 1 1 
1 1 0 0 # 0 0 1 
1 1 0 1 0 0 # 1 
1 0 0 0 0 0 0 1 
1 0 H 0 0 0 0 1 
1 G 1 1 1 1 1 1 
L35 T4

Map8
1 1 1 1 1 1 1 1 
1 1 0 0 0 0 0 1 
1 # F 1 # 0 0 G 
1 # 0 0 0 0 0 1 
1 0 0 0 H # 0 1 
1 # H 0 H 0 0 1 
1 0 1 # 0 0 0 1 
1 1 1 1 1 1 S 1 
D63 T8

Map8
1 1 1 1 1 1 1 1 
1 0 0 0 0 0 0 1 
1 0 0 0 0 0 F 1 
1 F 0 0 F H 0 1 
1 H 0 H F 0 F 1 
1 0 1 0 0 0 0 1 
1 0 0 0 F F F 1 
1 G 1 1 1 S 1 1 
L65 T4

Map8
1 1 1 1 1 S 1 1 
1 0 F 0 0 0 0 1 
1 F F 1 H # H 1 
1 0 0 0 0 0 F 1 
1 0 0 F 0 # 0 1 
1 F # 0 0 H H 1 
1 0 0 # F F 0 1 
1 1 1 1 1 1 G 1 
U53 T5

Map8
1 1 1 1 1 1 1 1 
1 0 # 0 0 1 # 1 
1 0 0 0 0 0 # S 
1 F 0 0 0 0 1 1 
1 0 0 0 0 0 0 1 
G 0 0 0 1 1 0 1 
1 0 # 0 0 F 0 1 
1 1 1 1 1 1 1 1 
U14 T9

Map8
1 1 1 1 1 1 1 1 
1 0 0 0 0 0 0 1 
1 0 0 F 0 0 0 1 
1 0 0 0 0 0 0 1 
1 0 0 0 0 0 0 1 
1 0 0 0 0 0 0 1 
1 0 0 0 0 0 0 1 
1 1 1 G 1 S 1 1 
R41 T6

Map8
1 1 1 1 1 1 1 1 
1 0 # # # F 0 1 
1 1 0 0 F 0 1 1 
1 0 # 0 0 # 0 1 
1 # 0 # 0 0 F G 
1 F 1 0 1 0 0 1 
1 0 0 0 0 0 0 S 
1 1 1 1 1 1 1 1 
D22 T4

Map8
1 1 1 S 1 1 1 1 
1 1 0 0 0 0 # 1 
1 1 0 0 # 0 0 1 
1 # 0 0 1 0 0 1 
1 H 0 H 0 0 0 1 
1 0 0 0 0 0 0 1 
1 0 0 0 0 0 1 1 
1 G 1 1 1 1 1 1 
L41 T4

Map8
1 1 1 1 1 1 1 1 
1 0 0 0 0 0 0 1 
1 1 # 0 0 0 0 1 
1 0 0 0 0 1 # S 
1 # 0 0 0 H 0 1 
1 0 0 0 # 1 0 1 
1 1 0 # 0 # 0 1 
1 1 1 1 G 1 1 1 
R13 T5

Map8
1 1 1 1 1 1 G 1 
1 0 0 H 0 0 0 1 
1 0 0 0 0 0 1 1 
1 0 1 0 0 0 # 1 
1 1 0 0 # 1 0 1 
1 0 0 0 1 0 F 1 
1 0 0 # 0 H 0 1 
1 1 1 S 1 1 1 1 
R22 T4

Map8
1 1 1 1 1 1 1 1 
1 # F 0 # 0 0 1 
1 0 H # 0 F 0 S 
1 0 # F 0 F 0 1 
1 # 0 0 0 F 0 1 
1 # F 0 F 0 0 G 
1 1 H 0 F 1 # 1 
1 1 1 1 1 1 1 1 
R42 T5

Map8
1 1 1 1 1 1 1 1 
1 1 0 0 0 0 0 1 
1 0 0 H H 0 0 1 
1 0 0 0 # 0 0 1 
1 0 0 0 0 0 1 1 
1 0 0 0 0 0 0 1 
1 0 # 0 0 1 0 1 
1 1 G 1 S 1 1 1 
R33 T4

Map8
1 1 1 1 1 1 1 1 
1 0 F 0 1 0 0 1 
1 0 0 0 0 0 1 1 
1 0 0 0 0 F 0 1 
1 0 0 0 0 1 0 1 
1 F 0 0 0 0 0 1 
1 0 0 0 1 0 0 1 
1 1 S 1 1 G 1 1 
R13 T4

Map8
1 1 1 1 1 1 1 1 
G 0 0 0 0 0 0 1 
1 0 1 0 0 H 0 1 
1 1 0 0 0 0 0 1 
1 0 1 0 1 0 H 1 
1 0 0 0 0 0 0 1 
1 H H 0 # 0 0 S 
1 1 1 1 1 1 1 1 
U36 T4

Map8
1 1 1 S 1 1 1 1 
1 0 0 0 F H F 1 
1 F H F 1 0 0 1 
1 0 0 0 1 0 0 1 
G 0 F 0 0 1 0 1 
1 1 1 0 0 # 0 1 
1 0 1 F 0 F F 1 
1 1 1 1 1 1 1 1 
U33 T4

Map8
1 1 1 1 1 1 1 1 
1 0 F 1 0 0 1 1 
1 # # F 0 0 0 1 
1 # # 1 0 0 0 1 
1 0 # 0 F 0 0 1 
G 0 0 1 0 0 F 1 
1 0 F 0 F 0 0 1 
1 1 S 1 1 1 1 1 
R16 T5

Map8
1 1 1 1 1 1 1 1 
1 0 0 1 0 F 0 1 
1 F 0 # # 0 0 1 
1 # 0 0 0 0 0 1 
1 0 0 0 0 0 0 1 
1 0 0 1 H 0 0 1 
1 F 0 0 H 0 0 G 
1 S 1 1 1 1 1 1 
R14 T5

Map8
1 1 1 1 1 1 1 1 
1 F F H H 0 0 1 
1 1 0 F F 0 0 1 
1 0 0 0 F 0 0 1 
1 0 0 0 0 0 0 1 
1 1 0 0 0 0 H 1 
1 0 0 1 0 1 0 1 
1 G 1 1 S 1 1 1 
L52 T4

Map8
1 G 1 1 1 1 1 1 
1 0 # 0 0 1 1 1 
1 # F 0 0 0 H 1 
1 0 H 0 0 # 0 S 
1 0 0 # 1 0 0 1 
1 0 0 H 0 0 1 1 
1 0 1 0 # 0 0 1 
1 1 1 1 1 1 1 1 
R33 T6

Map8
1 1 1 1 G 1 1 1 
1 0 0 F 0 0 # 1 
1 0 0 0 0 # 0 1 
1 0 F F 0 0 0 1 
1 0 0 F 0 0 # 1 
1 0 0 0 0 0 0 1 
1 0 0 0 0 0 0 1 
1 1 S 1 1 1 1 1 
L36 T6

Map8
1 1 1 1 1 1 1 1 
1 0 # 0 0 0 0 1 
S 0 0 H 0 F 0 1 
1 0 0 H 0 0 0 1 
1 0 0 0 0 0 1 1 
1 1 # 0 0 0 0 G 
1 0 0 # 0 0 0 1 
1 1 1 1 1 1 1 1 
D11 T6

Map8
1 1 1 1 1 1 1 1 
1 0 0 0 0 F 1 1 
S 0 0 0 1 0 0 1 
1 0 F 1 0 0 0 G 
1 H F 0 0 F 0 1 
1 0 0 1 0 0 1 1 
1 0 0 F 0 1 0 1 
1 1 1 1 1 1 1 1 
D21 T4

Map8
1 1 1 S 1 G 1 1 
1 0 0 0 0 0 0 1 
1 0 0 0 0 0 0 1 
1 0 0 0 0 0 0 1 
1 0 0 0 H 0 0 1 
1 0 0 0 0 0 0 1 
1 0 0 0 0 0 0 1 
1 1 1 1 1 1 1 1 
L41 T6

Map8
1 1 1 1 1 1 1 1 
1 # 0 0 0 0 0 1 
1 0 0 # 1 0 0 1 
1 0 0 0 0 0 0 G 
S 0 H 0 0 0 1 1 
1 0 0 1 0 1 H 1 
1 1 0 0 0 # 0 1 
1 1 1 1 1 1 1 1 
U15 T4

Map8
1 S 1 1 1 1 1 1 
1 # 0 0 0 1 0 1 
1 0 0 1 0 # F 1 
1 # 0 0 0 0 0 1 
1 0 0 0 F 0 0 1 
G 0 # 0 0 0 0 1 
1 # # 0 0 F H 1 
1 1 1 1 1 1 1 1 
L55 T4

Map8
1 S 1 1 1 1 1 1 
1 0 0 0 0 1 0 1 
1 0 0 F 0 H 0 1 
1 0 0 0 0 F 0 1 
1 0 0 0 0 0 0 G 
1 0 0 # # 0 0 1 
1 0 # 0 # 0 F 1 
1 1 1 1 1 1 1 1 
U13 T6

Map8
1 1 1 G 1 1 1 1 
1 0 F F 0 0 0 1 
1 0 0 0 F 0 0 1 
1 0 F # 0 # # 1 
1 0 1 # 1 0 1 1 
1 0 # 0 # # 0 1 
1 0 0 0 0 # 0 S 
1 1 1 1 1 1 1 1 
R46 T6

Map8
1 1 1 1 1 1 1 1 
1 0 0 0 0 0 # 1 
1 # # F 0 0 0 1 
1 # 0 # 0 1 0 1 
1 0 # 0 0 0 0 1 
G 0 H 0 0 0 0 S 
1 1 1 0 0 0 0 1 
1 1 1 1 1 1 1 1 
U36 T4

Map8
1 1 1 1 G 1 1 1 
1 0 0 0 # 0 0 1 
1 0 0 0 0 0 0 1 
1 # # 0 1 0 0 1 
1 # 0 1 H 0 0 1 
1 0 # 0 0 0 0 1 
1 0 0 0 1 0 1 1 
1 1 S 1 1 1 1 1 
L31 T8

Map8
1 1 1 1 1 1 1 1 
1 0 1 1 1 0 0 1 
1 0 0 F 0 # 0 1 
1 0 0 0 H 0 # G 
1 0 0 0 0 0 1 1 
1 0 0 0 0 0 0 S 
1 0 0 0 0 0 # 1 
1 1 1 1 1 1 1 1 
U26 T4

Map8
1 1 1 1 S 1 1 1 
1 0 # 0 # 0 F 1 
1 # F F # 1 F 1 
1 0 H 0 0 0 1 1 
1 # H 1 H F F 1 
1 1 0 F 0 0 0 1 
1 0 # 0 0 1 0 1 
1 G 1 1 1 1 1 1 
R33 T6

Map8
1 1 1 1 1 1 1 1 
1 0 1 0 0 0 0 1 
1 0 # 1 F # 1 1 
1 0 0 H 0 F 0 S 
1 F 0 H # 0 0 1 
1 0 # 0 0 0 0 1 
1 0 0 0 F 0 1 1 
1 G 1 1 1 1 1 1 
R43 T4

Map8
1 1 1 1 1 1 1 1 
1 0 # 0 F # 0 1 
1 # F 0 0 0 0 1 
1 # 0 0 0 0 0 S 
1 0 0 0 1 H # 1 
G 0 0 0 0 F 0 1 
1 F 1 # 0 1 0 1 
1 1 1 1 1 1 1 1 
D32 T4

Map8
1 1 1 1 1 1 G 1 
1 # 0 0 1 1 # 1 
1 F 0 1 0 0 0 1 
1 0 0 0 0 0 0 1 
1 F # 0 1 0 0 1 
1 0 0 0 0 H 1 1 
1 0 0 1 0 0 0 1 
1 1 1 1 S 1 1 1 
R13 T6

Map8
1 1 1 1 1 1 1 1 
1 0 0 0 0 0 F 1 
1 0 H 0 0 # 0 S 
1 1 0 0 0 0 0 1 
1 0 1 F 1 F 0 1 
1 0 0 0 0 0 0 1 
1 0 0 0 0 0 # 1 
1 G 1 1 1 1 1 1 
R32 T4

Map8
1 1 1 1 1 1 S 1 
1 0 F 0 0 0 0 1 
1 0 0 0 0 0 0 1 
1 F 0 0 0 0 0 1 
1 0 0 0 0 0 0 G 
1 0 # 0 0 0 0 1 
1 0 0 0 0 0 0 1 
1 1 1 1 1 1 1 1 
U63 T6

Map8
1 1 1 1 G 1 1 1 
1 # F 1 0 F 0 1 
1 F H # # F 0 1 
1 0 H # 0 # 0 1 
1 0 0 0 H 0 0 1 
1 0 F 0 0 0 0 1 
1 # 0 F 0 # 0 1 
1 1 S 1 1 1 1 1 
L34 T6

Map8
1 1 1 1 1 S 1 1 
1 0 1 0 0 # # 1 
1 0 0 0 F # # 1 
1 # 0 H 0 0 0 G 
1 1 0 0 F F 0 1 
1 0 0 F # 0 0 1 
1 0 0 0 1 0 0 1 
1 1 1 1 1 1 1 1 
L64 T5

Map8
1 1 1 1 1 1 1 1 
1 0 0 0 0 0 0 1 
1 0 0 # 0 1 0 1 
1 1 0 0 0 0 0 1 
1 0 0 0 0 H 0 1 
S 0 0 H 0 0 0 1 
1 0 0 1 H 0 0 G 
1 1 1 1 1 1 1 1 
U26 T4

Map8
1 1 S 1 1 G 1 1 
1 0 # 0 1 0 0 1 
1 0 0 0 H F 0 1 
1 F F F 0 H 0 1 
1 0 # 0 0 0 0 1 
1 0 0 0 0 0 F 1 
1 H F 0 # H 0 1 
1 1 1 1 1 1 1 1 
R14 T4

Map8
1 1 1 1 1 1 1 1 
1 F 0 0 0 1 # 1 
S 0 F 1 0 0 0 1 
1 F 0 0 # 0 1 1 
1 F 0 0 0 0 0 1 
1 F 1 0 # # 0 1 
1 F 1 # # 0 # 1 
1 1 1 G 1 1 1 1 
U23 T5

Map8
1 1 1 1 1 G 1 1 
1 0 0 0 F 0 1 1 
1 0 0 0 0 0 0 1 
1 0 0 F 0 0 0 1 
1 0 0 1 F 0 0 1 
1 F 0 # F 0 0 S 
1 0 0 0 0 0 0 1 
1 1 1 1 1 1 1 1 
D24 T5

Map8
1 1 1 1 1 1 1 1 
1 1 H 0 0 F 0 1 
G 0 0 0 0 0 0 1 
1 0 0 1 F F 0 1 
1 0 0 0 H 0 0 1 
1 0 0 H 0 0 0 S 
1 0 0 0 0 0 0 1 
1 1 1 1 1 1 1 1 
D54 T4

Map8
1 1 1 1 1 S 1 1 
1 0 0 0 0 0 H 1 
1 0 0 1 0 0 0 1 
1 1 # F 0 0 0 1 
1 0 0 F 0 0 0 1 
1 0 0 0 F H 1 1 
1 0 0 F 0 0 0 1 
1 1 1 1 1 1 G 1 
L62 T4

Map8
1 1 1 1 1 1 1 1 
G 0 1 H # 0 F 1 
1 0 0 0 0 0 0 1 
1 0 0 F # 0 0 1 
1 0 0 0 0 0 H 1 
1 F 0 0 0 0 0 S 
1 0 F F 0 # 0 1 
1 1 1 1 1 1 1 1 
D44 T4

Map8
1 1 G 1 1 1 1 1 
1 0 0 1 0 0 1 1 
1 F 0 0 0 0 1 1 
1 0 0 1 F 0 0 1 
1 0 0 0 0 1 0 1 
1 0 0 0 0 0 1 1 
1 # 0 F 0 F 0 1 
1 1 1 1 S 1 1 1 
L55 T4

Map8
1 1 1 1 1 1 1 1 
1 0 0 0 # 0 F 1 
G 0 0 # 0 0 # 1 
1 1 0 F 0 0 1 1 
1 0 0 # 0 0 0 1 
1 0 # 0 0 0 1 1 
1 # # 0 0 F 1 1 
1 S 1 1 1 1 1 1 
U35 T5

Map8
1 1 1 1 1 1 1 1 
1 0 0 0 0 0 # G 
1 0 0 0 0 0 0 1 
1 0 0 0 0 0 0 1 
1 0 H 1 H 1 1 1 
1 0 0 0 0 0 0 1 
1 1 # F 0 0 0 S 
1 1 1 1 1 1 1 1 
L35 T4

Map8
1 S 1 1 1 1 1 1 
1 0 0 0 0 0 1 1 
1 # 1 0 0 # 1 1 
1 1 0 0 0 0 # 1 
1 0 0 0 0 # 0 1 
1 0 1 0 # 0 0 1 
1 1 0 0 0 0 0 1 
1 1 1 G 1 1 1 1 
L65 T5

Map8
1 1 1 1 1 1 1 1 
1 H 0 0 0 0 0 1 
1 0 0 0 0 0 0 1 
1 0 0 0 0 0 0 1 
1 0 0 0 # 0 0 1 
G 0 0 0 0 0 0 1 
1 0 0 1 0 0 1 1 
1 S 1 1 1 1 1 1 
D12 T6

Map8
1 1 1 1 1 1 1 1 
1 1 0 0 0 0 H 1 
1 0 0 1 0 1 0 1 
1 H 0 0 0 0 # 1 
S 0 0 0 # H 0 1 
1 0 0 0 0 0 0 1 
1 0 0 1 0 0 0 G 
1 1 1 1 1 1 1 1 
U35 T4

Map8
1 1 1 S 1 1 1 1 
1 H 0 0 0 0 0 1 
1 0 0 1 # 0 0 1 
1 0 0 # 0 0 1 1 
1 1 # F 1 1 0 1 
1 0 0 # 0 # 0 1 
1 0 0 # # 0 # G 
1 1 1 1 1 1 1 1 
D22 T7

Map8
1 1 1 1 1 1 1 1 
1 0 0 H 0 0 0 1 
1 # # 0 0 0 0 1 
S 0 F 0 0 H F 1 
1 0 0 0 H # 0 1 
1 0 0 0 H 0 0 1 
G 0 1 0 0 0 0 1 
1 1 1 1 1 1 1 1 
U24 T4

Map8
1 1 1 1 1 1 1 1 
1 0 F 0 0 0 0 1 
1 F 0 0 0 0 0 S 
1 0 1 0 0 0 0 1 
1 F 0 0 0 0 0 G 
1 0 0 0 0 0 0 1 
1 0 0 0 0 0 0 1 
1 1 1 1 1 1 1 1 
U63 T6

Map8
1 1 1 S 1 1 1 1 
1 # # 0 0 0 0 1 
1 0 0 0 H 1 # 1 
1 # 0 F 0 0 0 1 
1 0 0 F H 0 0 1 
1 0 F F 0 0 1 1 
1 # 0 0 1 0 F G 
1 1 1 1 1 1 1 1 
D53 T7

Map8
1 1 1 1 1 1 1 1 
1 0 0 0 0 0 0 1 
1 0 0 0 0 0 0 1 
G 0 0 0 0 0 0 1 
1 0 0 0 0 F 0 1 
1 0 0 0 0 # 0 S 
1 0 1 0 0 F 0 1 
1 1 1 1 1 1 1 1 
D64 T6

Map8
1 1 1 1 1 1 1 1 
1 1 0 # 0 # 0 1 
1 H H 1 H F 0 1 
G 0 0 0 1 0 0 1 
1 0 0 0 1 0 # S 
1 # 1 0 0 0 0 1 
1 F 0 # 0 0 0 1 
1 1 1 1 1 1 1 1 
L65 T4

Map8
1 S 1 1 1 1 1 1 
1 0 0 0 F 0 0 1 
1 F 0 0 0 0 0 1 
1 0 0 0 0 1 F 1 
G 0 0 0 0 F 0 1 
1 F F 0 0 0 0 1 
1 0 F 0 0 0 0 1 
1 1 1 1 1 1 1 1 
U13 T6

Map8
1 1 S 1 1 1 1 1 
1 1 0 # 0 1 0 1 
1 0 0 H # 1 0 1 
1 0 # 0 H 0 # 1 
1 0 0 0 1 1 # 1 
1 1 0 # 0 # 0 1 
1 0 F # 0 0 0 1 
1 G 1 1 1 1 1 1 
R14 T4

Map8
1 1 1 1 G S 1 1 
1 0 F 1 0 0 # 1 
1 0 1 F 0 F F 1 
1 # 1 F 0 0 # 1 
1 F 1 0 0 F 0 1 
1 0 # 0 0 0 0 1 
1 0 0 0 F 0 H 1 
1 1 1 1 1 1 1 1 
R43 T4

Map8
1 S 1 1 1 1 1 1 
1 0 # 0 0 0 0 1 
1 0 0 0 0 0 0 1 
1 1 0 0 0 # # 1 
1 0 0 0 0 H 0 1 
1 H 0 0 0 0 1 1 
1 # 0 0 F 0 0 1 
1 G 1 1 1 1 1 1 
D31 T4

Map8
1 1 1 1 1 1 G 1 
1 0 1 0 0 0 0 1 
1 1 # 0 0 0 F S 
1 F # 0 0 0 F 1 
1 0 0 0 0 1 0 1 
1 1 0 0 0 0 # 1 
1 0 0 0 0 0 0 1 
1 1 1 1 1 1 1 1 
R14 T5

Map8
1 1 1 1 1 1 1 1 
1 0 0 0 0 0 0 1 
1 # 0 0 0 0 # 1 
1 0 0 F 1 0 0 1 
1 0 0 0 F 0 0 1 
1 0 0 0 H F 0 S 
G 0 0 0 0 F 0 1 
1 1 1 1 1 1 1 1 
U66 T4

Map8
1 1 1 1 1 1 1 1 
1 F 0 F 0 1 1 1 
1 0 F 0 F 0 0 S 
1 F 0 F 0 H 0 1 
1 1 0 0 0 0 1 1 
G 0 0 F 0 # 1 1 
1 0 0 1 # 0 F 1 
1 1 1 1 1 1 1 1 
D21 T4

Map8
1 1 1 1 1 1 1 1 
1 0 0 0 0 0 0 1 
1 0 # 0 0 H 0 G 
1 # 0 # 0 0 1 1 
1 # H 0 0 0 0 S 
1 0 0 0 H # # 1 
1 # 0 0 0 0 0 1 
1 1 1 1 1 1 1 1 
U35 T4

Map8
1 1 1 1 1 1 1 1 
1 1 0 0 0 0 1 1 
1 0 0 0 0 # 0 1 
G # F 0 0 F 0 1 
1 0 0 F 0 0 0 1 
1 0 F 0 F 0 0 1 
1 1 0 0 0 0 0 1 
1 1 S 1 1 1 1 1 
R14 T5

Map8
1 1 1 1 1 1 1 1 
1 0 0 0 0 F 0 1 
1 0 1 F 0 # # 1 
1 0 0 0 0 0 F 1 
1 0 0 0 0 0 0 1 
1 0 0 F F 0 0 S 
1 0 0 0 0 0 0 1 
1 1 1 1 1 G 1 1 
U46 T5

Map8
1 1 1 1 1 1 1 1 
1 0 0 0 0 F # 1 
1 0 0 1 H 0 0 1 
1 # 0 0 H F 1 1 
1 0 0 0 F 0 0 1 
1 0 H H 0 0 F 1 
G 0 1 0 0 0 0 1 
1 1 1 1 S 1 1 1 
R36 T5

Map8
1 1 1 1 1 1 1 1 
G 0 0 1 0 0 0 1 
1 0 0 0 H 1 0 1 
1 0 H 0 0 0 0 1 
1 0 0 0 H 0 0 1 
1 H 1 0 0 0 # 1 
1 0 0 # 0 0 # 1 
1 1 1 1 1 S 1 1 
U34 T5

Map8
1 1 1 1 1 1 1 1 
1 0 0 0 0 0 1 1 
1 # 1 F 0 0 0 1 
1 0 0 0 1 0 # 1 
1 1 0 0 0 0 0 1 
1 0 0 0 0 0 0 1 
1 F F 0 0 0 0 1 
1 1 1 G 1 1 S 1 
U53 T6

Map8
1 1 1 1 1 S 1 1 
1 0 H 0 0 0 0 1 
1 0 0 0 0 # 0 1 
1 0 H 1 0 0 0 1 
1 0 0 0 0 1 0 1 
1 0 0 0 H 0 0 1 
1 0 0 0 0 1 0 1 
1 1 1 1 G 1 1 1 
L62 T4

Map8
1 1 1 G 1 1 1 1 
1 0 0 0 0 1 # 1 
1 0 1 0 0 F 0 1 
S # 1 0 F 0 0 1 
1 F 0 F 0 0 0 1 
1 0 0 0 0 # 0 1 
1 F 0 0 0 0 0 1 
1 1 1 1 1 1 1 1 
L53 T5

Map8
1 1 S 1 1 1 1 1 
1 # 0 0 0 0 0 1 
1 0 1 0 0 0 # 1 
1 0 0 1 0 0 0 1 
1 # 0 0 # 0 0 1 
1 1 0 0 0 0 0 1 
1 0 # 1 0 0 0 1 
1 1 G 1 1 1 1 1 
D23 T4

Map8
1 1 1 1 1 S 1 1 
1 0 # 0 0 0 0 1 
1 # 0 H 0 0 0 1 
1 0 0 # 0 # 0 1 
1 0 # 0 H 0 0 1 
1 0 0 0 H 0 0 1 
1 0 0 0 1 H 0 1 
1 1 1 G 1 1 1 1 
L61 T4

Map8
1 1 1 1 1 1 1 1 
1 1 1 0 0 0 0 1 
1 0 0 0 0 0 0 1 
1 0 1 0 0 0 0 1 
1 0 0 0 0 1 1 1 
1 0 1 0 0 0 0 1 
1 0 0 0 0 0 0 1 
1 1 1 1 G 1 S 1 
R24 T4

Map8
1 1 1 G 1 S 1 1 
1 0 0 # 0 0 0 1 
1 1 0 1 1 0 0 1 
1 0 0 1 # 0 0 1 
1 0 F 0 0 0 0 1 
1 0 0 0 0 1 0 1 
1 0 0 0 0 0 0 1 
1 1 1 1 1 1 1 1 
R41 T8

Map8
1 1 1 1 1 1 1 1 
1 1 0 0 F # 1 1 
1 0 0 0 0 0 1 1 
1 0 0 0 0 0 0 S 
1 1 0 0 F 0 F 1 
1 0 0 0 0 # 0 G 
1 1 # # 0 0 0 1 
1 1 1 1 1 1 1 1 
R45 T4

Map8
1 1 1 1 1 1 1 1 
1 0 0 0 0 # 0 1 
1 # 0 1 0 # 0 1 
1 0 0 0 0 0 0 G 
1 # 0 # 0 # 0 1 
1 1 0 0 0 # 1 1 
1 0 # 0 0 0 0 1 
1 1 1 1 1 S 1 1 
L64 T5

Map8
1 1 1 1 1 1 1 1 
1 0 0 H 0 1 0 1 
1 1 F 0 F 0 1 1 
1 F 0 0 F F 0 1 
1 0 # 0 0 # 0 1 
1 # 0 # 0 0 0 G 
1 0 1 1 0 0 # S 
1 1 1 1 1 1 1 1 
D32 T5

Map8
1 1 1 S 1 1 1 1 
1 0 0 # # 1 0 1 
1 0 0 0 0 0 0 1 
1 # # 0 1 # 0 1 
1 0 F H H 1 # 1 
1 H 0 0 0 # 0 G 
1 0 0 # 1 0 0 1 
1 1 1 1 1 1 1 1 
R22 T5

Map8
1 1 1 G 1 1 1 1 
1 0 H 0 F 1 0 1 
1 0 0 0 0 H H 1 
1 0 0 0 0 0 0 1 
1 0 0 F # 0 1 1 
1 # 0 0 0 0 0 1 
1 0 0 0 0 0 0 1 
1 1 1 1 1 S 1 1 
R46 T6

Map8
1 1 1 1 1 1 1 1 
1 0 0 0 # 0 0 1 
1 0 F 0 0 0 1 1 
1 0 H # # F # 1 
1 0 F # 0 0 0 1 
1 H 0 0 0 F # 1 
1 0 0 0 0 0 0 1 
1 G 1 1 1 S 1 1 
R44 T4

Map8
1 1 G 1 1 1 1 1 
1 # 0 # 0 1 # 1 
1 # # 0 0 0 1 1 
1 F 0 0 0 # 0 1 
1 F 0 0 0 0 0 1 
1 0 F 0 0 F 0 1 
1 0 1 0 0 0 0 1 
1 S 1 1 1 1 1 1 
U24 T6

Map8
1 1 1 1 1 G 1 1 
1 0 0 0 0 0 0 1 
1 # 0 0 0 0 # 1 
1 0 # 0 0 0 0 1 
1 0 0 0 0 0 0 1 
1 0 F # # 0 0 1 
1 0 0 0 0 1 0 1 
1 1 1 S 1 1 1 1 
L41 T8

Map8
1 1 S 1 1 1 1 1 
1 H 0 0 0 0 F 1 
1 0 0 0 0 0 0 1 
1 0 0 0 0 0 0 1 
1 0 0 0 0 0 0 1 
1 0 0 0 F 0 1 1 
1 # H 0 # 0 0 1 
1 1 1 1 1 1 G 1 
R15 T4

Map8
1 1 1 1 1 1 1 1 
1 0 # 0 0 0 0 1 
1 0 0 F 0 # 0 G 
1 F H # 0 0 0 1 
1 0 F F 0 0 # S 
1 0 0 0 F 0 0 1 
1 0 # 0 F F 0 1 
1 1 1 1 1 1 1 1 
D63 T6

Map8
1 1 1 1 1 S 1 1 
1 0 0 0 # # 0 1 
1 0 1 # 0 0 0 G 
1 # 0 0 0 # 0 1 
1 0 0 0 0 1 0 1 
1 0 0 0 0 F 0 1 
1 0 0 0 0 0 # 1 
1 1 1 1 1 1 1 1 
L61 T5

Map8
1 1 1 1 1 1 1 1 
1 H 0 H 0 0 0 G 
1 H 0 1 0 0 0 1 
1 0 0 0 F 0 F 1 
1 0 0 0 0 1 0 1 
1 0 0 0 0 0 1 1 
S 0 F 0 1 0 1 1 
1 1 1 1 1 1 1 1 
R24 T4

Map8
1 1 1 1 1 1 1 1 
1 1 0 0 0 0 0 1 
G # 0 0 0 H 0 1 
1 0 H 0 0 0 0 S 
1 # # 0 0 # 0 1 
1 0 0 0 0 0 0 1 
1 0 0 0 0 0 1 1 
1 1 1 1 1 1 1 1 
D32 T4

Map8
1 1 S 1 1 1 1 1 
1 0 F 0 # 0 F 1 
1 0 0 # 0 H 0 1 
1 1 0 0 0 H 0 1 
1 0 1 0 0 0 H 1 
1 0 # F # 0 1 1 
1 0 0 0 1 0 # 1 
1 G 1 1 1 1 1 1 
D42 T4

Map8
1 1 1 1 1 1 1 1 
1 1 0 0 0 0 0 1 
1 1 # H 0 0 # 1 
1 # 0 # 0 0 # 1 
G F 0 0 0 F 0 1 
1 0 F 0 1 1 0 S 
1 0 0 1 0 0 0 1 
1 1 1 1 1 1 1 1 
L34 T4

Map8
1 1 1 1 1 1 1 1 
1 0 # 0 0 0 0 1 
1 F 0 0 0 0 0 S 
1 0 0 F 0 0 0 1 
1 0 0 F F 0 0 G 
1 0 0 F 0 0 F 1 
1 0 0 0 0 0 0 1 
1 1 1 1 1 1 1 1 
U13 T6

Map8
1 1 1 1 1 1 1 1 
1 0 0 F 0 0 0 1 
1 0 # # # 0 # G 
1 0 0 0 0 0 0 1 
1 0 0 # 0 0 0 S 
1 0 0 0 0 0 0 1 
1 1 0 # 0 0 0 1 
1 1 1 1 1 1 1 1 
D13 T6

Map8
1 1 1 1 1 1 1 1 
1 0 0 0 0 0 0 1 
1 0 H 0 0 0 0 1 
1 0 0 H 0 F 0 S 
1 0 0 0 0 0 0 1 
1 0 F 0 F 0 0 1 
G 0 0 0 0 0 # 1 
1 1 1 1 1 1 1 1 
U44 T4

Map8
1 1 1 1 1 1 1 1 
1 0 H # F 1 0 1 
1 0 0 1 1 # 0 1 
1 # 0 0 1 0 0 1 
1 0 F 0 0 0 0 1 
1 0 # 0 0 # # 1 
1 0 0 # 1 0 F 1 
1 1 S 1 1 1 G 1 
L33 T6

Map8
1 1 1 1 1 1 1 1 
1 # # 1 # F 1 1 
1 0 0 1 0 0 0 1 
1 0 F 0 0 F # 1 
1 0 0 0 # 0 F 1 
1 0 0 0 0 F # 1 
1 0 # 0 0 0 H 1 
1 G 1 1 1 S 1 1 
R45 T6

Map8
1 1 1 1 1 S 1 1 
1 1 0 0 0 0 0 1 
1 0 H 0 F F 0 1 
1 0 0 0 0 0 0 1 
1 H 0 0 0 0 # 1 
1 0 1 0 0 0 0 1 
1 0 0 F 0 F 0 1 
1 G 1 1 1 1 1 1 
U53 T5

Map8
1 1 1 1 1 1 1 1 
1 0 0 0 0 0 0 1 
1 0 0 0 0 # 0 G 
1 0 0 0 # F 0 1 
1 0 0 0 0 0 0 S 
1 0 0 0 H 0 # 1 
1 0 0 0 0 0 0 1 
1 1 1 1 1 1 1 1 
D13 T6

Map8
1 1 1 1 1 1 1 1 
S 0 0 0 # 1 0 1 
1 0 0 0 H 0 0 1 
1 1 0 0 0 0 0 1 
1 0 0 0 0 0 1 1 
1 0 # 0 0 0 0 1 
1 0 1 0 0 0 0 G 
1 1 1 1 1 1 1 1 
D31 T5

Map8
1 1 1 1 1 1 1 1 
1 0 0 0 F 0 0 1 
1 0 H 0 H 0 0 1 
1 0 F F H F 0 S 
1 0 0 1 0 F 0 1 
1 0 0 0 0 0 0 1 
G 0 # 0 0 0 0 1 
1 1 1 1 1 1 1 1 
U64 T4

Map8
1 1 S 1 1 1 1 1 
1 1 0 0 0 0 0 1 
1 0 0 0 H 0 0 1 
1 0 0 0 0 0 H 1 
1 # 0 0 0 0 H 1 
1 1 1 0 0 0 0 1 
1 1 H 0 0 0 0 1 
1 1 1 1 1 1 G 1 
D33 T4

Map8
1 1 1 1 1 1 G 1 
1 0 0 0 F F 0 1 
1 0 0 0 F 0 F 1 
1 # 1 0 0 0 1 1 
1 0 0 0 1 F F 1 
1 # 0 F H 0 # 1 
1 1 0 0 0 0 H 1 
1 1 1 1 S 1 1 1 
L56 T6

Map8
1 1 1 1 1 1 1 1 
1 0 0 0 0 0 1 1 
1 0 0 0 0 0 1 1 
1 # 1 0 0 0 0 1 
G 0 0 # 1 1 0 S 
1 0 0 0 0 0 0 1 
1 0 0 0 1 0 0 1 
1 1 1 1 1 1 1 1 
U26 T6

Map8
1 1 1 1 1 1 S 1 
1 # # # 1 0 0 1 
1 0 # # 1 F 0 1 
1 0 0 0 0 F 0 1 
1 0 1 0 # F 0 G 
1 0 0 0 0 0 0 1 
1 0 0 0 # 1 0 1 
1 1 1 1 1 1 1 1 
U63 T6

Map8
1 1 1 1 1 G 1 1 
1 0 0 # 1 0 0 1 
1 0 1 1 0 0 F 1 
1 0 0 0 1 0 0 1 
1 0 0 0 0 # 0 1 
1 0 0 0 0 0 0 1 
1 0 0 0 0 # F 1 
1 1 S 1 1 1 1 1 
R14 T4
