Map8
1 1 1 1 1 1 1 1 
1 1 1 1 1 1 1 1 
1 1 0 H H 0 1 1 
1 1 0 0 F 0 S 1 
1 1 F 0 F 0 G 1 
1 1 0 0 1 0 1 1 
1 1 1 1 1 1 1 1 
1 1 1 1 1 1 1 1 
p33 T5

Map8
1 1 1 1 1 1 1 1 
1 1 S 1 1 1 1 1 
1 1 0 1 1 0 1 1 
1 1 0 0 F H 1 1 
1 1 0 0 0 0 1 1 
1 1 0 H 0 0 G 1 
1 1 1 1 1 1 1 1 
1 1 1 1 1 1 1 1 
p23 T5

Map8
1 1 1 1 1 1 1 1 
1 1 1 1 1 1 1 1 
1 S 0 0 0 1 1 1 
1 1 0 0 F F G 1 
1 1 0 0 1 F 1 1 
1 1 0 0 0 0 1 1 
1 1 1 1 1 1 1 1 
1 1 1 1 1 1 1 1 
p22 T6

Map8
1 1 1 1 1 1 1 1 
1 1 1 G 1 1 1 1 
1 1 0 0 1 0 1 1 
1 1 0 F 0 0 1 1 
1 1 # 0 F 0 1 1 
1 1 0 F 0 F 1 1 
1 1 1 1 1 S 1 1 
1 1 1 1 1 1 1 1 
p54 T6

Map8
1 1 1 1 1 1 1 1 
1 1 1 1 1 1 1 1 
1 1 0 0 0 0 S 1 
1 1 1 0 0 F G 1 
1 1 # 0 0 1 1 1 
1 1 0 0 0 0 1 1 
1 1 1 1 1 1 1 1 
1 1 1 1 1 1 1 1 
p42 T8

Map8
1 1 1 1 1 1 1 1 
1 1 1 1 1 G 1 1 
1 1 0 0 0 0 1 1 
1 1 1 1 F 1 1 1 
1 1 0 H 0 0 1 1 
1 1 0 0 0 0 1 1 
1 1 S 1 1 1 1 1 
1 1 1 1 1 1 1 1 
p35 T7

Map8
1 1 1 1 1 1 1 1 
1 1 1 1 1 1 1 1 
1 S 0 1 0 0 1 1 
1 1 0 H # 0 G 1 
1 1 0 0 0 1 1 1 
1 1 0 H F 0 1 1 
1 1 1 1 1 1 1 1 
1 1 1 1 1 1 1 1 
p23 T8

Map8
1 1 1 1 1 1 1 1 
1 1 1 1 1 S 1 1 
1 1 0 0 H # G 1 
1 1 0 0 0 0 1 1 
1 1 1 0 H F 1 1 
1 1 0 0 0 0 1 1 
1 1 1 1 1 1 1 1 
1 1 1 1 1 1 1 1 
p45 T9

