Map8
1 1 1 G 1 1 1 1 
1 0 0 F 0 1 0 1 
1 0 0 0 0 0 1 1 
1 0 0 F 0 F 1 1 
1 0 0 F 0 0 1 1 
1 # 0 1 0 1 0 S 
1 1 0 0 0 0 0 1 
1 1 1 1 1 1 1 1 
p23 u32 T9

Map8
1 1 1 1 1 1 G 1 
1 0 0 F 0 1 0 1 
1 0 0 0 0 # # 1 
1 0 0 H 0 0 0 1 
1 # 0 # 0 H 0 1 
1 1 1 0 0 1 # 1 
1 0 # 0 0 H 0 1 
1 1 S 1 1 1 1 1 
P46 L44 T8

Map8
1 1 1 1 1 1 1 1 
1 0 0 H # 0 # 1 
1 0 H 1 1 0 0 G 
1 H 1 0 0 0 1 1 
1 1 0 0 # 0 0 1 
1 0 # # H H 0 S 
1 0 0 0 0 0 0 1 
1 1 1 1 1 1 1 1 
u26 D64 T9

Map8
1 1 1 1 1 G 1 1 
1 H 0 0 0 0 F 1 
1 1 H H 0 0 0 1 
1 0 # # 0 # # 1 
1 F 0 H 0 1 0 1 
1 0 0 1 0 0 0 1 
1 0 0 0 1 0 0 1 
1 S 1 1 1 1 1 1 
P41 D62 T8

Map8
1 1 1 1 1 1 1 1 
1 # 0 0 0 0 1 1 
G # H # # 0 H 1 
1 0 0 H 0 F 0 1 
1 0 F F 0 F 0 1 
1 0 H 0 0 0 0 1 
S 0 1 0 0 0 # 1 
1 1 1 1 1 1 1 1 
P13 P36 T9

Map8
1 1 1 1 1 1 1 1 
1 0 0 F 0 F 0 1 
1 0 0 # 0 0 1 1 
1 0 H 0 0 H 0 1 
G 0 0 0 1 0 1 1 
S 0 0 0 0 0 0 1 
1 0 0 0 0 0 0 1 
1 1 1 1 1 1 1 1 
p22 p13 T10

Map8
1 1 1 1 1 1 1 1 
1 F # 0 0 1 1 1 
1 F 0 0 1 0 0 1 
G 0 0 1 0 0 1 1 
1 0 0 H 0 0 # 1 
1 1 0 0 0 0 0 1 
S 0 F 0 # 0 # 1 
1 1 1 1 1 1 1 1 
p24 P56 T8

Map8
1 1 1 S 1 1 1 1 
1 0 1 0 0 F 0 1 
1 0 F 0 H 0 0 1 
1 H 0 0 1 0 0 1 
1 1 F 0 0 0 1 1 
1 0 # H F 0 1 1 
1 0 # 1 0 F 0 1 
1 1 1 1 1 1 G 1 
P34 P55 T10

Map8
1 1 1 1 1 1 1 1 
1 0 0 0 0 0 0 1 
1 # F 0 1 H # 1 
1 1 0 H 0 0 0 1 
1 0 0 H H 0 0 1 
1 # 0 0 0 0 0 1 
1 H F 0 0 # 0 1 
1 1 S 1 1 G 1 1 
p64 d55 T8

Map8
1 1 1 1 1 1 1 1 
1 0 0 # 0 0 0 1 
1 # 0 0 0 F H 1 
1 0 # # F 0 0 1 
1 0 F 0 0 0 F 1 
1 0 0 1 0 # # G 
1 0 1 0 # # 0 1 
1 S 1 1 1 1 1 1 
P14 P66 T8

Map8
1 1 1 1 1 1 1 1 
1 # # 0 0 0 1 1 
G 0 0 H 0 0 0 1 
1 0 0 F 0 0 0 1 
1 0 0 0 0 0 0 1 
1 0 0 F 0 F 0 1 
1 0 0 0 0 0 0 1 
1 1 1 S 1 1 1 1 
P13 D34 T8

Map8
1 1 1 1 1 1 1 1 
1 0 0 0 0 0 # 1 
S 0 F 0 H 0 0 1 
G 0 H 0 0 0 0 1 
1 0 0 0 0 F 0 1 
1 0 0 0 0 0 0 1 
1 0 0 1 0 0 0 1 
1 1 1 1 1 1 1 1 
L32 r14 T8

Map8
1 1 1 G 1 1 1 1 
1 0 F 0 0 0 0 1 
1 0 1 0 1 F # S 
1 0 0 0 # 0 1 1 
1 0 1 0 0 0 0 1 
1 1 0 0 0 0 0 1 
1 0 1 0 0 0 1 1 
1 1 1 1 1 1 1 1 
U53 p12 T8

Map8
1 1 1 1 1 G 1 1 
1 0 0 0 0 F 1 1 
1 1 # 0 0 # 0 1 
1 1 F # H # 0 1 
1 0 # 0 0 0 0 1 
1 F 1 0 H 0 1 1 
1 1 0 0 F # # 1 
1 1 1 1 1 1 S 1 
P26 L42 T8

Map8
1 1 1 1 1 1 1 1 
S 0 # 0 1 H 0 1 
1 0 0 # # 0 F 1 
1 0 0 H 0 F 0 1 
1 0 1 1 0 0 0 1 
1 0 0 H 0 0 1 1 
1 0 H 1 0 F 0 G 
1 1 1 1 1 1 1 1 
P52 p11 T8

Map8
1 1 1 G 1 1 1 1 
1 1 0 0 0 # 0 1 
1 # 0 0 F 0 H 1 
1 # # 1 0 0 0 1 
1 0 H 0 0 F # 1 
1 1 0 F 0 0 0 1 
1 0 0 # 1 0 # 1 
1 1 S 1 1 1 1 1 
R25 P21 T8

Map8
1 1 1 S 1 1 1 1 
1 0 # 0 # 0 # 1 
1 0 1 0 0 0 0 1 
1 0 0 1 1 0 1 1 
1 0 # F H # H 1 
1 0 F 0 1 # 0 1 
1 F 0 F 0 # 0 1 
1 1 1 G 1 1 1 1 
R15 p12 T8

Map8
1 1 1 S 1 1 1 1 
1 0 H # # 0 0 1 
1 0 1 0 F 0 0 1 
1 0 0 1 0 0 # 1 
1 H 0 0 0 # 0 1 
1 # 0 0 1 0 0 1 
1 0 0 F 0 1 0 1 
1 1 1 1 G 1 1 1 
l64 D23 T8

Map8
1 1 1 1 1 1 1 1 
1 1 0 0 1 0 0 1 
1 0 0 0 0 0 0 1 
1 1 0 1 0 0 0 1 
1 F 0 H 0 0 1 1 
1 0 0 0 H 0 0 1 
1 0 1 0 H 0 0 S 
1 G 1 1 1 1 1 1 
U56 p32 T12

Map8
1 1 1 1 1 1 1 1 
1 0 0 H 0 0 H 1 
1 0 0 0 1 0 0 1 
1 0 0 0 H 0 0 G 
S 0 0 0 0 0 H 1 
1 0 1 0 0 0 0 1 
1 0 0 0 1 0 0 1 
1 1 1 1 1 1 1 1 
p54 L34 T10

Map8
1 1 1 1 1 1 1 1 
1 0 0 0 F F # 1 
S F 1 F 1 0 # 1 
1 0 1 1 0 # 0 1 
1 1 0 0 0 0 H 1 
1 0 0 # 1 0 # 1 
1 0 0 # # 0 0 G 
1 1 1 1 1 1 1 1 
L63 U13 T9

Map8
1 1 1 1 1 S 1 1 
1 # 0 0 0 0 0 1 
G 0 0 0 0 F 0 1 
1 0 0 0 1 0 F 1 
1 H # 0 0 0 0 1 
1 # 0 1 0 0 # 1 
1 0 # F 0 0 0 1 
1 1 1 1 1 1 1 1 
p31 l22 T9

Map8
1 1 1 1 1 S 1 1 
1 0 0 0 0 0 0 1 
1 0 0 1 0 0 0 1 
1 # F 1 0 0 1 1 
1 0 0 # 0 0 1 1 
1 H H 0 0 # 0 1 
1 0 0 0 H H 0 1 
1 1 1 G 1 1 1 1 
p24 L54 T9

Map8
1 1 S 1 1 1 1 1 
1 1 0 # 0 0 1 1 
1 0 F 1 0 0 F 1 
1 0 # 0 0 1 0 1 
1 # 0 0 0 1 # 1 
1 0 0 # 0 F # 1 
1 1 0 0 0 0 # 1 
1 1 1 1 1 G 1 1 
U46 L44 T9

Map8
1 1 1 1 1 1 1 1 
1 1 0 0 F 0 0 1 
G F # 0 H 1 0 1 
1 0 0 0 0 0 0 1 
1 0 0 # 0 0 0 1 
1 # 0 0 # 0 F 1 
1 0 F 0 0 0 0 S 
1 1 1 1 1 1 1 1 
p23 P46 T9

Map8
1 1 1 1 1 1 1 1 
1 0 F # 0 0 0 1 
1 0 0 # 0 0 0 1 
1 0 H 0 0 1 0 S 
1 1 1 0 H 1 0 1 
1 0 0 0 0 F 1 1 
1 0 1 0 1 0 # 1 
1 G 1 1 1 1 1 1 
P41 P36 T10

Map8
1 G 1 1 1 1 1 1 
1 0 H 0 0 0 # 1 
1 0 0 0 1 0 # 1 
1 0 1 0 0 0 0 1 
1 0 0 1 1 0 0 1 
1 0 0 0 1 0 # 1 
1 0 # 1 0 0 0 S 
1 1 1 1 1 1 1 1 
P31 P64 T11

Map8
1 1 1 G 1 1 1 1 
1 1 # 0 0 0 0 1 
1 F H 0 0 0 1 1 
1 F 0 # 0 0 0 1 
1 0 # 0 0 0 # 1 
1 # 0 1 0 F F 1 
1 # H 0 1 0 0 1 
1 S 1 1 1 1 1 1 
R14 p41 T9

Map8
1 1 1 S 1 1 1 1 
1 0 0 0 0 H 0 1 
1 1 0 1 0 0 # 1 
1 0 0 0 0 # 0 1 
1 0 0 0 0 0 F 1 
1 0 0 # H H 0 1 
1 0 # 0 0 0 # 1 
1 1 1 1 1 G 1 1 
P11 P46 T9

Map8
1 S 1 1 1 1 1 1 
1 0 0 1 0 0 0 1 
1 1 F # F 0 0 1 
1 0 0 0 H 0 0 1 
1 # 0 0 0 0 0 1 
1 1 H 0 0 H 1 1 
1 0 H 0 0 0 1 1 
1 1 1 1 1 G 1 1 
R13 U34 T9

Map8
1 1 1 1 1 1 1 1 
1 0 1 # 0 1 F 1 
1 0 F 0 0 0 0 1 
1 1 0 0 1 0 0 1 
1 0 1 0 0 0 0 G 
1 0 0 F F 1 0 1 
1 0 0 0 F 1 # 1 
1 S 1 1 1 1 1 1 
p42 U36 T11

Map8
1 1 1 1 1 1 1 1 
1 0 F 0 0 # 0 1 
S 0 # 0 0 0 H 1 
1 1 1 # 0 0 F 1 
1 0 F # 0 # 0 1 
1 F 0 # 0 0 0 1 
1 0 # 1 0 0 0 1 
1 1 G 1 1 1 1 1 
U43 d31 T12

Map8
1 1 1 1 G S 1 1 
1 0 0 0 0 # 1 1 
1 0 0 0 # 0 0 1 
1 H 0 0 0 H 0 1 
1 0 0 0 0 0 H 1 
1 0 0 0 0 0 0 1 
1 0 1 0 0 0 0 1 
1 1 1 1 1 1 1 1 
P52 p31 T10

Map8
1 1 1 1 G 1 1 1 
1 0 0 H 0 0 0 1 
1 0 F 0 0 0 0 S 
1 0 H H 1 0 H 1 
1 0 0 1 0 0 0 1 
1 0 1 0 0 0 0 1 
1 0 0 # 1 0 0 1 
1 1 1 1 1 1 1 1 
p32 l62 T9

Map8
1 1 1 1 1 1 1 1 
1 0 H 0 0 H 0 1 
1 0 0 H # 0 0 1 
1 0 # # 0 0 H 1 
1 0 0 0 0 0 0 1 
1 1 0 0 0 0 # G 
1 0 # 0 # 0 0 1 
1 S 1 1 1 1 1 1 
p44 p36 T10

Map8
1 1 1 1 1 1 S 1 
1 1 0 # 0 0 0 1 
1 0 0 0 0 0 0 1 
1 0 0 0 0 0 0 1 
1 0 0 H 0 # F G 
1 0 0 0 0 0 F 1 
1 0 0 0 0 0 0 1 
1 1 1 1 1 1 1 1 
p53 P62 T9

Map8
1 1 1 1 1 1 1 1 
G 0 # 1 H 0 # S 
1 0 1 H 1 0 # 1 
1 0 0 0 0 0 0 1 
1 0 # H H # 0 1 
1 H 0 1 # # 0 1 
1 0 0 0 1 0 0 1 
1 1 1 1 1 1 1 1 
P51 p64 T9

Map8
1 1 1 1 1 1 1 1 
1 0 0 H F 0 # 1 
1 0 1 0 1 0 0 G 
1 # F 0 # 0 0 1 
1 0 0 0 0 1 0 1 
1 1 # 0 0 0 0 1 
1 0 # F 0 0 0 1 
1 1 S 1 1 1 1 1 
P63 L33 T9

Map8
1 1 1 1 1 1 1 1 
1 # 0 # H 0 0 S 
1 1 0 H 0 0 0 1 
G 0 # 1 0 # 0 1 
1 # 0 0 0 0 0 1 
1 0 1 0 0 H # 1 
1 0 1 H 0 # 0 1 
1 1 1 1 1 1 1 1 
D51 L63 T9

Map8
1 1 1 1 1 1 1 1 
1 0 F 1 0 0 0 1 
S 0 # 0 0 0 F 1 
1 # # 0 0 0 0 1 
G 0 0 1 # # 0 1 
1 0 # 0 0 0 0 1 
1 # 0 1 0 0 0 1 
1 1 1 1 1 1 1 1 
L42 r15 T10

Map8
1 1 S 1 1 1 1 1 
1 0 # 0 0 F 0 1 
1 0 0 0 0 0 0 1 
1 0 F # 0 H H 1 
G 0 1 F 0 0 H 1 
1 # 0 0 0 0 0 1 
1 0 0 0 1 0 0 1 
1 1 1 1 1 1 1 1 
P13 L31 T9

Map8
1 1 1 1 1 S 1 1 
1 0 H 0 0 # 0 1 
1 0 H 1 0 # 0 1 
1 0 0 0 0 0 # 1 
1 0 0 0 # F 0 G 
1 # F 0 0 0 # 1 
1 # 0 0 1 0 1 1 
1 1 1 1 1 1 1 1 
r34 U53 T9

Map8
1 1 1 1 1 1 1 1 
1 1 # 0 0 1 0 1 
1 0 0 0 0 1 # 1 
1 F 0 1 0 F 0 1 
1 # F 0 H 0 1 1 
1 # # # 0 0 # G 
1 0 # 0 0 0 F 1 
1 S 1 1 1 1 1 1 
P46 L34 T9

Map8
1 1 1 1 1 1 1 1 
1 # # 0 F 1 H 1 
1 F 0 0 0 0 0 1 
1 # 0 0 0 0 0 1 
1 0 # 0 0 0 H 1 
1 0 # 1 # F 0 1 
S 0 1 1 0 0 0 1 
1 1 1 1 1 G 1 1 
P14 p43 T9

Map8
1 1 1 1 1 1 1 1 
1 0 0 # # 0 1 1 
1 # 0 0 0 F 0 1 
G 0 1 # 1 0 1 1 
1 0 # 0 0 F 0 S 
1 F # 0 0 0 0 1 
1 # 0 1 0 # 0 1 
1 1 1 1 1 1 1 1 
R44 D14 T12

Map8
1 G 1 1 1 1 S 1 
1 0 0 0 0 1 0 1 
1 0 F 0 1 0 0 1 
1 0 0 1 F 0 0 1 
1 F 0 0 0 0 0 1 
1 1 0 0 0 1 0 1 
1 0 1 0 0 0 1 1 
1 1 1 1 1 1 1 1 
P34 p63 T10

Map8
1 1 1 1 1 1 S 1 
1 0 1 0 0 0 0 1 
1 F 0 0 0 0 0 1 
G 0 0 # 1 0 F 1 
1 0 F F 0 1 0 1 
1 0 0 0 1 0 F 1 
1 0 0 0 0 0 # 1 
1 1 1 1 1 1 1 1 
p36 l23 T10

Map8
1 1 1 1 1 1 G 1 
1 0 0 0 1 0 0 1 
1 # 1 0 0 1 # 1 
1 0 0 1 # 0 0 1 
1 H 0 F 0 1 1 1 
1 1 0 0 0 0 0 1 
1 0 H F 0 0 0 1 
1 1 1 S 1 1 1 1 
U25 L44 T9

Map8
1 1 1 1 1 1 1 1 
1 0 0 0 0 0 0 1 
1 0 1 0 H # 1 1 
1 0 0 0 0 0 1 1 
S 0 0 F 0 0 0 1 
1 1 0 1 # 0 F 1 
G 0 # 1 0 0 # 1 
1 1 1 1 1 1 1 1 
R33 p14 T10

Map8
1 1 1 S 1 1 1 1 
G 0 1 0 0 0 F 1 
1 # 0 0 F 0 0 1 
1 F 0 H # 0 0 1 
1 1 0 0 0 0 0 1 
1 0 0 F 0 0 1 1 
1 1 0 1 1 1 0 1 
1 1 1 1 1 1 1 1 
R32 P51 T9

Map8
1 1 1 1 1 1 1 1 
1 0 # 0 0 0 0 1 
1 0 F 0 H 0 0 1 
1 1 0 0 0 1 0 G 
1 0 0 H 1 1 0 1 
1 0 0 0 0 1 F 1 
1 0 0 F 0 1 0 1 
1 S 1 1 1 1 1 1 
p16 P64 T9

Map8
1 1 1 1 G 1 1 1 
1 # 0 1 0 1 0 1 
1 1 0 # # 0 H 1 
1 # 0 0 0 0 0 1 
1 0 0 0 F H 0 1 
1 0 # 0 0 0 # 1 
1 0 0 0 1 # # 1 
1 1 1 S 1 1 1 1 
p64 l35 T9

Map8
1 1 1 1 1 1 1 1 
1 0 0 1 0 0 0 1 
1 # 0 1 # F 0 G 
1 F # 0 F 0 0 1 
1 F 0 1 0 0 1 1 
1 # 0 0 1 0 0 1 
1 0 0 0 0 0 0 1 
1 S 1 1 1 1 1 1 
U44 L63 T10

Map8
1 1 1 1 G 1 1 1 
S 0 0 H 0 1 1 1 
1 0 0 0 # 0 0 1 
1 0 0 0 1 0 F 1 
1 1 0 0 0 F 0 1 
1 0 F 0 0 1 0 1 
1 1 # 0 0 # 0 1 
1 1 1 1 1 1 1 1 
p32 P21 T9

Map8
1 1 1 1 1 1 1 1 
1 1 1 0 0 0 1 1 
G 0 H 0 0 0 1 1 
1 0 F 0 0 0 F 1 
1 0 0 0 0 F 0 1 
1 1 F F 0 0 0 1 
1 H 0 0 0 1 1 1 
1 1 S 1 1 1 1 1 
d34 R14 T10

Map8
1 1 1 1 1 1 1 1 
1 0 H 0 0 0 0 1 
1 1 0 0 0 # # S 
1 0 1 H 1 0 1 1 
1 0 0 0 0 0 F G 
1 0 0 0 0 0 0 1 
1 0 1 H # H 1 1 
1 1 1 1 1 1 1 1 
P55 u42 T9

Map8
1 1 1 S 1 1 1 1 
1 0 0 0 0 # H 1 
1 0 0 # 0 0 0 1 
G 0 0 # H 0 1 1 
1 0 0 H 0 1 0 1 
1 0 0 0 1 1 0 1 
1 1 0 0 0 # 0 1 
1 1 1 1 1 1 1 1 
R22 P42 T9

Map8
1 1 1 1 1 1 1 1 
1 F # 1 # # 1 1 
G # 0 1 0 1 0 1 
1 0 0 0 F 0 # 1 
1 1 F 1 0 F 0 S 
1 0 # 0 0 0 1 1 
1 0 0 # 0 0 0 1 
1 1 1 1 1 1 1 1 
L22 R35 T9

Map8
1 1 1 1 1 1 1 1 
1 0 F 0 H 0 0 S 
1 H 0 0 0 0 # 1 
1 H 0 0 0 F # 1 
1 F # 1 0 0 0 1 
1 F 0 0 1 # F 1 
1 0 # 0 1 0 # 1 
1 G 1 1 1 1 1 1 
D22 P51 T9

Map8
1 1 1 1 1 1 1 1 
1 F 1 0 0 # 0 1 
1 0 H # 0 F 0 1 
1 H H 1 0 # # 1 
1 1 0 0 0 F 0 1 
1 0 # # 0 0 # 1 
1 0 1 F H # 0 1 
1 S 1 G 1 1 1 1 
l64 p45 T10

Map8
1 G 1 1 1 1 1 1 
1 0 0 1 0 0 0 1 
1 H 0 0 0 0 0 1 
1 # # 0 0 H F 1 
1 0 0 0 0 0 0 1 
1 0 1 1 0 H 1 1 
1 # # 0 0 0 H 1 
1 S 1 1 1 1 1 1 
D14 P56 T9

Map8
1 1 1 1 G 1 1 1 
1 0 # 1 0 F # 1 
1 0 F 0 # # F 1 
1 0 0 0 1 0 0 1 
S 0 0 0 # H H 1 
1 0 0 0 1 H 0 1 
1 F # 0 1 0 1 1 
1 1 1 1 1 1 1 1 
P24 U63 T9

Map8
1 1 1 1 1 1 1 1 
1 # 0 F 1 0 0 1 
1 F 0 0 # 0 0 1 
1 0 # 0 0 0 0 1 
1 0 0 # H H F 1 
1 0 0 0 0 0 0 1 
1 0 0 1 # 0 F 1 
1 1 1 1 1 S G 1 
L55 p24 T9

Map8
1 1 1 1 1 1 1 1 
1 0 0 1 0 0 0 1 
1 0 H # F F H 1 
1 F H 0 0 # 0 S 
1 0 0 0 1 0 0 1 
1 0 1 0 0 0 1 1 
1 0 0 F 0 0 F 1 
1 1 1 1 G 1 1 1 
P56 R33 T10

Map8
1 S 1 1 1 1 1 1 
1 # H H 0 1 0 1 
1 # # 0 0 0 0 1 
1 1 0 0 0 1 # 1 
1 0 # 0 1 0 F 1 
1 0 0 # H 0 0 1 
G # H H # 0 0 1 
1 1 1 1 1 1 1 1 
L34 d32 T9

Map8
1 1 1 1 G 1 1 1 
1 F # 0 F H 0 1 
1 1 0 0 0 F 0 1 
1 0 0 0 F 0 0 1 
1 0 0 0 0 F 0 1 
1 0 0 1 H 0 0 1 
S 0 # 1 0 0 0 1 
1 1 1 1 1 1 1 1 
p63 D32 T9

Map8
1 1 1 1 1 1 1 1 
1 0 F 0 H 0 H 1 
G 0 0 0 # 0 0 1 
1 H 0 0 1 0 0 1 
1 0 0 0 0 1 # 1 
1 0 0 0 0 0 0 1 
S 0 0 1 0 0 # 1 
1 1 1 1 1 1 1 1 
P24 p33 T10

Map8
1 1 S 1 1 1 1 1 
1 0 0 # 0 0 0 1 
1 0 0 0 0 0 0 1 
1 0 # # 0 1 0 G 
1 F 0 0 0 F # 1 
1 0 0 0 1 H 1 1 
1 0 0 # 0 # 1 1 
1 1 1 1 1 1 1 1 
P62 d41 T9

Map8
1 1 1 1 1 1 1 1 
1 0 0 0 # 0 F 1 
1 H # H # # F 1 
1 H 0 0 0 F F 1 
S # 0 0 0 0 # 1 
1 0 0 1 # 0 0 1 
1 F # 0 0 0 0 1 
1 1 1 G 1 1 1 1 
P46 p31 T9

Map8
1 1 1 1 1 1 1 1 
1 0 0 1 0 0 0 1 
1 H 0 0 1 0 # 1 
G 0 0 0 H # 0 1 
1 # # 0 0 1 # 1 
1 0 0 1 0 0 0 1 
1 0 0 0 0 0 0 1 
1 1 1 1 1 1 S 1 
l23 p36 T10

Map8
1 S 1 1 1 1 1 1 
1 # F 0 1 0 # 1 
1 0 1 0 0 0 1 1 
1 1 H 1 F H F 1 
1 # 0 0 0 F 1 1 
1 # 1 0 # 0 H 1 
1 0 # H 0 0 # 1 
1 G 1 1 1 1 1 1 
l44 P52 T10

Map8
1 1 1 1 1 1 1 1 
1 0 0 # 0 # 1 1 
1 0 # 0 0 # 0 1 
1 0 H # H 1 0 1 
1 F 0 1 0 0 0 1 
1 # # 1 0 0 0 1 
S # 0 F 1 0 F G 
1 1 1 1 1 1 1 1 
P65 P26 T11

Map8
1 1 1 1 1 1 1 1 
1 0 0 0 H 0 0 1 
1 0 # 0 1 0 1 1 
1 H # 0 0 0 0 1 
1 0 0 0 F 0 F 1 
G 0 0 1 0 0 0 1 
1 0 0 0 0 F 0 1 
1 1 1 1 S 1 1 1 
l25 p36 T9

Map8
1 1 1 1 1 1 1 1 
1 H 0 0 # 1 0 G 
1 0 0 H 0 0 0 1 
1 1 # 0 0 H 0 1 
1 0 1 0 0 0 H 1 
1 # # # 0 # H 1 
S 0 # 0 0 0 # 1 
1 1 1 1 1 1 1 1 
L43 p36 T11

Map8
1 1 1 1 1 1 1 1 
1 0 0 H H 0 # S 
1 0 1 # 0 0 0 1 
1 H # 1 0 0 0 1 
1 0 # 0 1 0 H 1 
1 0 0 0 # 0 H 1 
1 0 0 1 0 0 1 1 
1 1 G 1 1 1 1 1 
P63 D51 T9

Map8
1 1 1 S 1 1 G 1 
1 0 0 0 H 0 0 1 
1 1 0 1 1 0 1 1 
1 1 # H # 0 1 1 
1 0 0 0 0 0 H 1 
1 # 0 0 0 # 0 1 
1 0 0 H 0 0 0 1 
1 1 1 1 1 1 1 1 
U54 P11 T10

Map8
1 1 1 1 1 1 1 1 
1 0 0 0 H 1 H 1 
1 0 0 0 H 0 0 S 
1 1 0 0 0 0 0 1 
1 1 H 0 0 0 0 1 
1 0 0 0 1 0 0 1 
1 0 H 0 0 1 1 1 
1 1 1 1 G 1 1 1 
P52 p43 T9

Map8
1 1 1 S 1 1 1 1 
1 0 0 0 0 0 0 1 
1 0 # 0 1 0 H 1 
1 1 0 0 0 0 0 1 
1 0 1 H 1 0 0 1 
1 0 H 0 0 0 0 G 
1 1 0 0 0 0 0 1 
1 1 1 1 1 1 1 1 
p64 P32 T9

Map8
1 1 1 1 1 G 1 1 
S 0 1 0 # F 0 1 
1 # 0 F F 0 0 1 
1 0 # 0 # 0 0 1 
1 0 1 0 0 0 0 1 
1 0 # 0 0 1 0 1 
1 0 # 0 F F 0 1 
1 1 1 1 1 1 1 1 
p63 p14 T9

Map8
1 1 1 1 S 1 1 1 
1 0 0 0 F 0 1 1 
1 0 0 0 0 1 0 1 
1 1 0 0 0 0 0 1 
1 1 F 0 0 H H 1 
1 0 1 0 1 0 0 G 
1 0 0 0 0 0 0 1 
1 1 1 1 1 1 1 1 
p42 R55 T10

Map8
1 1 1 1 1 1 1 1 
1 0 0 F 0 0 1 1 
1 H # 1 0 # H 1 
1 1 # 0 H # # 1 
1 0 0 0 1 0 0 G 
1 H # 0 0 # 0 1 
1 0 1 0 # H 1 1 
1 1 1 S 1 1 1 1 
p54 P65 T9

Map8
1 1 1 1 1 1 1 1 
1 H H 0 0 0 0 1 
1 H 0 0 F 0 # 1 
1 # 0 0 0 0 0 G 
S 0 1 H 0 0 0 1 
1 F 0 # 0 # H 1 
1 0 0 1 0 0 0 1 
1 1 1 1 1 1 1 1 
D54 P61 T10

Map8
1 1 1 1 1 1 1 1 
1 0 0 F 0 0 0 1 
1 # H # 0 0 F G 
1 0 0 0 # # # 1 
1 0 0 0 1 0 0 1 
1 0 # 0 0 F 0 1 
1 0 0 0 F 0 F S 
1 1 1 1 1 1 1 1 
P51 P65 T9

Map8
1 1 1 G S 1 1 1 
1 0 0 0 0 0 0 1 
1 0 # 1 0 # 0 1 
1 1 # 1 1 0 0 1 
1 0 0 # 1 F 1 1 
1 # # # 0 0 0 1 
1 0 1 0 # F 0 1 
1 1 1 1 1 1 1 1 
p45 d21 T10

Map8
1 1 G 1 1 1 1 1 
1 F 0 0 0 0 0 1 
1 F 0 0 0 0 F 1 
1 0 0 0 0 0 0 1 
1 0 1 # 0 0 0 1 
1 # 0 0 0 1 0 1 
1 1 0 0 0 # 0 1 
1 1 1 1 1 1 S 1 
p33 P64 T11

Map8
1 1 1 1 1 1 1 1 
1 0 0 1 0 0 # 1 
G # 0 0 H 0 0 S 
1 0 0 0 0 0 1 1 
1 0 # F # 0 0 1 
1 # # 0 1 0 # 1 
1 0 0 1 0 0 0 1 
1 1 1 1 1 1 1 1 
D51 D13 T9

Map8
1 1 1 G 1 1 1 1 
1 0 F 0 # F F 1 
1 0 0 0 1 0 0 S 
1 # # # 0 # 0 1 
1 0 0 1 # F 0 1 
1 0 0 0 0 1 0 1 
1 1 0 0 0 0 1 1 
1 1 1 1 1 1 1 1 
U32 l63 T9

Map8
1 1 1 1 1 1 1 1 
1 0 # 0 1 0 0 1 
1 F 1 0 0 # 0 1 
G 0 1 H 0 0 1 1 
1 0 0 0 0 0 # 1 
1 0 0 1 # # 1 1 
1 0 0 # F 0 0 S 
1 1 1 1 1 1 1 1 
R14 P54 T10

Map8
1 1 1 1 1 1 1 1 
1 0 0 F 0 1 0 1 
G F 0 0 0 1 0 S 
1 0 0 # 0 0 0 1 
1 0 0 0 F 1 0 1 
1 1 0 0 0 0 1 1 
1 0 F 1 F 0 0 1 
1 1 1 1 1 1 1 1 
P64 p43 T10

Map8
1 1 1 1 1 1 1 1 
1 0 1 0 0 0 0 1 
1 0 0 H 1 0 0 1 
1 1 0 0 0 0 0 1 
1 0 0 0 0 H 0 1 
1 0 1 0 H 0 0 1 
1 0 0 0 0 0 # 1 
1 1 G 1 S 1 1 1 
R36 p64 T9

Map8
1 1 1 G 1 1 1 1 
1 0 F 0 0 0 F 1 
1 0 0 # 0 0 # 1 
1 H # 0 0 0 0 1 
S 0 0 1 0 0 0 1 
1 F # 0 0 0 # 1 
1 0 0 0 0 # 0 1 
1 1 1 1 1 1 1 1 
P41 p36 T9

Map8
1 1 S G 1 1 1 1 
1 F # 0 0 0 0 1 
1 F 0 0 1 0 0 1 
1 0 # 0 # 1 0 1 
1 0 0 0 # # 0 1 
1 H 0 0 # # F 1 
1 # 0 1 0 0 1 1 
1 1 1 1 1 1 1 1 
p41 u22 T11

Map8
1 1 1 1 1 1 1 1 
1 1 0 0 0 0 # 1 
1 1 0 0 # 0 # 1 
S # 0 1 # 0 0 G 
1 1 0 1 F 0 # 1 
1 0 0 0 H 0 # 1 
1 0 H H H 0 # 1 
1 1 1 1 1 1 1 1 
P41 r53 T10

Map8
1 1 1 1 1 1 1 1 
1 H 1 0 0 # 0 1 
1 1 0 0 0 0 0 1 
G 0 0 0 0 1 1 1 
1 0 H 0 0 0 0 1 
1 1 H 1 # 0 0 1 
1 # # # 0 # 0 S 
1 1 1 1 1 1 1 1 
p44 p66 T9

Map8
1 1 1 1 1 1 1 1 
1 F # 0 0 1 0 1 
1 1 0 H H 0 0 S 
1 # 0 1 1 0 0 1 
1 0 0 # # # 0 1 
G F 0 0 H 1 0 1 
1 # 0 0 # 0 # 1 
1 1 1 1 1 1 1 1 
P52 P26 T9

Map8
1 1 1 1 1 1 1 1 
1 1 0 0 0 0 0 1 
1 0 0 0 1 0 # 1 
1 1 # 0 0 1 0 G 
1 0 1 1 0 0 0 1 
1 0 0 0 1 0 0 1 
1 0 H 0 0 0 0 1 
1 S 1 1 1 1 1 1 
P14 L64 T13

Map8
1 1 1 1 1 1 1 1 
1 1 0 F F 0 H 1 
1 H 0 0 F 0 0 1 
1 0 1 H H F 0 S 
G 0 0 H 0 0 0 1 
1 0 0 0 0 0 0 1 
1 0 0 0 1 0 0 1 
1 1 1 1 1 1 1 1 
p35 U54 T11

Map8
1 1 1 1 G 1 1 1 
1 # 1 0 0 H 0 1 
1 1 # 0 0 # 0 1 
1 1 0 H 1 0 0 1 
1 # 0 0 H 0 0 1 
1 0 # 0 0 1 H 1 
1 0 0 0 0 0 1 1 
1 S 1 1 1 1 1 1 
p32 p16 T9

Map8
1 1 1 1 1 1 1 1 
S # 0 F 0 F F 1 
1 0 0 0 0 0 0 1 
1 1 0 0 0 F 0 1 
G # 1 1 0 0 0 1 
1 0 0 0 0 0 0 1 
1 0 0 0 1 0 0 1 
1 1 1 1 1 1 1 1 
p64 D21 T9

Map8
1 1 1 1 1 1 1 1 
1 # 0 1 0 0 0 1 
1 H F 0 0 0 0 1 
1 0 0 0 0 0 0 1 
1 # 0 0 # 0 0 1 
1 H 0 0 0 0 0 S 
1 0 # 1 0 1 0 1 
1 G 1 1 1 1 1 1 
R45 p34 T9

Map8
1 1 1 1 1 G 1 1 
1 # 0 1 0 0 1 1 
1 # 0 0 0 0 0 1 
1 0 0 0 0 H 1 1 
S # 0 # F 0 F 1 
1 H 1 1 # H 0 1 
1 # 0 0 H 1 F 1 
1 1 1 1 1 1 1 1 
P24 U43 T9

Map8
1 1 1 S 1 1 1 1 
1 1 0 0 0 # 0 1 
1 0 1 1 # 0 0 1 
G 0 0 0 1 # 1 1 
1 1 0 0 0 0 0 1 
1 0 0 1 0 0 # 1 
1 F 0 # 0 0 H 1 
1 1 1 1 1 1 1 1 
p41 l54 T9

Map8
1 1 1 1 1 1 1 1 
1 0 0 0 1 0 1 1 
G 0 # 1 0 0 0 1 
1 0 0 0 # 0 0 1 
S F # # 0 0 # 1 
1 # 0 0 0 0 1 1 
1 0 0 0 0 # 0 1 
1 1 1 1 1 1 1 1 
D13 u26 T9

Map8
1 1 G 1 1 1 1 1 
1 0 0 0 # F H 1 
1 0 0 H 0 0 1 1 
1 0 1 # # 0 0 1 
1 H 0 # # 0 # S 
1 0 H 1 0 0 1 1 
1 # 0 H 0 1 0 1 
1 1 1 1 1 1 1 1 
p31 P54 T9

Map8
1 1 1 1 1 1 1 1 
1 1 0 0 0 0 0 1 
1 0 0 # 1 # 0 1 
G # 1 0 0 0 0 1 
1 # 0 0 0 # 0 1 
1 H 1 0 0 0 # 1 
1 0 0 0 0 0 0 1 
1 1 S 1 1 1 1 1 
p33 R12 T10

Map8
1 1 1 1 1 1 1 1 
1 0 0 0 0 0 0 1 
1 0 0 0 0 0 H 1 
1 0 F H 0 0 # 1 
1 0 0 0 1 1 0 G 
1 0 0 0 0 0 0 1 
1 0 0 0 0 0 0 1 
1 1 1 1 S 1 1 1 
L65 p31 T9

Map8
1 1 1 1 1 1 1 1 
1 0 1 0 0 # F 1 
1 F 1 F 1 H # 1 
G F 0 1 # # 0 1 
1 0 0 0 1 0 0 S 
1 H 1 0 0 1 # 1 
1 0 # 0 0 0 # 1 
1 1 1 1 1 1 1 1 
U36 P14 T9

Map8
1 1 1 1 1 1 1 1 
1 0 1 0 0 0 # 1 
1 0 0 1 0 0 0 1 
1 0 0 0 0 1 0 1 
1 H 0 0 0 0 0 1 
1 0 F 0 # H F 1 
1 0 0 0 0 # 0 1 
1 1 1 G 1 S 1 1 
p51 R46 T9

Map8
1 1 1 1 1 1 1 1 
1 H 0 0 H # 0 1 
1 0 0 0 0 0 0 1 
1 0 0 0 0 # 1 1 
1 H 0 0 0 0 0 1 
G 0 0 0 0 0 0 1 
1 0 0 0 0 0 0 S 
1 1 1 1 1 1 1 1 
p24 p36 T11

Map8
1 1 1 1 1 1 1 1 
1 # 0 0 0 1 0 1 
1 # H # 0 F 1 1 
1 # F 1 0 0 1 1 
1 F 0 # 0 # F 1 
1 # 0 0 1 F 1 1 
1 1 0 0 H # 0 1 
1 1 1 S 1 1 G 1 
R24 P44 T12

Map8
1 1 1 1 1 1 1 1 
1 1 0 0 0 1 H 1 
1 0 0 0 H 1 0 1 
1 F 0 H H 0 0 1 
G 0 0 1 0 0 0 1 
1 0 1 0 0 0 0 1 
1 0 0 0 1 F F 1 
1 1 1 1 1 S 1 1 
l55 D21 T9

Map8
1 1 1 1 1 1 1 1 
1 0 # 0 0 0 0 1 
1 0 # 0 0 1 0 1 
1 # 1 0 0 0 0 1 
1 0 0 F 0 1 1 1 
1 0 0 1 # # 0 1 
S # 0 # 0 0 # 1 
1 1 1 1 1 G 1 1 
P11 P46 T9

Map8
1 1 1 1 S 1 1 1 
1 0 0 1 0 0 0 1 
1 0 0 0 0 1 1 1 
1 0 0 0 # 0 0 G 
1 1 0 0 H H 0 1 
1 0 0 0 0 0 0 1 
1 0 H 0 0 0 0 1 
1 1 1 1 1 1 1 1 
L53 p23 T10

Map8
1 1 1 1 1 1 1 1 
1 0 0 H 0 0 # S 
1 0 0 0 # F # 1 
1 0 0 1 0 0 0 1 
1 H 0 0 0 H 1 1 
1 0 # 0 1 # # 1 
1 0 0 F 0 0 0 1 
1 1 1 1 1 G 1 1 
R41 p32 T11

Map8
1 1 G 1 1 1 1 1 
1 # 0 0 0 0 H 1 
1 0 H F F 0 0 S 
1 F 0 0 0 0 0 1 
1 0 F 1 0 # 0 1 
1 0 0 0 0 F 0 1 
1 1 0 # 1 0 # 1 
1 1 1 1 1 1 1 1 
D31 L65 T9

Map8
1 1 1 1 1 1 1 1 
1 0 0 0 # 0 1 1 
1 0 0 1 0 0 0 1 
1 0 0 0 # 0 0 1 
1 0 0 0 1 0 # 1 
G # 0 1 0 F 0 1 
1 H 0 # 0 0 0 S 
1 1 1 1 1 1 1 1 
P26 p31 T9

Map8
1 1 G 1 1 1 1 1 
1 0 0 0 H F 0 1 
1 0 0 0 0 0 # 1 
1 0 # 0 0 # 1 1 
1 0 0 0 0 0 0 1 
1 0 F 0 0 0 # 1 
S 0 F 0 F 1 F 1 
1 1 1 1 1 1 1 1 
L36 p14 T9

Map8
1 1 1 1 1 S 1 1 
1 0 0 1 H 0 0 1 
1 0 0 0 0 0 0 1 
1 0 0 H 1 0 H 1 
1 0 0 0 0 0 H 1 
1 0 0 0 0 0 0 1 
1 0 0 0 0 H 0 G 
1 1 1 1 1 1 1 1 
U14 P53 T10

Map8
1 1 1 1 G 1 1 1 
1 0 0 H 0 0 0 1 
1 0 0 0 0 0 0 1 
1 0 0 0 0 # 0 1 
S 0 H 0 H 0 1 1 
1 # # 0 0 0 0 1 
1 1 0 0 1 0 # 1 
1 1 1 1 1 1 1 1 
p52 D13 T13

Map8
1 1 1 1 1 1 1 1 
1 H F 0 H 0 1 1 
1 0 F 0 0 0 0 S 
1 1 0 0 # 0 0 1 
1 0 1 0 1 0 1 1 
1 0 # 0 0 # 1 1 
1 0 0 1 0 0 0 1 
1 1 G 1 1 1 1 1 
R12 R42 T9

Map8
1 1 1 S 1 1 1 1 
1 1 H 0 0 0 0 1 
1 H 1 0 0 0 0 1 
G 0 0 H 0 0 1 1 
1 0 0 H 0 0 0 1 
1 1 F 0 F 0 0 1 
1 0 0 0 0 0 H 1 
1 1 1 1 1 1 1 1 
p36 P32 T9

Map8
1 1 G 1 1 1 1 1 
1 H F 0 0 H 0 1 
1 0 0 0 0 # 0 1 
1 0 0 0 0 0 1 1 
1 1 1 0 1 0 0 S 
1 0 0 0 0 0 H 1 
1 0 0 0 0 0 0 1 
1 1 1 1 1 1 1 1 
P26 p33 T9

Map8
1 1 1 1 1 1 1 1 
1 1 0 0 0 0 0 1 
1 0 0 0 1 0 0 G 
1 # 0 0 1 0 0 1 
1 0 H 0 0 0 H 1 
1 0 0 1 0 0 0 1 
1 0 0 0 F 0 0 1 
1 1 1 S 1 1 1 1 
p41 r52 T11

Map8
1 1 1 1 1 1 1 1 
1 0 H H 0 0 0 1 
1 0 0 0 0 0 0 1 
1 0 0 0 0 0 1 1 
1 1 # 0 0 0 F 1 
G 0 0 # 0 0 0 1 
1 H H 0 0 F 0 1 
1 1 1 1 1 1 S 1 
L65 P36 T9

Map8
1 1 1 1 1 1 1 1 
1 0 # 0 0 0 0 1 
1 0 0 0 H H # 1 
1 # # 0 0 H 0 G 
1 F 0 0 0 # 0 S 
1 0 0 0 0 # H 1 
1 0 # 1 # 0 H 1 
1 1 1 1 1 1 1 1 
p64 R44 T9

Map8
1 1 1 1 1 1 1 1 
1 1 0 0 0 0 1 1 
1 # # 0 0 0 # 1 
1 0 1 0 0 # 0 1 
1 0 0 # F H 0 S 
1 H 0 0 H 0 0 1 
1 0 # # 0 1 0 1 
1 G 1 1 1 1 1 1 
U65 P42 T9

Map8
1 S 1 1 1 1 1 1 
1 0 0 0 0 0 0 1 
1 0 # 1 1 0 0 1 
G 0 1 1 0 0 0 1 
1 F 0 0 0 F 1 1 
1 0 0 F 0 1 0 1 
1 0 F H 0 0 0 1 
1 1 1 1 1 1 1 1 
P12 p44 T9

Map8
1 1 G 1 1 1 1 1 
1 0 0 0 H 0 F 1 
1 # F 0 0 0 0 1 
1 0 1 F 1 0 0 1 
1 0 0 0 1 H 0 1 
1 0 F 0 H 0 0 1 
1 1 0 0 1 # F 1 
1 1 1 1 1 1 S 1 
L62 D31 T9

Map8
1 1 1 1 1 1 1 1 
1 0 0 0 0 F H 1 
1 F 0 # 0 0 0 1 
1 0 0 F 0 H 1 1 
1 0 H 0 0 0 1 1 
1 0 0 0 0 0 0 G 
1 1 0 1 H 0 0 1 
1 1 S 1 1 1 1 1 
L35 P41 T9

Map8
1 1 1 1 1 1 G 1 
1 1 # F 1 # 0 1 
1 0 1 0 0 0 H 1 
1 1 0 # # 0 0 1 
1 1 0 # 0 1 0 1 
1 F 0 1 0 0 0 1 
1 F F # 0 F 0 1 
1 1 1 1 1 1 S 1 
D63 p66 T11

Map8
1 1 1 1 1 G S 1 
1 1 # 0 0 # # 1 
1 0 0 1 H 0 0 1 
1 0 0 # 0 # 0 1 
1 0 H # 0 0 0 1 
1 1 # F H 0 0 1 
1 H # 0 0 0 0 1 
1 1 1 1 1 1 1 1 
p41 u62 T9

Map8
1 1 1 1 1 1 1 1 
1 H # 0 0 0 0 1 
1 1 0 F F 0 0 1 
1 # 0 0 0 0 0 1 
1 0 # 1 0 0 F 1 
1 F 1 0 0 0 0 1 
1 0 F 0 0 0 0 1 
1 1 1 1 G 1 S 1 
p33 p63 T9

Map8
1 1 1 1 1 G 1 1 
1 1 0 F # 0 0 1 
1 0 0 # 1 0 0 1 
1 0 0 0 0 1 0 1 
1 0 1 0 0 0 F S 
1 0 0 1 0 # 0 1 
1 F 0 0 0 0 1 1 
1 1 1 1 1 1 1 1 
p33 D63 T10

Map8
1 1 1 1 G 1 1 1 
1 0 0 0 0 # H 1 
1 H H 1 # 0 0 1 
S 0 0 H H 0 0 1 
1 0 0 0 0 0 0 1 
1 # # 1 0 0 # 1 
1 0 # 1 0 0 1 1 
1 1 1 1 1 1 1 1 
P23 p53 T13

Map8
1 1 1 1 1 S 1 1 
1 F 0 # 0 # 0 1 
1 0 # 0 0 F 0 1 
1 0 0 1 1 0 F 1 
1 # 0 # 0 1 F 1 
1 0 # 0 0 # F 1 
1 0 # 0 0 0 0 1 
1 1 1 G 1 1 1 1 
U53 U46 T10

Map8
1 1 1 1 1 1 1 1 
S 0 0 0 0 0 0 1 
1 0 # 0 0 0 0 1 
1 1 0 0 0 F 0 1 
1 H 1 F 0 H F 1 
1 # 0 0 0 0 0 1 
1 0 F 0 1 0 F G 
1 1 1 1 1 1 1 1 
L31 P65 T9

Map8
1 1 1 1 1 1 1 1 
1 0 H 0 H 0 0 1 
1 0 1 0 0 0 # 1 
1 0 0 0 0 # 0 1 
1 0 0 0 1 # 0 1 
G 0 # 0 H # # 1 
1 0 H H 0 0 0 1 
1 1 1 1 1 S 1 1 
l63 p14 T9

Map8
1 1 1 1 1 S 1 1 
1 0 0 F 0 0 0 1 
1 0 0 H F 0 # 1 
1 0 0 0 0 0 H 1 
1 1 H 0 0 H 1 1 
1 0 0 0 0 0 0 1 
1 0 F 0 H 0 F 1 
1 1 1 1 1 1 G 1 
p23 L53 T10

Map8
1 1 1 1 1 1 1 1 
1 0 0 0 # 0 # S 
1 H 0 1 0 0 H 1 
1 F 1 # 0 0 1 1 
1 0 # 1 H 0 0 1 
G 0 0 F 0 # 0 1 
1 1 0 F 0 0 # 1 
1 1 1 1 1 1 1 1 
P43 d51 T9

Map8
1 1 1 1 1 1 1 1 
1 0 0 # 1 0 0 1 
1 1 # 0 0 # 0 1 
1 0 0 0 0 0 1 1 
1 0 0 0 0 1 0 1 
1 # 0 0 # 0 0 1 
S 0 F 0 0 F 0 1 
1 1 1 1 1 G 1 1 
P65 L36 T12

Map8
1 1 1 1 1 1 1 1 
1 0 1 0 0 0 # 1 
1 0 0 0 1 0 0 1 
1 0 # 1 0 # 0 1 
S 0 1 0 0 H H 1 
1 0 # 0 0 1 # 1 
1 F H 1 0 0 0 G 
1 1 1 1 1 1 1 1 
L63 p13 T11

Map8
1 1 1 1 1 1 1 1 
S # 0 F 0 0 0 1 
G 0 # 1 0 0 0 1 
1 0 0 0 1 # 0 1 
1 0 0 0 0 0 1 1 
1 # 0 1 0 0 F 1 
1 H 0 F 0 0 # 1 
1 1 1 1 1 1 1 1 
p13 l54 T10

Map8
1 1 G 1 1 1 1 1 
1 0 F 1 # 0 # 1 
1 0 0 F H 1 0 1 
S # # 0 0 0 1 1 
1 0 1 0 0 H 0 1 
1 0 0 # 1 0 0 1 
1 0 # 1 # 0 0 1 
1 1 1 1 1 1 1 1 
p14 d33 T9

Map8
1 1 1 G 1 1 1 1 
1 1 0 0 1 H 0 1 
1 F 0 0 # 1 0 1 
1 # F 0 1 0 0 1 
1 # 0 0 F 0 0 1 
1 0 1 1 0 0 0 S 
1 0 0 F 0 0 # 1 
1 1 1 1 1 1 1 1 
u34 l64 T10

Map8
1 1 1 1 1 1 1 1 
1 0 1 1 1 F 0 G 
1 0 0 1 0 F 0 1 
1 0 0 F 0 1 0 1 
1 0 H 0 0 # H 1 
1 0 F # 0 # F S 
1 H # 0 0 # # 1 
1 1 1 1 1 1 1 1 
u46 D34 T9

Map8
1 1 1 1 1 1 1 1 
1 0 # # F # 0 1 
1 # F 1 0 # 0 S 
1 0 0 0 1 0 F 1 
1 0 0 0 0 0 # 1 
1 0 0 0 # 0 0 1 
1 0 0 # 0 0 F 1 
1 1 G 1 1 1 1 1 
p14 d25 T10

Map8
1 1 1 1 1 1 1 1 
1 0 0 0 F 0 0 1 
S 0 # 0 0 F F 1 
1 0 0 0 0 0 0 1 
1 0 1 1 # # F G 
1 0 0 0 0 0 0 1 
1 F 0 0 0 # 1 1 
1 1 1 1 1 1 1 1 
p31 U53 T9

Map8
1 1 1 1 1 1 1 1 
1 0 0 F 0 0 F G 
1 1 0 1 # # # 1 
1 # # # # 0 0 1 
1 1 1 0 0 1 F 1 
1 H F 0 0 0 0 1 
1 0 # 0 0 0 F 1 
1 1 1 1 1 S 1 1 
u46 p35 T9

Map8
1 1 1 1 1 S 1 1 
1 1 F 0 0 0 0 1 
1 0 1 1 # F 0 1 
1 0 # 0 # 1 0 1 
1 0 # F 0 0 0 1 
1 0 0 # 0 0 0 1 
1 0 F F 1 # 0 1 
1 1 1 G 1 1 1 1 
U25 R41 T9

Map8
1 1 1 1 1 1 1 1 
1 0 F 0 0 0 0 1 
1 0 0 0 0 0 0 1 
S 0 0 F 0 0 1 1 
G 0 H 0 0 0 F 1 
1 0 0 0 0 F 0 1 
1 0 0 F 1 0 0 1 
1 1 1 1 1 1 1 1 
p52 p13 T9

Map8
1 1 1 1 1 1 1 1 
1 0 # 0 0 F # 1 
1 1 0 F 0 0 0 G 
1 # 0 0 0 0 0 1 
1 0 # 0 0 0 0 1 
1 0 0 F 1 0 0 1 
1 0 0 0 F 0 0 1 
1 1 1 1 S 1 1 1 
R36 P63 T9

Map8
1 1 1 1 1 1 1 1 
1 0 F 0 0 0 0 1 
1 1 0 H 0 0 0 1 
1 1 F H 0 0 1 1 
1 1 1 0 0 0 0 G 
1 H 0 H F 0 0 1 
1 0 0 0 0 0 F 1 
1 1 S 1 1 1 1 1 
P56 p41 T10

Map8
1 1 1 1 1 1 1 1 
1 1 1 0 F # 0 1 
1 0 0 0 0 1 0 1 
1 H # # 1 F # 1 
1 F 0 F 0 1 0 1 
S 0 # 1 0 # 0 1 
1 0 0 0 1 0 F G 
1 1 1 1 1 1 1 1 
P65 r24 T9

Map8
1 1 1 1 S 1 1 1 
1 0 H 0 0 0 1 1 
1 0 F 0 0 0 0 1 
1 0 F # F 0 1 1 
1 0 H H 0 0 # 1 
1 0 1 F 0 0 0 1 
G 0 0 0 H H 1 1 
1 1 1 1 1 1 1 1 
P45 p53 T9

Map8
1 1 1 1 1 1 S 1 
1 0 # H 0 0 0 1 
1 0 0 0 # # 0 1 
1 1 0 0 0 0 1 1 
G # 1 # 0 # F 1 
1 0 0 0 0 1 0 1 
1 0 0 F 0 1 0 1 
1 1 1 1 1 1 1 1 
R25 d32 T9

Map8
1 1 1 1 1 1 S 1 
1 0 # # 0 1 0 1 
1 0 0 0 0 0 0 1 
1 # 0 # 0 0 0 1 
1 # 1 0 0 1 0 1 
1 0 0 0 0 1 0 1 
1 0 0 0 # H 0 1 
1 1 G 1 1 1 1 1 
p61 u16 T9

Map8
1 1 1 1 1 1 1 1 
1 0 F 0 0 0 0 1 
1 1 H 1 0 0 0 1 
1 0 # # 0 1 0 1 
1 0 # # 0 1 0 1 
1 0 0 H 0 # 0 S 
G 0 H 0 0 0 0 1 
1 1 1 1 1 1 1 1 
p63 P45 T9

Map8
1 1 S 1 1 1 1 1 
1 0 F 0 0 # # 1 
1 0 1 0 F 0 0 1 
1 0 # 0 0 # 0 1 
1 1 # 0 0 0 0 G 
1 0 0 0 0 H 0 1 
1 1 0 0 0 0 F 1 
1 1 1 1 1 1 1 1 
L31 p25 T10

Map8
1 1 1 1 1 1 1 1 
1 # 0 1 1 H 0 1 
1 0 1 # # F 1 1 
1 0 0 0 F 0 0 1 
1 # 0 F # 0 0 S 
1 1 1 0 # 0 1 1 
1 0 0 0 0 0 0 1 
1 1 G 1 1 1 1 1 
p36 P54 T9

Map8
1 1 1 1 1 1 1 1 
1 0 # 0 1 0 0 1 
1 # H 0 0 0 # S 
1 # 0 0 H 1 0 1 
1 1 0 H 0 0 0 1 
1 0 0 # 0 0 0 1 
1 # 0 0 0 F 0 1 
1 1 1 1 1 G 1 1 
U33 p45 T10

Map8
1 1 1 1 1 1 1 1 
1 0 0 # 0 0 # 1 
1 F 0 1 0 0 F G 
1 # 0 # H 0 0 1 
1 # 0 0 0 0 0 1 
1 # 0 0 # 0 0 1 
1 0 0 0 H # F 1 
1 1 1 S 1 1 1 1 
r52 p41 T9

Map8
1 1 1 1 1 1 1 1 
1 0 0 1 F # 0 1 
1 # 0 0 1 0 0 1 
1 0 0 0 0 0 0 1 
1 1 0 0 1 0 0 1 
1 0 # 0 1 H 0 1 
1 F 0 0 0 0 1 1 
1 G 1 1 S 1 1 1 
U26 p24 T9

Map8
1 1 1 1 1 1 1 1 
1 # 0 # 1 H 0 1 
1 # 0 # 0 1 0 1 
S 0 0 0 0 H # 1 
1 0 0 0 0 0 # 1 
1 H H 0 0 0 1 1 
1 0 # F F 0 0 1 
1 1 1 1 1 1 G 1 
R35 L33 T9

Map8
1 1 1 1 1 S 1 1 
1 F 1 0 0 0 1 1 
1 1 F 0 0 0 0 1 
1 0 0 1 0 0 0 1 
G # 1 # 0 H H 1 
1 0 1 0 0 # 0 1 
1 0 0 0 0 0 0 1 
1 1 1 1 1 1 1 1 
p15 P52 T9

Map8
1 1 1 1 S 1 1 1 
1 0 0 0 F 0 0 1 
1 0 0 F 0 0 0 1 
1 0 0 0 0 0 F 1 
1 0 0 0 0 0 0 1 
1 H 0 0 F 0 0 1 
1 H 0 0 1 0 0 1 
1 1 1 G 1 1 1 1 
R31 l62 T9

Map8
1 1 1 1 1 1 1 1 
S 0 0 1 1 0 0 1 
1 F 0 0 0 # F 1 
1 0 0 0 0 0 H 1 
1 0 F H F 0 F G 
1 0 0 1 0 0 0 1 
1 0 0 H 1 0 0 1 
1 1 1 1 1 1 1 1 
P53 P14 T10

Map8
1 1 1 S 1 1 1 1 
1 1 H # 0 0 0 1 
G 0 0 0 0 0 0 1 
1 0 0 H 1 0 0 1 
1 1 # 0 # H 0 1 
1 0 0 0 0 # 0 1 
1 # 0 0 0 0 0 1 
1 1 1 1 1 1 1 1 
R22 P35 T9

Map8
1 1 1 1 1 1 1 1 
1 0 0 # # F 1 1 
1 F F H 0 # 1 1 
1 0 0 # 0 0 0 1 
1 0 0 1 0 1 # 1 
1 # 0 1 0 # F 1 
1 0 0 0 0 # 0 1 
1 1 S G 1 1 1 1 
r13 l26 T9

Map8
1 1 1 1 1 1 1 1 
1 1 0 # # 0 0 1 
G 0 0 1 0 # 1 1 
1 0 0 H 0 H 0 1 
1 H 0 1 0 0 0 1 
1 H 0 # 0 # 0 S 
1 H 0 0 0 0 0 1 
1 1 1 1 1 1 1 1 
p36 D24 T9

Map8
1 1 1 1 1 1 1 1 
1 # 0 1 1 0 0 1 
1 0 0 0 0 # 0 1 
1 1 0 0 1 0 0 G 
1 F 0 # 1 0 # 1 
1 0 0 # 0 0 # 1 
1 # 0 # 0 0 0 1 
1 S 1 1 1 1 1 1 
l62 R15 T10

Map8
1 1 1 1 1 1 S 1 
1 0 F # 0 # 0 1 
1 0 0 F 1 # 0 1 
1 # 0 0 1 0 # 1 
1 0 0 0 0 0 1 1 
1 1 0 F 0 0 0 1 
1 0 F 0 0 H 0 G 
1 1 1 1 1 1 1 1 
U54 P46 T9

Map8
1 1 1 1 1 1 1 1 
1 0 0 F 0 1 0 1 
1 1 0 0 0 0 0 1 
1 0 F 1 0 0 0 1 
1 0 1 0 0 H 0 S 
1 0 0 0 1 0 0 1 
1 0 0 0 0 0 0 1 
1 G 1 1 1 1 1 1 
U65 p61 T10

Map8
1 1 1 1 1 1 1 1 
1 1 0 # 1 0 0 1 
G 0 H F 0 1 0 S 
1 0 0 0 0 H # 1 
1 1 0 1 0 # 0 1 
1 1 0 # 0 0 0 1 
1 1 0 0 0 # 0 1 
1 1 1 1 1 1 1 1 
u46 p42 T10

Map8
1 1 S 1 1 1 1 1 
1 0 0 0 0 0 # 1 
1 # 0 # 0 1 0 1 
1 F 0 0 0 1 F 1 
1 0 0 # 1 0 0 G 
1 0 F 0 0 0 F 1 
1 1 H 0 F 0 0 1 
1 1 1 1 1 1 1 1 
u56 P23 T11

Map8
1 1 1 1 1 1 1 1 
G 0 H 0 0 0 0 1 
1 0 0 0 1 0 0 S 
1 0 H 0 # 0 0 1 
1 1 0 0 1 # 1 1 
1 0 0 0 # 0 # 1 
1 0 0 0 F 0 0 1 
1 1 1 1 1 1 1 1 
u36 p31 T9

Map8
1 1 S 1 1 1 1 1 
1 H 0 F 0 # 0 1 
1 0 1 0 0 0 0 1 
1 0 0 0 0 0 H 1 
1 0 # F 1 0 0 G 
1 0 0 H 0 # 0 1 
1 0 0 # 0 0 1 1 
1 1 1 1 1 1 1 1 
d41 L53 T9

Map8
1 1 1 1 S 1 1 1 
1 1 # 0 0 H 0 G 
1 0 # H 0 0 0 1 
1 0 0 H H F H 1 
1 0 0 0 0 # 0 1 
1 0 0 0 0 0 0 1 
1 # # # 1 0 # 1 
1 1 1 1 1 1 1 1 
P25 R42 T9

Map8
1 G 1 1 1 1 1 1 
1 0 # 0 0 H 0 1 
1 0 1 0 H 0 0 S 
1 1 1 # # 0 F 1 
1 # 0 0 1 0 0 1 
1 1 0 H 1 0 0 1 
1 0 0 0 0 1 0 1 
1 1 1 1 1 1 1 1 
P52 p64 T9

Map8
1 1 1 1 1 1 1 1 
1 0 1 0 1 0 0 1 
1 0 0 0 1 0 0 1 
1 0 F 0 0 0 0 1 
1 1 0 0 0 F F G 
1 0 1 # 0 0 # 1 
1 0 0 0 0 0 0 1 
1 1 1 S 1 1 1 1 
r44 p36 T10

Map8
1 1 1 1 1 S 1 1 
1 H 0 # 1 0 0 1 
1 1 0 0 # 1 # 1 
1 0 F 0 0 0 0 1 
G 0 0 H 0 0 F 1 
1 1 0 0 0 0 0 1 
1 # 0 0 0 # # 1 
1 1 1 1 1 1 1 1 
R25 u46 T9

Map8
1 1 1 1 G 1 1 1 
1 0 0 0 0 0 F 1 
S 0 0 1 0 0 # 1 
1 0 0 # 0 F 0 1 
1 # 0 1 0 0 0 1 
1 # # F F 0 0 1 
1 0 F # 1 0 0 1 
1 1 1 1 1 1 1 1 
r13 l64 T10

Map8
1 1 1 1 1 1 1 1 
1 0 1 0 0 0 0 1 
1 H 0 0 # H 0 1 
1 0 0 0 0 1 0 1 
1 0 H H 0 0 0 S 
1 0 0 0 1 0 0 1 
1 0 # 0 0 1 F 1 
1 1 1 1 G 1 1 1 
R44 p51 T9

Map8
1 1 1 1 1 1 1 1 
1 0 0 0 0 0 1 1 
1 0 # 0 # 0 # 1 
1 1 0 0 0 0 0 1 
1 0 0 # # 0 0 1 
G 0 0 0 H # 0 S 
1 0 0 0 1 0 0 1 
1 1 1 1 1 1 1 1 
p24 D54 T11

Map8
1 1 1 1 1 1 1 1 
S 0 F 0 0 0 0 1 
G # # 0 0 0 1 1 
1 1 # 0 0 0 0 1 
1 0 0 0 0 # # 1 
1 # 0 0 0 H 0 1 
1 # 0 1 0 H H 1 
1 1 1 1 1 1 1 1 
p31 p44 T9

Map8
1 1 1 1 1 1 1 1 
1 0 0 0 H 0 0 1 
1 0 H 0 0 0 F 1 
1 F 0 0 1 0 0 G 
1 0 F H 0 0 0 1 
S 0 # 0 0 0 0 1 
1 0 0 0 0 0 0 1 
1 1 1 1 1 1 1 1 
D64 u56 T9

Map8
1 1 1 1 1 1 1 1 
1 0 0 F 0 0 0 1 
1 0 0 # 1 1 F 1 
1 1 F F 1 0 0 1 
1 0 H 0 0 0 0 1 
G 0 0 0 F 1 0 1 
1 1 0 # 0 H 0 1 
1 1 1 1 1 1 S 1 
L35 P54 T9

Map8
1 1 1 G 1 1 1 1 
1 0 0 0 H # 0 1 
1 1 # 0 0 0 1 1 
1 0 0 0 0 0 1 1 
1 0 0 1 0 1 0 1 
1 1 0 0 0 0 0 1 
1 # 0 # 0 0 0 S 
1 1 1 1 1 1 1 1 
P26 p23 T9

Map8
1 1 1 1 1 1 1 1 
1 # 0 0 0 0 0 1 
1 0 0 0 0 0 # 1 
1 0 0 0 0 0 F 1 
1 0 0 0 0 # 0 1 
1 0 0 0 0 1 F 1 
1 F # 0 0 0 0 S 
1 1 G 1 1 1 1 1 
P31 P46 T9

Map8
1 1 1 1 1 1 1 1 
1 0 # 0 H 0 0 1 
1 F 0 F 0 0 0 1 
1 # 0 0 0 0 0 1 
1 0 0 0 0 1 0 1 
1 0 0 1 1 0 0 G 
1 0 1 0 0 0 0 1 
1 S 1 1 1 1 1 1 
P14 p64 T9

Map8
1 1 1 1 1 G 1 1 
1 0 1 0 F 0 0 1 
1 0 1 0 0 1 0 1 
1 0 0 0 0 1 # 1 
1 0 F 0 0 0 0 1 
1 0 0 0 0 1 0 1 
1 0 0 # 1 0 0 1 
1 1 1 1 1 S 1 1 
D61 p65 T9

Map8
1 1 1 G 1 1 1 1 
1 # 0 0 0 0 F 1 
1 0 1 H 0 0 F 1 
1 1 0 0 0 0 0 1 
1 0 0 1 1 1 0 1 
1 0 0 1 0 F 0 1 
1 0 0 0 0 0 0 1 
1 1 1 1 1 1 S 1 
P21 P63 T10

Map8
1 1 1 1 1 1 1 1 
1 H H # 0 0 # S 
1 H 0 1 0 0 1 1 
1 0 0 F 0 0 0 1 
1 1 0 # # H 0 1 
1 0 0 # 1 # 0 1 
1 0 0 0 # 1 0 1 
1 1 1 G 1 1 1 1 
P53 D41 T9

Map8
1 1 1 1 1 1 1 1 
1 F # 0 0 1 F 1 
1 0 0 0 0 0 F 1 
1 0 0 0 1 0 0 1 
1 F # H 0 0 0 1 
G 0 0 1 1 0 0 1 
S 0 0 1 0 F 0 1 
1 1 1 1 1 1 1 1 
P12 P26 T9

Map8
1 1 1 S 1 1 1 1 
1 # 0 0 0 0 F 1 
1 0 # 0 # 1 1 1 
1 # # # 1 0 F 1 
1 F 0 1 0 0 0 1 
G 0 F 0 # 0 0 1 
1 0 F 0 0 0 # 1 
1 1 1 1 1 1 1 1 
p46 l55 T9

Map8
1 1 1 1 1 1 1 1 
1 0 0 1 F 0 0 1 
1 0 F 0 0 0 0 1 
1 0 0 # 1 0 0 1 
S 0 # H H # 0 1 
G 0 0 # 0 0 0 1 
1 0 0 0 0 F 0 1 
1 1 1 1 1 1 1 1 
p14 U25 T10

Map8
1 1 1 1 1 1 1 1 
1 0 0 0 1 0 0 1 
1 0 0 # 0 H F 1 
1 F 0 0 0 0 0 G 
1 F 0 0 0 0 0 1 
1 0 0 H 1 0 0 1 
1 0 0 F H 0 0 1 
1 1 1 1 1 1 S 1 
L64 P34 T9

Map8
1 1 1 1 1 1 1 1 
1 0 0 0 0 0 F 1 
G 0 0 1 # 0 # 1 
1 # 1 0 F 0 0 1 
1 0 0 0 0 0 0 1 
1 1 0 # 0 # 0 1 
1 # 0 0 # F # 1 
1 S 1 1 1 1 1 1 
p11 P64 T11

Map8
1 1 1 S 1 1 1 1 
1 0 H 0 0 0 H 1 
1 0 0 1 0 0 0 1 
1 0 H 0 0 0 1 1 
1 0 0 0 1 0 0 1 
1 0 0 0 1 0 0 1 
G 0 1 0 # 0 0 1 
1 1 1 1 1 1 1 1 
R33 P51 T9

Map8
1 1 1 1 G 1 1 1 
1 0 1 0 0 0 0 1 
1 0 F 1 1 0 0 1 
1 0 0 1 0 0 0 1 
1 0 0 1 0 0 0 1 
1 0 1 0 0 0 1 1 
1 0 0 0 0 H 0 1 
1 1 S 1 1 1 1 1 
U46 p51 T9

Map8
1 1 1 1 1 1 1 1 
1 1 F 1 0 0 0 1 
1 F 0 0 0 0 H 1 
1 0 0 0 0 0 0 1 
G 0 0 0 F 0 F 1 
S 0 # 0 0 0 0 1 
1 H 0 0 1 F 0 1 
1 1 1 1 1 1 1 1 
p34 p15 T9

Map8
1 1 1 1 1 S 1 1 
1 0 0 1 0 0 0 1 
1 0 0 # F 0 0 1 
1 0 0 0 0 # 0 1 
1 0 1 0 1 0 F 1 
1 # # 0 0 0 0 1 
1 # F F 0 # 0 1 
1 1 1 G 1 1 1 1 
R43 l52 T9

Map8
1 G 1 1 1 1 1 1 
1 0 0 0 0 1 1 1 
1 H 0 0 # 0 0 1 
1 0 0 0 0 H # 1 
1 0 0 # # # 0 1 
1 0 0 0 H # 0 1 
1 0 # 0 0 0 0 1 
1 1 1 1 1 S 1 1 
p65 R46 T9

Map8
1 1 1 1 1 1 1 1 
1 H 0 # 0 F 1 1 
1 # # 0 0 0 H 1 
1 0 0 0 0 0 0 1 
1 H 1 0 # # 0 1 
1 1 0 # # 0 0 1 
1 0 0 1 # 0 0 S 
1 1 G 1 1 1 1 1 
p32 p43 T10

Map8
1 1 1 1 1 1 1 1 
1 0 1 0 H # 1 1 
1 # 0 F 0 0 1 1 
1 0 1 0 # # 0 1 
S 0 F 0 1 0 # 1 
1 0 0 F 0 1 0 1 
1 # 0 0 # 0 0 1 
1 1 G 1 1 1 1 1 
P36 R22 T11

Map8
1 1 1 1 1 1 1 1 
1 0 1 0 0 1 1 1 
1 H 0 0 0 0 0 1 
G 0 0 0 0 1 0 1 
1 # 0 0 0 # # 1 
1 F 0 0 0 1 0 1 
1 1 # 0 1 0 0 S 
1 1 1 1 1 1 1 1 
p44 p65 T10

Map8
1 1 1 1 1 1 1 1 
1 0 0 0 # # 0 1 
1 0 F 1 0 1 0 1 
1 0 0 # 1 1 F 1 
1 1 0 0 0 0 0 1 
S 0 # 0 0 F 0 1 
1 0 1 1 # F F G 
1 1 1 1 1 1 1 1 
P54 P35 T9

Map8
1 1 1 1 S 1 1 1 
1 1 0 # 0 1 0 1 
1 0 0 1 1 1 # 1 
1 0 0 0 # 0 1 1 
1 # 0 1 # # 0 1 
1 # 0 0 0 0 0 1 
1 0 F 0 0 0 # 1 
1 1 1 G 1 1 1 1 
P25 p46 T11

Map8
1 1 1 1 1 1 1 1 
1 0 0 F 0 0 0 1 
S F 1 0 0 0 0 1 
1 0 0 0 0 0 0 G 
1 0 0 0 0 0 # 1 
1 0 0 0 0 0 0 1 
1 1 0 0 F 1 0 1 
1 1 1 1 1 1 1 1 
P61 U13 T10

Map8
1 1 1 1 1 1 1 1 
1 # F 0 0 0 0 1 
1 0 H 0 0 0 0 S 
1 0 0 0 1 0 F G 
1 1 0 0 H 0 0 1 
1 0 F 0 0 0 0 1 
1 0 0 1 0 F 0 1 
1 1 1 1 1 1 1 1 
p45 P52 T10

Map8
1 1 1 G 1 1 1 1 
1 # # 0 # 0 0 1 
1 0 # 0 0 0 0 1 
1 1 0 0 0 H 0 1 
1 # 0 H 0 0 0 1 
1 0 0 0 # 0 0 1 
1 0 1 H 0 # 0 1 
1 S 1 1 1 1 1 1 
p16 u32 T10

Map8
1 1 1 1 1 1 1 1 
1 0 0 0 1 0 0 1 
1 0 F F 0 0 0 1 
1 0 0 0 0 1 0 1 
S 0 1 1 1 0 0 1 
1 0 0 0 F 0 0 1 
1 1 0 0 0 1 0 1 
1 1 1 1 G 1 1 1 
p64 u15 T14

Map8
1 1 1 1 1 1 1 1 
G 0 0 F # 0 # 1 
1 0 1 H 1 0 0 1 
1 0 0 F 0 0 1 1 
1 H 0 0 0 1 H 1 
S 0 0 H # # 0 1 
1 0 # # 0 0 0 1 
1 1 1 1 1 1 1 1 
u46 P25 T9

Map8
1 1 1 1 1 1 1 1 
1 0 # 1 H 0 0 S 
G 0 0 1 # 0 0 1 
1 # 0 0 0 0 1 1 
1 0 0 0 0 0 1 1 
1 0 1 0 0 0 1 1 
1 0 0 0 0 1 0 1 
1 1 1 1 1 1 1 1 
D51 p11 T10

Map8
1 1 1 1 1 1 1 1 
1 0 0 0 0 H F 1 
1 # 0 0 1 0 H 1 
G 0 0 0 0 H 0 1 
1 0 0 0 F F # 1 
1 0 F # 0 # 0 1 
1 # 0 0 F 0 0 1 
1 1 1 1 1 S 1 1 
R45 P14 T9

Map8
1 1 1 1 1 1 S 1 
1 # 0 1 0 # # 1 
G 0 H 0 0 0 # 1 
1 0 0 1 # 0 0 1 
1 F # 0 0 0 0 1 
1 0 0 # 0 0 # 1 
1 H 0 0 0 0 0 1 
1 1 1 1 1 1 1 1 
U64 p13 T9

Map8
1 1 1 1 1 1 1 1 
1 0 0 0 H 0 # 1 
1 0 # H 0 F # S 
1 0 0 F 0 1 F 1 
1 0 # H # 0 0 1 
1 # 0 0 0 0 1 1 
1 1 0 0 F # # 1 
1 1 1 1 1 1 G 1 
R42 U45 T9

Map8
1 1 1 1 1 1 1 1 
1 0 1 0 0 0 0 1 
1 1 H 0 0 H F S 
1 F 0 0 0 0 0 1 
1 0 1 F 1 # 1 1 
1 # 1 0 0 0 0 G 
1 # # H 0 0 # 1 
1 1 1 1 1 1 1 1 
p51 U63 T9

Map8
1 1 1 1 1 1 1 1 
1 # 0 1 0 0 0 1 
1 1 0 1 F 0 F 1 
1 # # 0 # 0 0 1 
1 1 0 1 0 0 1 1 
S 0 # F 1 0 # 1 
1 0 0 # 0 0 0 1 
1 1 1 G 1 1 1 1 
U26 p24 T10

Map8
1 1 1 1 1 1 1 1 
1 0 0 0 H 1 0 1 
1 F 0 0 0 0 0 1 
1 # 0 1 1 0 0 1 
G 0 1 0 0 0 0 1 
1 0 0 0 1 0 0 1 
1 0 0 0 1 0 0 1 
1 S 1 1 1 1 1 1 
P15 U23 T11

Map8
1 1 1 1 1 1 1 1 
1 0 F 0 0 0 0 1 
1 0 1 0 0 0 F G 
1 0 0 # 0 0 0 1 
1 0 0 F 0 0 0 1 
1 1 0 0 0 0 0 1 
1 0 0 0 0 F 0 1 
1 1 1 1 1 1 S 1 
P64 p53 T9

Map8
1 1 1 1 1 1 1 1 
1 F 0 # 0 0 0 1 
1 0 0 1 0 F 0 1 
1 0 0 0 F 0 0 1 
S # 0 # F H 0 G 
1 0 0 0 0 0 # 1 
1 1 0 0 0 0 # 1 
1 1 1 1 1 1 1 1 
P24 p63 T10

Map8
1 1 1 1 1 S 1 1 
1 F 0 0 0 0 0 1 
G 0 0 0 F H 0 1 
1 1 0 0 0 0 0 1 
1 0 0 0 1 0 F 1 
1 0 0 0 0 0 H 1 
1 0 # 0 0 F 0 1 
1 1 1 1 1 1 1 1 
L61 P31 T9

Map8
1 1 1 1 1 1 1 1 
1 H 0 H 0 # 0 1 
S F 0 F 0 1 0 1 
1 1 0 0 0 1 # 1 
1 H 1 0 0 0 0 1 
1 0 F # 0 0 0 1 
1 # 0 0 F 0 0 1 
1 1 1 1 1 G 1 1 
L64 L45 T9

Map8
1 1 1 1 1 1 1 1 
G 0 H 1 0 0 1 1 
1 0 # # 0 0 0 1 
1 0 F 0 H # 1 1 
1 # 0 H 0 0 # 1 
1 F # H 0 H 0 1 
1 F 0 0 0 0 0 1 
1 1 1 1 S 1 1 1 
P51 P44 T9

Map8
1 1 1 1 1 1 1 1 
1 # 0 # 0 F 0 1 
1 F 0 F 0 1 # 1 
1 0 F 1 0 0 1 1 
S 0 F # 1 0 # G 
1 0 1 0 0 1 0 1 
1 # 0 # 0 1 0 1 
1 1 1 1 1 1 1 1 
R22 D41 T9

Map8
1 1 1 1 1 1 1 1 
1 0 # 0 0 0 # 1 
1 F 0 # 1 0 0 1 
1 # 0 1 0 # 0 G 
1 1 0 0 1 0 0 1 
1 # 0 0 0 1 0 1 
1 # # F 0 0 1 1 
1 S 1 1 1 1 1 1 
u25 p62 T9

Map8
1 1 G 1 1 1 1 1 
1 0 0 0 F 0 0 1 
1 0 1 0 1 0 1 1 
1 0 0 0 # 0 1 1 
1 0 H 1 1 0 0 1 
S 0 0 0 H 0 0 1 
1 0 0 0 0 0 0 1 
1 1 1 1 1 1 1 1 
d11 P25 T9

Map8
1 1 1 1 1 1 1 1 
1 H 0 0 0 0 1 1 
1 # 0 # 0 # 0 1 
1 0 0 0 # F F 1 
1 0 0 # 1 1 0 G 
1 # 0 0 0 0 0 1 
1 0 0 0 1 # 0 S 
1 1 1 1 1 1 1 1 
p33 L65 T9

Map8
1 1 1 1 S 1 1 1 
1 0 0 0 0 0 0 1 
G F 0 0 F 1 H 1 
1 F 0 0 0 0 0 1 
1 1 0 0 H 1 0 1 
1 0 0 0 1 # 0 1 
1 H 1 0 0 0 1 1 
1 1 1 1 1 1 1 1 
R33 P21 T9

Map8
1 1 1 1 G 1 1 1 
1 # 0 F 0 0 # 1 
1 1 0 F # 0 H 1 
1 0 1 # 1 0 0 1 
1 F 0 0 0 0 0 1 
S 0 # 1 # 0 0 1 
1 # 0 F 0 1 # 1 
1 1 1 1 1 1 1 1 
p44 P51 T9

Map8
1 1 1 1 1 1 1 1 
1 # 0 H 0 0 # 1 
1 0 0 0 0 0 F 1 
1 F 1 # 0 H F 1 
1 1 0 0 0 # F 1 
1 0 0 1 0 # # 1 
1 0 0 F 0 0 0 1 
1 1 1 S 1 G 1 1 
L46 U45 T9

Map8
1 1 S 1 1 1 1 1 
1 H # F F 0 1 1 
1 # 1 1 # 0 1 1 
1 F 0 1 # 1 F 1 
1 0 0 0 0 0 0 1 
1 # 0 0 # # 0 1 
1 H 1 H F # 0 G 
1 1 1 1 1 1 1 1 
p14 L54 T10

Map8
1 1 1 S 1 1 1 1 
1 1 # 0 H # 0 1 
1 # 0 0 # # 1 1 
G 0 0 1 0 0 0 1 
1 0 F 0 1 0 0 1 
1 1 0 0 # 0 1 1 
1 0 # H 1 0 # 1 
1 1 1 1 1 1 1 1 
p54 l23 T9

Map8
1 1 1 1 1 1 1 1 
1 0 # 0 0 1 0 1 
1 0 0 0 0 0 H 1 
1 0 0 1 0 H 0 1 
1 0 0 0 0 # # 1 
G F # 0 0 0 # 1 
1 # 0 0 0 0 # 1 
1 1 1 1 1 1 S 1 
P63 p46 T10

Map8
1 1 1 1 1 1 1 1 
1 1 0 0 0 0 0 S 
1 0 0 # 1 0 0 1 
1 0 1 # 0 0 0 G 
1 0 1 0 1 H 0 1 
1 0 0 0 H 0 0 1 
1 0 1 # 0 0 F 1 
1 1 1 1 1 1 1 1 
p41 p34 T9

Map8
1 1 G 1 1 1 1 1 
1 1 F 0 0 # 0 S 
1 0 0 0 0 0 # 1 
1 F 0 0 0 0 0 1 
1 # 0 0 0 0 1 1 
1 1 1 0 0 0 0 1 
1 1 0 0 0 # 0 1 
1 1 1 1 1 1 1 1 
R31 D12 T11

Map8
1 1 1 1 1 1 1 1 
1 0 # 0 F 0 0 1 
1 0 0 0 0 H 0 S 
1 # 0 0 0 # 0 1 
1 1 0 H 0 0 1 1 
1 0 # 0 # 0 0 1 
1 # # 0 # 0 0 1 
1 1 1 G 1 1 1 1 
d35 U63 T10

Map8
1 G 1 1 1 1 1 1 
1 # # # 1 0 0 1 
1 H F 0 # 0 0 1 
1 0 # 0 0 # 0 1 
1 # 0 1 0 0 1 1 
1 0 H 0 H 0 0 1 
S 0 # 1 H 0 0 1 
1 1 1 1 1 1 1 1 
R13 u33 T10

Map8
1 1 1 G 1 1 1 1 
S 0 # 0 0 0 # 1 
1 # # 0 0 H 0 1 
1 1 0 1 0 0 0 1 
1 # 0 # 0 H # 1 
1 # 1 0 0 H 1 1 
1 0 1 0 H 0 0 1 
1 1 1 1 1 1 1 1 
p41 p62 T9

Map8
1 1 1 G 1 1 1 1 
1 # # F F 0 0 1 
1 0 0 F F 0 0 1 
1 0 0 0 0 0 # 1 
1 1 0 1 H 0 # 1 
S 0 # 1 0 # 0 1 
1 1 0 0 0 # 0 1 
1 1 1 1 1 1 1 1 
p43 l22 T11
