Map8
1 1 1 1 1 1 1 1 
1 1 1 1 1 1 1 1 
1 1 0 0 0 F 1 1 
1 1 0 0 0 0 1 1 
1 1 F # F 0 1 1 
1 G 0 1 0 0 1 1 
1 1 1 1 1 S 1 1 
1 1 1 1 1 1 1 1 
L53 T6

Map8
1 1 1 1 1 1 1 1 
1 1 1 S 1 1 1 1 
1 1 0 0 0 0 1 1 
1 G 0 H 1 0 1 1 
1 1 0 0 0 0 1 1 
1 1 0 0 0 0 1 1 
1 1 1 1 1 1 1 1 
1 1 1 1 1 1 1 1 
R22 T5

Map8
1 1 1 1 1 1 1 1 
1 1 1 1 S 1 1 1 
1 1 0 0 0 0 1 1 
1 1 0 1 F 0 G 1 
1 1 # # 0 0 1 1 
1 1 0 0 0 F 1 1 
1 1 1 1 1 1 1 1 
1 1 1 1 1 1 1 1 
L54 T5

Map8
1 1 1 1 1 1 1 1 
1 1 1 1 1 1 1 1 
1 1 0 0 F 0 1 1 
1 1 0 F 0 0 1 1 
1 S 0 0 0 F 1 1 
1 1 0 0 # 0 1 1 
1 1 1 1 G 1 1 1 
1 1 1 1 1 1 1 1 
U35 T5

Map8
1 1 1 1 1 1 1 1 
1 1 1 1 1 1 1 1 
1 1 H H # 0 1 1 
1 G 0 0 0 H 1 1 
1 1 1 0 # 1 1 1 
1 1 0 0 # 1 1 1 
1 1 S 1 1 1 1 1 
1 1 1 1 1 1 1 1 
L43 T5

Map8
1 1 1 1 1 1 1 1 
1 1 G 1 1 1 1 1 
1 1 0 F 0 0 1 1 
1 1 0 0 0 0 1 1 
1 1 0 F H 0 1 1 
1 1 H 0 F 0 1 1 
1 1 1 S 1 1 1 1 
1 1 1 1 1 1 1 1 
D33 T5

Map8
1 1 1 1 1 1 1 1 
1 1 1 1 G 1 1 1 
1 1 0 0 0 0 1 1 
1 S 0 # 0 H 1 1 
1 1 0 0 F 0 1 1 
1 1 0 0 0 1 1 1 
1 1 1 1 1 1 1 1 
1 1 1 1 1 1 1 1 
D22 T3

Map8
1 1 1 1 1 1 1 1 
1 1 1 1 G 1 1 1 
1 1 0 0 0 0 1 1 
1 1 # F 0 0 S 1 
1 1 0 0 H F 1 1 
1 1 0 0 0 0 1 1 
1 1 1 1 1 1 1 1 
1 1 1 1 1 1 1 1 
D32 T5

Map8
1 1 1 1 1 1 1 1 
1 1 1 1 1 1 1 1 
1 1 # 0 0 0 1 1 
1 G 0 # 0 1 1 1 
1 S # 0 0 0 1 1 
1 1 1 0 0 0 1 1 
1 1 1 1 1 1 1 1 
1 1 1 1 1 1 1 1 
L43 T4

Map8
1 1 1 1 1 1 1 1 
1 1 1 1 1 1 1 1 
1 1 0 0 0 0 1 1 
1 1 0 0 0 0 1 1 
1 S F 0 0 F 1 1 
1 1 # 0 0 0 1 1 
1 1 1 1 G 1 1 1 
1 1 1 1 1 1 1 1 
U35 T5

Map8
1 1 1 1 1 1 1 1 
1 1 1 1 S 1 1 1 
1 1 0 0 0 0 1 1 
1 1 0 F 0 0 G 1 
1 1 0 0 F 0 1 1 
1 1 H 0 H 0 1 1 
1 1 1 1 1 1 1 1 
1 1 1 1 1 1 1 1 
L54 T5

Map8
1 1 1 1 1 1 1 1 
1 1 1 1 1 1 1 1 
1 1 0 0 0 1 1 1 
1 1 1 0 0 0 1 1 
1 G 0 F F H 1 1 
1 1 0 0 0 1 1 1 
1 1 1 1 S 1 1 1 
1 1 1 1 1 1 1 1 
D43 T4

Map8
1 1 1 1 1 1 1 1 
1 1 1 1 1 1 1 1 
1 1 0 0 0 F 1 1 
1 1 0 0 0 0 1 1 
1 1 1 F 0 0 S 1 
1 1 0 0 0 0 1 1 
1 1 1 1 G 1 1 1 
1 1 1 1 1 1 1 1 
U35 T7

Map8
1 1 1 1 1 1 1 1 
1 1 1 1 1 1 1 1 
1 1 # 0 0 F 1 1 
1 1 # 0 F 1 1 1 
1 S 0 0 F 0 1 1 
1 1 0 0 0 0 1 1 
1 1 1 G 1 1 1 1 
1 1 1 1 1 1 1 1 
U45 T5

Map8
1 1 1 1 1 1 1 1 
1 1 1 1 1 1 1 1 
1 1 0 F F 0 G 1 
1 1 0 F 0 F 1 1 
1 1 0 0 0 0 1 1 
1 1 0 0 0 H 1 1 
1 1 1 1 S 1 1 1 
1 1 1 1 1 1 1 1 
L54 T3

Map8
1 1 1 1 1 1 1 1 
1 1 1 1 1 1 1 1 
1 G 0 0 0 0 1 1 
1 1 0 0 0 F 1 1 
1 S 0 F F F 1 1 
1 1 H 0 0 0 1 1 
1 1 1 1 1 1 1 1 
1 1 1 1 1 1 1 1 
D33 T4

Map8
1 1 1 1 1 1 1 1 
1 1 1 1 1 S 1 1 
1 1 0 1 0 0 1 1 
1 1 # 0 0 0 1 1 
1 1 1 0 0 0 1 1 
1 1 0 0 0 H 1 1 
1 1 1 G 1 1 1 1 
1 1 1 1 1 1 1 1 
L54 T5

Map8
1 1 1 1 1 1 1 1 
1 1 1 1 1 1 1 1 
1 1 H # 0 0 1 1 
1 1 1 0 0 0 1 1 
1 1 0 # H 0 1 1 
1 1 F 0 F 0 1 1 
1 1 S 1 1 G 1 1 
1 1 1 1 1 1 1 1 
U35 T4

Map8
1 1 1 1 1 1 1 1 
1 1 1 1 1 1 1 1 
1 1 0 # 0 0 1 1 
1 G 0 0 0 F 1 1 
1 1 0 0 H 0 1 1 
1 1 0 0 0 # 1 1 
1 1 1 S 1 1 1 1 
1 1 1 1 1 1 1 1 
R22 T5

Map8
1 1 1 1 1 1 1 1 
1 1 1 1 1 1 1 1 
1 1 0 0 # 0 1 1 
1 1 H 0 H 0 1 1 
1 S 0 # 0 F 1 1 
1 G 0 0 0 0 1 1 
1 1 1 1 1 1 1 1 
1 1 1 1 1 1 1 1 
L44 T3

Map8
1 1 1 1 1 1 1 1 
1 1 1 1 S 1 1 1 
1 1 0 0 0 0 1 1 
1 1 1 0 0 0 1 1 
1 1 F 0 0 0 1 1 
1 1 0 0 F F 1 1 
1 1 G 1 1 1 1 1 
1 1 1 1 1 1 1 1 
L53 T4

Map8
1 1 1 1 1 1 1 1 
1 1 1 1 1 1 1 1 
1 G 0 0 0 H 1 1 
1 1 0 0 0 0 1 1 
1 1 H 1 0 0 1 1 
1 1 0 0 0 0 1 1 
1 1 1 S 1 1 1 1 
1 1 1 1 1 1 1 1 
L53 T7

Map8
1 1 1 1 1 1 1 1 
1 1 1 1 G 1 1 1 
1 1 1 # 0 0 1 1 
1 1 0 0 0 0 1 1 
1 1 0 0 0 0 1 1 
1 1 0 # # 0 1 1 
1 1 1 1 1 S 1 1 
1 1 1 1 1 1 1 1 
D53 T5

Map8
1 1 1 1 1 1 1 1 
1 1 1 1 1 1 1 1 
1 1 0 0 0 0 G 1 
1 1 0 0 1 H 1 1 
1 1 # 0 0 0 1 1 
1 1 1 1 0 0 1 1 
1 1 1 1 1 S 1 1 
1 1 1 1 1 1 1 1 
L54 T5

Map8
1 1 1 1 1 1 1 1 
1 1 1 1 1 G 1 1 
1 1 0 0 H 0 1 1 
1 1 1 0 0 0 1 1 
1 1 0 1 0 0 1 1 
1 1 0 0 0 1 1 1 
1 1 1 S 1 1 1 1 
1 1 1 1 1 1 1 1 
R33 T4

Map8
1 1 1 1 1 1 1 1 
1 1 G 1 1 1 1 1 
1 1 0 0 0 0 1 1 
1 1 0 0 H 0 1 1 
1 1 1 0 0 0 1 1 
1 1 0 0 0 1 1 1 
1 1 S 1 1 1 1 1 
1 1 1 1 1 1 1 1 
L54 T6
 