Level193
1 1 1 1 1 1 1 1 1 1 
1 1 0 0 0 0 0 F F S 
1 # 0 0 0 0 F 0 0 1 
1 0 0 F F 0 0 0 0 1 
1 0 F 1 0 0 0 0 0 1 
1 0 0 0 1 0 F 0 0 1 
1 0 0 0 0 0 0 0 0 1 
1 0 0 0 F H 0 0 0 G 
1 0 0 0 1 0 0 # H 1 
1 1 1 1 1 1 1 1 1 1 
r61 p66 T7

Level193
1 1 1 1 1 1 1 1 1 1 
1 0 0 0 0 0 0 # 1 1 
1 0 0 0 0 F 0 0 0 1 
1 0 0 0 0 1 F 0 0 1 
1 1 F 0 1 0 F 0 0 1 
1 0 H 0 0 0 0 0 0 1 
1 0 0 0 F 0 0 F 0 1 
1 # 0 0 0 0 0 0 F 1 
1 H 0 0 0 0 0 0 F 1 
1 1 G 1 1 1 1 1 S 1 
r86 p36 T7

Level193
1 1 1 1 1 1 1 1 1 1 
1 H # 0 0 1 0 0 0 1 
G 0 0 0 H F 0 0 0 1 
1 0 0 0 0 0 0 0 0 1 
1 0 0 F 0 1 0 0 0 1 
1 0 0 0 0 0 1 F 0 1 
1 0 0 0 0 F F 0 0 1 
1 0 0 F 0 0 0 0 # 1 
S F F 0 0 0 0 0 1 1 
1 1 1 1 1 1 1 1 1 1 
r38 p33 T7

