Map8
1 1 1 1 1 G 1 1 
1 # 0 1 0 0 # 1 
1 # 0 H 0 # # 1 
1 H F 0 1 0 1 1 
1 # F 1 0 0 0 1 
S # 0 0 0 H 0 1 
1 0 0 1 # 0 1 1 
1 1 1 1 1 1 1 1 
PR41 PD25 p26 T6

Map8
1 1 1 1 1 1 1 1 
1 0 0 0 0 F 0 1 
1 1 0 0 F 0 0 1 
1 0 0 0 0 0 H 1 
S 0 1 1 H 1 0 1 
G 0 0 0 0 1 1 1 
1 H 1 F F 0 0 1 
1 1 1 1 1 1 1 1 
PL15 PU33 p21 T10

Map8
1 1 1 1 1 G 1 1 
1 0 1 0 H F 0 1 
1 0 H H 0 0 1 1 
1 F 0 F F 1 0 1 
1 1 1 0 H 1 0 1 
1 0 0 0 0 0 0 1 
1 H 0 0 0 0 0 S 
1 1 1 1 1 1 1 1 
PL46 PU52 p35 T6

Map8
1 1 1 1 1 1 1 1 
1 0 0 0 0 0 0 1 
1 F 0 0 0 1 1 1 
1 0 0 0 H 0 H 1 
1 1 0 0 0 H 0 S 
1 F 0 F F 0 0 1 
1 0 0 0 0 0 0 1 
1 1 1 1 1 G 1 1 
PU26 PR64 p66 T7

Map8
1 S 1 1 1 1 1 1 
1 0 0 F 0 0 0 1 
G 0 0 0 H 0 0 1 
1 H 0 0 0 0 0 1 
1 0 0 F 0 H 1 1 
1 0 # 0 0 # 1 1 
1 0 0 0 0 0 0 1 
1 1 1 1 1 1 1 1 
PD23 PL12 p36 T8

Map8
1 1 1 1 1 1 1 1 
1 1 0 0 0 0 0 1 
1 0 1 0 F # 0 1 
1 0 F 0 # 0 0 S 
1 F H 0 1 0 F G 
1 # 1 1 0 # 0 1 
1 H 0 0 F 0 1 1 
1 1 1 1 1 1 1 1 
PL61 PD53 p51 T7

Map8
1 1 1 1 1 1 1 1 
1 1 0 0 0 H H 1 
1 0 1 # # 1 0 1 
1 # H # 0 0 0 1 
G 0 1 # H 0 # 1 
1 H 1 0 0 0 # 1 
1 0 0 0 F 0 1 1 
1 1 S 1 1 1 1 1 
PL14 PU43 p31 T11

Map8
1 1 1 1 1 1 1 1 
1 0 # 0 0 1 0 S 
1 0 1 1 0 0 0 1 
1 # 0 0 1 0 1 1 
1 F 0 # 1 H 0 1 
1 0 0 F 0 H # 1 
1 H 0 0 1 # 0 1 
1 1 G 1 1 1 1 1 
PD41 PL33 p42 T6

Map8
1 1 1 1 1 1 1 1 
1 F 0 # 0 1 0 1 
1 0 0 0 0 0 F 1 
1 0 0 0 1 0 # 1 
1 0 # F F 0 0 1 
1 0 # H # 0 0 G 
1 0 0 0 0 0 1 1 
1 1 1 1 S 1 1 1 
PD46 PL22 p13 T6

Map8
1 1 1 1 G 1 1 1 
1 0 F 1 0 0 F 1 
S F 0 0 H # 0 1 
1 0 0 F # 0 0 1 
1 0 0 0 1 1 # 1 
1 # 0 0 1 # H 1 
1 1 0 0 # 1 0 1 
1 1 1 1 1 1 1 1 
PL51 PD32 r24 T7

Map8
1 1 1 1 1 1 1 1 
1 0 0 0 0 0 0 1 
1 0 H 0 0 0 0 1 
1 0 1 0 0 0 1 1 
1 1 0 0 F 0 0 S 
1 0 1 0 0 0 0 1 
1 1 0 1 0 0 0 1 
1 1 G 1 1 1 1 1 
PD26 PU54 p41 T7

Map8
1 1 1 1 1 1 1 1 
1 0 0 0 0 0 0 1 
1 0 1 0 1 H 0 1 
G 0 0 F 0 0 0 1 
1 1 H 0 0 0 0 1 
S 0 0 0 H 0 0 1 
1 1 0 0 # 1 0 1 
1 1 1 1 1 1 1 1 
PD35 PU44 p26 T6

Map8
1 1 G 1 1 1 S 1 
1 0 0 0 0 H 0 1 
1 0 1 0 H 0 H 1 
1 0 0 0 0 0 0 1 
1 0 1 0 0 F 0 1 
1 H F 0 0 F 0 1 
1 0 0 0 0 F H 1 
1 1 1 1 1 1 1 1 
PU61 PR23 p31 T6

Map8
1 S 1 1 1 1 1 1 
1 0 H 0 0 0 1 1 
1 1 0 0 1 # 1 1 
1 0 0 H 0 0 0 1 
1 H 0 1 0 0 0 G 
1 0 0 1 H # 0 1 
1 0 H 0 1 0 0 1 
1 1 1 1 1 1 1 1 
PU11 PL54 p63 T6

Map8
1 1 1 1 1 G 1 1 
1 F 0 F F 0 0 1 
1 F 0 0 0 H 0 1 
S 0 0 H 0 0 0 1 
1 1 0 0 0 0 0 1 
1 0 0 0 1 0 0 1 
1 0 0 0 # 0 0 1 
1 1 1 1 1 1 1 1 
PL13 PD61 p63 T6

Map8
1 1 1 1 1 1 1 1 
1 0 1 0 F 0 1 1 
1 0 F 1 # # 0 1 
1 0 0 0 F # # 1 
G 0 0 # 0 # 1 1 
1 0 # 1 F 0 0 1 
1 0 1 0 F 0 H 1 
1 1 1 1 S 1 1 1 
PR24 PD44 p13 T6

Map8
1 1 1 1 1 1 1 1 
1 0 0 0 0 0 0 1 
1 0 0 1 0 1 0 S 
1 0 H 0 0 # 0 1 
1 0 0 0 1 # 1 1 
1 H 0 0 0 0 0 G 
1 0 0 0 H H 0 1 
1 1 1 1 1 1 1 1 
PL63 PU66 p51 T7

Map8
1 1 1 1 1 1 1 1 
1 0 0 0 0 0 F 1 
1 # 0 # F F 0 1 
1 F H 0 0 0 # 1 
1 0 0 0 # 1 0 G 
S 0 0 H 0 # 0 1 
1 0 0 0 0 F 0 1 
1 1 1 1 1 1 1 1 
PL62 PL25 p65 T6

Map8
1 1 1 G 1 1 1 1 
1 0 0 0 0 0 0 1 
1 0 0 0 F H H 1 
1 0 0 F 0 0 # 1 
1 F 0 0 0 1 0 1 
1 H 0 H 0 0 0 S 
1 H 0 0 0 0 0 1 
1 1 1 1 1 1 1 1 
PD21 PR45 p23 T6

Map8
1 1 1 1 1 1 1 1 
1 0 0 0 0 0 1 1 
1 H 0 H 0 0 0 1 
1 # # 0 0 0 # 1 
1 # 0 0 # 0 0 1 
G F 0 0 H 0 # S 
1 H 0 0 0 # H 1 
1 1 1 1 1 1 1 1 
PR55 PU24 p34 T7

Map8
1 1 1 1 1 1 1 1 
1 0 0 1 F 0 0 1 
1 0 0 0 0 1 H 1 
1 0 0 H 0 F 0 G 
1 0 F 0 0 0 0 1 
1 0 H H 0 H 0 1 
1 0 0 0 0 0 F 1 
1 1 1 1 1 1 S 1 
PL44 PD64 p13 T6

Map8
1 1 G 1 1 1 1 1 
1 H 0 0 F F H 1 
1 1 # 0 0 0 0 1 
1 F 0 0 # # 0 1 
S 0 1 0 0 0 0 1 
1 1 # H 0 0 0 1 
1 1 F 0 # 0 # 1 
1 1 1 1 1 1 1 1 
PL14 PD63 p33 T7

Map8
1 1 1 1 1 1 1 1 
1 0 F 1 0 0 0 1 
1 F 0 0 0 H # G 
1 # 0 0 0 0 1 1 
1 0 1 0 1 0 F 1 
1 0 1 # 0 # H 1 
1 0 0 0 0 0 1 1 
1 1 1 1 1 S 1 1 
PL53 PR16 p26 T8

Map8
1 1 1 1 1 1 1 1 
1 0 0 0 1 0 0 1 
S 0 0 H 1 0 0 1 
1 H 0 F 1 0 0 1 
1 F 0 0 0 1 0 1 
1 0 0 0 0 0 F 1 
G 0 F 0 0 0 0 1 
1 1 1 1 1 1 1 1 
PU22 PR51 p11 T7

Map8
1 G 1 1 1 1 1 1 
1 0 H 0 0 # H 1 
1 0 # 0 1 # 1 1 
1 1 0 0 0 0 0 1 
1 # H 0 # 1 # 1 
1 F F 0 # # H 1 
1 0 F 0 1 0 1 1 
1 S 1 1 1 1 1 1 
PD16 PR23 p31 T7

Map8
1 1 1 1 G 1 1 1 
1 H 0 H 0 0 0 1 
1 0 0 # 0 0 1 1 
1 0 H 1 H 0 0 S 
1 0 0 0 0 0 0 1 
1 0 0 0 H 0 0 1 
1 0 0 0 0 0 # 1 
1 1 1 1 1 1 1 1 
PD53 PU41 p46 T9

Map8
1 1 1 G 1 1 1 1 
1 0 H 0 0 0 0 S 
1 0 0 0 0 H 0 1 
1 0 H 1 0 0 0 1 
1 0 0 0 0 0 0 1 
1 0 0 0 H 0 # 1 
1 0 0 0 H 0 0 1 
1 1 1 1 1 1 1 1 
PR41 PD64 p42 T8

Map8
1 1 1 1 1 1 1 1 
1 0 H F 0 0 1 1 
1 H 0 1 0 F H 1 
1 1 1 H 0 H 0 1 
1 1 0 0 0 0 0 1 
1 0 0 0 1 0 0 1 
1 F F 1 0 0 0 1 
1 G 1 1 1 S 1 1 
PR46 PL54 p44 T7

Map8
1 1 1 1 1 1 1 1 
1 0 # H 0 0 0 1 
1 1 # F 0 0 0 1 
1 # 0 0 0 1 0 1 
G 0 1 0 H 0 0 1 
1 1 0 F 1 F 0 1 
1 # F 0 0 1 0 1 
1 1 S 1 1 1 1 1 
PU64 PD25 p63 T7

Map8
1 1 1 1 1 1 1 1 
1 0 0 0 0 H 0 1 
1 F 0 0 0 0 # 1 
S 0 0 0 0 0 H 1 
1 H # F 0 F 0 1 
1 1 # 0 0 1 1 1 
1 H 0 0 0 0 H 1 
1 1 1 1 1 G 1 1 
PD56 PU33 p21 T7

Map8
1 1 S 1 1 1 1 1 
1 F 0 0 1 1 0 1 
1 0 0 1 F 0 0 1 
1 0 1 0 0 0 F G 
1 0 0 1 0 0 0 1 
1 F 0 F 0 0 1 1 
1 0 1 0 0 0 0 1 
1 1 1 1 1 1 1 1 
PL31 PD24 p54 T7

Map8
1 1 1 1 1 1 1 1 
1 F 0 0 0 0 0 1 
1 0 0 H 0 0 # 1 
1 0 0 0 0 F 0 1 
1 0 0 0 0 1 1 1 
1 0 0 H 0 0 0 1 
1 0 0 0 H # 0 1 
1 S 1 1 1 G 1 1 
PR13 PR45 p23 T8

Map8
1 1 1 G 1 1 1 1 
1 0 0 # 0 F 1 1 
1 H H 1 F 0 0 1 
1 0 F 1 0 1 # 1 
1 H H 0 1 0 # 1 
1 0 0 # 0 0 0 1 
1 0 0 1 # F 0 1 
1 1 1 1 1 1 S 1 
PL65 PU43 p41 T7

Map8
1 1 1 1 1 1 1 1 
G F 0 0 H H # 1 
1 # 0 H 0 0 # 1 
1 # 0 0 0 # 0 1 
1 # 1 1 0 0 0 1 
1 0 # 0 0 F 0 1 
1 0 # 0 0 H 0 1 
1 1 1 S 1 1 1 1 
PD64 PR42 p33 T8

Map8
1 1 1 1 1 1 1 1 
1 0 0 1 # 0 0 1 
1 0 # # 0 0 # 1 
1 1 0 1 1 0 0 1 
1 # 1 1 0 H F 1 
1 0 0 # 0 0 0 G 
1 # 0 0 0 1 0 1 
1 1 1 1 1 1 S 1 
PL52 PL36 p42 T7

Map8
1 1 1 1 1 1 1 1 
1 0 0 F # 0 1 1 
1 1 1 1 # F 0 1 
S 0 0 H F 0 0 1 
1 0 # # 0 F 0 1 
1 H 0 0 0 0 0 1 
1 0 0 0 0 0 F 1 
1 1 1 G 1 1 1 1 
PD23 PU14 p26 T10

Map8
1 1 1 1 1 1 1 1 
1 H 0 0 1 H 0 1 
1 H 0 H # 0 0 S 
1 0 1 0 F 0 0 1 
1 0 0 0 1 0 1 1 
1 1 1 0 0 0 0 1 
G 0 1 0 0 0 0 1 
1 1 1 1 1 1 1 1 
PD52 PL16 p46 T7

Map8
1 1 1 1 1 1 1 1 
1 0 1 H F F 0 1 
1 # 0 1 0 0 0 G 
1 0 0 0 1 0 0 1 
1 # 0 0 0 0 F 1 
S # 1 0 0 0 0 1 
1 0 1 0 # 0 # 1 
1 1 1 1 1 1 1 1 
PU16 PL45 p63 T7

Map8
1 1 1 1 1 1 1 1 
S 0 0 0 H 0 # G 
1 0 0 0 # 0 H 1 
1 0 0 0 1 0 0 1 
1 0 0 0 # H H 1 
1 0 1 0 0 0 H 1 
1 0 1 # 0 # # 1 
1 1 1 1 1 1 1 1 
PU52 PR21 p12 T7

Map8
1 1 1 1 1 1 1 1 
1 # # H 0 H # 1 
1 0 0 0 0 0 0 1 
1 0 0 # 0 # 0 1 
1 0 # 0 1 1 1 1 
1 # 0 1 0 # 0 1 
1 1 0 0 H 0 0 1 
1 1 1 S 1 G 1 1 
PU12 PU66 p65 T8

Map8
1 1 1 G 1 1 1 1 
1 0 0 0 # 1 1 1 
1 0 F F 0 1 H 1 
1 0 F H 0 1 # 1 
S 0 # F 0 H 0 1 
1 H H 0 # # 1 1 
1 0 # 0 F 0 0 1 
1 1 1 1 1 1 1 1 
PD11 PL14 p21 T8

Map8
1 1 S 1 1 1 1 1 
1 0 0 0 1 H 0 1 
1 0 0 1 0 0 H 1 
1 0 0 1 0 H 1 1 
1 1 H 0 0 1 0 1 
1 0 0 # 0 1 0 1 
G 0 H 0 0 0 0 1 
1 1 1 1 1 1 1 1 
PL23 PR34 p44 T9

Map8
1 1 1 1 1 1 1 1 
1 0 F 0 H 0 0 1 
1 H 0 H 0 0 0 1 
1 0 0 # # 0 0 1 
1 0 0 0 H # 0 S 
1 1 0 0 1 F 0 1 
1 H # 0 0 0 1 1 
1 1 1 1 G 1 1 1 
PR64 PU56 d23 T8

Map8
1 1 1 1 1 G 1 1 
1 0 F 0 1 0 # 1 
1 0 0 0 0 H 0 1 
1 # 0 0 0 # 1 1 
1 0 0 0 0 0 0 1 
1 0 H 0 0 0 0 1 
1 F 0 0 0 0 0 1 
1 1 1 1 1 S 1 1 
PL55 PU51 p36 T10

Map8
1 1 1 1 1 1 1 1 
1 0 0 0 F F 0 S 
1 # 0 F F 1 0 1 
1 0 1 1 H 0 H 1 
1 0 1 1 H 0 0 1 
1 1 H 0 0 1 0 1 
1 F 0 0 0 0 0 1 
1 1 1 1 1 1 G 1 
PU36 PL22 p11 T8

Map8
1 1 S 1 G 1 1 1 
1 # 0 H 0 0 F 1 
1 1 # 0 0 H # 1 
1 H 1 0 # F 0 1 
1 0 0 1 H 0 0 1 
1 0 0 0 0 0 0 1 
1 H 0 # 0 0 0 1 
1 1 1 1 1 1 1 1 
PD14 PU42 p64 T8

Map8
1 1 S 1 1 1 1 1 
1 0 0 H 1 F 0 1 
1 F 0 0 0 F F 1 
1 1 0 0 0 H 0 1 
1 0 1 0 # 0 0 1 
1 0 0 H 0 0 H 1 
1 0 0 1 0 0 0 1 
1 1 1 1 G 1 1 1 
PU21 PU45 p64 T8

Map8
1 1 1 1 1 1 1 1 
1 0 1 0 1 0 H 1 
1 0 H 0 0 0 1 1 
1 1 # 1 # H # 1 
1 # 0 # 0 1 0 1 
1 0 1 0 0 H 0 1 
1 # 0 H 0 0 0 1 
1 G 1 1 1 1 S 1 
PR32 PR46 p56 T9

Map8
1 1 1 1 1 1 1 1 
1 1 F 0 0 0 0 1 
1 0 H 0 H F # 1 
1 0 0 1 0 0 0 1 
1 0 H 0 1 0 0 1 
G 0 0 0 H F 0 1 
1 0 0 0 H 1 0 S 
1 1 1 1 1 1 1 1 
PU63 PU36 p34 T9

Map8
1 1 1 1 1 1 1 1 
S 0 0 0 H 1 H 1 
1 F 0 0 0 1 0 G 
1 0 0 0 0 0 0 1 
1 0 0 F 0 0 0 1 
1 1 0 H 1 0 0 1 
1 0 0 1 1 F 0 1 
1 1 1 1 1 1 1 1 
PR21 PR62 p43 T8

Map8
1 1 1 1 1 1 S 1 
G # 0 0 1 H 0 1 
1 # 0 1 0 # 0 1 
1 0 0 0 1 0 0 1 
1 0 0 0 0 1 0 1 
1 0 0 0 0 0 1 1 
1 1 F 0 1 0 0 1 
1 1 1 1 1 1 1 1 
PD44 PL63 p62 T8

Map8
1 1 1 1 1 1 G 1 
1 0 0 # F 0 F 1 
1 F 1 0 0 0 # 1 
1 0 H 1 0 0 1 1 
1 0 0 F F H 1 1 
1 0 0 # 0 0 1 1 
1 0 0 0 0 0 1 1 
1 S 1 1 1 1 1 1 
PR42 PU15 p36 T9

Map8
1 1 1 1 1 1 G 1 
1 F # 0 1 F 0 1 
1 # F # 0 0 1 1 
1 1 H 1 0 0 0 1 
1 H 0 0 0 # 0 1 
1 # F 0 1 0 1 1 
1 1 0 0 0 F 0 1 
1 1 1 1 1 1 S 1 
PU61 PU55 p46 T10

Map8
1 1 1 1 1 1 1 1 
1 0 H 1 F 1 0 1 
1 0 0 1 F 0 0 1 
1 0 0 0 0 H 0 1 
S 0 0 0 H 0 1 1 
1 1 # F 1 0 0 1 
1 0 0 H 0 0 0 1 
1 1 1 1 1 1 G 1 
PU24 PL65 p13 T8

Map8
1 1 1 1 1 1 1 1 
1 0 0 0 0 0 H 1 
G 0 0 0 F H H 1 
1 H F 0 1 1 1 1 
1 0 0 0 0 F 0 1 
1 # 0 0 0 0 0 1 
1 0 0 H 0 0 0 1 
1 1 1 1 1 S 1 1 
PD14 PD55 l22 T8

Map8
1 1 1 1 1 S 1 1 
1 # 0 0 F 0 1 1 
1 # 0 0 0 1 1 1 
1 # 0 0 0 0 0 1 
1 H # 0 H H 0 1 
1 0 1 1 0 0 H 1 
1 F 0 0 # F 0 1 
1 1 1 1 1 1 G 1 
PL34 PL55 p31 T8

Map8
1 1 1 1 1 1 1 1 
1 H F 0 # 0 # 1 
1 H 1 0 0 0 F 1 
1 H 0 0 0 F 0 1 
S 0 H 0 H F 0 G 
1 0 0 0 F 0 0 1 
1 0 0 1 1 0 0 1 
1 1 1 1 1 1 1 1 
PL14 PU16 d65 T8

Map8
1 1 1 1 1 1 G 1 
1 0 F 0 0 0 0 1 
1 0 0 1 0 1 F 1 
1 0 # 0 H F 1 1 
1 H H 1 0 0 0 1 
1 H F 1 H 0 0 1 
1 1 0 0 0 0 0 1 
1 1 1 1 1 S 1 1 
PU55 PL22 p64 T9

Map8
1 1 1 1 1 G 1 1 
S 0 # 1 H 0 0 1 
1 0 1 # 0 0 0 1 
1 H # 0 # 0 0 1 
1 0 0 0 0 F 0 1 
1 0 # F H 0 F 1 
1 0 H 0 # # # 1 
1 1 1 1 1 1 1 1 
PD34 PU12 p63 T10

Map8
1 1 1 S 1 1 1 1 
1 1 H 0 0 0 F 1 
1 0 H 0 0 0 1 1 
1 0 F 0 0 0 F 1 
1 0 0 0 0 H 1 1 
1 1 0 0 0 0 0 1 
1 0 F H 0 0 0 1 
1 G 1 1 1 1 1 1 
PD16 PR35 p31 T9

Map8
1 1 1 1 1 1 1 1 
1 0 1 0 H 1 H 1 
1 0 0 H 0 0 1 1 
1 0 0 # 0 0 # 1 
G 0 1 H 0 0 0 1 
1 1 0 0 0 # H 1 
1 0 0 # 1 1 # 1 
1 1 1 S 1 1 1 1 
PL35 PR44 p16 T10

Map8
1 1 1 1 1 S 1 1 
1 0 0 0 0 0 0 1 
1 H 0 0 0 1 H 1 
1 0 1 1 0 H 0 1 
1 0 1 0 0 0 H 1 
1 H 0 0 1 0 0 G 
1 1 0 0 0 1 0 1 
1 1 1 1 1 1 1 1 
PD54 PD25 p51 T9

Map8
1 1 1 G 1 1 1 1 
1 # F 0 0 0 1 1 
1 # 0 1 0 0 F 1 
1 1 # 1 F 1 F 1 
1 0 0 0 0 0 0 1 
1 0 0 1 0 0 0 1 
1 F 0 0 1 # 0 S 
1 1 1 1 1 1 1 1 
PL22 PD41 p54 T8

Map8
1 1 1 1 1 1 1 1 
S 0 0 0 0 H H 1 
1 0 0 0 0 1 0 1 
1 0 0 H H 1 0 1 
1 1 1 1 0 0 0 1 
1 # 0 0 0 F H 1 
G 0 0 0 0 0 1 1 
1 1 1 1 1 1 1 1 
PR21 PR46 p11 T12

Map8
1 1 S 1 1 G 1 1 
1 1 0 0 # F 0 1 
1 0 0 0 0 0 H 1 
1 0 0 0 F 0 0 1 
1 1 H 0 0 0 0 1 
1 0 0 H 1 0 F 1 
1 0 1 0 # H 0 1 
1 1 1 1 1 1 1 1 
PL23 PL63 u53 T8

Map8
1 1 1 1 1 1 1 1 
1 1 1 0 H 0 H 1 
1 0 0 1 # 0 1 1 
1 # 1 0 # 0 0 1 
1 0 0 1 0 0 0 1 
1 # 0 0 H # 0 1 
1 0 0 1 0 0 0 S 
1 1 G 1 1 1 1 1 
PL22 PU56 p63 T8

Map8
1 1 S 1 1 1 1 1 
1 0 0 H 0 H 0 1 
1 1 0 1 # # # 1 
1 # 1 0 0 1 # G 
1 1 0 0 0 0 1 1 
1 H H 0 1 0 0 1 
1 0 0 # # H 0 1 
1 1 1 1 1 1 1 1 
PR11 PR33 p43 T8

Map8
1 1 1 1 1 1 1 1 
1 0 0 0 0 # F 1 
1 0 1 H 1 H # 1 
1 1 F 0 # 0 F 1 
1 0 1 1 # 0 0 1 
1 F 0 # 0 1 # 1 
1 F # 0 1 # 0 1 
1 S 1 1 1 G 1 1 
PD14 PU36 p45 T8

Map8
1 1 1 1 1 1 1 1 
1 0 0 0 0 # 1 1 
S F # 0 0 0 1 1 
1 0 1 H 0 H 0 1 
1 0 H 0 F 0 0 G 
1 0 F 0 0 0 0 1 
1 0 0 0 F 0 0 1 
1 1 1 1 1 1 1 1 
PD13 PU52 p65 T8

Map8
1 S 1 1 1 1 1 1 
1 0 # 0 1 H 1 1 
1 0 0 1 0 H 1 1 
1 # 0 F 1 # 0 1 
1 0 0 0 0 F 0 1 
1 H 1 0 0 H 0 1 
1 # 0 0 0 1 0 1 
1 G 1 1 1 1 1 1 
PD12 PD34 p11 T8

Map8
1 1 1 1 S 1 1 1 
1 # 0 1 # 0 0 1 
1 1 H 1 0 0 # 1 
G 0 0 1 0 0 0 1 
1 # F 0 H # 0 1 
1 0 0 0 1 F 0 1 
1 H # 0 1 # # 1 
1 1 1 1 1 1 1 1 
PD42 PD25 l63 T11

Map8
1 1 1 1 1 1 1 1 
S # 0 0 0 0 1 1 
1 1 0 0 0 0 0 1 
G 0 H 0 0 H 0 1 
1 0 1 0 0 1 0 1 
1 1 1 1 H 0 0 1 
1 H 0 0 0 0 0 1 
1 1 1 1 1 1 1 1 
PU14 PR41 p42 T9

Map8
1 1 1 1 1 1 1 1 
1 0 0 0 0 F # 1 
1 0 1 0 0 H 0 1 
1 1 0 # 0 F 0 1 
1 1 1 0 0 0 0 1 
1 0 0 1 0 F 0 1 
1 F 0 F 0 0 0 S 
1 G 1 1 1 1 1 1 
PU26 PL56 p66 T8

Map8
1 1 1 1 1 1 1 1 
1 0 1 0 1 0 0 G 
S 0 0 0 H H 1 1 
1 0 1 0 0 0 0 1 
1 0 1 0 0 0 # 1 
1 0 0 0 0 0 0 1 
1 0 1 0 0 1 0 1 
1 1 1 1 1 1 1 1 
PR51 PD32 p14 T8

Map8
1 1 1 1 1 1 1 1 
1 # 0 1 # 0 0 1 
1 # 0 0 0 # F 1 
1 0 0 1 0 0 0 1 
1 0 H # F # 0 G 
1 0 1 1 1 1 0 1 
1 0 0 0 0 H 0 1 
1 1 1 1 S 1 1 1 
PL21 PU42 p63 T8

Map8
1 1 1 1 1 1 1 1 
1 0 0 # F 0 0 1 
1 F 0 0 0 # 0 1 
1 # 0 1 # 0 0 1 
1 1 1 F # 0 0 1 
1 0 0 0 0 F 0 1 
S 0 1 # 1 0 F G 
1 1 1 1 1 1 1 1 
PR56 PU62 p63 T9

Map8
1 1 1 1 1 S 1 1 
1 0 0 # 0 # 1 1 
1 H # 0 0 0 1 1 
G 0 0 1 0 1 F 1 
1 0 F 1 0 # 0 1 
1 # 0 0 H 0 # 1 
1 # 0 0 1 0 F 1 
1 1 1 1 1 1 1 1 
PL13 PD14 p11 T8

Map8
1 1 S 1 G 1 1 1 
1 0 0 0 0 F 0 1 
1 0 0 0 1 # 0 1 
1 0 0 0 H 0 0 1 
1 0 1 0 F 0 0 1 
1 F 0 0 0 0 1 1 
1 0 F 0 H 0 H 1 
1 1 1 1 1 1 1 1 
PR23 PR34 d31 T8

Map8
1 1 1 1 1 1 1 1 
G 0 0 1 1 0 0 1 
1 H 0 0 1 0 F 1 
1 1 0 0 1 1 0 1 
1 0 0 0 1 0 0 1 
1 H H F 0 0 0 1 
1 F F 0 0 0 0 S 
1 1 1 1 1 1 1 1 
PU52 PU36 p34 T9

Map8
1 1 1 1 1 G 1 1 
1 # # H 0 # 0 1 
1 H H 0 0 F H 1 
1 0 0 0 0 # 1 1 
1 0 0 0 # 1 # 1 
1 0 0 0 1 0 1 1 
1 0 # 1 # 1 0 1 
1 1 1 1 1 1 S 1 
PD66 PL23 p41 T9

Map8
1 1 1 1 1 1 1 1 
S 0 0 H 0 F 0 1 
1 0 0 1 0 # 0 1 
1 1 1 0 0 0 1 1 
1 1 0 0 0 # 0 1 
1 F # 0 0 0 1 1 
1 0 F 1 F # # 1 
1 1 G 1 1 1 1 1 
PR33 PD21 p53 T8

Map8
1 1 1 G 1 1 1 1 
1 0 F 0 0 F F 1 
1 0 0 0 # 0 1 1 
1 H 0 0 # 0 0 1 
1 F 0 1 # 0 H 1 
S # 0 0 0 H 0 1 
1 H 0 0 1 0 0 1 
1 1 1 1 1 1 1 1 
PL54 PL25 p41 T8

Map8
1 1 1 1 1 1 G 1 
1 H # 0 0 0 F 1 
1 # 0 # F 0 0 1 
1 0 1 # # 0 0 1 
1 0 0 0 0 0 1 1 
1 F # F H 0 0 S 
1 0 # 0 1 # 0 1 
1 1 1 1 1 1 1 1 
PD51 PD55 r52 T8

Map8
1 1 1 1 1 1 1 1 
1 0 F F 0 0 0 1 
1 0 1 0 0 0 0 1 
1 H 0 0 1 H 1 1 
1 H 0 0 0 0 0 1 
1 1 0 1 F 0 F S 
1 1 0 0 0 0 0 1 
1 1 G 1 1 1 1 1 
PR55 PU24 p34 T8

Map8
1 1 1 1 1 G 1 1 
1 0 1 0 F 0 0 1 
S 0 0 0 0 H 0 1 
1 0 0 0 # 0 # 1 
1 0 0 0 1 F 0 1 
1 0 0 F 0 F 0 1 
1 0 0 0 0 0 0 1 
1 1 1 1 1 1 1 1 
PL12 PL26 p61 T9

Map8
1 1 1 1 1 1 1 1 
1 F H 0 0 0 # 1 
1 1 0 0 H 0 1 1 
1 0 F 0 0 0 H 1 
S 0 0 H 0 0 1 1 
1 # # # 1 0 # 1 
1 H 0 0 # 0 F 1 
1 1 1 1 G 1 1 1 
PD53 PD24 u56 T9

Map8
1 1 1 1 1 1 1 1 
1 0 0 H 0 F 0 1 
S 0 1 0 1 0 0 1 
1 F # 0 # # 1 1 
1 1 0 1 F F 0 1 
1 0 # # 0 0 0 1 
1 1 # 0 # 0 # 1 
1 1 1 G 1 1 1 1 
PL12 PU24 d45 T12

Map8
1 1 1 1 G 1 1 1 
1 0 # 0 0 F 0 1 
1 1 0 F 0 F 0 1 
S 0 1 0 0 F 0 1 
1 0 0 1 H # # 1 
1 0 0 1 H 1 0 1 
1 0 0 1 F 1 # 1 
1 1 1 1 1 1 1 1 
PL31 PR16 p26 T11

Map8
1 1 1 1 1 1 1 1 
1 0 0 0 H 0 0 1 
1 0 H 0 0 0 0 G 
1 F H 0 0 0 0 1 
1 F 0 0 0 0 1 1 
1 F 0 H 0 0 0 1 
1 0 0 H 0 0 0 1 
1 1 S 1 1 1 1 1 
PL21 PR24 r52 T8

Map8
1 G 1 1 1 1 1 1 
1 0 0 H 0 0 0 1 
1 0 F 0 0 0 0 1 
1 0 1 H F 1 1 1 
1 0 1 0 0 0 0 1 
1 H 0 0 1 0 1 1 
1 0 1 F 0 0 H 1 
1 1 1 S 1 1 1 1 
PR34 PR25 p35 T8

Map8
1 1 1 1 1 1 1 1 
S 0 1 H 0 0 0 G 
1 0 1 H 1 0 1 1 
1 H 1 1 0 # 1 1 
1 0 0 # # 0 # 1 
1 0 # 0 0 0 0 1 
1 0 # 0 0 0 H 1 
1 1 1 1 1 1 1 1 
PD54 PU12 p56 T8

Map10
1 1 1 1 1 1 1 1 1 1 
1 1 1 1 1 1 1 1 1 1 
1 0 0 1 F F 0 F 1 1 
1 0 # 0 0 0 0 F 1 1 
G 0 0 1 0 F 0 0 1 1 
1 # 0 1 0 0 0 0 1 1 
1 H F 0 0 0 0 0 1 1 
S 0 0 0 F 0 1 0 1 1 
1 0 1 0 # 0 1 0 1 1 
1 1 1 1 1 1 1 1 1 1 
PR12 PD25 u27 T7

Map10
1 1 1 1 1 1 1 1 1 1 
1 1 1 1 1 1 G 1 1 1 
S 0 0 0 0 H 0 F 1 1 
1 0 0 0 0 # 1 H 1 1 
1 1 0 0 H 0 # 0 1 1 
1 # 0 0 # H 0 0 1 1 
1 0 0 0 1 H 0 0 1 1 
1 0 H 0 1 0 0 0 1 1 
1 1 0 0 0 0 0 1 1 1 
1 1 1 1 1 1 1 1 1 1 
PU62 PR22 p23 T6

Map10
1 1 1 1 1 1 1 1 1 1 
1 1 1 1 1 G 1 1 1 1 
1 1 F 0 F 0 0 F 1 1 
1 S 0 1 0 1 0 1 0 1 
1 1 0 0 1 0 0 0 F 1 
1 1 0 0 0 0 F 0 0 1 
1 1 0 0 0 1 0 0 F 1 
1 1 0 0 0 0 0 0 0 1 
1 1 0 0 # 1 0 0 0 1 
1 1 1 1 1 1 1 1 1 1 
PR32 PD62 p26 T8

Map10
1 1 1 1 1 1 1 1 1 1 
1 1 1 1 1 1 1 1 1 1 
1 0 0 0 F 0 1 0 1 1 
1 0 H 1 # 0 0 0 S 1 
1 # # # 0 0 0 0 1 1 
1 H 0 H 0 1 0 0 1 1 
1 0 0 0 0 0 1 1 1 1 
G 0 H 0 F 0 H 0 1 1 
1 0 0 0 H 0 # 0 1 1 
1 1 1 1 1 1 1 1 1 1 
PL22 PL17 l74 T7

Map10
1 1 1 1 1 1 1 1 1 1 
1 1 S 1 1 1 1 1 1 1 
1 0 0 1 0 0 0 0 1 1 
G 0 H 0 0 0 0 F 1 1 
1 0 F 1 1 0 # # 1 1 
1 0 0 0 0 0 1 0 1 1 
1 0 0 0 0 0 H # 1 1 
1 0 0 H 0 0 0 H 1 1 
1 0 0 0 # 0 1 # 1 1 
1 1 1 1 1 1 1 1 1 1 
PU22 PR25 p14 T6

Map10
1 1 1 1 1 1 1 1 1 1 
1 1 1 S 1 1 1 1 1 1 
1 0 0 0 0 0 0 0 1 1 
1 F # F F 0 0 1 1 1 
1 0 F 0 0 0 0 0 1 1 
G 0 0 0 H 0 0 F 1 1 
1 F 0 F 0 # 0 # 1 1 
1 F 0 0 0 0 0 0 1 1 
1 H 0 0 0 H 0 0 1 1 
1 1 1 1 1 1 1 1 1 1 
PR26 PU34 p12 T9

Map10
1 1 1 1 1 1 G 1 1 1 
1 1 0 0 0 0 F F 0 1 
1 1 H 1 0 H 0 1 0 1 
1 S 0 1 # 0 0 F 0 1 
1 1 0 H 0 0 0 0 0 1 
1 1 0 0 1 0 0 F 0 1 
1 1 0 0 0 H 0 # 0 1 
1 1 1 1 0 0 H F H 1 
1 1 1 1 1 1 1 1 1 1 
1 1 1 1 1 1 1 1 1 1 
PR26 PD41 p54 T8

Map10
1 1 1 1 1 1 1 S 1 1 
1 0 0 0 0 0 0 0 1 1 
1 H 0 0 0 0 0 0 1 1 
1 0 F 0 0 1 # 1 1 1 
1 0 0 1 0 0 0 0 1 1 
1 0 0 0 F 0 0 0 1 1 
1 0 1 0 1 0 0 1 1 1 
1 0 0 F # 0 F 0 1 1 
1 1 1 G 1 1 1 1 1 1 
1 1 1 1 1 1 1 1 1 1 
PU25 PR44 p31 T8

Map10
1 1 1 1 1 1 1 1 1 1 
1 1 1 1 1 1 G 1 1 1 
1 0 H F 0 0 0 1 1 1 
1 0 0 H 0 0 0 1 1 1 
1 0 1 0 # F H 0 1 1 
1 F 0 0 H 0 0 0 S 1 
1 F 0 1 F F 1 0 1 1 
1 0 0 0 0 0 F 0 1 1 
1 1 0 0 F 0 0 0 1 1 
1 1 1 1 1 1 1 1 1 1 
PR65 PL47 p76 T8

Map10
1 1 1 1 1 1 1 1 1 1 
1 1 1 1 1 1 G 1 1 1 
1 1 F 0 0 # 0 H 0 1 
1 S # 0 0 0 F 1 0 1 
1 1 1 # 0 H 1 0 H 1 
1 1 # 0 0 0 0 0 1 1 
1 1 0 0 # 0 0 0 H 1 
1 1 # F 0 0 # H 0 1 
1 1 0 0 # F 0 H 0 1 
1 1 1 1 1 1 1 1 1 1 
PD43 PU62 p55 T11

Map10
1 1 1 1 1 1 1 1 1 1 
1 1 1 1 S 1 1 1 1 1 
1 1 F 0 # 0 H 0 1 1 
1 1 F 0 F # 0 0 H 1 
1 1 F 0 0 0 0 0 0 1 
1 1 0 # 0 F 0 0 0 1 
1 G 0 0 H 1 0 H 1 1 
1 1 1 0 1 F 0 # 0 1 
1 1 0 H 0 0 0 # 0 1 
1 1 1 1 1 1 1 1 1 1 
PD52 PL45 p44 T6

Map10
1 1 1 1 1 1 1 1 1 1 
1 1 1 1 1 1 1 S 1 1 
1 1 0 0 0 0 0 0 1 1 
1 1 F # 1 # # # 0 1 
1 1 0 0 # # 0 H 0 1 
1 1 0 # F F 0 0 0 1 
1 G 0 0 0 0 1 1 H 1 
1 1 0 0 H 0 0 H 0 1 
1 1 0 0 0 H # 0 0 1 
1 1 1 1 1 1 1 1 1 1 
PR22 PU72 p25 T6

Map10
1 1 1 1 1 1 1 1 1 1 
1 1 1 1 1 1 1 1 1 1 
1 # 0 0 0 0 0 1 1 1 
1 # 0 0 1 F 0 0 S 1 
1 0 0 0 0 1 # 0 1 1 
1 0 F # 0 0 0 1 1 1 
G F 0 0 F # 1 # 1 1 
1 0 0 # 0 0 0 0 1 1 
1 F F 1 0 0 0 0 1 1 
1 1 1 1 1 1 1 1 1 1 
PD63 PU27 l26 T6

Map10
1 1 1 1 1 1 1 1 1 1 
1 1 1 1 1 1 G 1 1 1 
1 1 F 0 0 0 0 0 F 1 
1 1 1 0 0 0 1 0 H 1 
1 1 H 0 1 # 0 0 H 1 
1 S 0 0 # 0 0 0 F 1 
1 1 0 F H 0 0 0 0 1 
1 1 1 0 1 0 0 0 0 1 
1 1 0 F 0 0 F 1 0 1 
1 1 1 1 1 1 1 1 1 1 
PL25 PL87 p72 T8

Map10
1 1 1 1 1 1 1 1 1 1 
1 1 1 S 1 1 1 1 1 1 
1 G 0 0 1 0 0 # 0 1 
1 1 0 # 0 0 1 F F 1 
1 1 1 H 0 # 0 0 0 1 
1 1 1 # 1 0 0 F 0 1 
1 1 0 0 0 # # 0 0 1 
1 1 0 0 0 F 0 # 1 1 
1 1 0 0 0 0 0 0 F 1 
1 1 1 1 1 1 1 1 1 1 
PU32 PR52 p84 T8

Map10
1 1 1 1 1 1 1 1 1 1 
1 1 1 1 G 1 1 1 1 1 
1 1 0 1 0 1 0 F # 1 
1 1 1 0 0 0 0 0 # 1 
1 1 H 0 F 0 0 0 F 1 
1 1 0 # 0 0 0 0 0 1 
1 1 0 H 0 0 0 0 # 1 
1 S # 0 1 0 # F H 1 
1 1 F 1 # 0 # 0 1 1 
1 1 1 1 1 1 1 1 1 1 
PL37 PR66 p55 T7

Map10
1 1 1 1 1 1 1 1 1 1 
1 1 1 G 1 1 1 1 1 1 
1 0 0 0 # 0 1 0 S 1 
1 1 0 H 0 0 0 0 1 1 
1 0 0 1 0 0 F H 1 1 
1 0 0 0 0 1 0 # 1 1 
1 0 0 0 0 0 F 0 1 1 
1 0 0 1 0 0 0 H 1 1 
1 F 1 0 0 H 0 0 1 1 
1 1 1 1 1 1 1 1 1 1 
PR72 PL35 p22 T6

Map10
1 1 1 1 1 1 1 1 1 1 
1 1 1 1 1 1 1 1 1 1 
1 # 0 0 0 0 0 0 1 1 
1 0 1 0 0 1 0 0 1 1 
1 H 0 0 H H 0 0 1 1 
1 # 0 0 # 1 0 0 1 1 
G 0 0 1 0 0 0 0 1 1 
1 0 0 # 0 0 H 0 S 1 
1 0 0 0 0 H 0 0 1 1 
1 1 1 1 1 1 1 1 1 1 
PR25 PR77 p38 T6

Map10
1 1 S 1 1 1 1 1 1 1 
1 F 0 0 0 0 0 H 1 1 
1 0 0 # 0 0 # H 1 1 
1 0 H 0 0 0 0 H 1 1 
1 0 0 0 0 0 0 0 1 1 
1 0 H 0 0 # 0 1 1 1 
1 0 0 F # 0 0 0 1 1 
1 0 0 0 0 0 0 0 1 1 
1 1 G 1 1 1 1 1 1 1 
1 1 1 1 1 1 1 1 1 1 
PL31 PL22 p17 T6

Map10
1 1 1 1 1 S 1 1 1 1 
1 1 0 F 0 0 F F 0 1 
1 1 0 # 0 0 0 F 1 1 
1 1 H 0 0 0 0 0 1 1 
1 1 0 0 0 0 0 # 1 1 
1 G 0 F 1 H 1 F # 1 
1 1 F 0 0 1 0 # 0 1 
1 1 1 0 0 0 # F 0 1 
1 1 1 1 1 1 1 1 1 1 
1 1 1 1 1 1 1 1 1 1 
PL54 PL25 p51 T7

Map10
1 1 1 1 1 1 1 S 1 1 
1 1 0 0 F 0 0 0 H 1 
1 1 0 0 F 0 1 1 # 1 
1 1 1 0 F 1 0 0 0 1 
1 1 0 # 0 0 H 0 0 1 
1 1 1 0 F 0 H 0 1 1 
1 G 0 0 H 1 1 F H 1 
1 1 F H 0 # 0 # 0 1 
1 1 1 1 1 1 1 1 1 1 
1 1 1 1 1 1 1 1 1 1 
PD21 PL36 p31 T6

Map10
1 1 1 1 1 1 G 1 1 1 
1 1 H # 0 0 0 # 1 1 
1 1 0 H 0 0 H 0 1 1 
1 0 1 0 0 # 0 H 1 1 
1 0 0 0 0 0 0 0 1 1 
1 0 0 0 0 0 0 0 1 1 
1 0 # 0 # 0 1 0 1 1 
S 0 H 0 0 0 H 1 1 1 
1 1 1 1 1 1 1 1 1 1 
1 1 1 1 1 1 1 1 1 1 
PL17 PD13 p51 T6

Map10
1 1 1 1 1 1 1 1 1 1 
1 1 0 # # 0 # 1 0 1 
1 1 F 0 0 1 F 0 1 1 
1 1 0 0 0 0 0 1 0 1 
1 1 0 0 0 0 0 H 1 1 
1 G # 0 1 F H H 0 1 
1 1 0 1 1 H 0 0 0 1 
1 1 0 0 # 0 F F 0 1 
1 1 1 1 1 1 1 S 1 1 
1 1 1 1 1 1 1 1 1 1 
PD76 PR32 p24 T6

Map10
1 1 1 1 1 1 1 1 1 1 
1 1 1 1 S 1 1 1 1 1 
1 1 0 0 0 0 H 0 1 1 
1 0 0 0 0 0 0 0 1 1 
1 1 0 0 0 1 0 0 1 1 
1 0 0 0 0 1 0 # 1 1 
1 0 0 F H 0 # 0 1 1 
G 0 H 0 0 0 0 0 1 1 
1 0 1 0 0 0 1 0 1 1 
1 1 1 1 1 1 1 1 1 1 
PL52 PL45 p16 T6

Map10
1 1 1 1 1 1 1 1 1 1 
1 1 1 1 1 1 1 S 1 1 
1 0 0 F # 0 0 0 1 1 
1 F F 0 1 0 0 F 1 1 
1 0 0 0 H 0 F 0 1 1 
G 0 F F 0 0 # H 1 1 
1 H 0 0 0 # 0 0 1 1 
1 0 0 F H 0 0 0 1 1 
1 1 1 0 0 0 0 # 1 1 
1 1 1 1 1 1 1 1 1 1 
PU72 PU54 p68 T7

Map10
1 1 1 1 1 1 1 1 1 1 
1 1 1 1 G 1 1 1 1 1 
1 0 0 # F 0 0 0 1 1 
1 1 0 F F F 0 F 1 1 
S 0 0 0 0 H 0 H 1 1 
1 0 1 # 0 0 0 0 1 1 
1 # # 1 0 0 F 0 1 1 
1 0 F 0 0 0 0 0 1 1 
1 # 0 1 F 0 0 0 1 1 
1 1 1 1 1 1 1 1 1 1 
PD22 PD34 p75 T7

Map10
1 1 1 1 G S 1 1 1 1 
1 1 0 H 0 0 0 0 0 1 
1 1 0 # 0 1 0 0 0 1 
1 1 H 0 0 0 1 0 1 1 
1 1 0 0 0 0 F 0 H 1 
1 1 H 0 0 0 1 H 1 1 
1 1 0 0 0 F 0 0 1 1 
1 1 0 F 1 0 0 # 0 1 
1 1 1 1 1 1 1 1 1 1 
1 1 1 1 1 1 1 1 1 1 
PU41 PD71 p62 T6

Map10
1 1 1 1 1 1 1 1 1 1 
1 0 H 0 0 0 0 0 1 1 
1 # 0 0 0 0 0 0 1 1 
1 0 0 0 0 0 1 0 1 1 
1 0 H 0 1 0 0 H 1 1 
1 0 # H 0 0 0 # 1 1 
1 0 0 # H 1 0 0 1 1 
1 0 0 0 0 0 # H 1 1 
1 1 1 1 S G 1 1 1 1 
1 1 1 1 1 1 1 1 1 1 
PU14 PD47 p55 T9

Map10
1 1 1 1 1 S 1 1 1 1 
1 0 # H 1 0 1 0 1 1 
1 0 0 0 1 1 0 1 1 1 
1 0 0 0 1 0 0 0 G 1 
1 0 0 # F # 0 1 1 1 
1 1 0 0 F 0 0 0 1 1 
1 0 0 0 H 0 0 F 1 1 
1 0 0 0 H H 0 H 1 1 
1 1 1 1 1 1 1 1 1 1 
1 1 1 1 1 1 1 1 1 1 
PU51 PL65 u55 T6

Map10
1 1 1 1 1 1 1 1 1 1 
1 1 1 1 1 1 1 S 1 1 
1 1 0 0 H 0 F 0 0 1 
1 1 0 0 1 0 H 1 1 1 
1 1 # H 0 0 # # 0 1 
1 G # 0 1 0 F 0 F 1 
1 1 0 0 0 F F 0 0 1 
1 1 F 0 H H 1 # 0 1 
1 1 0 0 F 1 0 H 0 1 
1 1 1 1 1 1 1 1 1 1 
PD35 PL82 p26 T6

Map10
1 1 1 1 1 1 1 1 1 1 
1 1 1 1 1 S 1 1 1 1 
1 0 0 0 0 0 1 0 1 1 
1 0 0 0 F 0 0 0 1 1 
1 0 0 # 0 H 0 0 1 1 
1 # # 0 0 H # H 1 1 
1 0 # # # 1 0 H 1 1 
G 0 0 1 0 0 F F 1 1 
1 F H # 0 0 0 0 1 1 
1 1 1 1 1 1 1 1 1 1 
PR53 PL17 p58 T9

Map10
1 1 1 1 1 1 1 1 1 1 
1 0 0 1 0 0 F 1 1 1 
1 1 1 0 0 0 0 0 1 1 
1 0 H 0 0 1 0 # 1 1 
1 # 0 0 0 0 F 0 1 1 
1 0 # 0 # 0 0 F 1 1 
1 0 1 1 0 0 1 0 1 1 
S 0 0 H # 0 # F 1 1 
1 1 G 1 1 1 1 1 1 1 
1 1 1 1 1 1 1 1 1 1 
PD27 PR32 p15 T6

Map10
1 1 1 1 1 1 1 1 1 1 
1 1 1 1 1 1 G 1 1 1 
1 1 0 1 0 # 0 # F 1 
1 1 0 0 0 0 1 0 0 1 
1 1 0 # # 0 F # 0 1 
1 S 0 1 0 1 0 0 F 1 
1 1 H 0 0 H 0 # H 1 
1 1 H F 0 0 0 0 0 1 
1 1 0 0 0 0 H 0 F 1 
1 1 1 1 1 1 1 1 1 1 
PU62 PR42 p24 T6

Map10
1 1 1 1 1 1 1 1 1 1 
1 1 1 1 1 1 1 1 1 1 
1 1 0 F 0 1 # 0 0 1 
1 1 0 # 0 0 H 1 0 1 
1 G 0 0 0 1 # 0 1 1 
1 1 F 0 F F 0 0 0 1 
1 1 0 # 0 0 # 0 0 1 
1 S F 0 1 0 # F 0 1 
1 1 0 F 0 0 # 0 # 1 
1 1 1 1 1 1 1 1 1 1 
PD44 PD35 p23 T9

Map10
1 1 1 1 1 1 1 1 1 1 
1 1 1 1 1 1 1 1 1 1 
S # 1 # # 0 H 1 1 1 
1 0 0 0 1 0 0 0 G 1 
1 0 0 0 1 0 0 H 1 1 
1 0 0 0 0 # 0 0 1 1 
1 H 0 0 0 H 0 # 1 1 
1 0 # 0 0 # 0 1 1 1 
1 0 0 0 0 0 0 0 1 1 
1 1 1 1 1 1 1 1 1 1 
PD14 PR53 p34 T7

Map10
1 1 1 1 1 1 1 1 1 1 
1 1 0 # 0 0 # 0 0 1 
1 1 0 1 0 1 0 0 1 1 
1 1 0 1 0 0 # 1 # 1 
1 G 0 0 0 H H 0 0 1 
1 1 0 0 1 0 0 0 0 1 
1 1 0 H 0 0 1 F 0 1 
1 1 0 1 0 0 0 0 F 1 
1 1 1 1 1 1 1 S 1 1 
1 1 1 1 1 1 1 1 1 1 
PR74 PR25 p85 T7

Map10
1 1 1 1 1 1 1 1 1 1 
1 1 0 0 0 0 # # 1 1 
1 F 1 # H H 1 0 1 1 
1 1 0 0 0 # 0 H 1 1 
1 1 1 0 0 0 0 0 1 1 
1 0 0 0 0 0 H 0 G 1 
1 0 0 F 0 F 0 0 1 1 
1 1 F H H 0 0 1 1 1 
1 1 1 1 1 S 1 1 1 1 
1 1 1 1 1 1 1 1 1 1 
PR54 PU16 p74 T6

Map10
1 1 1 1 1 1 1 1 1 1 
1 1 1 1 1 1 1 1 1 1 
1 H 0 0 1 0 0 0 1 1 
1 0 0 0 0 0 0 0 1 1 
1 1 0 0 H # 1 0 1 1 
G 0 # H 0 0 # 0 1 1 
1 1 0 0 H 0 0 # S 1 
1 0 # 0 # 0 0 0 1 1 
1 0 0 0 1 # 0 0 1 1 
1 1 1 1 1 1 1 1 1 1 
PD22 PD56 p24 T6

Map10
1 S 1 1 1 1 1 1 1 1 
1 0 0 1 # 0 0 F 1 1 
1 0 0 0 0 0 F 0 1 1 
1 0 0 H 0 0 0 0 1 1 
1 H 0 0 0 0 0 0 1 1 
1 H 0 0 0 H 0 H 1 1 
1 0 1 H 0 0 0 0 1 1 
1 0 0 1 0 0 1 0 1 1 
1 G 1 1 1 1 1 1 1 1 
1 1 1 1 1 1 1 1 1 1 
PL27 PD12 p22 T7

Map10
1 1 1 1 1 1 1 1 1 1 
1 G 0 0 H 0 0 H 0 1 
1 1 0 0 F 0 # 0 0 1 
1 1 0 H # # 0 # 0 1 
1 1 1 0 0 0 0 0 0 1 
1 1 0 1 # F 0 0 1 1 
1 1 0 # F 1 H 0 H 1 
1 S # # 0 0 F 0 0 1 
1 1 1 1 1 1 1 1 1 1 
1 1 1 1 1 1 1 1 1 1 
PR63 PL47 p83 T6

Map10
1 1 1 1 1 1 1 G 1 1 
1 1 0 H 0 0 0 F 0 1 
1 1 F 1 0 # 0 # 0 1 
1 1 H 0 0 0 H 0 1 1 
1 1 0 0 0 # 0 1 0 1 
1 1 F 0 H H 1 0 0 1 
1 1 0 0 0 1 # 1 0 1 
1 1 0 F F 0 # 0 0 1 
1 1 1 1 1 1 S 1 1 1 
1 1 1 1 1 1 1 1 1 1 
PD81 PR27 p82 T6

Map10
1 1 1 1 1 1 1 S 1 1 
1 1 0 H 0 H 0 0 0 1 
1 1 0 0 F 1 H 0 0 1 
1 1 0 0 1 # # F 0 1 
1 1 0 0 0 0 0 1 0 1 
1 1 0 0 # 0 1 0 0 1 
1 1 0 1 1 0 0 H 0 1 
1 G 0 H 0 # # F 0 1 
1 1 1 1 1 1 1 1 1 1 
1 1 1 1 1 1 1 1 1 1 
PD21 PR72 p81 T6

Map10
1 1 1 1 1 G 1 1 1 1 
S 0 0 1 0 0 0 0 1 1 
1 1 0 1 0 0 H # 1 1 
1 0 F 0 0 0 0 0 1 1 
1 0 0 0 0 0 F 0 1 1 
1 0 F 0 0 0 F 0 1 1 
1 0 1 0 0 H 1 0 1 1 
1 1 H 0 0 H 0 0 1 1 
1 1 1 1 1 1 1 1 1 1 
1 1 1 1 1 1 1 1 1 1 
PL11 PD41 p42 T6

Map10
1 1 1 1 1 1 1 1 1 1 
G 0 0 H F 0 0 0 1 1 
1 1 F # H F 0 0 1 1 
1 0 F 1 0 # 0 0 1 1 
1 0 0 F 0 0 1 0 1 1 
1 0 1 0 0 0 0 1 1 1 
1 1 0 0 1 0 0 0 1 1 
1 0 0 0 0 0 0 0 1 1 
1 1 1 1 1 1 S 1 1 1 
1 1 1 1 1 1 1 1 1 1 
PR45 PD43 u24 T6

Map10
1 1 1 1 1 G 1 1 1 1 
1 1 0 0 1 0 0 H H 1 
1 1 0 0 H 0 0 F 0 1 
1 1 1 F 0 F F F 0 1 
1 1 H # 1 0 H 1 F 1 
1 1 1 0 0 F 0 0 0 1 
1 1 0 1 0 H 0 0 0 1 
1 1 0 0 0 0 1 0 0 1 
1 1 S 1 1 1 1 1 1 1 
1 1 1 1 1 1 1 1 1 1 
PL61 PR35 p37 T7

Map10
1 1 1 1 1 1 1 1 1 1 
1 1 1 S 1 1 1 1 1 1 
1 1 0 0 H 0 0 0 0 1 
1 1 1 0 0 0 0 0 0 1 
1 1 0 0 # 0 # 0 0 1 
1 1 0 H 0 0 0 0 # 1 
1 G 0 0 H H 0 0 0 1 
1 1 0 # 0 0 H 0 0 1 
1 1 0 0 H 0 0 0 F 1 
1 1 1 1 1 1 1 1 1 1 
PR22 PL34 p25 T6

Map10
1 1 1 1 1 1 1 1 1 1 
1 1 1 1 1 1 1 S 1 1 
1 1 F 0 1 F # 0 # 1 
1 1 0 0 # # 0 1 0 1 
1 1 0 # 0 0 1 F 0 1 
1 G 0 0 1 1 # 0 # 1 
1 1 F # F 0 0 1 0 1 
1 1 0 0 F 0 0 1 F 1 
1 1 F 0 0 0 0 0 0 1 
1 1 1 1 1 1 1 1 1 1 
PD32 PR38 l35 T6

Map10
1 1 1 1 1 1 1 1 1 1 
1 1 # F 0 # 1 0 0 1 
1 1 F H 0 0 0 0 F 1 
1 G 0 0 0 1 0 0 1 1 
1 1 F 0 0 1 1 0 0 1 
1 1 0 1 1 # 0 # # 1 
1 1 0 0 0 0 # 0 0 1 
1 1 F 0 0 0 0 # 0 1 
1 1 S 1 1 1 1 1 1 1 
1 1 1 1 1 1 1 1 1 1 
PU52 PU44 p42 T6

Map10
1 1 1 1 1 1 1 1 1 1 
1 1 0 # 0 0 # 1 0 1 
1 1 0 0 0 0 F 0 0 1 
1 1 0 F # 0 0 1 0 1 
1 1 0 0 0 0 F F 1 1 
1 G 0 0 1 # 1 H # 1 
1 1 0 0 H 1 H 1 # 1 
1 S 0 F H 0 0 1 0 1 
1 1 1 1 1 1 1 1 1 1 
1 1 1 1 1 1 1 1 1 1 
PR53 PL27 p24 T6

Map10
1 1 1 1 1 1 1 1 1 1 
1 1 1 0 F 0 0 0 # 1 
1 1 H # 1 0 # 0 H 1 
1 1 0 F 0 0 0 0 # 1 
1 1 0 0 0 F 1 H 0 1 
1 1 0 1 # # H 0 0 1 
1 1 0 H 0 0 H 0 0 1 
1 S 0 1 # 0 F 1 1 1 
1 1 1 1 G 1 1 1 1 1 
1 1 1 1 1 1 1 1 1 1 
PD23 PU63 p24 T7

