Map10
1 1 1 1 1 1 1 1 1 1 
1 1 1 1 1 1 1 1 1 1 
1 # 0 1 1 0 0 0 S 1 
1 0 0 1 0 0 1 0 1 1 
G 0 0 1 0 1 0 0 1 1 
1 # F F 0 0 0 1 1 1 
1 0 0 0 # 0 0 0 1 1 
1 1 0 0 0 1 0 0 1 1 
1 0 F 0 0 0 0 0 1 1 
1 1 1 1 1 1 1 1 1 1 
l24 p36 T11

Map10
1 1 1 S 1 1 1 1 1 1 
1 # H 0 0 H 0 0 1 1 
1 0 0 # H H H F 1 1 
1 1 1 0 0 0 0 F G 1 
1 0 0 0 # 0 # # 1 1 
1 # 0 0 0 0 1 0 1 1 
1 0 # 0 1 0 0 0 1 1 
1 H 0 0 0 1 # # 1 1 
1 1 1 1 1 1 1 1 1 1 
1 1 1 1 1 1 1 1 1 1 
r33 p54 T12

Map10
1 1 S 1 1 1 1 1 1 1 
1 1 0 0 0 1 0 0 1 1 
1 1 1 1 0 1 0 0 # 1 
1 1 0 0 0 0 0 F 0 1 
1 1 0 0 0 0 0 0 0 1 
1 1 F F 0 0 1 0 0 1 
1 1 0 0 0 F 0 H 1 1 
1 1 1 0 1 0 0 F 0 1 
1 1 1 1 1 1 G 1 1 1 
1 1 1 1 1 1 1 1 1 1 
d53 D66 T11

Map10
1 1 1 1 1 1 1 1 1 1 
1 0 0 0 # 0 0 0 0 1 
1 0 0 1 0 0 # 0 1 1 
1 0 F # # 0 0 0 # 1 
G 0 0 0 H 0 0 1 0 1 
1 # 0 0 0 0 0 F # 1 
S # 0 0 # 0 0 0 0 1 
1 F # 0 1 0 0 0 0 1 
1 0 # 0 0 0 0 # 1 1 
1 1 1 1 1 1 1 1 1 1 
r13 T12

Map10
1 1 1 1 1 1 1 1 1 1 
1 F 0 0 0 F 0 F 0 1 
1 0 0 0 0 0 H H 0 1 
1 0 0 0 0 0 F 0 0 1 
1 0 0 0 0 0 0 0 0 1 
G 0 0 0 F 0 F 0 1 1 
1 1 0 0 0 0 0 1 0 1 
S # 0 0 0 F 0 F 0 1 
1 0 0 0 0 0 0 F 0 1 
1 1 1 1 1 1 1 1 1 1 
u28 T10

Map10
1 1 1 1 S G 1 1 1 1 
1 0 0 0 0 # 0 0 0 1 
1 0 0 0 0 1 0 0 F 1 
1 # 0 0 1 0 0 1 0 1 
1 # F # 0 0 # 0 # 1 
1 0 0 0 0 0 0 H # 1 
1 0 0 0 0 # 1 0 1 1 
1 0 1 0 0 # 1 # 0 1 
1 1 0 # 1 H 0 0 0 1 
1 1 1 1 1 1 1 1 1 1 
d61 T10

Map10
1 1 G 1 1 1 1 1 1 1 
1 0 # 0 0 0 0 F F 1 
1 0 0 # 1 0 0 0 0 1 
1 0 0 F F F 0 F 0 1 
1 0 H F 0 0 0 0 1 1 
S 0 1 0 0 1 0 0 0 1 
1 0 0 0 H F 0 0 1 1 
1 0 0 0 0 1 0 0 0 1 
1 1 0 0 0 0 0 0 0 1 
1 1 1 1 1 1 1 1 1 1 
d11 T11

Map10
1 1 1 1 1 1 1 1 1 1 
1 0 0 0 0 1 1 # 0 1 
1 # 1 0 0 # 0 0 0 1 
S 0 0 0 0 0 0 0 # 1 
G 0 0 0 F 0 # 0 0 1 
1 0 0 0 0 0 1 0 0 1 
1 0 0 1 0 0 0 # # 1 
1 0 0 H 0 0 1 0 0 1 
1 # # 0 H 0 # 0 0 1 
1 1 1 1 1 1 1 1 1 1 
r15 T12

Map10
1 1 1 1 1 1 1 1 1 1 
1 1 0 0 0 0 1 0 0 1 
1 0 0 0 0 0 0 1 # 1 
1 0 # 0 0 # 0 0 0 1 
S 0 0 0 0 F 0 0 0 1 
G 0 0 0 0 0 0 1 1 1 
1 F 0 0 0 0 0 0 0 1 
1 # 0 0 # F 0 0 # 1 
1 0 0 1 0 0 0 0 0 1 
1 1 1 1 1 1 1 1 1 1 
u64 l24 T10

Map10
1 1 1 1 1 1 1 1 1 1 
1 1 1 G 1 1 1 1 1 1 
1 1 0 0 0 F 0 0 0 1 
1 S # 1 F 0 0 0 1 1 
1 1 F 0 0 F 0 0 F 1 
1 1 0 0 0 0 # F 0 1 
1 1 1 0 0 0 0 0 0 1 
1 1 0 0 0 0 0 0 0 1 
1 1 0 0 0 F 0 0 1 1 
1 1 1 1 1 1 1 1 1 1 
d22 p57 T10

Map10
1 1 1 1 1 1 1 1 1 1 
1 1 1 G 1 1 S 1 1 1 
1 0 0 0 1 H 0 0 1 1 
1 0 0 0 0 1 0 0 1 1 
1 0 1 1 0 0 H 0 1 1 
1 H 0 0 0 # 0 0 1 1 
1 0 1 0 0 0 0 0 1 1 
1 0 0 0 1 0 # 1 1 1 
1 H 0 0 0 0 0 1 1 1 
1 1 1 1 1 1 1 1 1 1 
u46 P63 T10

Map10
1 1 1 1 1 1 1 1 1 1 
1 1 1 1 1 1 G 1 1 1 
1 1 # 0 0 0 F 0 0 1 
1 1 # 0 F 1 0 0 0 1 
1 1 1 0 0 F 0 0 0 1 
1 S # 0 F 1 0 0 0 1 
1 1 0 0 0 1 0 # 0 1 
1 1 0 0 # 0 0 0 1 1 
1 1 0 1 0 1 1 F F 1 
1 1 1 1 1 1 1 1 1 1 
d32 U46 T10

Map10
1 1 1 1 1 G S 1 1 1 
1 0 0 1 F 0 0 0 H 1 
1 0 0 0 0 0 0 # # 1 
1 0 0 0 0 H 0 0 0 1 
1 0 F 0 0 0 1 0 0 1 
1 F 0 0 0 0 1 0 0 1 
1 0 H 0 0 0 0 0 1 1 
1 0 0 0 F 0 0 0 0 1 
1 F 0 0 # F 0 1 1 1 
1 1 1 1 1 1 1 1 1 1 
r12 p62 T10

Map10
1 1 1 1 1 1 1 S 1 1 
1 1 0 0 0 0 # 0 # 1 
1 # 1 0 0 0 0 # 0 1 
1 0 # 0 1 0 H 0 0 1 
1 # 1 1 1 0 0 F 0 1 
1 1 0 0 0 0 0 0 F 1 
G 0 0 1 # 0 0 F 0 1 
1 0 0 0 0 1 # 0 H 1 
1 0 0 0 0 H H 0 0 1 
1 1 1 1 1 1 1 1 1 1 
d51 U73 T10

Map10
1 1 S 1 1 1 1 1 1 1 
1 0 0 H F 0 0 0 0 1 
1 0 # 0 0 0 0 0 0 1 
1 0 0 H 0 0 0 0 H 1 
1 0 H # F 0 1 F 0 1 
1 0 0 0 1 0 0 H F 1 
G 0 0 0 0 0 0 0 0 1 
1 F 0 0 0 0 0 0 0 1 
1 0 0 1 0 0 0 0 0 1 
1 1 1 1 1 1 1 1 1 1 
r15 P23 T11

Map10
1 1 1 1 1 1 S 1 1 1 
1 H 0 1 0 0 # 0 0 1 
1 # 0 F 0 1 F H 0 1 
G 0 # 0 0 0 0 0 0 1 
1 0 0 # # 1 0 0 F 1 
1 0 0 0 0 # 0 1 1 1 
1 1 1 1 0 F 0 0 H 1 
1 # 0 0 0 0 0 0 0 1 
1 0 # # 0 0 0 0 1 1 
1 1 1 1 1 1 1 1 1 1 
l43 p45 T10

Map10
1 1 1 1 1 1 1 G 1 1 
1 1 0 0 0 0 1 0 0 1 
1 1 0 0 0 0 0 0 0 1 
1 1 0 # 0 0 0 1 H 1 
1 1 F 1 0 F 0 0 H 1 
1 1 1 0 1 1 1 0 0 1 
1 1 1 0 0 0 0 0 0 1 
1 1 H 0 # F 0 0 0 1 
1 1 1 1 S 1 1 1 1 1 
1 1 1 1 1 1 1 1 1 1 
r42 p66 T11

Map10
1 1 1 1 1 1 1 1 1 1 
1 1 G 1 1 1 1 1 1 1 
1 0 0 H 0 # # 0 1 1 
1 1 F # F 0 0 0 1 1 
S # 0 0 # 0 0 # 1 1 
1 0 0 0 # 0 0 0 1 1 
1 F 0 0 0 1 0 # 1 1 
1 1 0 1 0 0 0 0 1 1 
1 0 F 0 1 0 0 0 1 1 
1 1 1 1 1 1 1 1 1 1 
r34 p64 T11

Map10
1 1 1 1 1 1 1 1 1 1 
1 H 0 0 0 0 0 0 1 1 
1 0 0 0 0 # 0 0 1 1 
G 0 0 1 # 0 # 1 1 1 
1 0 1 F 0 0 0 # 1 1 
S 0 1 # 1 1 # 1 1 1 
1 0 1 # 0 0 0 0 1 1 
1 0 0 0 0 F 0 0 1 1 
1 1 1 1 1 1 1 1 1 1 
1 1 1 1 1 1 1 1 1 1 
u67 p32 T11

Map10
1 1 G 1 1 1 1 S 1 1 
1 0 0 1 H 0 0 0 0 1 
1 0 0 F 0 1 0 0 F 1 
1 0 0 0 0 0 H F # 1 
1 1 F H 0 0 0 0 0 1 
1 0 0 0 H H F 0 # 1 
1 0 1 0 0 0 0 0 0 1 
1 H 0 1 0 0 0 0 0 1 
1 F 0 # 0 0 0 1 0 1 
1 1 1 1 1 1 1 1 1 1 
l74 P44 T10

Map10
1 1 1 1 1 1 1 G 1 1 
1 0 0 1 0 # 0 0 0 1 
1 0 # 0 F 1 1 0 0 1 
1 0 0 1 # 0 1 0 0 1 
1 0 0 0 F 0 1 0 1 1 
1 0 0 F 0 F 0 0 0 1 
S 0 0 H 0 H 0 0 0 1 
1 0 H F 0 F 0 0 0 1 
1 F 0 0 0 0 F F 1 1 
1 1 1 1 1 1 1 1 1 1 
r14 P26 T11

Map10
1 1 G 1 1 1 1 1 1 1 
1 0 0 0 0 F 0 0 H 1 
S 0 F 0 0 F 0 F 0 1 
1 0 # 1 0 0 F F 0 1 
1 0 1 0 # 1 0 1 F 1 
1 0 0 0 0 0 # 0 F 1 
1 0 0 # 1 0 0 0 0 1 
1 1 # 0 0 0 1 0 # 1 
1 # 0 H 0 F 0 0 0 1 
1 1 1 1 1 1 1 1 1 1 
d11 l86 T15

Map10
1 1 1 1 S 1 G 1 1 1 
1 0 # 0 # 1 0 0 F 1 
1 1 # 1 0 0 0 0 0 1 
1 # # 0 0 F 0 0 0 1 
1 0 1 0 0 0 0 1 0 1 
1 0 0 0 0 0 F 0 0 1 
1 H # 0 F 0 0 0 0 1 
1 0 0 0 0 1 0 0 F 1 
1 0 # 0 # 0 F 0 F 1 
1 1 1 1 1 1 1 1 1 1 
u63 p38 T11

Map10
1 1 1 1 1 1 1 1 1 1 
1 1 # 0 0 0 0 F 0 1 
S 0 0 F F F 0 0 # 1 
1 # 0 # 0 1 1 F H 1 
1 F H # 0 H 0 F 0 1 
G 0 0 # # F 1 0 0 1 
1 0 0 0 1 # H 0 0 1 
1 0 0 0 # H F 0 0 1 
1 0 # 0 0 0 0 1 0 1 
1 1 1 1 1 1 1 1 1 1 
u38 R23 T12

Map10
1 1 1 1 1 1 1 S 1 1 
1 1 0 0 0 0 1 0 1 1 
1 0 0 0 F 1 # 0 0 1 
G 0 F 0 0 1 0 0 # 1 
1 F 1 0 0 0 0 0 F 1 
1 0 # 0 0 H F F 0 1 
1 0 0 0 0 0 0 0 0 1 
1 0 0 0 F 0 0 0 1 1 
1 0 0 0 F 0 0 1 1 1 
1 1 1 1 1 1 1 1 1 1 
u37 p34 T10

Map10
1 1 G 1 1 1 1 1 1 1 
1 1 0 F 0 H 0 0 H 1 
1 1 0 H 0 # F # 0 1 
1 1 1 1 0 # 0 H # 1 
1 1 F 0 1 # 0 0 0 1 
1 S # 0 # 1 0 # 0 1 
1 1 0 0 F 0 0 1 0 1 
1 1 0 0 1 F 0 0 0 1 
1 1 1 1 1 1 1 1 1 1 
1 1 1 1 1 1 1 1 1 1 
r26 L63 T11

Map10
1 1 1 1 S 1 1 1 1 1 
1 0 0 0 0 F 0 0 0 1 
G 0 H # 0 0 0 H 0 1 
1 0 0 0 1 0 # 0 0 1 
1 F 0 0 0 1 0 F 0 1 
1 F 0 1 # 0 F H 0 1 
1 0 0 0 0 # 0 1 0 1 
1 0 # 0 0 0 0 0 1 1 
1 H 0 0 # 0 1 0 # 1 
1 1 1 1 1 1 1 1 1 1 
r11 p83 T11

Map10
1 1 1 1 1 1 S G 1 1 
1 # 0 0 # 0 0 0 0 1 
1 0 # 1 0 0 # 1 F 1 
1 # 0 0 0 0 0 0 # 1 
1 0 0 0 1 H F 0 0 1 
1 1 # 0 0 0 0 0 0 1 
1 0 0 0 0 H H 0 0 1 
1 0 1 0 0 1 0 # 0 1 
1 0 H 0 F 1 0 0 # 1 
1 1 1 1 1 1 1 1 1 1 
l61 L75 T10

Map10
1 1 1 S G 1 1 1 1 1 
1 0 0 0 0 1 1 0 0 1 
1 0 0 0 H 1 1 F 0 1 
1 0 H 0 F 0 0 0 0 1 
1 1 0 0 0 0 0 0 0 1 
1 0 0 F 0 # 0 0 0 1 
1 0 0 0 0 0 F 0 F 1 
1 F 0 1 0 0 0 0 0 1 
1 0 # F 0 0 0 0 0 1 
1 1 1 1 1 1 1 1 1 1 
l84 p24 T11

Map10
1 1 1 1 1 1 S 1 1 1 
1 0 0 0 0 1 0 # 0 1 
1 F # F 0 0 0 0 F 1 
1 1 0 0 0 0 0 0 0 1 
1 0 1 0 1 1 F 0 # 1 
1 0 0 0 0 0 F 0 F 1 
G 0 0 # 0 H # 0 0 1 
1 1 0 0 0 1 0 # 0 1 
1 0 0 0 0 1 1 0 0 1 
1 1 1 1 1 1 1 1 1 1 
l73 p23 T14

Map10
1 1 1 S 1 1 1 1 1 1 
G 0 0 F F 0 0 1 F 1 
1 0 F F 0 F 0 # 1 1 
1 # 0 # # 0 0 0 # 1 
1 # 0 0 F 0 0 0 0 1 
1 0 0 F H 0 H 0 0 1 
1 0 0 0 0 0 # 0 1 1 
1 0 H 0 0 0 0 0 0 1 
1 H 1 0 1 0 0 0 0 1 
1 1 1 1 1 1 1 1 1 1 
r54 p36 T12

Map10
1 1 1 1 1 1 1 1 1 1 
1 1 1 1 1 S 1 1 1 1 
1 1 # # 0 0 0 0 1 1 
1 0 0 0 # 0 0 0 1 1 
1 H 0 0 0 F 0 1 1 1 
1 0 # 1 0 1 0 0 G 1 
1 1 H 0 0 0 0 0 1 1 
1 # 0 # 0 0 0 0 1 1 
1 0 0 0 0 0 H 0 1 1 
1 1 1 1 1 1 1 1 1 1 
d42 L62 T11

Map10
1 1 1 1 1 1 1 1 1 1 
1 1 1 1 1 1 1 1 1 1 
1 0 F 0 1 0 0 0 1 1 
1 0 # F 0 0 0 F 1 1 
1 0 F 0 0 0 0 # 1 1 
1 1 0 0 # # H 0 1 1 
G # H 0 1 # # 0 S 1 
1 0 0 0 # F 0 1 1 1 
1 1 0 1 F F F 0 1 1 
1 1 1 1 1 1 1 1 1 1 
d34 p54 T11

Map10
1 1 G 1 1 1 1 1 1 1 
1 H F 1 0 0 # 0 1 1 
1 0 0 F 0 0 F 0 1 1 
1 0 0 1 F # 0 F 1 1 
1 # # F 0 H H 0 1 1 
1 H 0 0 # 1 0 0 S 1 
1 # 0 0 0 F 0 1 1 1 
1 1 1 0 0 0 0 1 1 1 
1 1 1 1 1 1 1 1 1 1 
1 1 1 1 1 1 1 1 1 1 
l44 P12 T10

Map10
1 1 1 1 1 1 1 1 1 1 
1 1 S 1 1 1 1 1 1 1 
1 1 0 0 0 F 0 0 0 1 
1 1 1 0 H 0 0 1 0 1 
1 1 0 0 0 1 0 0 0 1 
1 1 0 0 0 0 0 0 0 1 
1 G 0 0 F 0 1 0 0 1 
1 1 0 0 F F 1 F # 1 
1 1 F 0 1 0 0 0 1 1 
1 1 1 1 1 1 1 1 1 1 
l56 p85 T12

Map10
1 1 1 1 1 1 1 1 1 1 
1 1 0 F 0 0 0 0 0 1 
1 1 0 0 0 0 # 0 1 1 
1 1 F 0 0 1 0 0 0 1 
1 1 0 1 0 0 1 0 0 1 
1 1 0 H F 0 0 F 1 1 
1 1 0 0 0 1 0 0 0 1 
1 1 0 1 0 1 0 0 0 1 
1 1 1 1 G 1 S 1 1 1 
1 1 1 1 1 1 1 1 1 1 
u77 p25 T10

Map10
1 G 1 1 1 1 1 1 1 1 
1 0 0 # H 0 0 0 1 1 
1 1 1 0 H 1 # H 1 1 
1 1 0 0 F 1 0 0 1 1 
1 0 0 0 F 0 0 0 1 1 
1 0 0 0 0 0 H # 1 1 
S 0 0 1 F 0 0 0 1 1 
1 H 0 0 0 # 0 H 1 1 
1 1 1 1 1 1 1 1 1 1 
1 1 1 1 1 1 1 1 1 1 
u34 P67 T10

