Level73//removed decent maps
1 1 S 1 1 1 1 1 
1 0 0 0 0 1 0 1 
1 # 0 0 0 0 0 1 
1 0 0 0 1 0 0 1 
1 # 0 0 0 F # 1 
1 1 0 1 0 1 0 1 
1 0 H F 0 1 0 1 
1 1 1 1 G 1 1 1 
P34 P65 R11 T6

Level77//fix or bye
1 1 1 1 1 1 1 1 
1 1 0 0 0 0 0 1 
1 1 1 0 1 0 0 S 
1 1 # H 0 0 0 1 
1 1 0 H 0 F # G 
1 1 1 0 H 0 # 1 
1 1 1 1 1 1 1 1 
1 1 1 1 1 1 1 1 
U63 D41 T6

Level89//too easy
1 1 1 1 1 1 1 1 
1 1 1 1 1 1 1 1 
1 1 0 1 0 F 1 1 
1 1 F 0 0 0 G 1 
1 1 0 0 0 0 S 1 
1 1 1 0 F 1 1 1 
1 1 1 1 1 1 1 1 
1 1 1 1 1 1 1 1 
p44 T4