Map8
1 1 1 1 1 1 1 1 
1 1 1 G 1 1 1 1 
1 1 0 0 1 1 1 1 
1 1 0 0 0 0 1 1 
1 1 0 H 0 0 1 1 
1 1 0 0 0 0 1 1 
1 1 1 S 1 1 1 1 
1 1 1 1 1 1 1 1 
R25 T6

Map8
1 1 1 1 1 1 1 1 
1 1 1 1 1 1 1 1 
1 1 0 0 0 0 1 1 
1 1 # 0 0 0 1 1 
1 1 0 H 0 0 S 1 
1 1 0 0 0 0 1 1 
1 1 1 1 G 1 1 1 
1 1 1 1 1 1 1 1 
U55 T5

Map8
1 1 1 1 1 1 1 1 
1 1 1 S 1 1 1 1 
1 1 0 0 0 0 1 1 
1 G 0 H 0 0 1 1 
1 1 0 0 0 0 1 1 
1 1 0 0 0 0 1 1 
1 1 1 1 1 1 1 1 
1 1 1 1 1 1 1 1 
R22 T5

Map8
1 1 1 1 1 1 1 1 
1 1 1 1 1 1 1 1 
1 1 0 0 0 0 1 1 
1 1 0 0 H 0 1 1 
1 1 0 0 0 0 1 1 
1 1 0 1 0 0 1 1 
1 1 G 1 S 1 1 1 
1 1 1 1 1 1 1 1 
R34 T4

Map8
1 1 1 1 1 1 1 1 
1 1 1 1 1 1 1 1 
1 1 0 0 0 0 1 1 
1 1 0 H 0 0 1 1 
1 G 0 0 0 0 1 1 
1 1 0 0 # # 1 1 
1 1 1 S 1 1 1 1 
1 1 1 1 1 1 1 1 
R25 T5

Map8
1 1 1 1 1 1 1 1 
1 1 1 1 1 1 1 1 
1 1 0 0 0 0 1 1 
1 1 0 0 H 0 G 1 
1 1 0 0 0 0 1 1 
1 1 0 0 0 0 1 1 
1 1 1 1 S 1 1 1 
1 1 1 1 1 1 1 1 
L54 T5

Map8
1 1 1 1 1 1 1 1 
1 1 1 S 1 1 1 1 
1 1 0 0 0 0 1 1 
1 1 0 # 0 0 1 1 
1 1 0 0 0 H 1 1 
1 G 0 H # H 1 1 
1 1 1 1 1 1 1 1 
1 1 1 1 1 1 1 1 
U34 T4

Map8
1 1 1 1 1 1 1 1 
1 1 1 1 G 1 1 1 
1 1 0 0 0 0 1 1 
1 1 0 H 0 0 S 1 
1 1 0 0 0 0 1 1 
1 1 0 0 0 0 1 1 
1 1 1 1 1 1 1 1 
1 1 1 1 1 1 1 1 
D52 T5

Map8
1 1 1 1 1 1 1 1 
1 1 1 1 G 1 1 1 
1 1 0 0 0 0 1 1 
1 1 0 H 0 0 S 1 
1 1 0 0 0 0 1 1 
1 1 0 0 0 0 1 1 
1 1 1 1 1 1 1 1 
1 1 1 1 1 1 1 1 
D52 T5

Map8
1 1 1 1 1 1 1 1 
1 1 1 1 G 1 1 1 
1 S 0 1 0 0 1 1 
1 1 0 0 0 1 1 1 
1 1 0 0 0 0 1 1 
1 1 0 0 0 H 1 1 
1 1 1 1 1 1 1 1 
1 1 1 1 1 1 1 1 
U45 T6

Map8
1 1 1 1 1 1 1 1 
1 1 1 S 1 1 1 1 
1 1 0 0 0 0 1 1 
1 1 0 H 0 0 1 1 
1 1 0 0 0 0 1 1 
1 1 0 0 0 0 1 1 
1 1 G 1 1 1 1 1 
1 1 1 1 1 1 1 1 
R22 T4

Map8
1 1 1 1 1 1 1 1 
1 1 1 1 1 1 1 1 
1 1 0 0 0 1 1 1 
1 1 0 0 0 0 1 1 
1 G 0 0 H 0 1 1 
1 1 1 0 0 0 1 1 
1 1 1 1 S 1 1 1 
1 1 1 1 1 1 1 1 
R35 T5

Map8
1 1 1 1 1 1 1 1 
1 1 1 1 1 1 1 1 
1 1 0 0 0 0 1 1 
1 S 0 H 0 0 1 1 
1 1 0 0 0 0 G 1 
1 1 0 0 0 1 1 1 
1 1 1 1 1 1 1 1 
1 1 1 1 1 1 1 1 
D22 T6

Map8
1 1 1 1 1 1 1 1 
1 1 1 1 S 1 1 1 
1 1 0 0 0 0 1 1 
1 1 0 0 H 0 1 1 
1 1 0 0 0 0 1 1 
1 1 0 0 0 # 1 1 
1 1 1 1 1 G 1 1 
1 1 1 1 1 1 1 1 
L52 T4

Map8
1 1 1 1 1 1 1 1 
1 1 G 1 1 1 1 1 
1 1 0 0 0 0 1 1 
1 1 0 0 H 0 1 1 
1 1 H 0 0 0 1 1 
1 1 0 0 0 0 1 1 
1 1 1 1 S 1 1 1 
1 1 1 1 1 1 1 1 
R34 T4

Map8
1 1 1 1 1 1 1 1 
1 1 1 1 1 G 1 1 
1 1 0 0 0 0 1 1 
1 1 0 0 H 0 1 1 
1 1 # H H 0 1 1 
1 1 0 0 0 0 1 1 
1 1 1 1 S 1 1 1 
1 1 1 1 1 1 1 1 
L55 T4

Map8
1 1 1 1 1 1 1 1 
1 1 1 1 1 1 1 1 
1 1 0 0 0 0 1 1 
1 1 0 1 0 0 1 1 
1 S 0 H 0 0 1 1 
1 1 0 0 0 0 1 1 
1 1 1 G 1 1 1 1 
1 1 1 1 1 1 1 1 
U25 T5

Map8
1 1 1 1 1 1 1 1 
1 1 1 S G 1 1 1 
1 1 0 0 0 0 1 1 
1 1 0 0 0 0 1 1 
1 1 # 0 0 0 1 1 
1 1 0 H 0 1 1 1 
1 1 1 1 1 1 1 1 
1 1 1 1 1 1 1 1 
U34 T5

Map8
1 1 1 1 1 1 1 1 
1 1 1 1 1 1 1 1 
1 1 0 0 0 0 1 1 
1 1 0 H # 0 S 1 
1 1 0 0 0 0 1 1 
1 1 0 0 0 # G 1 
1 1 1 1 1 1 1 1 
1 1 1 1 1 1 1 1 
U44 T4

Map8
1 1 1 1 1 1 1 1 
1 1 1 1 G 1 1 1 
1 1 1 # 0 0 1 1 
1 1 0 0 0 0 1 1 
1 1 0 0 0 0 1 1 
1 1 0 # # 0 1 1 
1 1 1 1 1 S 1 1 
1 1 1 1 1 1 1 1 
D53 T5

Map8
1 1 1 1 1 1 1 1 
1 1 1 1 S 1 1 1 
1 1 0 0 0 # 1 1 
1 1 # 0 H 0 1 1 
1 1 # 0 0 0 1 1 
1 1 0 0 0 0 1 1 
1 1 G 1 1 1 1 1 
1 1 1 1 1 1 1 1 
R32 T4

Map8
1 1 1 1 1 1 1 1 
1 1 1 1 1 1 1 1 
1 1 0 0 0 1 1 1 
1 G 0 0 0 0 1 1 
1 S 0 H 0 0 1 1 
1 1 0 0 0 0 1 1 
1 1 1 1 1 1 1 1 
1 1 1 1 1 1 1 1 
U25 T6

Map8
1 1 1 1 1 1 1 1 
1 1 1 1 S 1 1 1 
1 1 1 0 0 0 1 1 
1 G 0 0 H 0 1 1 
1 1 0 0 1 # 1 1 
1 1 0 0 H 0 1 1 
1 1 1 1 1 1 1 1 
1 1 1 1 1 1 1 1 
L52 T5

Map8
1 1 1 1 1 1 1 1 
1 1 1 1 1 1 1 1 
1 1 0 0 0 0 1 1 
1 1 0 0 0 0 1 1 
1 1 0 0 H 0 1 1 
1 1 0 0 0 0 1 1 
1 1 G 1 S 1 1 1 
1 1 1 1 1 1 1 1 
R35 T4

Map8
1 1 1 1 1 1 1 1 
1 1 1 1 1 1 1 1 
1 1 1 # 0 H 1 1 
1 G 0 0 0 0 1 1 
1 1 # 0 0 0 1 1 
1 1 0 0 0 0 1 1 
1 1 1 1 1 S 1 1 
1 1 1 1 1 1 1 1 
L53 T4

Map8
1 1 1 1 1 1 1 1 
1 1 1 1 1 G 1 1 
1 1 0 0 H 0 1 1 
1 1 1 0 0 0 1 1 
1 1 0 1 0 0 1 1 
1 1 0 0 0 1 1 1 
1 1 1 S 1 1 1 1 
1 1 1 1 1 1 1 1 
R33 T4

Map8
1 1 1 1 1 1 1 1 
1 1 1 1 G 1 1 1 
1 1 0 0 0 0 1 1 
1 S 0 0 H 0 1 1 
1 1 0 0 0 0 1 1 
1 1 0 0 0 # 1 1 
1 1 1 1 1 1 1 1 
1 1 1 1 1 1 1 1 
D32 T5

Map8
1 1 1 1 1 1 1 1 
1 1 G 1 1 1 1 1 
1 1 0 0 # 0 1 1 
1 1 H 0 0 0 1 1 
1 1 0 0 H # 1 1 
1 1 0 0 0 0 1 1 
1 1 1 1 S 1 1 1 
1 1 1 1 1 1 1 1 
R35 T4

Map8
1 1 1 1 1 1 1 1 
1 1 1 S 1 1 1 1 
1 1 0 0 # 0 1 1 
1 1 0 # 0 0 1 1 
1 1 0 H H 0 1 1 
1 1 0 H 0 0 G 1 
1 1 1 1 1 1 1 1 
1 1 1 1 1 1 1 1 
L43 T5

Map8
1 1 1 1 1 1 1 1 
1 1 1 1 1 G 1 1 
1 1 0 0 0 0 1 1 
1 1 0 0 0 0 1 1 
1 1 0 H H 0 1 1 
1 1 0 0 0 0 1 1 
1 1 1 S 1 1 1 1 
1 1 1 1 1 1 1 1 
L45 T4

Map8
1 1 1 1 1 1 1 1 
1 1 1 1 1 1 1 1 
1 1 0 0 # 0 1 1 
1 1 0 0 H 0 S 1 
1 1 0 0 0 0 1 1 
1 1 0 0 0 0 G 1 
1 1 1 1 1 1 1 1 
1 1 1 1 1 1 1 1 
U54 T4

Map8
1 1 1 1 1 1 1 1 
1 1 1 1 1 1 1 1 
1 1 1 0 0 0 1 1 
1 1 0 # 0 0 1 1 
1 G 0 0 0 0 1 1 
1 1 H 0 0 0 S 1 
1 1 1 1 1 1 1 1 
1 1 1 1 1 1 1 1 
R35 T5

Map8
1 1 1 1 1 1 1 1 
1 1 1 1 S 1 1 1 
1 G 0 H 0 0 1 1 
1 1 0 0 0 0 1 1 
1 1 0 0 H 0 1 1 
1 1 0 0 0 0 1 1 
1 1 1 1 1 1 1 1 
1 1 1 1 1 1 1 1 
R33 T5

Map8
1 1 1 1 1 1 1 1 
1 1 1 S 1 1 1 1 
1 1 0 0 0 0 1 1 
1 1 0 H 0 0 1 1 
1 1 0 0 0 0 1 1 
1 1 0 0 0 0 1 1 
1 1 G 1 1 1 1 1 
1 1 1 1 1 1 1 1 
R22 T4

Map8
1 1 1 1 1 1 1 1 
1 1 1 1 1 1 1 1 
1 1 0 H 0 0 G 1 
1 S 0 0 H 0 1 1 
1 1 0 1 0 0 1 1 
1 1 0 0 # 0 1 1 
1 1 1 1 1 1 1 1 
1 1 1 1 1 1 1 1 
D22 T4

Map8
1 1 1 1 1 1 1 1 
1 1 1 1 S 1 1 1 
1 1 # 0 0 0 1 1 
1 1 0 0 H 0 1 1 
1 1 H 0 0 0 1 1 
1 1 # 0 0 0 1 1 
1 1 G 1 1 1 1 1 
1 1 1 1 1 1 1 1 
R32 T4

Map8
1 1 1 1 1 1 1 1 
1 1 1 1 1 1 1 1 
1 1 0 0 0 0 1 1 
1 1 0 H H 0 1 1 
1 1 0 0 H 0 S 1 
1 1 0 0 0 0 1 1 
1 1 1 1 G 1 1 1 
1 1 1 1 1 1 1 1 
U55 T5

Map8
1 1 1 1 1 1 1 1 
1 1 1 1 1 1 1 1 
1 1 0 0 0 0 1 1 
1 S 0 0 H 0 1 1 
1 1 1 0 1 0 1 1 
1 1 0 0 0 0 1 1 
1 1 G 1 1 1 1 1 
1 1 1 1 1 1 1 1 
U34 T5

Map8
1 1 1 1 1 1 1 1 
1 1 1 G 1 1 1 1 
1 1 0 0 0 0 1 1 
1 S 0 H 0 0 1 1 
1 1 0 0 0 0 1 1 
1 1 0 0 0 0 1 1 
1 1 1 1 1 1 1 1 
1 1 1 1 1 1 1 1 
D22 T5

Map8
1 1 1 1 1 1 1 1 
1 1 1 1 1 1 1 1 
1 1 0 0 0 # 1 1 
1 1 # 0 0 0 1 1 
1 G 0 0 H 0 1 1 
1 1 0 0 0 0 S 1 
1 1 1 1 1 1 1 1 
1 1 1 1 1 1 1 1 
R25 T5

Map8
1 1 1 1 1 1 1 1 
1 1 1 1 1 1 1 1 
1 1 0 # 0 0 1 1 
1 S 0 H 0 0 1 1 
1 1 0 # 0 0 1 1 
1 1 0 0 0 0 G 1 
1 1 1 1 1 1 1 1 
1 1 1 1 1 1 1 1 
U24 T4

Map8
1 1 1 1 1 1 1 1 
1 1 1 1 1 1 1 1 
1 S 0 0 1 0 G 1 
1 1 0 0 0 0 1 1 
1 1 0 0 0 0 1 1 
1 1 0 H 0 0 1 1 
1 1 1 1 1 1 1 1 
1 1 1 1 1 1 1 1 
R23 T4

Map8
1 1 1 1 1 1 1 1 
1 1 1 1 1 1 1 1 
1 G 0 1 0 0 1 1 
1 1 0 0 0 0 1 1 
1 1 0 H 0 0 S 1 
1 1 0 0 0 0 1 1 
1 1 1 1 1 1 1 1 
1 1 1 1 1 1 1 1 
D43 T4

Map8
1 1 1 1 1 1 1 1 
1 1 1 1 S 1 1 1 
1 1 0 # 0 0 1 1 
1 1 # 0 H 0 G 1 
1 1 0 0 0 0 1 1 
1 1 0 0 0 0 1 1 
1 1 1 1 1 1 1 1 
1 1 1 1 1 1 1 1 
L52 T5

Map8
1 1 1 1 1 1 1 1 
1 1 1 1 1 1 1 1 
1 1 0 0 0 0 G 1 
1 1 0 0 1 H 1 1 
1 1 # 0 0 0 1 1 
1 1 1 1 0 0 1 1 
1 1 1 1 1 S 1 1 
1 1 1 1 1 1 1 1 
L54 T5

Map8
1 1 1 1 1 1 1 1 
1 1 1 1 1 1 1 1 
1 G 0 H 0 0 1 1 
1 1 0 0 0 0 1 1 
1 1 0 # 0 H 1 1 
1 1 0 0 0 0 1 1 
1 1 1 S 1 1 1 1 
1 1 1 1 1 1 1 1 
D33 T4

Map8
1 1 1 1 1 1 1 1 
1 1 1 1 1 1 1 1 
1 1 0 0 0 0 1 1 
1 1 0 0 0 0 1 1 
1 S 0 H 0 0 1 1 
1 1 0 0 0 0 1 1 
1 1 1 G 1 1 1 1 
1 1 1 1 1 1 1 1 
U25 T5

Map8
1 1 1 1 1 1 1 1 
1 1 1 1 1 1 1 1 
1 G 0 1 1 1 1 1 
1 1 0 0 0 0 1 1 
1 1 0 H 0 0 S 1 
1 1 0 0 0 0 1 1 
1 1 1 1 1 1 1 1 
1 1 1 1 1 1 1 1 
U45 T4

Map8
1 1 1 1 1 1 1 1 
1 1 1 1 1 1 1 1 
1 S 0 0 1 0 G 1 
1 1 0 0 0 0 1 1 
1 1 0 0 0 0 1 1 
1 1 0 H 0 0 1 1 
1 1 1 1 1 1 1 1 
1 1 1 1 1 1 1 1 
R23 T4

Map8
1 1 1 1 1 1 1 1 
1 1 1 1 1 1 1 1 
1 1 # 0 0 0 1 1 
1 S 0 H 0 0 1 1 
1 1 0 0 0 0 1 1 
1 G 0 0 0 # 1 1 
1 1 1 1 1 1 1 1 
1 1 1 1 1 1 1 1 
U24 T4

Map8
1 1 1 1 1 1 1 1 
1 1 1 1 S 1 1 1 
1 1 0 0 # 0 1 1 
1 1 0 0 0 H 1 1 
1 1 0 0 H # 1 1 
1 1 0 0 0 0 1 1 
1 1 1 1 1 G 1 1 
1 1 1 1 1 1 1 1 
L52 T4

Map8
1 1 1 1 1 1 1 1 
1 1 1 G 1 1 1 1 
1 1 1 0 0 0 1 1 
1 1 0 0 0 0 1 1 
1 S 0 H 0 # 1 1 
1 1 # 0 0 0 1 1 
1 1 1 1 1 1 1 1 
1 1 1 1 1 1 1 1 
D23 T5

Map8
1 1 1 1 1 1 1 1 
1 1 G 1 1 1 1 1 
1 1 0 0 1 0 1 1 
1 1 1 0 0 1 1 1 
1 1 0 0 0 0 1 1 
1 1 0 0 0 0 1 1 
1 1 S 1 1 1 1 1 
1 1 1 1 1 1 1 1 
U35 T4

Map8
1 1 1 1 1 1 1 1 
1 1 1 S 1 1 1 1 
1 1 0 0 0 1 1 1 
1 1 1 H 0 0 G 1 
1 1 0 0 # 0 1 1 
1 1 1 0 0 0 1 1 
1 1 1 1 1 1 1 1 
1 1 1 1 1 1 1 1 
R22 T5

Map8
1 1 1 1 1 1 1 1 
1 1 1 S 1 1 1 1 
1 1 0 0 0 0 1 1 
1 1 0 H 0 # 1 1 
1 1 0 0 0 H 1 1 
1 1 0 0 0 0 1 1 
1 1 1 1 1 G 1 1 
1 1 1 1 1 1 1 1 
L42 T4

Map8
1 1 1 1 1 1 1 1 
1 1 1 S 1 1 1 1 
1 1 0 0 # 1 1 1 
1 1 0 H 0 # G 1 
1 1 # 1 0 0 1 1 
1 1 0 0 0 0 1 1 
1 1 1 1 1 1 1 1 
1 1 1 1 1 1 1 1 
R22 T5

Map8
1 1 1 1 1 1 1 1 
1 1 1 1 G 1 1 1 
1 1 0 0 0 0 1 1 
1 S 0 0 H 0 1 1 
1 1 0 0 0 0 1 1 
1 1 0 0 0 0 1 1 
1 1 1 1 1 1 1 1 
1 1 1 1 1 1 1 1 
D32 T5

Map8
1 1 1 1 1 1 1 1 
1 1 1 1 S 1 1 1 
1 1 0 0 0 0 1 1 
1 1 0 H # 0 1 1 
1 1 0 0 H 0 1 1 
1 1 0 0 0 0 1 1 
1 1 G 1 1 1 1 1 
1 1 1 1 1 1 1 1 
R32 T4

Map8
1 1 1 1 1 1 1 1 
1 1 1 1 1 1 1 1 
1 1 0 0 0 0 1 1 
1 1 0 H 0 0 1 1 
1 1 0 H # 0 S 1 
1 1 0 0 0 0 1 1 
1 1 1 G 1 1 1 1 
1 1 1 1 1 1 1 1 
U45 T5

Map8
1 1 1 1 1 1 1 1 
1 1 1 1 S 1 1 1 
1 1 0 0 0 0 1 1 
1 1 0 0 0 0 1 1 
1 1 0 0 H 0 G 1 
1 1 0 0 0 0 1 1 
1 1 1 1 1 1 1 1 
1 1 1 1 1 1 1 1 
L53 T5

Map8
1 1 1 1 1 1 1 1 
1 1 1 1 S 1 1 1 
1 1 0 0 0 0 1 1 
1 1 1 0 0 0 1 1 
1 1 0 0 H 0 1 1 
1 1 0 0 0 0 1 1 
1 1 G 1 1 1 1 1 
1 1 1 1 1 1 1 1 
L53 T4

Map8
1 1 1 1 1 1 1 1 
1 1 1 1 G 1 1 1 
1 1 0 0 0 0 1 1 
1 1 0 0 H 0 S 1 
1 1 0 0 0 0 1 1 
1 1 0 0 0 0 1 1 
1 1 1 1 1 1 1 1 
1 1 1 1 1 1 1 1 
D52 T5

Map8
1 1 1 1 1 1 1 1 
1 1 1 1 1 1 1 1 
1 G 0 1 0 0 S 1 
1 1 0 0 0 1 1 1 
1 1 0 0 0 0 1 1 
1 1 0 0 H 0 1 1 
1 1 1 1 1 1 1 1 
1 1 1 1 1 1 1 1 
L54 T4

Map8
1 1 1 1 1 1 1 1 
1 1 1 1 1 1 1 1 
1 1 0 0 0 0 1 1 
1 1 0 0 1 0 1 1 
1 S 0 0 H 0 1 1 
1 1 1 0 0 0 1 1 
1 1 1 1 G 1 1 1 
1 1 1 1 1 1 1 1 
U35 T5

Map8
1 1 1 1 1 1 1 1 
1 1 1 1 G 1 1 1 
1 1 0 0 0 0 1 1 
1 1 0 H 0 0 S 1 
1 1 0 0 0 0 1 1 
1 1 0 0 0 0 1 1 
1 1 1 1 1 1 1 1 
1 1 1 1 1 1 1 1 
D52 T5

Map8
1 1 1 1 1 1 1 1 
1 1 1 1 1 1 1 1 
1 1 0 0 0 0 1 1 
1 1 # 0 H 0 1 1 
1 1 0 0 0 0 G 1 
1 1 0 0 0 0 1 1 
1 1 1 1 S 1 1 1 
1 1 1 1 1 1 1 1 
L55 T5

Map8
1 1 1 1 1 1 1 1 
1 1 G 1 1 1 1 1 
1 1 0 0 0 0 1 1 
1 1 0 0 H 0 1 1 
1 1 0 H 0 0 1 1 
1 1 0 0 0 0 1 1 
1 1 1 S 1 1 1 1 
1 1 1 1 1 1 1 1 
R25 T4

Map8
1 1 1 1 1 1 1 1 
1 1 1 1 1 1 1 1 
1 1 0 0 0 0 1 1 
1 1 0 H 0 0 1 1 
1 G 0 0 0 0 1 1 
1 1 0 0 0 0 1 1 
1 1 1 S 1 1 1 1 
1 1 1 1 1 1 1 1 
R25 T5

Map8
1 1 1 1 1 1 1 1 
1 1 1 G 1 1 1 1 
1 1 1 0 0 0 1 1 
1 1 0 0 0 0 1 1 
1 S 0 H 0 0 1 1 
1 1 0 1 0 0 1 1 
1 1 1 1 1 1 1 1 
1 1 1 1 1 1 1 1 
U25 T5

Map8
1 1 1 1 1 1 1 1 
1 1 1 1 1 G 1 1 
1 1 0 0 0 0 1 1 
1 1 0 0 1 0 1 1 
1 1 0 H 0 0 1 1 
1 1 0 0 0 0 1 1 
1 1 1 S 1 1 1 1 
1 1 1 1 1 1 1 1 
L45 T4

Map8
1 1 1 1 1 1 1 1 
1 1 1 1 S 1 1 1 
1 1 0 0 0 0 1 1 
1 1 0 0 0 0 G 1 
1 1 0 # H 0 1 1 
1 1 0 0 0 0 1 1 
1 1 1 1 1 1 1 1 
1 1 1 1 1 1 1 1 
L52 T5

Map8
1 1 1 1 1 1 1 1 
1 1 G 1 1 1 1 1 
1 1 0 0 0 0 1 1 
1 1 0 0 0 0 1 1 
1 1 0 0 H 0 1 1 
1 1 0 0 0 0 1 1 
1 1 1 1 S 1 1 1 
1 1 1 1 1 1 1 1 
R35 T4

Map8
1 1 1 1 1 1 1 1 
1 1 1 1 1 1 1 1 
1 1 0 0 0 0 G 1 
1 1 0 0 0 0 1 1 
1 1 0 0 H # S 1 
1 1 0 0 0 0 1 1 
1 1 1 1 1 1 1 1 
1 1 1 1 1 1 1 1 
D53 T4

Map8
1 1 1 1 1 1 1 1 
1 1 1 1 1 1 1 1 
1 1 0 0 0 0 1 1 
1 1 0 0 0 0 1 1 
1 S 0 H 0 0 1 1 
1 1 0 0 0 0 1 1 
1 1 1 G 1 1 1 1 
1 1 1 1 1 1 1 1 
U25 T5

Map8
1 1 1 1 1 1 1 1 
1 1 1 1 1 1 1 1 
1 S 0 0 1 0 G 1 
1 1 0 0 0 0 1 1 
1 1 0 # # 1 1 1 
1 1 0 0 0 # 1 1 
1 1 1 1 1 1 1 1 
1 1 1 1 1 1 1 1 
R23 T4

Map8
1 1 1 1 1 1 1 1 
1 1 1 1 1 1 1 1 
1 1 0 0 0 # 1 1 
1 1 0 0 1 0 G 1 
1 S 0 0 0 0 1 1 
1 1 0 0 0 0 1 1 
1 1 1 1 1 1 1 1 
1 1 1 1 1 1 1 1 
L54 T5

Map8
1 1 1 1 1 1 1 1 
1 1 1 1 1 1 1 1 
1 G 0 1 0 H 1 1 
1 1 0 0 0 0 1 1 
1 1 0 0 H # S 1 
1 1 0 0 0 0 1 1 
1 1 1 1 1 1 1 1 
1 1 1 1 1 1 1 1 
D53 T4

Map8
1 1 1 1 1 1 1 1 
1 1 1 S 1 1 1 1 
1 1 0 0 0 0 1 1 
1 G 0 H 0 0 1 1 
1 1 0 0 0 0 1 1 
1 1 0 0 0 0 1 1 
1 1 1 1 1 1 1 1 
1 1 1 1 1 1 1 1 
R22 T5

Map8
1 1 1 1 1 1 1 1 
1 1 1 1 S 1 1 1 
1 1 0 0 0 0 1 1 
1 1 0 0 0 0 1 1 
1 1 0 0 H 0 G 1 
1 1 # 0 0 0 1 1 
1 1 1 1 1 1 1 1 
1 1 1 1 1 1 1 1 
L53 T5

Map8
1 1 1 1 1 1 1 1 
1 1 1 S 1 1 1 1 
1 1 0 # 0 1 1 1 
1 1 0 H 0 0 G 1 
1 1 0 0 0 0 1 1 
1 1 0 0 0 0 1 1 
1 1 1 1 1 1 1 1 
1 1 1 1 1 1 1 1 
L42 T5

Map8
1 1 1 1 1 1 1 1 
1 1 1 G 1 1 1 1 
1 1 1 0 0 0 1 1 
1 1 H 0 0 0 1 1 
1 1 0 1 H 0 1 1 
1 1 0 0 0 0 1 1 
1 1 1 1 S 1 1 1 
1 1 1 1 1 1 1 1 
R35 T4

Map8
1 1 1 1 1 1 1 1 
1 1 1 S 1 1 1 1 
1 1 0 0 0 0 1 1 
1 1 0 0 0 1 1 1 
1 1 0 H 0 0 1 1 
1 1 0 0 0 0 1 1 
1 1 1 1 1 G 1 1 
1 1 1 1 1 1 1 1 
L42 T4

Map8
1 1 1 1 1 1 1 1 
1 1 1 1 1 1 1 1 
1 G 0 0 0 H 1 1 
1 1 0 0 0 0 1 1 
1 1 0 H 0 0 S 1 
1 1 0 0 0 H 1 1 
1 1 1 1 1 1 1 1 
1 1 1 1 1 1 1 1 
D43 T4

Map8
1 1 1 1 1 1 1 1 
1 1 1 S 1 1 1 1 
1 1 0 # 0 0 1 1 
1 1 0 0 0 0 1 1 
1 G 0 H 0 0 1 1 
1 1 0 # 0 0 1 1 
1 1 1 1 1 1 1 1 
1 1 1 1 1 1 1 1 
R23 T5

Map8
1 1 1 1 1 1 1 1 
1 1 1 G 1 1 1 1 
1 1 1 0 0 0 1 1 
1 1 0 0 0 0 1 1 
1 1 0 0 0 0 1 1 
1 S 0 0 H 0 1 1 
1 1 1 1 1 1 1 1 
1 1 1 1 1 1 1 1 
U35 T6

Map8
1 1 1 1 1 1 1 1 
1 1 1 G 1 1 1 1 
1 1 0 0 0 0 1 1 
1 S 0 H 0 0 1 1 
1 1 # # H # 1 1 
1 1 0 0 0 0 1 1 
1 1 1 1 1 1 1 1 
1 1 1 1 1 1 1 1 
D22 T5

Map8
1 1 1 1 1 1 1 1 
1 1 1 1 1 1 1 1 
1 G 0 0 0 0 1 1 
1 1 0 0 H 0 S 1 
1 1 0 0 0 0 1 1 
1 1 0 0 0 0 1 1 
1 1 1 1 1 1 1 1 
1 1 1 1 1 1 1 1 
D52 T4

Map8
1 1 1 1 1 1 1 1 
1 1 1 1 G 1 1 1 
1 1 0 # 0 0 1 1 
1 1 0 0 0 # 1 1 
1 S 0 H 0 0 1 1 
1 1 0 1 0 0 1 1 
1 1 1 1 1 1 1 1 
1 1 1 1 1 1 1 1 
U25 T5

Map8
1 1 1 1 1 1 1 1 
1 1 S 1 1 G 1 1 
1 1 0 0 # 0 1 1 
1 1 # 0 1 0 1 1 
1 1 0 # 0 0 1 1 
1 1 H 0 0 0 1 1 
1 1 1 1 1 1 1 1 
1 1 1 1 1 1 1 1 
R24 T4

Map8
1 1 1 1 1 1 1 1 
1 1 1 1 1 1 1 1 
1 G 0 0 0 H 1 1 
1 1 0 0 0 0 1 1 
1 1 H 1 0 0 1 1 
1 1 0 0 0 0 1 1 
1 1 1 S 1 1 1 1 
1 1 1 1 1 1 1 1 
L53 T7

Map8
1 1 1 1 1 1 1 1 
1 1 1 S 1 G 1 1 
1 1 0 0 0 0 1 1 
1 1 0 H 0 0 1 1 
1 1 0 H 0 0 1 1 
1 1 # 0 0 0 1 1 
1 1 1 1 1 1 1 1 
1 1 1 1 1 1 1 1 
L42 T4

Map8
1 1 1 1 1 1 1 1 
1 1 1 G 1 1 1 1 
1 1 0 0 0 0 1 1 
1 S 0 H 0 0 1 1 
1 1 0 1 0 0 1 1 
1 1 0 0 0 0 1 1 
1 1 1 1 1 1 1 1 
1 1 1 1 1 1 1 1 
D22 T5

Map8
1 1 1 1 1 1 1 1 
1 1 G 1 S 1 1 1 
1 1 0 0 0 0 1 1 
1 1 0 H H 0 1 1 
1 1 0 # H # 1 1 
1 1 # 0 0 0 1 1 
1 1 1 1 1 1 1 1 
1 1 1 1 1 1 1 1 
R32 T4

Map8
1 1 1 1 1 1 1 1 
1 1 1 1 1 1 1 1 
1 1 0 0 0 0 1 1 
1 1 0 0 # 0 1 1 
1 1 0 H H 0 S 1 
1 1 0 0 # 0 1 1 
1 1 1 1 G 1 1 1 
1 1 1 1 1 1 1 1 
U55 T5

Map8
1 1 1 1 1 1 1 1 
1 1 1 G 1 1 1 1 
1 1 0 0 0 0 1 1 
1 S 0 H # 0 1 1 
1 1 0 0 0 0 1 1 
1 1 0 0 0 0 1 1 
1 1 1 1 1 1 1 1 
1 1 1 1 1 1 1 1 
D22 T5

Map8
1 1 1 1 1 1 1 1 
1 1 1 1 1 1 1 1 
1 1 0 0 0 0 1 1 
1 1 0 H 0 # 1 1 
1 1 0 # H 0 S 1 
1 G 0 # 0 0 1 1 
1 1 1 1 1 1 1 1 
1 1 1 1 1 1 1 1 
U55 T4

Map8
1 1 1 1 1 1 1 1 
1 1 1 S 1 1 1 1 
1 1 0 0 0 0 1 1 
1 G 0 H 0 0 1 1 
1 1 0 0 0 0 1 1 
1 1 0 0 0 0 1 1 
1 1 1 1 1 1 1 1 
1 1 1 1 1 1 1 1 
R22 T5

Map8
1 1 1 1 1 1 1 1 
1 1 G 1 1 1 1 1 
1 1 0 0 0 0 1 1 
1 1 0 0 H 0 1 1 
1 1 1 0 0 0 1 1 
1 1 0 0 0 1 1 1 
1 1 S 1 1 1 1 1 
1 1 1 1 1 1 1 1 
L54 T6

Map8
1 1 1 1 1 1 1 1 
1 1 1 1 1 1 1 1 
1 1 0 1 0 0 1 1 
1 1 0 0 1 0 1 1 
1 1 0 0 0 0 1 1 
1 S 0 0 1 0 G 1 
1 1 1 1 1 1 1 1 
1 1 1 1 1 1 1 1 
R24 T4

Map8
1 1 1 1 1 1 1 1 
1 1 1 1 1 1 1 1 
1 1 0 0 0 0 1 1 
1 1 0 0 0 0 1 1 
1 1 0 0 H 0 S 1 
1 G 0 0 0 0 1 1 
1 1 1 1 1 1 1 1 
1 1 1 1 1 1 1 1 
U55 T4

Map8
1 1 1 1 1 1 1 1 
1 1 1 1 1 1 1 1 
1 G 0 0 0 0 1 1 
1 1 0 0 H 0 S 1 
1 1 0 0 # 0 1 1 
1 1 0 0 0 0 1 1 
1 1 1 1 1 1 1 1 
1 1 1 1 1 1 1 1 
D52 T4

Map8
1 1 1 1 1 1 1 1 
1 1 1 1 1 1 1 1 
1 1 0 0 0 0 1 1 
1 1 0 0 0 0 1 1 
1 1 # H 0 0 S 1 
1 G 0 H 0 0 1 1 
1 1 1 1 1 1 1 1 
1 1 1 1 1 1 1 1 
U45 T4
