Level210//puede ser introductorio
1 1 1 1 1 1 1 1 
1 1 1 G 1 1 1 1 
1 1 1 0 F # 1 1 
1 S 0 1 1 0 1 1 
1 1 F # 0 0 1 1 
1 1 0 H # 0 1 1 
1 1 1 1 1 1 1 1 
1 1 1 1 1 1 1 1 
PU25 PR44 T5

Level211//oktrickyfacil
1 1 1 1 1 1 1 1 
1 1 1 1 1 S 1 1 
1 G 0 F 1 0 1 1 
1 1 # 1 0 H 1 1 
1 1 # # 0 F 1 1 
1 1 0 0 0 0 1 1 
1 1 1 1 1 1 1 1 
1 1 1 1 1 1 1 1 
PU52 PR25 T6

Map8//trickysporadize
1 1 1 1 1 1 1 1 
1 1 S 1 1 1 1 1 
G 0 0 0 0 F 1 1 
1 0 F 0 F 0 1 1 
1 F 1 0 0 0 1 1 
1 0 H 0 0 H 1 1 
1 0 0 # H 0 1 1 
1 1 1 1 1 1 1 1 
PU22 PR34 T8

Level214//chevere
1 1 1 1 1 1 1 1 
1 1 1 S 1 1 1 1 
1 1 1 0 0 # 1 1 
1 1 1 0 F # 1 1 
1 G 0 H 0 1 1 1 
1 1 0 # F 0 1 1 
1 1 1 1 1 1 1 1 
1 1 1 1 1 1 1 1 
PU25 PR33 T5

Level161
1 1 1 1 1 1 1 1
1 1 1 1 1 1 1 1
1 1 0 0 F 0 G 1 
1 1 F F 0 H 1 1 
1 1 0 H 0 0 1 1
1 S F 0 # 0 1 1 
1 1 1 1 1 1 1 1 
1 1 1 1 1 1 1 1
PU24 PD54 T3

Map8//decentearlyish
1 1 1 1 1 1 1 1 
1 1 # 0 F 0 0 1 
1 1 0 0 0 0 0 1 
1 1 0 1 0 F 1 1 
1 1 H 0 0 1 0 1 
1 1 1 F 0 0 0 1 
1 1 1 1 G 1 S 1 
1 1 1 1 1 1 1 1 
PU32 PR55 T7

Map8//fun
1 1 1 1 1 1 1 1 
1 1 1 1 1 G 1 1 
1 1 H 0 1 0 1 1 
1 0 0 0 F 0 1 1 
1 0 0 1 0 0 1 1 
1 H # 0 0 1 1 1 
1 0 0 # 0 0 1 1 
1 1 S 1 1 1 1 1 
PU46 PR23 T7

Map8//niceearly
1 1 1 1 1 1 1 1 
1 F H 0 0 0 1 1 
1 0 0 0 1 0 1 1 
1 0 0 1 H 0 1 1 
S 0 0 F H 0 G 1 
1 1 0 0 0 1 1 1 
1 1 1 1 1 1 1 1 
1 1 1 1 1 1 1 1 
PU24 PR12 T8

Map8//niceearlyish
1 1 1 1 1 1 1 1 
1 1 1 H 1 1 1 1 
1 1 0 0 1 0 0 1 
1 G 0 0 H 0 # 1 
1 1 0 0 1 0 0 1 
1 1 H 1 H 0 0 1 
1 S 0 0 0 0 # 1 
1 1 1 1 1 1 1 1 
PU53 PR22 T8

Map8//nice(mapsarebetterwhennotfirstorlast)
1 1 1 S 1 1 1 1 
1 1 F 0 0 0 0 1 
1 1 0 0 H 0 0 1 
1 1 H 0 0 F F 1 
1 1 0 0 0 1 F 1 
1 1 F H # 0 0 1 
1 1 1 1 1 G 1 1 
1 1 1 1 1 1 1 1 
PU65 PR34 T7

Map8//maso,eaz
1 1 1 1 1 1 1 1 
1 1 0 F 0 0 # 1 
1 G 0 0 F F 0 1 
1 1 1 F H 1 # 1 
1 1 0 0 0 # 1 1 
1 1 0 F 0 0 1 1 
1 1 S 1 1 1 1 1 
1 1 1 1 1 1 1 1 
PU62 PR24 T7

Map8//fucingyeah
1 1 1 1 1 1 1 1 
1 1 1 1 1 1 1 1 
S 0 # F F 0 1 1 
1 F 0 F 0 # 1 1 
1 0 1 0 0 0 1 1 
1 0 0 F 0 0 1 1 
G # 0 H # # 1 1 
1 1 1 1 1 1 1 1 
PU54 PR34 T8

Map8//testthis
1 1 1 S 1 G 1 1 
1 1 0 # 1 0 # 1 
1 1 0 0 0 F 1 1 
1 1 0 0 0 0 H 1 
1 1 0 0 0 0 0 1 
1 1 0 H 1 0 0 1 
1 1 1 1 1 1 1 1 
1 1 1 1 1 1 1 1 
PU53 PR34 T4

Map8//masostuck
1 1 1 1 1 1 1 1 
1 1 1 S 1 1 1 1 
1 1 0 0 0 0 H 1 
1 G 0 0 0 0 0 1 
1 1 0 F 0 0 0 1 
1 1 0 0 0 0 F 1 
1 1 0 F 0 F 0 1 
1 1 1 1 1 1 1 1 
PU32 PR44 T6

Level216//gud
1 1 1 1 1 1 1 1 
1 1 1 1 1 1 1 1 
1 1 # 0 H 0 1 1 
1 1 F F 0 F G 1 
1 1 0 0 1 # 1 1 
1 1 # 0 1 1 1 1 
1 1 S 1 1 1 1 1 
1 1 1 1 1 1 1 1 
PU24 PR43 T5

Map8//trickysporadize
1 1 1 1 1 1 1 1 
1 1 S 1 1 1 1 1 
G 0 0 0 0 F 1 1 
1 0 F 0 F 0 1 1 
1 F 1 0 0 0 1 1 
1 0 H 0 0 H 1 1 
1 0 0 # H 0 1 1 
1 1 1 1 1 1 1 1 
PU22 PR34 T8

Map8//decent
1 1 1 1 1 1 1 1 
G # 1 0 0 # F 1 
1 F 0 0 0 0 0 1 
1 0 1 # 0 # 0 1 
1 1 1 0 # # # 1 
1 0 0 0 0 0 0 1 
S F 0 0 1 0 # 1 
1 1 1 1 1 1 1 1 
PU13 PR31 T8

Level209//eztreicky
1 1 1 1 1 1 1 1 
1 1 1 1 1 1 1 1 
1 1 0 H 0 0 1 1 
1 1 0 # 1 0 S 1 
1 1 # 0 # 1 1 1 
1 1 0 F F 0 1 1 
1 1 1 1 G 1 1 1 
1 1 1 1 1 1 1 1 
PU25 PR53 T4

Level220//decent
1 1 1 1 1 1 1 1 
1 1 F 0 0 1 0 1 
1 G 0 0 0 H 1 1 
1 1 F H 1 1 # 1 
1 1 0 # 0 0 0 1 
1 1 0 0 0 F H 1 
1 1 1 1 S 1 1 1 
1 1 1 1 1 1 1 1 
PU25 PR31 T5

Map8//decenteeraly
1 1 1 1 1 1 1 1 
1 1 1 1 1 1 1 1 
1 0 0 F 0 0 1 1 
1 0 F 1 0 # 1 1 
1 0 0 # 0 1 1 1 
G 0 # H 0 0 1 1 
1 0 # 0 1 0 1 1 
1 1 1 1 1 S 1 1 
PU14 PR45 T11

Map8//niceearlyish
1 1 1 1 1 1 1 1 
1 1 0 1 0 0 0 1 
1 S 0 0 0 H 0 G 
1 1 0 0 0 0 1 1 
1 1 # 1 0 F 0 1 
1 1 1 0 H F F 1 
1 1 1 1 1 1 1 1 
1 1 1 1 1 1 1 1 
PU42 PR23 T6

Map8//nice
1 1 1 1 1 1 1 1 
1 1 0 F 1 H 0 1 
1 1 0 0 0 0 # 1 
1 1 F F # H 0 S 
1 1 F 0 0 0 0 1 
1 1 0 F F 0 0 1 
1 1 1 1 1 G 1 1 
1 1 1 1 1 1 1 1 
PU44 PR63 T7

Map8//fun
1 1 1 1 1 1 1 1 
1 1 1 1 1 1 1 1 
1 1 0 0 0 # 0 1 
1 1 0 H 0 0 0 1 
1 1 0 # H # 0 S 
1 1 0 0 0 F 0 1 
1 1 0 0 0 0 F 1 
1 1 1 1 1 G 1 1 
PU43 PR64 T5

Level162
1 1 1 1 1 1 1 1 
1 1 1 S 1 1 1 1 
1 1 1 0 0 1 1 1 
1 1 0 0 0 F 1 1 
1 1 1 H # F G 1 
1 1 0 # 0 # 1 1 
1 1 1 1 1 1 1 1 
1 1 1 1 1 1 1 1 
PU33 PR45 T5

Map10//earlygud
1 1 1 1 1 1 G 1 1 1 
1 # 0 1 F 1 0 0 0 1 
1 0 F 0 F 0 1 # 0 1 
1 0 0 0 0 # 0 0 F 1 
1 0 0 0 0 H 0 0 1 1 
1 # 0 0 0 0 0 0 0 1 
S 0 0 0 0 0 # H 1 1 
1 F 0 0 F 0 0 0 # 1 
1 0 0 0 F 0 0 0 F 1 
1 1 1 1 1 1 1 1 1 1 
PU26 PR64 T7

Level163
1 1 1 1 1 1 1 1 
1 1 1 1 1 1 1 1 
1 S 0 0 # 0 1 1 
1 1 F 0 0 0 1 1 
1 1 # F 1 H 1 1 
1 1 1 0 0 # 1 1 
1 1 1 1 1 G 1 1 
1 1 1 1 1 1 1 1 
PU53 PR35 T3

Level164
1 1 1 1 1 1 1 1 
1 1 1 1 1 1 1 1 
1 1 1 0 0 F 1 1 
1 1 0 # H 0 S 1 
1 1 F 0 1 # 1 1 
1 1 0 0 # F G 1 
1 1 1 1 1 1 1 1 
1 1 1 1 1 1 1 1 
PU34 PR53 T5

Map8//sweetezish
1 1 1 1 1 1 1 1 
1 1 1 1 1 1 1 1 
1 1 1 0 # 0 0 1 
1 1 F F 1 F # G 
1 S 0 0 F 1 1 1 
1 1 0 0 0 # 0 1 
1 1 0 0 0 0 0 1 
1 1 1 1 1 1 1 1 
PU34 PR35 T8

Map8//prettysweet
1 1 G 1 1 1 1 1 
1 1 0 F F 0 0 1 
1 1 0 0 0 0 0 1 
1 1 H 1 0 1 H 1 
1 1 0 F 0 0 0 1 
1 1 1 H 0 0 0 1 
1 1 1 1 S 1 1 1 
1 1 1 1 1 1 1 1 
PU65 PR42 T9

Level165
1 1 1 1 1 1 1 1
1 1 1 1 1 1 1 1
1 1 # 1 0 0 1 1 
1 1 F 0 1 0 1 1 
1 S 0 F 0 H 1 1
1 1 # 0 0 0 1 1 
1 1 G 1 1 1 1 1 
1 1 1 1 1 1 1 1
PL24 PD44 T3

Map10//nb
1 1 1 S 1 1 1 1 1 1 
G # F 0 0 1 0 0 0 1 
1 0 0 F # 0 0 # 0 1 
1 0 0 1 0 F 0 0 0 1 
1 1 0 0 # 1 # 0 0 1 
1 0 0 0 F 0 1 0 0 1 
1 0 0 1 0 0 0 0 F 1 
1 1 0 0 H 0 0 0 0 1 
1 0 0 0 0 # 1 F 0 1 
1 1 1 1 1 1 1 1 1 1 
PU31 PR63 T7

Map10//nb
1 G 1 1 1 1 1 1 1 1 
1 0 # 1 0 0 0 0 0 1 
1 0 0 0 0 0 H 0 0 1 
1 H 0 0 0 0 F 0 0 1 
1 0 0 0 0 0 0 0 0 1 
1 0 0 0 0 0 0 0 1 1 
S 0 0 F F 1 0 0 0 1 
1 1 0 1 0 0 0 0 0 1 
1 0 0 0 0 0 0 0 0 1 
1 1 1 1 1 1 1 1 1 1 
PU26 PR14 T9

Level166
1 1 1 1 1 1 1 1
1 1 1 S 1 1 1 1
1 1 0 0 0 0 1 1 
1 1 0 0 0 0 1 1 
1 1 H H 0 0 1 1
1 1 0 F F F G 1 
1 1 1 1 1 1 1 1 
1 1 1 1 1 1 1 1
PU32 PR25 T1

Level167
1 1 1 1 1 1 1 1 
1 1 1 1 1 1 1 1 
1 1 # 0 0 # 1 1 
1 1 0 F # 0 1 1 
1 G 0 0 H F 1 1 
1 1 # # 1 0 1 1 
1 1 1 1 1 S 1 1 
1 1 1 1 1 1 1 1 
PU23 PR42 T6

Map8//VeryNice
1 1 1 1 1 1 1 1 
1 # F 0 0 F # 1 
1 0 F 0 0 0 0 1 
1 0 0 0 0 F 0 1 
1 0 0 0 # # 0 1 
1 1 # 0 0 1 0 1 
1 0 F 0 0 0 0 S 
1 1 1 G 1 1 1 1 
PU46 PR41 T8

Level168 
1 1 1 1 1 1 1 1 
1 1 1 1 1 1 1 1 
1 1 # 0 0 # 1 1 
1 1 0 F # 0 1 1 
1 G 0 0 H F 1 1 
1 1 # # 1 0 1 1 
1 1 1 1 1 S 1 1 
1 1 1 1 1 1 1 1 
PU23 PR42 T6

Map8//trickyhard
1 1 1 1 1 1 1 1 
1 0 1 1 F 0 0 1 
1 1 # 0 0 H 0 1 
1 0 0 0 0 F 0 1 
1 0 0 0 0 H F 1 
1 H 0 0 0 0 0 1 
1 # # F 0 # 0 S 
1 1 1 1 G 1 1 1 
PU35 PR66 T8

Map8//notbad
1 1 1 1 1 1 1 1 
1 0 F 1 0 0 0 1 
1 0 0 H 0 0 0 1 
1 H 0 0 0 1 0 S 
1 0 F 0 1 F F 1 
1 0 1 0 F H 0 1 
1 0 0 0 0 1 1 1 
1 1 G 1 1 1 1 1 
PU36 PR33 T9

Level169
1 1 1 1 1 1 1 1 
1 1 1 1 1 1 1 1 
1 1 F 0 H 0 1 1 
1 1 F # # 0 S 1 
1 1 1 # 0 0 1 1 
1 1 # 0 0 0 1 1 
1 1 1 1 G 1 1 1 
1 1 1 1 1 1 1 1 
PU55 PR53 T5

Map10//ok
1 1 1 S 1 1 1 1 1 1 
1 F 0 0 0 0 1 0 0 1 
1 0 0 0 1 H H 0 # 1 
1 0 1 F 0 0 # # # 1 
1 0 # 1 0 0 0 0 0 1 
1 0 H 0 0 1 0 0 F 1 
1 0 F 0 H 0 F 0 # 1 
G 0 0 F 0 0 0 0 1 1 
1 H F 0 1 0 0 0 0 1 
1 1 1 1 1 1 1 1 1 1 
PU31 PR56 T7

Map8//mehish
1 1 1 1 1 1 1 1 
1 1 1 1 1 1 1 1 
1 S 0 1 0 0 0 1 
1 1 0 F 0 F 0 1 
1 1 1 1 # F # 1 
1 1 0 0 # 0 1 1 
1 G 0 0 H F # 1 
1 1 1 1 1 1 1 1 
PU36 PR42 T8

Map8//verynice
1 1 1 1 1 1 1 1 
1 1 1 1 1 1 1 1 
1 # 0 0 0 0 1 1 
1 0 0 0 H 0 1 1 
1 0 # 0 0 F 1 1 
1 F 0 0 0 0 1 1 
1 F 0 0 # 0 S 1 
1 1 G 1 1 1 1 1 
PU36 PR32 T8

Map8//eazy
1 1 1 1 1 1 1 1 
1 1 1 1 1 1 1 1 
1 1 0 0 0 0 0 1 
1 1 1 0 0 0 0 1 
1 S 0 0 H 1 0 1 
1 1 0 0 1 1 0 1 
1 1 0 0 H 0 0 G 
1 1 1 1 1 1 1 1 
PU34 PR26 T8

Map8//gudtough
1 S 1 1 1 1 1 1 
1 0 0 # H 0 1 1 
G # 0 F 1 0 1 1 
1 # # F 1 0 1 1 
1 F 0 0 0 0 1 1 
1 1 0 F 0 0 1 1 
1 1 1 1 1 1 1 1 
1 1 1 1 1 1 1 1 
PU11 PR24 T8

Map8//verynice
1 1 1 1 1 1 1 1 
1 0 0 1 1 # 0 1 
1 F H # # 1 1 1 
1 0 0 F # # # 1 
1 0 0 H 0 # 0 G 
1 0 H 0 0 0 0 1 
1 # 0 0 0 1 H 1 
1 S 1 1 1 1 1 1 
PU15 PR44 T7

Map8//goodbutclose
1 1 G 1 1 1 1 1 
1 1 0 1 0 F 0 1 
1 1 F 0 0 0 0 1 
1 1 1 0 0 0 1 1 
1 1 0 0 0 0 F 1 
1 1 0 0 0 0 1 1 
1 1 1 1 1 S 1 1 
1 1 1 1 1 1 1 1 
PU21 PR52 T8

Level170
1 1 1 1 1 1 1 1 
1 1 G 1 1 1 1 1 
1 1 0 1 0 0 1 1 
1 1 1 0 0 # 1 1 
1 1 0 # 0 0 1 1 
1 1 1 # 0 0 1 1 
1 1 1 1 S 1 1 1 
1 1 1 1 1 1 1 1 
PU22 PR42 T4

Level171
1 1 1 1 1 1 1 1 
1 1 1 1 1 1 1 1 
1 1 0 F 0 0 S 1 
1 1 # 0 # # 1 1 
1 1 0 0 F 1 1 1 
1 1 0 0 0 H 1 1 
1 1 1 1 G 1 1 1 
1 1 1 1 1 1 1 1 
PU24 PR52 T3

Level172
1 1 1 1 1 1 1 1 
1 1 1 1 1 1 1 1 
1 1 0 0 0 0 1 1 
1 G 0 F 0 1 1 1 
1 1 0 F 1 0 S 1 
1 1 F 0 1 0 1 1 
1 1 1 1 1 1 1 1 
1 1 1 1 1 1 1 1 
PU24 PR54 T3

Level173
1 1 1 1 1 1 1 1 
1 1 1 1 1 1 1 1 
1 1 1 0 # 0 1 1 
1 1 0 # H 0 G 1 
1 1 1 # 0 F 1 1 
1 1 F 0 0 0 S 1 
1 1 1 1 1 1 1 1 
1 1 1 1 1 1 1 1 
PU52 PR45 T3

Map8//okai
1 1 1 1 1 1 1 1 
1 1 1 1 1 1 1 1 
1 0 0 0 0 0 1 1 
1 0 0 0 0 F 1 1 
1 0 H 0 H 0 G 1 
1 0 1 0 # 0 1 1 
1 0 0 1 0 0 S 1 
1 1 1 1 1 1 1 1 
PU13 PR54 T7

Level174
1 1 1 1 1 1 1 1 
1 1 1 1 1 1 1 1 
1 0 1 0 1 0 1 1 
1 0 0 H H 0 S 1 
1 0 1 0 0 0 1 1 
G 0 0 0 0 # 1 1 
1 0 1 # H 0 1 1 
1 1 1 1 1 1 1 1 
PU16 PR53 T3

Level175
1 1 1 1 1 1 1 1 
1 1 1 S 1 1 1 1 
1 1 1 0 0 1 1 1 
1 1 H 0 # F 1 1 
1 G # 0 0 # 1 1 
1 1 0 F 0 0 1 1 
1 1 1 1 1 1 1 1 
1 1 1 1 1 1 1 1 
PU33 PR45 T5

Level176
1 1 1 1 1 1 1 1 
1 1 1 1 G 1 1 1 
1 1 0 F F 0 1 1 
1 1 0 1 # 1 1 1 
1 S # # 0 H 1 1 
1 1 0 0 0 0 1 1 
1 1 1 1 1 1 1 1 
1 1 1 1 1 1 1 1 
PU44 PR25 T3

Map8//ezish
1 1 1 1 1 1 1 1 
1 0 0 1 0 # 1 1 
1 # 0 H 0 F 1 1 
1 F H 0 # 0 1 1 
1 0 0 1 0 0 1 1 
S 0 # 1 # 1 1 1 
1 1 1 1 G 1 1 1 
1 1 1 1 1 1 1 1 
PU22 PR41 T8

Level177
1 1 1 1 1 1 1 1 
1 1 1 1 1 1 1 1 
1 1 0 0 # F 1 1 
1 1 H # 0 # S 1 
1 1 F 0 0 0 1 1 
1 G 0 0 0 1 1 1 
1 1 1 1 1 1 1 1 
1 1 1 1 1 1 1 1 
PU34 PR43 T6

Map8//nice
1 1 1 1 1 1 1 1 
1 0 0 0 0 0 1 1 
1 0 # 0 0 0 1 1 
1 H 0 F 0 0 G 1 
1 0 F 0 0 0 1 1 
1 # F # 0 F S 1 
1 1 1 1 1 1 1 1 
1 1 1 1 1 1 1 1 
PU52 PR45 T8

Level178
1 1 1 1 1 1 1 1 
1 1 1 1 1 1 1 1 
1 1 0 1 0 0 1 1 
1 1 0 1 # 0 1 1 
1 G F F 0 # 1 1 
1 1 H 0 # 0 S 1 
1 1 1 1 1 1 1 1 
1 1 1 1 1 1 1 1 
PU53 PR35 T4

Level179
1 1 1 1 1 1 1 1
1 1 1 S 1 1 1 1 
1 1 # 0 F # 1 1
1 1 0 0 0 0 1 1
1 G 0 F # 1 1 1
1 1 0 H 0 0 1 1
1 1 1 1 1 1 1 1
1 1 1 1 1 1 1 1 
PU33 PR45 T7

Map8//veryniceexceptionallynice
1 1 1 1 1 1 1 1 
1 1 0 0 H 0 1 1 
1 1 0 1 0 0 0 G 
1 1 H 0 0 1 H 1 
1 1 0 0 0 0 0 1 
1 1 0 0 0 0 0 S 
1 1 1 1 1 1 1 1 
1 1 1 1 1 1 1 1 
PU45 PR42 T8

Level180
1 1 1 1 1 1 1 1 
1 1 0 0 1 1 1 1 
1 0 # 0 # 0 1 1 
1 # H 0 0 0 1 1 
1 F 0 # 0 # S 1 
1 0 1 0 0 H 1 1 
1 1 1 1 G 1 1 1 
1 1 1 1 1 1 1 1 
PU32 PR24 T5

Level222//CHEVERISIMO
1 1 1 1 1 1 G 1 
1 1 1 # # F 0 1 
1 1 F 0 1 F # 1 
1 1 H 1 0 # 0 1 
1 1 0 0 0 0 1 1 
1 S F 0 0 H 0 1 
1 1 1 1 1 1 1 1 
1 1 1 1 1 1 1 1 
PU45 PR24 T5

Level181
1 1 1 1 1 1 1 1 
1 1 1 G 1 1 1 1 
1 1 0 F H 0 1 1 
1 1 0 F 0 0 S 1 
1 1 0 # # 0 1 1 
1 1 0 1 # 0 1 1 
1 1 1 1 1 1 1 1 
1 1 1 1 1 1 1 1 
PU24 PR43 T7

Level236//trickywall
1 1 1 1 1 1 1 1 
1 0 H 0 # # 0 1 
1 0 0 0 0 0 1 1 
1 1 1 0 0 1 0 S 
1 0 0 # 0 H 1 1 
1 1 0 0 0 1 0 1 
1 # 0 0 0 0 # G 
1 1 1 1 1 1 1 1 
PU44 PR63 T5

Level227//chvr
1 1 1 1 1 1 1 1 
1 1 0 1 0 # 0 1 
1 1 1 F H 0 F G 
1 1 1 F 0 0 0 1 
1 1 # H F # # 1 
1 1 # 0 0 0 0 1 
1 1 S 1 1 1 1 1 
1 1 1 1 1 1 1 1 
PU65 PR52 T6

Level230//early
1 1 1 1 1 G 1 1 
1 H 1 0 0 # H 1 
1 1 1 0 0 F H 1 
1 0 # # 1 0 1 1 
1 # # 0 0 F 1 1 
1 0 0 # 0 H 0 1 
S 0 0 0 0 H F 1 
1 1 1 1 1 1 1 1 
PU53 PR26 T5

Level232//early
1 1 1 1 1 1 1 1 
1 0 0 0 0 0 0 1 
1 0 H 0 0 F # S 
1 0 0 H 0 0 0 1 
1 0 F 1 0 0 0 1 
1 0 F 0 0 1 0 1 
1 1 0 0 0 1 0 1 
1 1 1 G 1 1 1 1 
PU45 PR32 T5

Level235/trickywal
1 1 1 1 1 1 1 1 
1 H # 0 0 1 0 S 
1 0 # 0 F 1 F 1 
1 # 0 0 0 F # 1 
1 0 0 0 0 0 0 1 
1 1 0 F 0 # H 1 
1 0 # 0 # 0 0 1 
1 1 G 1 1 1 1 1 
PU34 PR61 T6

Level239//Great
1 1 1 1 1 1 1 1 
1 1 0 0 F 1 0 1 
1 # 1 # H # 0 1 
1 F H 0 # 0 # 1 
1 0 H 0 F 0 0 1 
1 H 0 0 1 # 0 1 
1 0 0 # H F F 1 
1 1 1 G 1 1 S 1 
PU64 PR25 T6

Map8//sweet
1 1 1 1 G 1 1 1 
1 # 0 F F H 1 1 
1 F 0 H 0 F 1 1 
1 # # 0 1 F 1 1 
1 1 0 0 0 0 1 1 
1 0 0 1 0 # 1 1 
1 S 1 1 1 1 1 1 
1 1 1 1 1 1 1 1 
PU42 PR45 T10

Level182
1 1 1 1 1 1 1 1 1 1 
G 0 0 F H F 0 0 0 1 
1 1 0 0 0 0 F F 0 1 
S 0 0 H # 0 0 0 1 1 
1 0 0 1 1 0 0 H 0 1 
1 0 0 0 0 0 0 0 H 1 
1 0 0 H 0 1 0 0 0 1 
1 0 F F 0 F 0 0 0 1 
1 0 0 F F 0 0 0 0 1 
1 1 1 1 1 1 1 1 1 1 
PU23 PR18 T6

Level183
1 1 1 1 1 1 S 1 1 1 
1 1 # 0 0 0 0 0 F 1 
1 0 0 # 0 0 H H F 1 
1 0 0 0 0 0 0 0 0 1 
G 0 0 0 0 0 0 1 H 1 
1 # 0 0 H 0 H # 1 1 
1 0 0 0 0 0 0 0 # 1 
1 0 F 0 F # # 1 # 1 
1 # F 0 0 0 0 0 0 1 
1 1 1 1 1 1 1 1 1 1 
PU61 PR13 T8

Level184
1 1 1 1 1 1 S 1 1 1 
1 H 0 # 1 0 # F 0 1 
1 1 1 0 0 0 0 H 0 1 
1 0 0 1 0 H 0 0 # 1 
1 0 H 0 # 0 H 0 1 1 
1 0 0 1 0 0 0 0 0 1 
G 0 1 0 0 0 # 1 0 1 
1 0 0 0 0 0 0 0 0 1 
1 0 0 0 0 # 0 0 0 1 
1 1 1 1 1 1 1 1 1 1 
PU63 PR15 T11

Level185
1 1 1 1 S 1 1 1 1 1 
1 0 0 1 0 H 0 0 0 1 
1 0 # 0 1 0 1 0 0 1 
1 0 F # 0 # 0 F 0 1 
1 1 0 F 0 0 0 F 0 1 
1 # 0 0 0 # 0 # 0 1 
G 0 0 F 0 0 0 0 0 1 
1 # 0 0 0 0 0 0 0 1 
1 # 0 0 # 0 0 0 0 1 
1 1 1 1 1 1 1 1 1 1 
PU41 PR27 T8

Level186
1 1 1 1 1 1 1 1 1 1 
1 1 # 0 1 0 0 0 1 1 
1 1 0 0 # 0 0 0 0 1 
1 G # # 0 0 1 0 H 1 
1 1 0 0 0 H 0 0 0 1 
1 1 0 0 1 0 0 H 0 1 
1 1 H 0 0 1 0 0 0 1 
1 1 H 0 0 0 0 # 0 1 
1 1 1 1 S 1 1 1 1 1 
1 1 1 1 1 1 1 1 1 1 
PU22 PR36 T7

Level187//sporadizegud
1 1 1 1 1 1 1 1 
1 1 S 1 1 1 1 1 
1 0 0 F F 0 1 1 
1 0 0 0 0 0 1 1 
G 0 0 0 0 1 1 1 
1 # H 0 0 0 1 1 
1 0 0 0 F H 1 1 
1 1 1 1 1 1 1 1 
PU23 PR35 T7

Level240//decent
1 1 1 1 1 1 1 1 
1 0 0 0 0 F # 1 
1 # 1 1 0 0 1 1 
G 0 1 0 F # # 1 
1 1 0 # 1 0 F 1 
S 0 0 0 0 0 0 1 
1 1 0 0 0 0 F 1 
1 1 1 1 1 1 1 1 
PU42 PR33 T6

Level241//backandforthgud
1 1 1 1 1 1 1 1 
1 0 0 0 0 0 1 1 
1 H H 1 0 0 0 1 
1 1 0 H 1 1 0 1 
1 0 0 1 0 0 0 1 
1 0 0 0 0 0 0 1 
1 1 0 0 0 H 0 S 
1 1 1 G 1 1 1 1 
PU46 PR66 T8

Level238//nicetrick
1 1 1 1 1 1 1 1 
1 0 0 0 # # # 1 
1 0 0 # 0 1 0 1 
S 0 1 # H # 0 1 
1 0 1 1 0 0 0 1 
1 1 0 0 0 0 H 1 
1 1 0 0 0 0 0 1 
1 1 G 1 1 1 1 1 
PU64 PR44 T7

Level240
1 1 1 1 1 1 1 1 
G 0 0 0 0 0 0 1 
1 1 H 1 0 F 0 1 
1 0 0 1 0 0 F 1 
1 0 0 # 1 1 H 1 
1 0 0 F 1 0 0 1 
1 0 0 0 H 0 1 1 
1 1 S 1 1 1 1 1 
PU24 PR42 T7

Map10//notbad
1 1 1 1 1 1 1 1 1 1 
1 1 0 0 0 1 0 0 0 1 
1 1 0 0 0 0 0 0 0 1 
1 G F 0 0 0 # 0 1 1 
1 1 0 1 0 0 0 0 1 1 
1 1 0 1 0 1 1 0 F 1 
1 1 0 0 0 0 0 0 H 1 
1 1 0 0 0 0 1 # F 1 
1 1 S 1 1 1 1 1 1 1 
1 1 1 1 1 1 1 1 1 1 
PU72 PR26 T9

Level241//3
1 1 1 1 1 1 1 1 1 1 
1 1 1 1 1 1 1 1 1 1 
1 G 0 H 0 # 0 1 # 1 
1 1 0 0 0 1 # 0 # 1 
1 1 0 F 0 0 H F # 1 
1 1 H H 1 H 0 1 0 1 
1 S 0 0 1 0 # # 0 1 
1 1 0 0 H 1 1 0 0 1 
1 1 0 F # 0 1 F F 1 
1 1 1 1 1 1 1 1 1 1 
PU37 PR33 T6

Level246//BIEN
1 S 1 1 1 1 1 G 1 1 
1 F 0 0 0 0 0 # 0 1 
1 F 0 F 0 0 0 # F 1 
1 F 0 0 0 0 1 F 1 1 
1 0 1 0 0 F 1 0 0 1 
1 0 0 0 # 0 0 1 H 1 
1 0 # 0 0 0 0 H # 1 
1 # F # 0 F 0 0 0 1 
1 0 0 # F 0 0 1 0 1 
1 1 1 1 1 1 1 1 1 1 
PU74 PR25 T4

Level247//ezmaybeearly
1 1 1 1 1 1 1 G 1 1 
1 0 0 0 0 0 0 F 0 1 
1 1 0 0 0 # F # 0 1 
1 0 0 1 0 0 F F 0 1 
1 0 0 0 0 H 1 0 # 1 
1 0 # F F 0 0 0 0 1 
S 0 0 0 0 0 0 0 F 1 
1 0 0 0 F F H # 0 1 
1 0 0 0 0 F 0 0 0 1 
1 1 1 1 1 1 1 1 1 1 
PU76 PR15 T3

Map10//gud
1 1 1 1 1 1 1 1 1 1 
1 1 1 S 1 1 1 1 1 1 
1 0 0 0 F 0 0 0 1 1 
1 0 0 0 # 0 1 # 1 1 
1 0 0 H F F 0 H 1 1 
G 0 1 0 F 0 0 0 1 1 
1 0 F # 0 1 0 F 1 1 
1 0 F 0 0 0 0 0 1 1 
1 0 0 0 0 0 0 F 1 1 
1 1 1 1 1 1 1 1 1 1 
PU14 PR33 T9

Level250//tricygud
1 1 1 1 1 1 1 S 1 1 
1 0 0 0 # 0 0 # 1 1 
1 0 0 0 0 0 0 0 0 1 
1 # 0 0 # 1 # 0 H 1 
1 0 0 0 0 0 0 0 H 1 
1 F 0 0 F 0 0 H 0 1 
1 0 1 1 0 0 0 1 1 1 
G 0 1 # 0 0 0 0 1 1 
1 0 0 0 0 0 0 0 0 1 
1 1 1 1 1 1 1 1 1 1 
PU72 PR18 T5

Level251//trcikgud
1 1 1 S 1 1 1 1 1 1 
1 0 0 0 0 0 F 0 F 1 
G 0 0 F 0 F 0 1 # 1 
1 1 0 0 0 0 0 1 0 1 
1 0 0 H 0 F 0 0 0 1 
1 0 0 0 1 0 0 0 0 1 
1 0 0 # H F 0 0 1 1 
1 0 0 0 # # 0 H # 1 
1 0 0 0 0 0 0 0 1 1 
1 1 1 1 1 1 1 1 1 1 
PU31 PR43 T6

Level254//tricky gud
1 1 1 1 1 1 1 S 1 1 
1 0 # 0 # F 0 0 0 1 
1 F 0 # 0 0 0 0 0 1 
1 0 F 0 0 1 1 0 0 1 
1 0 F # 0 0 F 0 # 1 
G F # 0 F 0 0 1 0 1 
1 # F 0 0 0 0 # 1 1 
1 0 # 0 0 0 F H 0 1 
1 H 0 0 0 0 # 0 0 1 
1 1 1 1 1 1 1 1 1 1 
PU56 PR54 T3

Map10//masodouble
1 1 1 1 1 1 1 1 1 1 
1 S 1 1 1 1 1 1 1 1 
1 0 0 0 # 0 0 0 1 1 
1 0 0 0 0 0 0 0 1 1 
1 # F F # 0 # 0 1 1 
1 F 1 # 0 F 0 # 1 1 
G F 0 0 0 0 0 1 1 1 
1 F 0 0 0 0 0 0 1 1 
1 # F 0 # 0 0 0 1 1 
1 1 1 1 1 1 1 1 1 1 
PU13 PR37 T7

Map10//notbad
1 1 1 1 S 1 1 1 1 1 
1 0 0 1 0 0 0 0 1 1 
1 0 0 0 0 0 0 1 1 1 
1 H 0 0 0 0 0 # 1 1 
G 0 0 1 0 0 0 0 1 1 
1 0 0 0 0 1 # 0 1 1 
1 F 0 0 0 F 0 0 1 1 
1 0 F 0 0 1 0 0 1 1 
1 1 1 1 1 1 1 1 1 1 
1 1 1 1 1 1 1 1 1 1 
PU41 PR25 T7

Map10//verygud
1 1 1 1 1 1 1 1 1 1 
1 1 # 0 1 0 0 0 1 1 
1 1 0 0 # 0 0 0 0 1 
1 G # # 0 0 1 0 H 1 
1 1 0 0 0 H 0 0 0 1 
1 1 0 0 1 0 0 H 0 1 
1 1 H 0 0 1 0 0 0 1 
1 1 H 0 0 0 0 # 0 1 
1 1 1 1 S 1 1 1 1 1 
1 1 1 1 1 1 1 1 1 1 
PU22 PR36 T7

Map10//verguisimatricky
1 1 1 1 1 1 1 1 1 1 
1 1 1 S 1 1 1 1 1 1 
1 1 H 0 0 0 0 F 0 1 
1 1 0 H H 0 F 0 0 1 
1 1 0 # 0 # 0 F 0 1 
1 1 0 F 0 0 0 0 1 1 
1 G # # 0 0 0 H H 1 
1 1 F 0 0 0 0 0 0 1 
1 1 # 0 0 1 F F 0 1 
1 1 1 1 1 1 1 1 1 1 
PU32 PR45 T10

Map10//facil
1 1 1 1 1 1 1 1 1 1 
1 1 0 0 0 H 0 0 1 1 
1 0 0 # 0 0 1 0 1 1 
1 0 1 # 0 F 0 0 1 1 
1 # 0 H # 0 0 0 1 1 
1 0 H F F H 0 0 1 1 
1 0 0 0 0 0 0 1 1 1 
1 0 # 1 0 1 # 0 G 1 
1 1 S 1 1 1 1 1 1 1 
1 1 1 1 1 1 1 1 1 1 
PU54 PR26 T7

Map10//facil
1 1 1 1 1 1 1 1 1 1 
1 0 0 0 1 # 0 0 1 1 
1 0 0 0 # 0 # 0 1 1 
1 1 # 1 # 0 0 0 1 1 
1 0 0 0 0 # 0 0 1 1 
1 0 0 0 0 1 0 H 1 1 
1 H 0 0 0 # # 1 1 1 
1 0 0 0 0 H H 0 S 1 
1 1 1 G 1 1 1 1 1 1 
1 1 1 1 1 1 1 1 1 1 
PU24 PR77 T9

Map10//facil
1 1 1 1 S 1 1 1 1 1 
1 0 F F # 0 H 0 1 1 
1 F 0 0 1 F 0 0 1 1 
1 1 F 0 0 0 # 0 1 1 
1 0 # 0 0 # 0 # 1 1 
1 0 0 0 F H # 1 1 1 
1 0 # 0 # 0 0 0 1 1 
1 0 0 0 0 0 0 H 1 1 
1 1 1 G 1 1 1 1 1 1 
1 1 1 1 1 1 1 1 1 1 
PU47 PR11 T8

Map10//trickyish
1 1 S 1 1 1 1 1 1 1 
1 0 0 # 0 F 0 0 0 1 
1 0 0 0 0 0 0 0 0 1 
1 0 # 0 0 0 0 0 1 1 
1 0 0 0 0 0 0 0 0 1 
1 0 F 0 0 0 0 0 1 1 
G F 0 0 F 0 # 0 F 1 
1 0 H 0 0 # 0 0 # 1 
1 0 0 0 # # 0 0 0 1 
1 1 1 1 1 1 1 1 1 1 
PU21 PR37 T6

Map10//facil
1 S 1 1 1 1 1 1 1 1 
1 0 0 1 0 0 0 0 0 1 
1 0 0 1 0 0 0 F 0 1 
1 0 0 0 F 0 0 0 # 1 
1 0 0 0 0 0 0 0 0 1 
1 0 0 0 F F 1 0 1 1 
1 0 0 F 0 0 0 0 0 1 
G 0 0 # 0 0 0 F F 1 
1 F F 0 0 0 0 0 0 1 
1 1 1 1 1 1 1 1 1 1 
PU11 PR48 T6

Map10//awesome
1 1 1 1 1 1 S 1 1 1 
1 0 # 0 0 # 0 0 0 1 
1 1 # # 0 H 0 0 0 1 
1 # 0 0 0 0 F 0 0 1 
G 0 0 0 1 0 H 0 0 1 
1 0 0 1 H H 0 0 0 1 
1 0 1 # H 0 0 0 0 1 
1 0 0 0 0 0 0 # 0 1 
1 # # 0 0 0 0 0 0 1 
1 1 1 1 1 1 1 1 1 1 
PU61 PR43 T7

Map10//2gud
1 1 1 1 S 1 1 1 1 1 
1 F 1 0 0 F 0 F 0 1 
1 0 H 0 H F 1 1 0 1 
1 0 0 0 # 0 # 0 0 1 
G 0 1 0 0 # 1 0 0 1 
1 1 0 0 0 0 H 1 1 1 
1 0 0 0 0 0 0 1 0 1 
1 F 0 0 0 H 0 # # 1 
1 F # 0 0 F 0 0 H 1 
1 1 1 1 1 1 1 1 1 1 
PU41 PR61 T7

Map10//yes
1 1 1 1 S 1 1 1 1 1 
1 0 0 1 0 H 0 0 0 1 
1 0 # 0 1 0 1 0 0 1 
1 0 F # 0 # 0 F 0 1 
1 1 0 F 0 0 0 F 0 1 
1 # 0 0 0 # 0 # 0 1 
G 0 0 F 0 0 0 0 0 1 
1 # 0 0 0 0 0 0 0 1 
1 # 0 0 # 0 0 0 0 1 
1 1 1 1 1 1 1 1 1 1 
PU41 PR27 T8

Map10//good
1 1 1 1 1 1 S 1 1 1 
1 H 0 # 1 0 # F 0 1 
1 1 1 0 0 0 0 H 0 1 
1 0 0 1 0 H 0 0 # 1 
1 0 H 0 # 0 H 0 1 1 
1 0 0 1 0 0 0 0 0 1 
G 0 1 0 0 0 # 1 0 1 
1 0 0 0 0 0 0 0 0 1 
1 0 0 0 0 # 0 0 0 1 
1 1 1 1 1 1 1 1 1 1 
PU63 PR15 T11

Map10//notbad
1 1 1 1 1 1 1 1 1 1 
G F 0 0 H 0 0 0 0 1 
1 0 0 0 0 0 0 0 # 1 
1 0 F 0 H # 0 0 0 1 
S 0 0 H F 0 0 0 0 1 
1 0 0 0 0 0 0 # F 1 
1 0 1 0 # 0 0 # # 1 
1 F 0 0 0 0 0 H 1 1 
1 0 0 0 # # 1 # 0 1 
1 1 1 1 1 1 1 1 1 1 
PU24 PR51 T8

Map10//trickydecent
1 1 1 1 1 1 S 1 1 1 
1 0 0 1 0 F 0 F 0 1 
1 F 1 H 0 1 0 0 0 1 
1 0 0 1 H # H 0 0 1 
1 0 0 0 0 0 0 1 1 1 
1 F 1 # 0 0 0 0 F 1 
G 0 # 0 F 0 0 # 0 1 
1 0 H 0 0 0 0 # 0 1 
1 0 0 0 0 0 0 H 1 1 
1 1 1 1 1 1 1 1 1 1 
PU61 PR67 T8

Map10//doublemeh
1 1 1 1 1 1 S 1 1 1 
1 0 0 0 # 0 0 # 0 1 
1 0 F 0 0 0 0 H # 1 
1 0 0 0 1 0 0 # 0 1 
1 0 0 0 1 0 0 0 0 1 
1 0 0 0 0 0 0 0 # 1 
1 0 # 0 # 0 0 0 0 1 
G 0 # 0 0 0 # 0 1 1 
1 0 H 0 F 0 F 0 0 1 
1 1 1 1 1 1 1 1 1 1 
PU66 PR78 T7

Level188
1 1 1 1 1 1 1 1 1 1 
1 1 1 S 1 1 1 1 1 1 
1 1 H 0 0 0 0 F 0 1 
1 1 0 H H 0 F 0 0 1 
1 1 0 # 0 # 0 F 0 1 
1 1 0 F 0 0 0 0 1 1 
1 G # # 0 0 0 H H 1 
1 1 F 0 0 0 0 0 0 1 
1 1 # 0 0 1 F F 0 1 
1 1 1 1 1 1 1 1 1 1 
PU32 PR45 T10

Map10//fun
1 1 1 1 1 1 1 1 1 1 
1 1 1 1 1 1 1 1 1 1 
1 0 # H H # # 0 S 1 
1 0 0 # 0 0 0 0 1 1 
1 0 0 # F 0 0 0 1 1 
1 1 0 0 F F H 0 1 1 
G 0 H 0 0 # 0 H 1 1 
1 # 0 0 0 0 0 0 1 1 
1 # 0 1 0 0 0 0 1 1 
1 1 1 1 1 1 1 1 1 1 
PU23 PR72 T10