Level1
1 1 1 1 1 1 1 1
1 1 1 1 G 1 1 1 
1 1 0 0 0 0 1 1 
1 1 0 0 0 0 1 1 
1 1 0 0 0 0 1 1
1 1 0 0 0 0 S 1 
1 1 1 1 1 1 1 1 
1 1 1 1 1 1 1 1
P35 T2

Level2
1 1 1 1 1 1 1 1
1 1 1 G 1 1 1 1 
1 1 0 0 0 0 1 1
1 1 0 0 0 0 1 1 
1 1 0 0 0 0 1 1 
1 1 0 0 0 0 1 1 
1 1 1 1 S 1 1 1 
1 1 1 1 1 1 1 1
P22 T3

Level3
1 1 1 1 1 1 1 1
1 1 1 S G 1 1 1 
1 1 0 0 0 0 1 1 
1 1 0 0 0 0 1 1 
1 1 0 0 0 0 1 1 
1 1 0 0 0 0 1 1 
1 1 1 1 1 1 1 1 
1 1 1 1 1 1 1 1
P55 T3

Level4
1 1 1 1 1 1 1 1
1 1 1 1 1 1 1 1 
1 1 0 0 0 0 1 1 
1 G 0 H 0 0 1 1 
1 1 0 0 0 0 1 1 
1 1 0 0 0 0 1 1 
1 1 1 1 S 1 1 1 
1 1 1 1 1 1 1 1 
P24 T4

Level5
1 1 1 1 1 1 1 1
1 1 1 1 S 1 1 1 
1 1 0 0 0 0 1 1 
1 G 0 0 0 0 1 1 
1 1 0 0 0 0 1 1 
1 1 0 0 H 0 1 1 
1 1 1 1 1 1 1 1 
1 1 1 1 1 1 1 1
P44 T2

Level6
1 1 1 1 1 1 1 1
1 1 1 1 G 1 1 1 
1 1 0 0 0 0 1 1 
1 1 0 0 0 0 1 1 
1 1 0 0 0 0 1 1 
1 S 0 0 0 H 1 1 
1 1 1 1 1 1 1 1 
1 1 1 1 1 1 1 1
P52 P45 T4

Level7
1 1 1 1 1 1 1 1
1 1 1 1 1 1 1 1 
1 1 0 0 0 H 1 1 
1 1 0 0 0 0 1 1 
1 1 0 0 0 0 1 1
1 1 0 0 0 0 1 1 
1 1 1 S G 1 1 1 
1 1 1 1 1 1 1 1
P55 T4

Level8
1 1 1 1 1 1 1 1
1 1 1 1 1 1 1 1 
1 1 0 0 0 H 1 1 
1 S 0 0 0 0 1 1 
1 G 0 0 0 0 1 1 
1 1 0 0 0 0 1 1 
1 1 1 1 1 1 1 1 
1 1 1 1 1 1 1 1
P55 T3

Level9
1 1 1 1 1 1 1 1
1 1 1 1 1 1 1 1 
1 1 0 0 0 H 1 1 
1 S 0 0 0 0 1 1 
1 G 0 H 0 0 1 1 
1 1 0 0 0 0 1 1 
1 1 1 1 1 1 1 1 
1 1 1 1 1 1 1 1
P25 T4

Level10
1 1 1 1 1 1 1 1
1 1 1 G S 1 1 1 
1 1 0 0 0 0 1 1 
1 1 0 0 0 0 1 1 
1 1 0 0 0 0 1 1 
1 1 0 H 0 0 1 1 
1 1 1 1 1 1 1 1 
1 1 1 1 1 1 1 1 
P22 P43 T3

Level11
1 1 1 1 1 1 1 1
1 1 1 1 1 1 1 1 
1 1 0 0 # H 1 1
1 1 0 0 0 0 G 1 
1 1 H 0 0 0 S 1 
1 1 0 0 0 0 1 1
1 1 1 1 1 1 1 1 
1 1 1 1 1 1 1 1
P22 P34 T5

Level12
1 1 1 1 1 1 1 1
1 1 1 1 1 1 1 1 
1 1 0 0 0 H 1 1 
1 1 0 H 0 0 G 1 
1 S 0 0 0 # 1 1 
1 1 0 0 0 0 1 1 
1 1 1 1 1 1 1 1 
1 1 1 1 1 1 1 1
P42 P35 T5

Level13
1 1 1 1 1 1 1 1
1 1 1 1 1 1 1 1 
1 1 0 H H H 1 1 
1 1 0 0 0 0 G 1 
1 S 0 0 0 0 1 1 
1 1 0 0 0 0 1 1 
1 1 1 1 1 1 1 1 
1 1 1 1 1 1 1 1
P22 T4

Level14
1 1 1 1 1 1 1 1
1 1 1 1 1 S 1 1 
1 1 0 0 0 0 1 1 
1 1 H # 0 0 1 1 
1 1 H 0 0 0 1 1 
1 G 0 0 0 H 1 1 
1 1 1 1 1 1 1 1 
1 1 1 1 1 1 1 1
P32 P43 T4

Level15
1 1 1 1 1 1 1 1
1 1 1 1 1 1 1 1
1 1 0 0 0 0 S 1 
1 1 0 0 0 0 1 1 
1 G 0 0 0 H 1 1
1 1 H 0 0 0 1 1 
1 1 1 1 1 1 1 1 
1 1 1 1 1 1 1 1
P32 P54 T3

Level16
1 1 1 1 1 1 1 1
1 1 1 1 1 1 1 1 
1 1 0 H 0 0 1 1 
1 1 0 0 0 0 1 1 
1 G 0 H 0 0 1 1 
1 1 0 0 0 0 1 1 
1 1 1 1 S 1 1 1 
1 1 1 1 1 1 1 1 
P25 P42 T4

Level17
1 1 1 1 1 1 1 1
1 1 1 1 1 1 1 1 
1 1 0 H 0 0 1 1 
1 1 0 0 0 0 1 1 
1 G 0 H 0 0 1 1 
1 1 0 0 0 0 1 1 
1 1 1 1 S 1 1 1 
1 1 1 1 1 1 1 1
P23 T5

Level18
1 1 1 1 1 1 1 1
1 1 1 1 1 1 1 1
1 1 0 0 0 0 1 1 
1 S 0 0 # # 1 1 
1 1 H 0 0 0 G 1
1 1 0 0 0 H 1 1 
1 1 1 1 1 1 1 1 
1 1 1 1 1 1 1 1
P32 P45 T5

Level19
1 1 1 1 1 1 1 1
1 1 1 S 1 1 1 1 
1 1 0 0 0 0 1 1 
1 1 0 # 0 H 1 1 
1 1 0 0 0 0 1 1 
1 1 0 H 0 0 1 1 
1 1 1 1 G 1 1 1 
1 1 1 1 1 1 1 1
P34 P52 T4

Level20
1 1 1 1 1 1 1 1
1 1 S 1 1 1 1 1 
1 1 0 0 0 H 1 1 
1 1 0 0 0 0 1 1
1 1 0 0 H 0 1 1 
1 1 H 0 0 0 1 1 
1 1 1 1 G 1 1 1
1 1 1 1 1 1 1 1
P24 P35 T5

Level21
1 1 1 1 1 1 1 1
1 1 1 1 1 1 1 1 
1 1 0 0 0 0 1 1 
1 1 0 0 0 # 1 1
1 1 0 H 0 0 G 1 
1 S 0 0 0 # 1 1 
1 1 1 1 1 1 1 1 
1 1 1 1 1 1 1 1
P52 P53 P54 T5

Level22
1 1 1 1 1 1 1 1
1 1 1 1 1 1 1 1 
1 1 H 0 0 H 1 1 
1 1 0 0 # 0 1 1 
1 G 0 0 0 0 1 1 
1 1 H 0 0 0 1 1 
1 1 1 1 S 1 1 1
1 1 1 1 1 1 1 1
P42 P55 T4

Level23
1 1 1 1 1 1 1 1
1 1 1 1 1 1 1 1  
1 1 0 0 # 0 1 1 
1 1 H # # # 1 1 
1 G 0 0 H 0 1 1 
1 1 0 0 # 0 S 1 
1 1 1 1 1 1 1 1 
1 1 1 1 1 1 1 1
P22 P53 T6

Level24
1 1 1 1 1 1 1 1
1 1 1 1 1 1 1 1 
1 1 0 H # H 1 1
1 G 0 0 1 0 1 1 
1 1 0 H # # 1 1 
1 1 0 0 0 0 1 1 
1 1 1 1 S 1 1 1 
1 1 1 1 1 1 1 1
P22 T5

Level25
1 1 1 1 1 1 1 1
1 1 1 1 1 1 1 1 
1 S 0 0 H 0 1 1
1 1 0 0 0 # 1 1 
1 1 0 0 0 # 1 1
1 1 H 0 0 0 1 1 
1 1 1 1 G 1 1 1
1 1 1 1 1 1 1 1
P32 P24 P53 T6

Level26
1 1 1 1 1 1 1 1
1 1 1 1 1 1 1 1 
1 1 0 0 0 0 1 1 
1 G 0 H 0 0 S 1 
1 1 # 0 0 0 1 1 
1 1 H 0 0 # 1 1 
1 1 1 1 1 1 1 1 
1 1 1 1 1 1 1 1
P22 P43 P53 T7

Level27
1 1 1 1 1 1 1 1
1 1 1 1 1 S 1 1 
1 1 H 0 0 0 1 1 
1 1 0 0 0 # 1 1
1 1 0 H 0 # 1 1 
1 G 0 0 H 0 1 1 
1 1 1 1 1 1 1 1
1 1 1 1 1 1 1 1
P32 P44 T7

Level28
1 1 1 1 1 1 1 1
1 1 1 1 S 1 1 1 
1 1 0 0 0 0 1 1 
1 1 0 0 0 # 1 1 
1 G 0 0 0 0 1 1 
1 1 H 0 # 0 1 1 
1 1 1 1 1 1 1 1 
1 1 1 1 1 1 1 1
P55 P43 T4

Level29
1 1 1 1 1 1 1 1
1 1 1 S 1 1 1 1 
1 1 0 0 0 0 1 1 
1 1 H 0 0 0 1 1 
1 G 0 0 0 1 1 1 
1 1 1 # 0 0 1 1 
1 1 1 1 1 1 1 1 
1 1 1 1 1 1 1 1
P33 T8

Level30
1 1 1 1 1 1 1 1
1 1 1 1 1 1 1 1
1 S 0 0 # 0 1 1 
1 1 0 # 0 0 1 1 
1 G 0 0 0 0 1 1
1 1 H 0 H # 1 1 
1 1 1 1 1 1 1 1 
1 1 1 1 1 1 1 1
P54 P23 P53 T5

Level31
1 1 1 1 1 1 1 1
1 1 1 1 1 1 1 1 
1 1 0 0 0 0 1 1 
1 S 0 # 0 H 1 1 
1 1 0 0 0 0 1 1 
1 1 0 H H 0 1 1
1 1 1 1 1 G 1 1 
1 1 1 1 1 1 1 1
P43 P25 T5

Level32
1 1 1 1 1 1 1 1
1 1 1 1 1 1 1 1 
1 1 0 0 0 0 1 1 
1 1 0 0 0 0 G 1 
1 1 0 0 0 0 1 1 
1 1 0 0 0 0 1 1 
1 1 S 1 1 1 1 1 
1 1 1 1 1 1 1 1
R23 T3

Level33
1 1 1 1 1 1 1 1
1 1 1 1 1 1 1 1 
1 1 0 0 0 0 1 1 
1 S 0 # 0 0 1 1 
1 1 0 0 0 0 1 1
1 1 0 # 0 0 1 1 
1 1 1 G 1 1 1 1 
1 1 1 1 1 1 1 1
D32 T1

Level34
1 1 1 1 1 1 1 1
1 1 1 1 1 1 1 1 
1 1 0 0 # H 1 1
1 1 0 0 0 0 G 1 
1 S # 0 0 0 1 1
1 1 1 1 0 0 1 1 
1 1 1 1 1 1 1 1
1 1 1 1 1 1 1 1
U34 P32 T3

Level35
1 1 1 1 1 1 1 1
1 1 1 1 1 1 1 1 
1 1 0 H 0 0 1 1 
1 1 0 H 0 # 1 1 
1 G 0 0 0 # 1 1 
1 1 H 0 0 0 1 1 
1 1 1 1 1 S 1 1 
1 1 1 1 1 1 1 1
P35 L44

Level37
1 1 1 1 1 1 1 1
1 1 1 1 1 1 1 1
1 1 0 1 1 H 1 1 
1 1 0 0 1 0 G 1 
1 1 0 0 0 0 1 1
1 1 0 1 H 0 1 1 
1 1 S 1 1 1 1 1 
1 1 1 1 1 1 1 1
P23 R53 U54

Level38
1 1 1 1 1 1 1 1
1 1 1 1 1 1 1 1 
1 1 0 0 0 0 1 1 
1 1 0 0 0 1 1 1 
1 G 0 0 0 0 1 1 
1 1 0 H 0 0 1 1 
1 1 S 1 1 1 1 1
1 1 1 1 1 1 1 1
R23

Level39
1 1 1 1 1 1 1 1
1 1 1 1 G 1 1 1 
1 1 0 0 0 H 1 1 
1 1 0 0 0 # S 1 
1 1 # 0 0 0 1 1
1 1 1 1 0 0 1 1 
1 1 1 1 1 1 1 1 
1 1 1 1 1 1 1 1
D33

Level40
1 1 1 1 1 1 1 1
1 1 1 1 1 1 1 1 
1 1 H 0 0 1 1 1 
1 G # # 0 H 1 1 
1 S 0 0 0 0 1 1
1 1 0 0 1 1 1 1 
1 1 1 1 1 1 1 1 
1 1 1 1 1 1 1 1
L43

Level41
1 1 1 1 1 1 1 1
1 1 1 1 1 1 1 1
1 1 0 0 1 0 1 1 
1 1 0 0 0 0 1 1 
1 S 0 0 # H 1 1
1 1 0 H 0 H 1 1 
1 1 1 1 G 1 1 1 
1 1 1 1 1 1 1 1
P34 D43

Level42
1 1 1 1 1 1 1 1
1 1 1 1 1 1 1 1
1 1 # 1 # H 1 1 
1 1 # 0 0 0 1 1 
1 1 0 0 0 # 1 1 
1 1 0 H 0 0 1 1 
1 1 S 1 G 1 1 1 
1 1 1 1 1 1 1 1
L24 U43 P53

Level43
1 1 1 1 1 1 1 1
1 1 1 1 1 1 1 1 
1 1 1 0 0 H 1 1 
1 S 0 0 0 # 1 1 
1 1 0 0 0 0 G 1 
1 1 H 0 # # 1 1 
1 1 1 1 1 1 1 1 
1 1 1 1 1 1 1 1
P53 U34

Level44
1 1 1 1 1 1 1 1
1 1 1 G 1 1 1 1 
1 1 0 0 # 0 1 1 
1 1 0 H H 0 1 1 
1 1 0 0 0 0 1 1 
1 1 1 0 0 F S 1 
1 1 1 1 1 1 1 1 
1 1 1 1 1 1 1 1
P22 R43

Level45
1 1 1 1 1 1 1 1
1 1 1 1 1 1 1 1 
1 1 H 0 0 F G 1 
1 1 0 0 1 0 S 1 
1 1 F 1 X 0 1 1 
1 1 0 # 0 0 1 1 
1 1 1 1 1 1 1 1 
1 1 1 1 1 1 1 1
R23

Level46
1 1 1 1 1 1 1 1
1 1 1 1 1 1 1 1 
1 1 0 # F # 1 1 
1 1 # 0 0 0 1 1 
1 1 H H F 0 1 1 
1 S 0 F # # 1 1 
1 1 1 1 G 1 1 1 
1 1 1 1 1 1 1 1
P22 R33 D34

Level47
1 1 1 1 1 1 1 1
1 1 1 S 1 1 1 1 
1 1 1 0 0 0 1 1 
1 1 1 1 0 0 1 1 
1 1 H 0 0 # 1 1
1 1 H 0 F F G 1 
1 1 1 1 1 1 1 1 
1 1 1 1 1 1 1 1 
P52 L44 D34 R35

Level48
1 1 1 1 1 1 1 1
1 1 1 1 1 1 1 1 
1 1 0 F 1 F 1 1
1 1 0 0 0 0 G 1 
1 1 1 0 0 F 1 1 
1 1 1 0 0 0 1 1 
1 1 1 S 1 1 1 1 
1 1 1 1 1 1 1 1
P33 U44

Level49
1 1 1 1 1 1 1 1
1 1 1 1 1 1 1 1
1 G 0 F 0 H 1 1 
1 S F 0 F 0 1 1
1 1 H 0 0 0 1 1 
1 1 1 0 # H 1 1
1 1 1 1 1 1 1 1 
1 1 1 1 1 1 1 1 
P35 U44 D33

Level50
1 1 1 1 1 1 1 1
1 1 1 1 1 1 1 1 
1 1 0 0 0 H 1 1 
1 1 F 0 0 0 1 1 
1 G 0 H H F 1 1 
1 S # 0 0 0 1 1 
1 1 1 1 1 1 1 1 
1 1 1 1 1 1 1 1 
L34
