Map10
1 1 1 1 1 1 S 1 1 1 
1 0 H 1 0 F 0 0 0 1 
1 0 0 H # 0 0 0 0 1 
1 # 1 # F 0 H 0 1 1 
1 1 0 0 F 0 0 H 0 1 
G # F 0 H 0 0 0 0 1 
1 0 H 0 # 0 0 0 0 1 
1 0 1 0 0 0 F # 0 1 
1 F 0 0 H 1 0 0 1 1 
1 1 1 1 1 1 1 1 1 1 
P62 L54 L35 T4

Map8
1 1 1 1 1 1 1 1 
1 1 1 1 G 1 1 1 
1 1 1 0 0 0 1 1 
1 1 0 H H F 1 1 
1 1 0 0 0 0 1 1 
1 S # # 0 F 1 1 
1 1 1 1 1 1 1 1 
1 1 1 1 1 1 1 1 
P32 P45 R24 T5

Map8
1 1 1 1 1 1 1 1 
1 H 0 0 0 F 0 1 
1 # 0 # 1 0 0 1 
G 0 H 0 F H # 1 
1 0 0 F 0 # 0 S 
1 0 0 # F 0 0 1 
1 0 0 0 0 0 F 1 
1 1 1 1 1 1 1 1 
P14 R33 U21 T11

Map8
1 1 1 1 1 1 1 1 
1 F 0 0 0 0 0 1 
G F 0 0 0 0 0 1 
1 0 0 0 0 0 0 1 
1 F 0 0 F 0 0 1 
1 0 F # # # 0 S 
1 F 0 0 0 0 F 1 
1 1 1 1 1 1 1 1 
P31 P26 D54 T4

Map8
1 1 1 1 1 1 1 1 
1 1 0 0 0 0 0 1 
1 1 0 H 1 1 # 1 
1 1 0 0 0 0 0 1 
1 1 0 0 # # 0 1 
1 1 0 H 0 0 0 S 
1 1 1 1 G 1 1 1 
1 1 1 1 1 1 1 1 
P63 P55 D43 T3

Map8
1 1 1 1 1 S 1 1 
1 F # 0 F 0 0 1 
1 F 0 F 0 0 0 1 
G 0 0 1 0 1 0 1 
1 0 0 0 0 0 0 1 
1 0 0 1 0 0 0 1 
1 F F 0 0 0 F 1 
1 1 1 1 1 1 1 1 
P22 P65 U25 T5

Map8
1 1 1 1 1 1 1 1 
1 1 S 1 1 1 1 1 
1 0 0 0 0 0 1 1 
1 # H 0 0 0 1 1 
1 0 0 0 0 1 1 1 
1 0 0 0 0 0 1 1 
1 # 0 # 0 0 1 1 
1 1 G 1 1 1 1 1 
P42 R12 D25 T3

Map8
1 1 1 1 1 1 1 1 
1 1 1 1 1 S 1 1 
1 1 0 0 H # 1 1 
1 1 F # 0 0 1 1 
1 G 0 0 1 0 1 1 
1 1 0 # H 0 1 1 
1 1 1 1 1 1 1 1 
1 1 1 1 1 1 1 1 
P54 P25 D22 T3

Map10
1 1 S 1 1 1 1 1 1 1 
1 0 0 0 0 0 0 # 0 1 
1 0 0 0 0 H # # 1 1 
1 F 1 1 0 F 0 1 0 1 
1 1 0 0 0 0 # 0 0 1 
1 0 0 1 0 # 0 0 0 1 
1 0 F 0 0 0 0 0 0 1 
G 0 0 H 0 0 0 0 # 1 
1 0 0 0 F 1 0 # 0 1 
1 1 1 1 1 1 1 1 1 1 
P47 D41 L27 T4
