Candidates

Map8
1 1 1 1 1 1 1 1 
1 1 1 1 1 G 1 1 
1 1 F # 0 F 1 1 
1 S 0 1 0 # 1 1 
1 1 0 H 0 0 1 1 
1 1 1 0 # 0 1 1 
1 1 1 1 1 1 1 1 
1 1 1 1 1 1 1 1 
PL23 PL55 R43 T6

Map8
1 1 1 1 1 1 1 1 
1 1 1 1 1 1 1 1 
1 1 0 # 0 F S 1 
1 1 1 0 # 0 1 1 
1 1 0 0 0 0 1 1 
1 G # H 0 F 1 1 
1 1 1 1 1 1 1 1 
1 1 1 1 1 1 1 1 
PU45 PR22 l44 T5

Map8
1 1 1 1 1 1 1 1 
1 1 1 1 S 1 1 1 
1 1 # 1 # 0 1 1 
1 1 0 0 1 F 1 1 
1 1 0 0 0 0 G 1 
1 1 0 H F # 1 1 
1 1 1 1 1 1 1 1 
1 1 1 1 1 1 1 1 
PL52 PU25 r24 T5

Map8
1 1 1 1 1 1 1 1 
1 1 1 G 1 1 1 1 
1 1 H # 0 # S 1 
1 1 0 0 F 0 1 1 
1 1 0 F # 0 1 1 
1 1 1 1 1 0 1 1 
1 1 1 1 1 1 1 1 
1 1 1 1 1 1 1 1 
PD42 PD23 l53 T6

Map8
1 1 1 1 1 1 1 1 
1 0 # # 0 F 1 1 
1 # 0 0 0 # 1 1 
1 H 1 F 0 F G 1 
S 0 F 0 0 H 1 1 
1 1 0 H 0 F 1 1 
1 1 1 1 1 1 1 1 
1 1 1 1 1 1 1 1 
PD11 PU44 l42 T11

Map8
1 1 1 1 1 1 1 1 
1 1 1 1 1 1 1 1 
1 1 0 0 H 0 G 1 
1 1 F 0 1 0 1 1 
1 F 0 F F # 1 1 
1 0 0 0 0 0 1 1 
1 0 1 0 F 0 1 1 
1 1 1 1 S 1 1 1 
PL32 PD45 r24 T6

Map8
1 1 1 1 1 G 1 1 
1 0 F 0 1 0 1 1 
1 0 0 F H F 1 1 
1 1 F 0 0 0 1 1 
1 # 0 0 0 1 1 1 
1 1 F 0 0 0 S 1 
1 1 1 1 1 1 1 1 
1 1 1 1 1 1 1 1 
PL22 PR35 r33 T7

Map8
1 1 1 1 1 1 S 1 
1 1 0 0 1 0 0 1 
1 1 1 1 0 0 F G 
1 1 0 0 0 F 0 1 
1 1 0 F 0 0 0 1 
1 1 1 F 0 0 # 1 
1 1 1 1 1 1 1 1 
1 1 1 1 1 1 1 1 
PU61 PD63 u44 T6

Map8
1 1 1 1 1 1 1 1 
S # 1 1 0 0 1 1 
1 0 F # F 0 1 1 
1 0 0 # 0 0 1 1 
1 0 # 0 0 0 1 1 
1 H 0 0 0 H 1 1 
1 1 1 G 1 1 1 1 
1 1 1 1 1 1 1 1 
PU14 PU25 r13 T7

Map8
1 1 1 1 1 1 1 1 
1 1 1 1 1 G 1 1 
1 S # 0 0 F 0 1 
1 1 F 0 0 0 F 1 
1 1 0 0 # 1 1 1 
1 1 0 F 0 # 0 1 
1 1 0 0 F F 0 1 
1 1 1 1 1 1 1 1 
PD42 PU53 r24 T7

Map8
1 1 1 1 1 1 1 1 
1 1 F 0 0 F 1 1 
1 1 0 0 1 1 F 1 
1 1 0 1 0 0 F 1 
1 1 0 0 0 0 0 1 
1 1 0 F 0 # 0 1 
1 1 1 G 1 1 S 1 
1 1 1 1 1 1 1 1 
PL64 PU45 d34 T7

Map8
1 1 1 1 1 1 1 1 
1 1 1 1 1 1 1 1 
1 1 0 0 H 0 1 1 
1 1 # 1 1 0 S 1 
1 1 0 0 # # 1 1 
1 1 0 F 0 F G 1 
1 1 1 1 1 1 1 1 
1 1 1 1 1 1 1 1 
PR53 PU25 p34 T6

Map8
1 1 1 1 1 1 1 1 
1 1 1 1 1 G 1 1 
1 S 0 # 1 0 1 1 
1 1 # 0 # 1 1 1 
1 1 F H F 0 1 1 
1 1 0 0 0 0 1 1 
1 1 1 1 1 1 1 1 
1 1 1 1 1 1 1 1 
PR33 PU52 p35 T7

Map8
1 1 1 1 1 1 1 1 
1 1 1 G 1 1 1 1 
1 1 H 0 # # 1 1 
1 1 0 1 F # 1 1 
1 1 1 0 0 F 1 1 
1 1 0 0 0 0 1 1 
1 1 S 1 1 1 1 1 
1 1 1 1 1 1 1 1 
PR34 PU32 p45 T6

Map8
1 1 1 1 1 1 1 1 
1 1 H 0 0 0 0 1 
1 # 0 0 0 0 # 1 
G 0 0 # H 0 0 1 
1 # F H 0 F 0 S 
1 0 0 0 0 F 0 1 
1 0 0 0 0 0 0 1 
1 1 1 1 1 1 1 1 
PR44 PU16 p22 T6

Map10
1 S 1 1 1 1 1 1 1 1 
1 # 0 0 H F F 0 0 1 
1 0 F 0 0 0 0 0 0 1 
1 H 0 F 0 H # 0 0 1 
1 0 1 F 0 # 0 0 0 1 
1 H H 0 # 0 # 0 0 1 
G 0 # 0 0 0 0 # F 1 
1 H 0 0 0 0 # 0 F 1 
1 0 0 0 # 0 0 0 0 1 
1 1 1 1 1 1 1 1 1 1 
PR55 PU12 p68 T6

Map10
1 1 S 1 1 1 1 1 1 1 
1 0 # 0 0 0 1 0 0 1 
G 0 F H 0 0 0 0 0 1 
1 0 0 1 0 0 0 H 0 1 
1 0 H 1 0 0 0 0 0 1 
1 0 0 0 0 0 0 0 0 1 
1 0 0 0 0 0 0 H 0 1 
1 0 0 0 0 0 1 0 0 1 
1 1 0 1 0 0 0 0 0 1 
1 1 1 1 1 1 1 1 1 1 
PR11 PU23 p54 T6

Map8
1 1 1 G 1 S 1 1 
1 F # 0 0 0 1 1 
1 0 0 1 H 0 1 1 
1 # 1 F 0 0 1 1 
1 0 0 0 H F 1 1 
1 # 1 0 F F 1 1 
1 1 1 1 1 1 1 1 
1 1 1 1 1 1 1 1 
PR12 PU52 p41 T7

Map8
1 1 1 1 1 1 1 1 
1 1 1 1 1 1 1 1 
1 1 # F 0 0 0 1 
1 1 0 0 0 0 1 1 
1 G F 0 F 1 0 1 
1 1 0 1 H F 0 1 
1 1 0 H 0 1 0 S 
1 1 1 1 1 1 1 1 
PR66 PU23 p42 T7

Map8
1 1 1 1 1 1 1 1 
1 0 H 0 0 0 1 1 
1 0 0 0 1 0 1 1 
1 0 0 0 0 # 1 1 
1 0 0 F H 0 G 1 
1 0 # 0 0 H 1 1 
1 1 S 1 1 1 1 1 
1 1 1 1 1 1 1 1 
PR54 PU24 p13 T10

Map8
1 1 1 1 1 1 1 1 
1 0 0 F 0 H 0 G 
1 0 # 0 # 0 1 1 
1 0 # 1 H 0 0 1 
1 0 0 0 0 H 0 1 
1 1 1 0 0 0 0 1 
1 0 0 # 0 0 0 S 
1 1 1 1 1 1 1 1 
PR61 PU14 p46 T7

Map8
1 1 1 1 1 1 1 1 
1 H # 0 1 H 0 1 
1 # # 1 H 0 0 1 
1 1 0 # 0 # 1 1 
1 0 # 0 # 0 H 1 
1 1 0 0 H 0 1 1 
S 0 0 1 0 # 0 1 
1 1 1 1 1 1 G 1 
PR14 PU34 p25 T8

Map10
1 1 1 S 1 1 1 1 1 1 
1 F 0 0 0 0 F 0 0 1 
1 F 0 0 # 0 # 0 0 1 
1 0 H 0 0 0 1 0 0 1 
1 0 F 0 0 0 # 0 H 1 
1 0 0 H 0 H H # 0 1 
G 0 H 0 0 0 F 0 1 1 
1 0 0 0 0 0 0 0 # 1 
1 0 0 1 0 0 0 0 0 1 
1 1 1 1 1 1 1 1 1 1 
PR17 PU31 p45 T8

Map10
1 1 1 1 1 1 1 1 1 1 
1 0 0 1 0 0 0 0 0 1 
1 # 0 0 0 0 0 0 0 1 
1 0 0 0 0 0 0 1 0 1 
1 0 0 0 0 0 0 F 0 1 
S 0 1 H # 0 # # 0 1 
1 0 0 0 0 1 # F 0 1 
G 0 0 1 0 0 0 1 # 1 
1 H 0 0 0 0 0 H 1 1 
1 1 1 1 1 1 1 1 1 1 
PR41 PU28 p51 T9

Map8
1 1 1 1 1 1 1 1 
1 1 1 1 1 1 1 1 
1 1 0 # 1 0 1 1 
1 1 F 0 F 0 S 1 
1 1 0 # 0 0 1 1 
1 1 0 H 0 # G 1 
1 1 1 1 1 1 1 1 
1 1 1 1 1 1 1 1 
PR53 PU25 r24 T5

Map8
1 1 1 1 1 1 1 1 
1 1 1 G 1 S 1 1 
1 1 # F 1 # 1 1 
1 1 F 0 0 # 1 1 
1 1 0 0 0 0 1 1 
1 1 0 0 0 H 1 1 
1 1 1 1 1 1 1 1 
1 1 1 1 1 1 1 1 
PR24 PU54 u34 T3

Map8
1 1 1 1 1 1 1 1 
1 1 1 1 G 1 1 1 
1 1 0 0 0 H 1 1 
1 1 0 0 F 0 1 1 
1 1 0 # 1 F 1 1 
1 1 # 0 # 0 1 1 
1 1 S 1 1 1 1 1 
1 1 1 1 1 1 1 1 
PR35 PU42 r23 T5

Map8
1 1 1 1 1 1 1 1 
1 1 0 0 1 F H 1 
1 1 1 0 0 0 F 1 
1 1 H 0 F F H 1 
1 1 0 F 0 0 0 1 
1 S # 0 0 0 F 1 
1 1 1 1 1 1 G 1 
1 1 1 1 1 1 1 1 
PR32 PU55 r44 T4

Map8
1 1 1 1 1 1 1 1 
1 1 1 G 1 1 1 1 
1 1 0 F F 0 0 1 
1 1 # 0 # 0 0 1 
1 1 # 1 0 F 0 1 
1 1 0 F 0 # H 1 
1 1 0 0 F 0 # 1 
1 1 1 1 S 1 1 1 
PR22 PU44 u33 T6

Map10
1 1 1 S 1 1 1 1 1 1 
1 0 0 F F 0 0 0 0 1 
G 0 F 0 0 H F F 0 1 
1 0 0 F # 0 0 0 0 1 
1 # 0 1 H # 1 0 F 1 
1 0 0 F # 0 0 0 0 1 
1 0 0 0 0 0 # 0 0 1 
1 1 0 0 0 1 # 0 0 1 
1 0 0 F 0 # # H 0 1 
1 1 1 1 1 1 1 1 1 1 
PR13 PU32 U24 T4

Map10
1 1 1 1 1 G 1 1 1 1 
1 0 0 # # 0 0 # 0 1 
1 F 0 0 0 1 # 0 0 1 
1 0 1 0 0 0 0 0 0 1 
S 0 H F F # 0 # # 1 
1 0 0 0 H 0 0 0 0 1 
1 H 0 H # 0 0 0 0 1 
1 0 0 F 1 0 0 0 # 1 
1 0 0 0 H H 0 0 0 1 
1 1 1 1 1 1 1 1 1 1 
PL14 PD61 L73 T4

Map10
1 1 G 1 1 1 1 1 1 1 
1 1 # 0 1 1 0 0 1 1 
1 0 0 0 0 1 # 0 0 1 
S 0 F 0 F F 0 F 0 1 
1 # 0 0 0 H H 0 0 1 
1 0 F 0 0 # 0 0 0 1 
1 F 0 0 0 H 0 0 # 1 
1 0 0 0 H F 0 F H 1 
1 0 1 0 0 0 1 0 F 1 
1 1 1 1 1 1 1 1 1 1 
PR12 PD82 u33 T4

Map10
1 1 1 1 1 1 S 1 1 1 
1 F 0 # F 0 0 # 0 1 
1 H 1 0 H # F 0 0 1 
1 0 0 0 # 0 H 0 0 1 
1 0 0 # 1 1 0 0 0 1 
G 0 0 F F # 0 H 1 1 
1 F H 0 # 0 F 0 0 1 
1 0 0 # 0 0 F # 0 1 
1 0 0 0 0 0 1 # 0 1 
1 1 1 1 1 1 1 1 1 1 
PD13 PL81 R51 T4

Map10
1 G 1 1 1 1 1 1 1 1 
1 0 1 # F 0 0 0 1 1 
1 0 0 0 0 F H 0 0 1 
1 1 # 0 1 1 0 # # 1 
1 # H 0 1 1 0 0 H 1 
1 0 0 1 H H # 0 0 1 
S 0 1 0 0 0 0 0 0 1 
1 0 0 0 0 0 0 F 0 1 
1 0 F 0 H 0 0 0 # 1 
1 1 1 1 1 1 1 1 1 1 
PR18 PL22 D36 T5

Map10
1 1 1 1 1 1 S 1 1 1 
1 1 0 0 H 0 0 H 0 1 
1 0 F 0 0 F 1 F 0 1 
1 0 0 0 0 0 0 H 0 1 
1 0 1 0 0 0 0 0 0 1 
G 0 0 0 0 0 0 1 0 1 
1 0 0 F # 0 0 0 0 1 
1 # 0 1 F 0 1 0 0 1 
1 F 0 0 0 0 0 F 0 1 
1 1 1 1 1 1 1 1 1 1 
PR51 PD63 U27 T4

Map10
1 1 G 1 1 1 1 1 1 1 
1 0 0 F F 0 0 F 0 1 
S F 1 0 0 0 0 1 0 1 
1 0 0 1 0 0 0 0 0 1 
1 0 0 0 0 F 0 0 0 1 
1 F F H 1 1 # H F 1 
1 H 0 1 0 0 H 0 0 1 
1 0 1 F 0 0 1 0 0 1 
1 0 0 # # 0 0 0 H 1 
1 1 1 1 1 1 1 1 1 1 
PU13 PD42 D11 T5

Map10
1 1 1 1 1 G 1 1 1 1 
1 0 0 0 # 0 H H 0 1 
1 # 0 0 0 0 # 0 0 1 
1 0 0 0 0 1 0 0 0 1 
1 0 0 0 # 0 0 0 H 1 
1 0 0 0 0 0 0 0 0 1 
S 0 1 0 0 0 0 1 0 1 
1 # 0 0 1 0 0 0 1 1 
1 0 1 F 0 0 0 0 0 1 
1 1 1 1 1 1 1 1 1 1 
PR11 PD42 L72 T8

Map10
1 1 1 1 1 G 1 1 1 1 
1 0 0 0 0 0 H 0 0 1 
1 F F 0 0 0 # 0 0 1 
1 F 0 0 0 0 H 1 H 1 
1 0 0 0 1 1 H 1 0 1 
1 0 0 0 0 F 0 0 0 1 
S 0 H F 0 0 1 0 0 1 
1 0 F 0 0 0 0 0 0 1 
1 0 0 0 0 H 0 0 F 1 
1 1 1 1 1 1 1 1 1 1 
PU51 PR23 U17 T4

Map10
1 1 S 1 1 1 1 1 1 1 
1 0 # 1 0 0 0 0 1 1 
1 0 0 0 F 0 # 0 1 1 
1 # 0 F 0 H 0 # 1 1 
1 0 F 0 0 # 0 H 1 1 
1 H 0 F 1 H 0 0 1 1 
1 0 0 # 0 0 1 0 1 1 
1 0 F 1 0 0 # F 1 1 
1 1 1 1 G 1 1 1 1 1 
1 1 1 1 1 1 1 1 1 1 
PR41 PR23 d32 T8

Map10
1 1 1 1 1 1 1 1 1 1 
1 0 F 0 0 0 0 0 S 1 
1 # 0 0 0 0 0 0 1 1 
1 F 0 H H 1 0 0 1 1 
1 0 H 0 1 1 0 0 G 1 
1 # # 0 F # F H 1 1 
1 H 0 0 0 F 0 0 1 1 
1 H 0 0 F 0 F 0 1 1 
1 1 1 1 1 1 1 1 1 1 
1 1 1 1 1 1 1 1 1 1 
PL41 PU66 r64 T7

