Ch1 5x5 candidates

Map8
1 1 1 1 G 1 1 1 
1 1 H 0 # 1 # 1 
1 1 0 0 0 0 # 1 
1 1 0 0 0 H 0 1 
1 1 0 0 0 # 0 1 
1 1 0 H 0 0 0 S 
1 1 1 1 1 1 1 1 
1 1 1 1 1 1 1 1 
P63 P34 P55 T4

Map8
1 1 1 1 1 1 1 1 
1 0 0 0 1 H 1 1 
G 0 0 H 0 0 1 1 
1 H 0 0 0 0 1 1 
1 0 0 0 0 0 1 1 
1 0 0 0 0 0 1 1 
1 1 1 S 1 1 1 1 
1 1 1 1 1 1 1 1 
P21 P33 P14 T4

Map8
1 1 1 1 1 1 1 1 
1 1 1 1 1 1 1 1 
1 1 0 # H 0 0 1 
1 1 0 1 0 0 0 1 
1 S 0 0 H 0 0 1 
1 1 0 0 0 0 0 1 
1 1 0 0 0 H 0 1 
1 1 1 1 G 1 1 1 
P34 P55 P26 T4

Map8
1 1 1 1 1 1 1 1 
1 1 1 1 1 1 S 1 
1 1 0 0 1 0 0 1 
1 1 0 0 0 0 0 1 
1 1 0 0 0 0 0 1 
1 G 0 0 0 H 0 1 
1 1 H # 0 0 0 1 
1 1 1 1 1 1 1 1 
P33 P64 P46 T4

Map8
1 1 1 1 1 1 1 1 
1 1 1 1 1 G 1 1 
1 S 0 0 H # 0 1 
1 1 0 0 0 0 0 1 
1 1 0 0 0 1 0 1 
1 1 0 0 # 0 0 1 
1 1 0 0 0 0 1 1 
1 1 1 1 1 1 1 1 
P32 P63 P24 T4

Map8
1 1 1 1 G 1 1 1 
1 1 0 # 0 0 0 1 
1 1 H 0 0 0 1 1 
1 1 0 0 H 0 H 1 
1 1 1 0 0 0 0 1 
1 1 0 0 0 0 0 1 
1 1 1 1 1 1 S 1 
1 1 1 1 1 1 1 1 
P51 P64 P25 T5

Map8
1 1 1 1 1 1 1 1 
1 1 1 G 1 1 1 1 
1 1 H 0 0 0 0 1 
1 1 0 0 0 0 0 1 
1 1 0 H 0 0 0 1 
1 1 0 0 0 0 1 1 
1 1 0 0 0 0 0 S 
1 1 1 1 1 1 1 1 
P42 P23 P36 T4

Map8
1 1 1 1 1 1 1 1 
1 1 1 1 1 1 S 1 
1 1 0 0 0 0 0 1 
1 1 0 0 0 0 0 1 
1 1 0 0 0 0 0 1 
1 G 0 0 # 0 H 1 
1 1 H 0 0 0 0 1 
1 1 1 1 1 1 1 1 
P22 P63 P36 T4

Map8
1 1 S 1 1 1 1 1 
1 1 0 0 0 0 H 1 
1 1 0 0 0 0 0 1 
1 1 0 0 0 0 H 1 
1 G 0 0 0 0 0 1 
1 1 H 0 0 0 0 1 
1 1 1 1 1 1 1 1 
1 1 1 1 1 1 1 1 
P41 P22 P35 T4

Map8
1 1 1 1 1 1 1 1 
1 0 0 H 0 0 1 1 
1 0 0 H 0 0 S 1 
1 0 # 0 0 0 1 1 
1 0 0 0 0 0 1 1 
1 0 0 0 0 H 1 1 
1 1 G 1 1 1 1 1 
1 1 1 1 1 1 1 1 
P42 P13 P54 T4

