Map8
1 1 1 1 1 1 1 1 
1 1 1 S 1 1 1 1 
1 1 # 0 0 0 1 1 
1 1 0 # 0 0 G 1 
1 1 0 # # 0 1 1 
1 1 1 H 0 H 1 1 
1 1 1 1 1 1 1 1 
1 1 1 1 1 1 1 1 
L42 U45 T4

Map8
1 1 1 1 1 1 1 1 
1 1 1 1 1 1 1 1 
1 1 1 0 0 H 1 1 
1 S # 0 H H 1 1 
1 1 0 0 0 0 1 1 
1 1 # 0 H 0 G 1 
1 1 1 1 1 1 1 1 
1 1 1 1 1 1 1 1 
D32 P35 T4

Map8
1 1 1 1 1 1 1 1 
1 1 1 1 1 1 1 1 
1 1 # 0 0 0 1 1 
1 G # 0 H 0 S 1 
1 1 0 1 1 0 1 1 
1 1 0 0 H H 1 1 
1 1 1 1 1 1 1 1 
1 1 1 1 1 1 1 1 
U54 P24 T4

Map8
1 1 1 1 1 1 1 1 
1 1 1 1 G 1 1 1 
1 1 # H 0 # 1 1 
1 1 H 1 0 H 1 1 
1 1 0 0 0 0 1 1 
1 1 0 0 0 # 1 1 
1 1 S 1 1 1 1 1 
1 1 1 1 1 1 1 1 
U45 P24 T4

Map8
1 1 1 1 1 1 1 1 
1 1 S 1 1 1 1 1 
1 1 0 0 0 1 1 1 
1 1 1 0 H 0 1 1 
1 1 0 # 0 H 1 1 
1 1 0 # 0 0 1 1 
1 1 1 1 G 1 1 1 
1 1 1 1 1 1 1 1 
D44 P42 T4

Map8
1 1 1 1 1 1 1 1 
1 1 1 1 1 1 1 1 
1 1 # 0 0 0 1 1 
1 G 0 0 1 0 1 1 
1 1 H H 0 # S 1 
1 1 0 0 0 0 1 1 
1 1 1 1 1 1 1 1 
1 1 1 1 1 1 1 1 
L33 P44 T4

Map8
1 1 1 1 1 1 1 1 
1 1 S 1 1 1 1 1 
1 1 0 0 0 H 1 1 
1 1 0 0 0 # 1 1 
1 1 H 1 H 0 1 1 
1 1 # 0 0 0 1 1 
1 1 1 1 1 G 1 1 
1 1 1 1 1 1 1 1 
R23 P42 T4

Map8
1 1 1 1 1 1 1 1 
1 1 1 1 1 1 1 1 
1 1 0 # 1 0 1 1 
1 1 0 0 0 0 1 1 
1 S 0 H 0 0 1 1 
1 1 0 1 0 0 1 1 
1 1 1 1 G 1 1 1 
1 1 1 1 1 1 1 1 
U25 P22 T5

Map8
1 1 1 1 1 1 1 1 
1 1 1 G 1 1 1 1 
1 1 # 0 0 0 S 1 
1 1 0 1 # 0 1 1 
1 1 # 0 0 0 1 1 
1 1 0 1 0 # 1 1 
1 1 1 1 1 1 1 1 
1 1 1 1 1 1 1 1 
D42 L54 T6

Map8
1 1 1 1 1 1 1 1 
1 1 1 1 1 1 1 1 
1 1 0 0 0 0 1 1 
1 S 0 0 H 0 1 1 
1 1 H 0 H # G 1 
1 1 H 1 0 0 1 1 
1 1 1 1 1 1 1 1 
1 1 1 1 1 1 1 1 
U34 P55 T4

Map8
1 1 1 1 1 1 1 1 
1 1 1 1 1 1 1 1 
1 1 0 1 0 0 1 1 
1 1 0 # 0 # 1 1 
1 S # H H 0 1 1 
1 1 0 0 0 0 1 1 
1 1 1 G 1 1 1 1 
1 1 1 1 1 1 1 1 
U25 P22 T5

Map8
1 1 1 1 1 1 1 1 
1 1 1 1 1 1 1 1 
1 1 0 # 1 H 1 1 
1 1 0 H 0 0 1 1 
1 1 0 0 0 H 1 1 
1 1 0 H 0 0 1 1 
1 1 S 1 1 G 1 1 
1 1 1 1 1 1 1 1 
D43 P23 T4

Map8
1 1 1 1 1 1 1 1 
1 1 1 1 1 1 1 1 
1 1 0 0 0 # 1 1 
1 G # 0 # 0 1 1 
1 1 0 H 1 # 1 1 
1 1 0 0 0 0 1 1 
1 1 1 S 1 1 1 1 
1 1 1 1 1 1 1 1 
R25 P32 T5

Map8
1 1 1 1 1 1 1 1 
1 1 1 1 1 1 1 1 
1 1 1 H 0 0 S 1 
1 1 0 0 H 0 1 1 
1 G 0 0 H 0 1 1 
1 1 0 0 # # 1 1 
1 1 1 1 1 1 1 1 
1 1 1 1 1 1 1 1 
L34 P42 T4

Map8
1 1 1 1 1 1 1 1 
1 1 1 1 1 1 1 1 
1 G 0 # H # 1 1 
1 1 H 0 H 0 1 1 
1 1 0 0 0 0 1 1 
1 1 0 1 # 0 S 1 
1 1 1 1 1 1 1 1 
1 1 1 1 1 1 1 1 
L54 P24 T4

Map8
1 1 1 1 1 1 1 1 
1 1 1 1 S 1 1 1 
1 1 1 0 0 0 1 1 
1 1 0 0 H H 1 1 
1 1 0 0 0 0 G 1 
1 1 0 # 0 # 1 1 
1 1 1 1 1 1 1 1 
1 1 1 1 1 1 1 1 
L52 P23 T5

Map8
1 1 1 1 1 1 1 1 
1 1 G 1 1 1 1 1 
1 1 0 0 1 H 1 1 
1 1 0 H 0 0 1 1 
1 1 0 # 0 0 1 1 
1 1 0 0 0 # 1 1 
1 1 1 S 1 1 1 1 
1 1 1 1 1 1 1 1 
R25 P53 T4

Map8
1 1 1 1 1 1 1 1 
1 1 1 S 1 1 1 1 
1 1 # 0 0 0 1 1 
1 1 # 0 H 1 1 1 
1 1 0 0 # 0 1 1 
1 1 0 H 1 # G 1 
1 1 1 1 1 1 1 1 
1 1 1 1 1 1 1 1 
L42 P25 T5

Map8
1 1 1 1 1 1 1 1 
1 1 1 1 1 1 1 1 
1 1 H # 0 0 S 1 
1 1 H 0 0 # G 1 
1 1 0 0 # # 1 1 
1 1 H H 0 1 1 1 
1 1 1 1 1 1 1 1 
1 1 1 1 1 1 1 1 
U45 P42 T4

Map8
1 1 1 1 1 1 1 1 
1 1 1 1 1 1 1 1 
1 G 0 H # H 1 1 
1 1 0 0 0 1 1 1 
1 1 H 0 0 0 1 1 
1 1 # 0 0 0 1 1 
1 1 1 1 1 S 1 1 
1 1 1 1 1 1 1 1 
L43 U35 T4

Map8
1 1 1 1 1 1 1 1 
1 1 1 S 1 1 1 1 
1 1 H 0 H 0 1 1 
1 1 0 # # 1 1 1 
1 1 H H 0 0 1 1 
1 1 0 0 # 0 1 1 
1 1 1 G 1 1 1 1 
1 1 1 1 1 1 1 1 
R23 P25 T4

Map8
1 1 1 1 1 1 1 1 
1 1 1 1 1 1 1 1 
1 1 0 # 0 H 1 1 
1 1 0 H 0 0 1 1 
1 1 0 # 0 1 1 1 
1 1 0 0 0 0 1 1 
1 1 1 S G 1 1 1 
1 1 1 1 1 1 1 1 
L44 P55 T4

Map8
1 1 1 1 1 1 1 1 
1 1 1 1 1 1 1 1 
1 G 0 0 H H 1 1 
1 1 1 0 0 0 1 1 
1 S 0 0 # 0 1 1 
1 1 0 H 0 H 1 1 
1 1 1 1 1 1 1 1 
1 1 1 1 1 1 1 1 
L53 P54 T4

Map8
1 1 1 1 1 1 1 1 
1 1 1 1 1 1 1 1 
1 1 0 0 0 # 1 1 
1 S 0 H 0 0 1 1 
1 1 0 H 1 # G 1 
1 1 0 0 0 0 1 1 
1 1 1 1 1 1 1 1 
1 1 1 1 1 1 1 1 
U24 P55 T4

Map8
1 1 1 1 1 1 1 1 
1 1 1 1 1 1 1 1 
1 1 H # 0 0 1 1 
1 S 0 0 H 0 G 1 
1 1 # 0 H 0 1 1 
1 1 1 0 0 0 1 1 
1 1 1 1 1 1 1 1 
1 1 1 1 1 1 1 1 
D33 P52 T6

Map8
1 1 1 1 1 1 1 1 
1 1 1 1 1 G 1 1 
1 1 # 1 1 0 1 1 
1 1 H 0 H # 1 1 
1 1 0 0 0 0 1 1 
1 1 0 0 0 H 1 1 
1 1 S 1 1 1 1 1 
1 1 1 1 1 1 1 1 
R24 P45 T4

Map8
1 1 1 1 1 1 1 1 
1 1 1 1 1 1 1 1 
1 1 0 0 H 0 1 1 
1 1 0 1 0 0 G 1 
1 S 0 H # 0 1 1 
1 1 0 0 0 0 1 1 
1 1 1 1 1 1 1 1 
1 1 1 1 1 1 1 1 
D23 P52 T4

Map8
1 1 1 1 1 1 1 1 
1 1 1 1 S 1 1 1 
1 1 1 0 # 0 1 1 
1 1 H H 0 0 1 1 
1 1 0 0 0 0 1 1 
1 G # H H 0 1 1 
1 1 1 1 1 1 1 1 
1 1 1 1 1 1 1 1 
R32 P55 T5

Map8
1 1 1 1 1 1 1 1 
1 1 1 S 1 1 1 1 
1 1 0 0 0 0 1 1 
1 1 H H 0 0 1 1 
1 1 0 # 0 0 1 1 
1 1 0 0 0 1 1 1 
1 1 1 G 1 1 1 1 
1 1 1 1 1 1 1 1 
R22 P24 T4

Map8
1 1 1 1 1 1 1 1 
1 1 1 1 1 S 1 1 
1 1 1 0 0 0 1 1 
1 1 H # 0 0 1 1 
1 1 0 0 0 H 1 1 
1 G 0 H H 0 1 1 
1 1 1 1 1 1 1 1 
1 1 1 1 1 1 1 1 
L44 P53 T5

Map8
1 1 1 1 1 1 1 1 
1 1 G 1 S 1 1 1 
1 1 0 0 0 0 1 1 
1 1 0 0 H # 1 1 
1 1 1 0 H 0 1 1 
1 1 0 # 0 0 1 1 
1 1 1 1 1 1 1 1 
1 1 1 1 1 1 1 1 
R32 P25 T6

Map8
1 1 1 1 1 1 1 1 
1 1 1 1 1 G 1 1 
1 1 1 0 0 0 1 1 
1 1 1 # # # 1 1 
1 1 0 0 H 0 1 1 
1 1 0 0 0 0 1 1 
1 1 1 1 S 1 1 1 
1 1 1 1 1 1 1 1 
L55 P25 T4

Map8
1 1 1 1 1 1 1 1 
1 1 1 1 1 1 1 1 
1 1 # 0 H 0 1 1 
1 G 0 0 1 # 1 1 
1 1 0 0 # 0 1 1 
1 1 H 0 0 0 1 1 
1 1 1 1 1 S 1 1 
1 1 1 1 1 1 1 1 
L33 P35 T6

Map8
1 1 1 1 1 1 1 1 
1 1 1 1 1 1 1 1 
1 1 0 0 0 0 1 1 
1 G 0 0 H 0 S 1 
1 1 0 # 0 0 1 1 
1 1 1 0 0 0 1 1 
1 1 1 1 1 1 1 1 
1 1 1 1 1 1 1 1 
D52 P32 T4

Map8
1 1 1 1 1 1 1 1 
1 1 1 1 1 1 1 1 
1 1 H 1 # # 1 1 
1 S 0 0 0 H 1 1 
1 1 0 0 0 0 1 1 
1 1 # H 0 0 G 1 
1 1 1 1 1 1 1 1 
1 1 1 1 1 1 1 1 
R24 P43 T4

Map8
1 1 1 1 1 1 1 1 
1 1 1 1 1 1 1 1 
1 1 0 0 0 # 1 1 
1 1 0 0 0 0 1 1 
1 1 H 0 0 0 S 1 
1 1 0 0 1 0 1 1 
1 1 G 1 1 1 1 1 
1 1 1 1 1 1 1 1 
U55 P22 T5

Map8
1 1 1 1 1 1 1 1 
1 1 S 1 1 1 1 1 
1 1 0 0 0 # 1 1 
1 1 1 0 0 H 1 1 
1 1 # 0 0 0 G 1 
1 1 0 H 1 0 1 1 
1 1 1 1 1 1 1 1 
1 1 1 1 1 1 1 1 
D42 R34 T4

Map8
1 1 1 1 1 1 1 1 
1 1 G S 1 1 1 1 
1 1 0 0 H 1 1 1 
1 1 0 # 0 # 1 1 
1 1 0 H 0 0 1 1 
1 1 0 H 0 1 1 1 
1 1 1 1 1 1 1 1 
1 1 1 1 1 1 1 1 
R23 P43 T4

Map8
1 1 1 1 1 1 1 1 
1 1 1 1 1 1 1 1 
1 1 0 # 0 # 1 1 
1 1 0 0 H 0 S 1 
1 1 1 0 H 0 1 1 
1 G 0 0 0 0 1 1 
1 1 1 1 1 1 1 1 
1 1 1 1 1 1 1 1 
U54 P22 T4

Map8
1 1 1 1 1 1 1 1 
1 1 1 1 S 1 1 1 
1 1 H 0 0 0 1 1 
1 G 0 0 # 1 1 1 
1 1 0 0 # 0 1 1 
1 1 # 0 0 0 1 1 
1 1 1 1 1 1 1 1 
1 1 1 1 1 1 1 1 
U35 P32 T5

Map8
1 1 1 1 1 1 1 1 
1 1 1 S 1 1 1 1 
1 1 0 0 0 # 1 1 
1 1 0 0 1 0 1 1 
1 1 0 H 0 0 G 1 
1 1 # 0 0 # 1 1 
1 1 1 1 1 1 1 1 
1 1 1 1 1 1 1 1 
L42 P53 T5

Map8
1 1 1 1 1 1 1 1 
1 1 1 1 1 1 1 1 
1 1 0 0 0 0 1 1 
1 S 0 0 H 0 G 1 
1 1 0 # 0 0 1 1 
1 1 1 0 0 0 1 1 
1 1 1 1 1 1 1 1 
1 1 1 1 1 1 1 1 
D22 P52 T4

Map8
1 1 1 1 1 1 1 1 
1 1 1 1 1 1 1 1 
1 S 0 0 H 0 1 1 
1 1 0 0 # 1 1 1 
1 1 0 0 0 0 1 1 
1 1 H 1 0 # 1 1 
1 1 1 1 1 G 1 1 
1 1 1 1 1 1 1 1 
D32 P24 T5

Map8
1 1 1 1 1 1 1 1 
1 1 1 1 1 1 1 1 
1 G 0 1 # 0 1 1 
1 1 0 0 # 0 1 1 
1 1 0 0 H 0 1 1 
1 1 0 0 0 0 1 1 
1 1 1 1 S 1 1 1 
1 1 1 1 1 1 1 1 
R35 P52 T5

Map8
1 1 1 1 1 1 1 1 
1 1 1 S 1 1 1 1 
1 1 0 0 # 1 1 1 
1 1 0 H 0 H 1 1 
1 1 0 # 0 # 1 1 
1 G 0 H 0 0 1 1 
1 1 1 1 1 1 1 1 
1 1 1 1 1 1 1 1 
R22 P45 T5

Map8
1 1 1 1 1 1 1 1 
1 1 1 G 1 1 1 1 
1 1 0 0 0 0 1 1 
1 1 0 0 0 H 1 1 
1 1 0 0 0 0 1 1 
1 1 0 1 # 0 1 1 
1 1 1 1 1 S 1 1 
1 1 1 1 1 1 1 1 
L54 P24 T4

Map8
1 1 1 1 1 1 1 1 
1 1 1 1 S 1 1 1 
1 1 0 0 0 0 1 1 
1 1 H 0 H 1 1 1 
1 1 0 0 # 0 1 1 
1 1 # # 0 # 1 1 
1 1 1 1 1 G 1 1 
1 1 1 1 1 1 1 1 
L52 P22 T4

Map8
1 1 1 1 1 1 1 1 
1 1 1 1 1 1 1 1 
1 1 1 0 0 # 1 1 
1 1 0 0 0 # 1 1 
1 G # H 0 0 1 1 
1 1 1 H 0 # S 1 
1 1 1 1 1 1 1 1 
1 1 1 1 1 1 1 1 
L43 P45 T6

Map8
1 1 1 1 1 1 1 1 
1 1 1 S 1 1 1 1 
1 1 0 0 0 1 1 1 
1 1 0 # H 0 1 1 
1 G 0 0 0 0 1 1 
1 1 0 H 0 1 1 1 
1 1 1 1 1 1 1 1 
1 1 1 1 1 1 1 1 
U34 P25 T4

Map8
1 1 1 1 1 1 1 1 
1 1 1 1 1 1 1 1 
1 1 0 0 0 0 1 1 
1 1 H 0 1 0 S 1 
1 G # # 0 # 1 1 
1 1 0 0 0 H 1 1 
1 1 1 1 1 1 1 1 
1 1 1 1 1 1 1 1 
L44 P22 T4

Map8
1 1 1 1 1 1 1 1 
1 1 S 1 1 1 1 1 
1 1 0 0 H H 1 1 
1 1 0 # H 0 1 1 
1 1 0 0 0 1 1 1 
1 1 H 0 # 0 1 1 
1 1 1 1 1 G 1 1 
1 1 1 1 1 1 1 1 
D32 R24 T5

Map8
1 1 1 1 1 1 1 1 
1 1 1 1 1 1 1 1 
1 1 H 0 0 0 S 1 
1 1 0 0 0 0 1 1 
1 1 1 0 H 0 1 1 
1 G # 0 1 0 1 1 
1 1 1 1 1 1 1 1 
1 1 1 1 1 1 1 1 
D32 P54 T5

Map8
1 1 1 1 1 1 1 1 
1 1 1 G 1 1 1 1 
1 1 H 0 0 0 1 1 
1 1 # 0 # 0 1 1 
1 1 # 1 0 1 1 1 
1 1 0 0 0 0 1 1 
1 1 1 1 1 S 1 1 
1 1 1 1 1 1 1 1 
U33 P35 T4

Map8
1 1 1 1 1 1 1 1 
1 1 1 1 1 1 1 1 
1 1 0 # H 0 1 1 
1 S 0 0 H 0 G 1 
1 1 0 0 1 0 1 1 
1 1 0 0 0 0 1 1 
1 1 1 1 1 1 1 1 
1 1 1 1 1 1 1 1 
D22 P52 T4

Map8
1 1 1 1 1 1 1 1 
1 1 1 1 1 1 1 1 
1 1 0 0 H 0 1 1 
1 1 1 0 0 0 G 1 
1 1 # 0 # H 1 1 
1 S # 0 H 0 1 1 
1 1 1 1 1 1 1 1 
1 1 1 1 1 1 1 1 
U35 P32 T4

Map8
1 1 1 1 1 1 1 1 
1 1 1 G 1 1 1 1 
1 1 0 # 0 # 1 1 
1 1 0 0 H 0 1 1 
1 1 0 1 0 0 1 1 
1 1 0 0 0 0 1 1 
1 1 1 1 S 1 1 1 
1 1 1 1 1 1 1 1 
R35 P22 T4

Map8
1 1 1 1 1 1 1 1 
1 1 1 1 1 1 1 1 
1 S 0 # 0 H 1 1 
1 1 # H H # 1 1 
1 1 # 0 0 0 1 1 
1 1 0 1 0 0 G 1 
1 1 1 1 1 1 1 1 
1 1 1 1 1 1 1 1 
L42 P25 T5

Map8
1 1 1 1 1 1 1 1 
1 1 1 1 1 1 1 1 
1 1 # 0 1 1 1 1 
1 G 0 # 0 # 1 1 
1 1 0 0 H 0 1 1 
1 1 0 0 0 0 1 1 
1 1 1 1 S 1 1 1 
1 1 1 1 1 1 1 1 
L43 L55 T4

Map8
1 1 1 1 1 1 1 1 
1 1 1 S 1 1 1 1 
1 1 1 # 0 H 1 1 
1 1 0 0 0 0 1 1 
1 1 0 H 0 0 1 1 
1 1 0 0 0 0 1 1 
1 1 1 1 G 1 1 1 
1 1 1 1 1 1 1 1 
L43 P55 T4

Map8
1 1 1 1 1 1 1 1 
1 1 1 1 1 1 1 1 
1 G # 0 1 0 1 1 
1 1 H 0 0 0 S 1 
1 1 H 0 # 0 1 1 
1 1 0 0 0 0 1 1 
1 1 1 1 1 1 1 1 
1 1 1 1 1 1 1 1 
D52 P25 T4

Map8
1 1 1 1 1 1 1 1 
1 1 1 1 1 1 1 1 
1 1 0 # H H 1 1 
1 G # # 0 0 1 1 
1 1 H 1 0 0 1 1 
1 1 1 H 0 0 S 1 
1 1 1 1 1 1 1 1 
1 1 1 1 1 1 1 1 
L53 P45 T4

Map8
1 1 1 1 1 1 1 1 
1 1 1 1 1 1 1 1 
1 1 0 0 0 0 S 1 
1 1 H 0 0 1 1 1 
1 1 0 0 0 # 1 1 
1 1 0 H H 0 G 1 
1 1 1 1 1 1 1 1 
1 1 1 1 1 1 1 1 
R24 P22 T4

Map8
1 1 1 1 1 1 1 1 
1 1 1 1 1 1 1 1 
1 G # 0 H H 1 1 
1 1 # 0 0 0 1 1 
1 1 H 1 0 H 1 1 
1 S 0 0 0 0 1 1 
1 1 1 1 1 1 1 1 
1 1 1 1 1 1 1 1 
L53 P55 T4

Map8
1 1 1 1 1 1 1 1 
1 1 1 1 1 1 1 1 
1 1 H 0 # 0 1 1 
1 1 0 0 H 0 G 1 
1 1 H 0 # 0 1 1 
1 S 0 0 # 1 1 1 
1 1 1 1 1 1 1 1 
1 1 1 1 1 1 1 1 
R34 P52 T4

Map8
1 1 1 1 1 1 1 1 
1 1 1 1 1 1 1 1 
1 1 1 0 0 0 1 1 
1 1 0 0 # 0 1 1 
1 S # 0 H 0 G 1 
1 1 0 0 0 0 1 1 
1 1 1 1 1 1 1 1 
1 1 1 1 1 1 1 1 
D23 P53 T4

Map8
1 1 1 1 1 1 1 1 
1 1 1 1 1 1 1 1 
1 1 H 0 0 0 1 1 
1 G # 0 1 0 1 1 
1 1 # 0 0 0 1 1 
1 1 # 0 0 0 1 1 
1 1 1 1 1 S 1 1 
1 1 1 1 1 1 1 1 
U35 P32 T6

Map8
1 1 1 1 1 1 1 1 
1 1 1 1 S 1 1 1 
1 1 0 0 0 0 1 1 
1 G 0 0 H 0 1 1 
1 1 0 0 0 0 1 1 
1 1 0 # 0 1 1 1 
1 1 1 1 1 1 1 1 
1 1 1 1 1 1 1 1 
R32 P22 T5

Map8
1 1 1 1 1 1 1 1 
1 1 1 1 1 1 1 1 
1 1 # # H # G 1 
1 1 # 0 0 0 1 1 
1 1 0 0 0 1 1 1 
1 S 0 0 0 0 1 1 
1 1 1 1 1 1 1 1 
1 1 1 1 1 1 1 1 
R33 P55 T4

Map8
1 1 1 1 1 1 1 1 
1 1 1 1 G 1 1 1 
1 1 # 0 0 0 1 1 
1 1 # H 1 1 1 1 
1 1 0 0 # # 1 1 
1 1 0 0 0 0 1 1 
1 1 1 S 1 1 1 1 
1 1 1 1 1 1 1 1 
L45 P52 T4

Map8
1 1 1 1 1 1 1 1 
1 1 1 1 1 1 1 1 
1 1 0 H 0 0 G 1 
1 1 0 0 # 1 1 1 
1 1 0 # 0 1 1 1 
1 S 0 # 0 H 1 1 
1 1 1 1 1 1 1 1 
1 1 1 1 1 1 1 1 
U45 P33 T4

Map8
1 1 1 1 1 1 1 1 
1 1 1 1 G 1 1 1 
1 1 0 # 0 0 1 1 
1 1 H 0 1 0 S 1 
1 1 0 0 0 0 1 1 
1 1 H 0 0 0 1 1 
1 1 1 1 1 1 1 1 
1 1 1 1 1 1 1 1 
D52 U35 T6

Map8
1 1 1 1 1 1 1 1 
1 1 1 1 1 G 1 1 
1 1 0 1 0 0 1 1 
1 S # 0 0 H 1 1 
1 1 # 0 # 0 1 1 
1 1 0 # 0 0 1 1 
1 1 1 1 1 1 1 1 
1 1 1 1 1 1 1 1 
D22 P55 T5

Map8
1 1 1 1 1 1 1 1 
1 1 1 1 1 1 1 1 
1 S 0 # 0 H 1 1 
1 1 # 0 1 H 1 1 
1 1 0 0 0 1 1 1 
1 1 # # 0 0 1 1 
1 1 1 1 G 1 1 1 
1 1 1 1 1 1 1 1 
L42 P55 T4

Map8
1 1 1 1 1 1 1 1 
1 1 1 G 1 1 1 1 
1 1 H 0 0 0 1 1 
1 1 1 0 H 0 1 1 
1 S 0 0 H 0 1 1 
1 1 0 # 0 0 1 1 
1 1 1 1 1 1 1 1 
1 1 1 1 1 1 1 1 
U33 P34 T5

Map8
1 1 1 1 1 1 1 1 
1 1 G 1 1 1 1 1 
1 1 0 0 0 H 1 1 
1 1 H # 0 0 S 1 
1 1 1 0 # 0 1 1 
1 1 # 0 0 1 1 1 
1 1 1 1 1 1 1 1 
1 1 1 1 1 1 1 1 
D42 L54 T4

Map8
1 1 1 1 1 1 1 1 
1 1 1 1 S 1 1 1 
1 1 0 0 0 # 1 1 
1 1 H 0 1 1 1 1 
1 1 H 0 0 0 1 1 
1 1 0 # # # 1 1 
1 1 1 1 G 1 1 1 
1 1 1 1 1 1 1 1 
D44 P22 T4

Map8
1 1 1 1 1 1 1 1 
1 1 1 1 1 1 1 1 
1 1 0 0 0 0 1 1 
1 1 0 0 H 0 S 1 
1 1 1 # 1 0 1 1 
1 1 0 0 0 0 1 1 
1 1 G 1 1 1 1 1 
1 1 1 1 1 1 1 1 
U54 P22 T5

Map8
1 1 1 1 1 1 1 1 
1 1 1 1 1 1 1 1 
1 1 0 0 0 # 1 1 
1 G 0 0 0 0 1 1 
1 1 H # 0 0 S 1 
1 1 1 0 H H 1 1 
1 1 1 1 1 1 1 1 
1 1 1 1 1 1 1 1 
L33 P44 T4

Map8
1 1 1 1 1 1 1 1 
1 1 1 S 1 1 1 1 
1 1 0 0 0 0 1 1 
1 1 1 # 0 0 1 1 
1 1 0 0 0 0 G 1 
1 1 1 H 0 0 1 1 
1 1 1 1 1 1 1 1 
1 1 1 1 1 1 1 1 
U34 P55 T4

Map8
1 1 1 1 1 1 1 1 
1 1 1 1 1 1 1 1 
1 1 0 0 H H 1 1 
1 1 0 # 0 0 G 1 
1 1 1 # 0 0 1 1 
1 1 # 0 0 # 1 1 
1 1 1 1 1 S 1 1 
1 1 1 1 1 1 1 1 
L54 P35 T7

Map8
1 1 1 1 1 1 1 1 
1 1 1 1 S 1 1 1 
1 1 0 0 0 0 1 1 
1 1 # 1 H 0 1 1 
1 1 0 0 # 1 1 1 
1 1 0 H # 0 G 1 
1 1 1 1 1 1 1 1 
1 1 1 1 1 1 1 1 
L52 P25 T5

Map8
1 1 1 1 1 1 1 1 
1 1 1 G 1 1 1 1 
1 1 # 0 0 # 1 1 
1 1 0 H # 0 S 1 
1 1 0 0 0 0 1 1 
1 1 1 0 0 0 1 1 
1 1 1 1 1 1 1 1 
1 1 1 1 1 1 1 1 
D42 P45 T5

Map8
1 1 1 1 1 1 1 1 
1 1 1 S 1 1 1 1 
1 1 0 0 0 1 1 1 
1 1 0 H 0 0 1 1 
1 1 0 # 0 0 1 1 
1 1 0 0 H 0 1 1 
1 1 1 1 1 G 1 1 
1 1 1 1 1 1 1 1 
L42 P25 T4

Map8
1 1 1 1 1 1 1 1 
1 1 1 G 1 1 1 1 
1 1 0 # 0 0 1 1 
1 1 # H 0 1 1 1 
1 1 # # 0 0 1 1 
1 1 0 0 0 0 1 1 
1 1 1 S 1 1 1 1 
1 1 1 1 1 1 1 1 
R25 P42 T6

Map8
1 1 1 1 1 1 1 1 
1 1 1 1 1 1 1 1 
1 1 0 0 0 0 1 1 
1 1 # # H 0 S 1 
1 1 # 0 0 0 1 1 
1 1 1 0 0 1 1 1 
1 1 1 G 1 1 1 1 
1 1 1 1 1 1 1 1 
D52 D34 T4

Map8
1 1 1 1 1 1 1 1 
1 1 1 1 1 1 1 1 
1 1 # H 0 0 S 1 
1 1 0 # # # 1 1 
1 1 0 H 0 1 1 1 
1 1 0 0 0 1 1 1 
1 1 1 G 1 1 1 1 
1 1 1 1 1 1 1 1 
D42 P25 T5

Map8
1 1 1 1 1 1 1 1 
1 1 1 1 1 1 1 1 
1 1 0 0 0 0 1 1 
1 1 0 H 1 0 1 1 
1 1 0 # 0 0 1 1 
1 1 0 0 0 1 1 1 
1 1 G S 1 1 1 1 
1 1 1 1 1 1 1 1 
R24 P44 T4

Map8
1 1 1 1 1 1 1 1 
1 1 1 1 1 1 1 1 
1 G # 0 0 0 1 1 
1 1 0 1 H 0 S 1 
1 1 0 # 0 0 1 1 
1 1 1 H 0 0 1 1 
1 1 1 1 1 1 1 1 
1 1 1 1 1 1 1 1 
D52 P55 T4

Map8
1 1 1 1 1 1 1 1 
1 1 1 1 1 1 1 1 
1 G 0 H H 0 1 1 
1 1 0 0 0 0 1 1 
1 1 # 0 H 0 S 1 
1 1 1 0 H 0 1 1 
1 1 1 1 1 1 1 1 
1 1 1 1 1 1 1 1 
U55 P52 T4

Map8
1 1 1 1 1 1 1 1 
1 1 1 1 1 G 1 1 
1 1 0 0 0 0 1 1 
1 S 0 # # H 1 1 
1 1 0 1 # 1 1 1 
1 1 # 0 0 0 1 1 
1 1 1 1 1 1 1 1 
1 1 1 1 1 1 1 1 
D22 P55 T5

Map8
1 1 1 1 1 1 1 1 
1 1 1 1 1 1 1 1 
1 1 0 # 1 0 1 1 
1 S 0 0 H H 1 1 
1 1 0 0 0 H 1 1 
1 1 H 0 # 0 1 1 
1 1 1 1 G 1 1 1 
1 1 1 1 1 1 1 1 
D44 U24 T4

Map8
1 1 1 1 1 1 1 1 
1 1 1 S 1 1 1 1 
1 1 0 # 0 0 1 1 
1 1 0 H 0 # 1 1 
1 1 # 0 0 # 1 1 
1 1 0 1 0 0 1 1 
1 1 1 1 G 1 1 1 
1 1 1 1 1 1 1 1 
L42 P25 T6

Map8
1 1 1 1 1 1 1 1 
1 1 1 1 1 1 1 1 
1 1 # 0 0 # 1 1 
1 1 0 H 0 0 S 1 
1 1 0 # 0 1 1 1 
1 1 # 0 0 1 1 1 
1 1 1 G 1 1 1 1 
1 1 1 1 1 1 1 1 
D42 P45 T5

Map8
1 1 1 1 1 1 1 1 
1 1 1 1 1 1 1 1 
1 1 1 0 0 0 1 1 
1 1 0 0 H 0 S 1 
1 1 0 0 0 0 1 1 
1 1 0 0 # 0 1 1 
1 1 1 1 G 1 1 1 
1 1 1 1 1 1 1 1 
R24 U54 T4

Map8
1 1 1 1 1 1 1 1 
1 1 1 1 1 1 1 1 
1 1 1 # 0 # 1 1 
1 1 0 H 0 0 S 1 
1 G 0 0 0 0 1 1 
1 1 0 # 0 # 1 1 
1 1 1 1 1 1 1 1 
1 1 1 1 1 1 1 1 
L34 P43 T4

Map8
1 1 1 1 1 1 1 1 
1 1 1 1 1 1 1 1 
1 1 1 H 0 0 1 1 
1 1 0 # 0 # 1 1 
1 1 0 # 1 0 G 1 
1 1 # 0 0 0 1 1 
1 1 1 S 1 1 1 1 
1 1 1 1 1 1 1 1 
L45 P55 T5

Map8
1 1 1 1 1 1 1 1 
1 1 1 1 1 1 1 1 
1 1 H 0 H 1 1 1 
1 1 # # 0 H 1 1 
1 1 # 0 0 0 1 1 
1 1 0 0 H 0 1 1 
1 1 1 S 1 G 1 1 
1 1 1 1 1 1 1 1 
L43 P25 T4

Map8
1 1 1 1 1 1 1 1 
1 1 1 1 1 1 1 1 
1 1 H 0 H 0 1 1 
1 1 0 1 H # S 1 
1 1 # 0 0 0 1 1 
1 G # 1 # 0 1 1 
1 1 1 1 1 1 1 1 
1 1 1 1 1 1 1 1 
D52 P55 T4

Map8
1 1 1 1 1 1 1 1 
1 1 1 1 1 1 1 1 
1 1 H 0 H 0 G 1 
1 1 0 0 0 # 1 1 
1 1 1 0 0 H 1 1 
1 1 0 0 0 0 S 1 
1 1 1 1 1 1 1 1 
1 1 1 1 1 1 1 1 
R23 P25 T4

Map8
1 1 1 1 1 1 1 1 
1 1 1 1 1 1 1 1 
1 1 0 0 0 H 1 1 
1 G 0 H # H 1 1 
1 1 0 0 # 0 1 1 
1 1 1 1 0 # 1 1 
1 1 1 1 1 S 1 1 
1 1 1 1 1 1 1 1 
L54 P22 T5

Map8
1 1 1 1 1 1 1 1 
1 1 1 S 1 1 1 1 
1 1 0 0 0 # 1 1 
1 1 0 H H 0 1 1 
1 1 1 # 0 0 1 1 
1 1 0 0 0 0 1 1 
1 1 1 1 G 1 1 1 
1 1 1 1 1 1 1 1 
R22 P35 T4
