Map8
1 1 1 1 1 1 1 1 
1 1 1 1 1 1 1 1 
1 1 F 0 0 0 # 1 
1 1 0 0 # 0 1 1 
1 S 0 0 H 0 0 1 
1 G 0 F 1 0 0 1 
1 1 0 0 H 0 1 1 
1 1 1 1 1 1 1 1 
D26 U34 T3

Map8
1 1 1 1 G 1 1 1 
1 0 0 # # 0 0 1 
1 0 0 0 0 F 0 1 
1 0 H 0 H 0 # 1 
1 H 0 1 1 F F 1 
1 0 0 # F 0 0 1 
1 0 0 H F # 0 1 
1 1 1 1 1 S 1 1 
L62 P32 T2

Map8
1 1 1 1 1 S 1 1 
1 0 # 0 0 0 1 1 
1 0 0 F 0 0 1 1 
1 F 0 1 0 0 G 1 
1 0 1 0 0 # 1 1 
1 0 0 0 H 0 1 1 
1 1 1 1 1 1 1 1 
1 1 1 1 1 1 1 1 
P31 P44 T5

Map8
1 1 G 1 1 1 1 1 
1 0 F 0 H # # 1 
1 0 0 F 0 0 0 1 
1 1 0 0 0 H 0 1 
1 0 1 1 0 H 0 1 
1 0 # 0 # 1 0 1 
1 H 0 0 0 0 0 1 
1 1 1 1 1 1 S 1 
L42 P36 T6

Map8
1 1 1 1 1 1 1 1 
G 0 H 1 # 0 0 1 
1 0 0 0 0 1 H 1 
1 1 0 0 0 0 0 1 
1 # 0 # F # 1 1 
1 # # H # 0 0 1 
1 0 0 F # 0 0 1 
1 S 1 1 1 1 1 1 
D23 D66 T9

Map8
1 1 1 1 1 1 1 1 
1 0 F 0 0 # 1 1 
1 # 0 1 F F S 1 
1 1 # 0 0 0 1 1 
1 0 H 0 0 1 1 1 
1 0 F 0 0 0 1 1 
1 G 1 1 1 1 1 1 
1 1 1 1 1 1 1 1 
P31 U53 T5

Map8
1 1 1 1 1 1 1 1 
1 1 1 S 1 1 1 1 
1 1 0 0 0 0 H 1 
1 1 0 1 F 0 0 1 
1 1 F F 1 # # G 
1 1 0 0 0 F F 1 
1 1 0 0 H F 0 1 
1 1 1 1 1 1 1 1 
R63 U66 P26 T5

Map8
1 1 1 1 S 1 1 1 
1 1 # 0 F 0 0 1 
1 H 0 0 0 F # G 
1 0 H 0 # 0 0 1 
1 0 # 0 0 F 1 1 
1 0 0 0 # F # 1 
1 0 # 0 # 0 0 1 
1 1 1 1 1 1 1 1 
D63 D44 T6

Map8
1 1 1 S 1 1 1 1 
1 0 F # # 0 H 1 
1 0 0 0 0 0 0 1 
1 F F F 0 1 0 1 
1 # 1 0 # F 0 1 
1 H 0 H 0 # 0 1 
1 H 0 0 0 0 0 1 
1 1 1 1 1 G 1 1 
U51 L32 L46 T7

Map8
1 1 1 1 1 1 1 1 
1 1 0 0 0 0 0 1 
1 1 1 0 1 0 0 S 
1 1 # H 0 0 0 1 
1 1 0 H 0 F # G 
1 1 1 0 H 0 # 1 
1 1 1 1 1 1 1 1 
1 1 1 1 1 1 1 1 
U63 D41 T6

Map8
1 1 1 G 1 1 1 1 
1 1 1 0 1 0 0 1 
1 1 F F 0 H 0 1 
1 1 0 # 0 0 0 1 
1 1 0 0 H H 0 1 
1 1 0 # 0 F 0 1 
1 1 S 1 1 1 1 1 
1 1 1 1 1 1 1 1 
R23 R43 R45 T5

Map8
1 1 1 1 1 G 1 1 
1 1 0 # 1 0 F 1 
1 1 # # # 0 0 1 
1 S 0 0 0 H 0 1 
1 1 1 0 F 0 # 1 
1 1 0 0 F 1 0 1 
1 1 1 1 1 1 1 1 
1 1 1 1 1 1 1 1 
D62 D33 T6

Map8
1 1 1 1 G 1 1 1 
1 H 0 1 0 # 1 1 
1 0 0 F H F 1 1 
1 0 0 F 0 0 1 1 
1 # F 1 # 0 1 1 
S 0 F 0 H 0 1 1 
1 1 1 1 1 1 1 1 
1 1 1 1 1 1 1 1 
L35 P12 T6

Map8
1 1 1 1 1 1 1 1 
1 1 1 1 1 1 1 1 
1 1 0 0 0 F 1 1 
1 S # 1 0 H 1 1 
1 1 # 0 0 0 G 1 
1 1 # 0 0 0 1 1 
1 1 1 1 1 1 1 1 
1 1 1 1 1 1 1 1 
L43 U45 T6

Map8
1 G 1 1 1 1 1 1 
1 0 0 H 0 0 # 1 
1 0 0 1 # 0 0 1 
1 F 0 1 F 0 F 1 
1 0 F 0 # 0 0 1 
1 1 H H F 0 0 S 
1 1 0 1 1 H H 1 
1 1 1 1 1 1 1 1 
L55 U41 T6

Map8
1 1 1 1 1 1 1 1 
1 S 1 G 1 1 1 1 
1 0 1 0 0 1 1 1 
1 0 0 1 0 0 1 1 
1 0 0 0 0 1 1 1 
1 F 0 0 # 0 1 1 
1 # 0 H 0 # 1 1 
1 1 1 1 1 1 1 1 
P14 P25 T7

Map8
1 G 1 1 1 1 1 1 
1 0 0 0 1 H F 1 
1 F # 0 0 0 0 1 
1 0 # 0 H 0 # S 
1 1 0 0 0 F 0 1 
1 1 0 0 0 0 0 1 
1 # 0 F 0 1 # 1 
1 1 1 1 1 1 1 1 
U53 L65 T6

Map8
1 1 1 S 1 1 1 1 
1 1 0 0 0 H 1 1 
1 1 H 0 0 1 0 1 
1 1 # F 0 0 # 1 
1 1 0 0 0 F 0 1 
1 1 # # F 0 # 1 
1 1 1 1 1 G 1 1 
1 1 1 1 1 1 1 1 
U43 R62 T5

Map8
1 1 1 1 1 S 1 1 
1 0 # 0 H 0 1 1 
1 0 # 0 0 0 1 1 
1 0 0 0 0 1 0 G 
1 H 0 0 0 F 0 1 
1 0 # 0 F 0 0 1 
1 0 0 1 0 1 0 1 
1 1 1 1 1 1 1 1 
P12 P26 T6

Map8
1 1 1 1 1 1 1 1 
1 1 1 1 1 1 1 1 
1 1 H # F 0 G 1 
1 1 0 0 0 1 1 1 
1 1 0 0 0 0 1 1 
1 1 0 F 1 H 1 1 
1 1 S 1 1 1 1 1 
1 1 1 1 1 1 1 1 
P23 P44 T4

Map8
1 1 1 1 1 1 1 1 
1 # # 0 H # 0 1 
1 F 0 0 0 F # 1 
1 0 0 1 H H 0 S 
1 F 0 1 1 H 0 1 
1 0 0 0 # 0 F 1 
G 0 0 1 # 0 # 1 
1 1 1 1 1 1 1 1 
D22 U64 P61 T6

Map8
1 1 1 1 1 1 1 1 
1 1 0 F 0 0 H 1 
1 S 0 1 # # 0 1 
1 1 F 0 1 0 F 1 
1 1 0 1 1 # 0 G 
1 1 0 0 H 0 0 1 
1 1 1 1 1 1 1 1 
1 1 1 1 1 1 1 1 
D51 L55 T6

Map8
1 1 1 1 1 1 1 1 
1 1 1 1 G 1 1 1 
1 1 0 F # # 1 1 
1 1 0 0 0 0 1 1 
1 1 # F 0 0 S 1 
1 1 1 1 # F 1 1 
1 1 1 1 1 1 1 1 
1 1 1 1 1 1 1 1 
P22 P53 T4

Map8
1 1 1 1 1 1 1 1 
S 0 0 0 # 0 0 1 
1 0 0 # # 1 # 1 
1 0 # 0 0 H 0 1 
G F # 0 H # 0 1 
1 0 F 1 0 0 0 1 
1 0 0 0 0 # H 1 
1 1 1 1 1 1 1 1 
R13 U21 T7

Map8
1 1 1 1 G 1 1 1 
1 1 H 0 0 # 0 1 
1 1 # 0 1 0 # 1 
1 1 0 0 1 H F 1 
1 1 0 0 F F 0 1 
1 1 0 0 0 0 0 1 
1 1 1 1 1 S 1 1 
1 1 1 1 1 1 1 1 
L65 U31 U23 T6

Map8
1 1 1 1 1 1 1 1 
1 H 1 0 0 # 0 1 
1 0 0 0 0 0 # 1 
1 0 0 # 0 H # 1 
1 1 0 0 0 0 0 1 
1 0 F 1 0 0 0 G 
1 # 0 1 0 0 F 1 
1 S 1 1 1 1 1 1 
L46 D41 T6

Map8
1 S 1 1 1 1 1 1 
1 F 0 0 0 0 0 1 
1 # 0 0 H 0 0 1 
1 0 0 0 0 0 # 1 
1 # H 0 0 F 0 G 
1 0 H 0 0 0 1 1 
1 0 0 1 H H 0 1 
1 1 1 1 1 1 1 1 
R32 L13 T6

Map8
1 1 1 1 1 1 1 1 
1 1 1 1 1 1 1 1 
1 1 0 0 H H 0 1 
1 1 # 0 0 0 0 1 
1 1 0 0 # # 1 1 
1 S 0 0 1 0 0 G 
1 1 1 F F 0 1 1 
1 1 1 1 1 1 1 1 
P33 D56 T5

Map8
1 1 1 1 1 1 1 1 
1 1 1 1 1 1 1 1 
1 0 0 0 0 0 1 1 
1 0 H 0 0 0 G 1 
1 0 F H # 0 1 1 
1 1 F 1 0 0 1 1 
1 F # 0 0 0 1 1 
1 1 1 1 1 S 1 1 
D54 D36 T6

Map8
1 1 1 1 1 1 1 1 
1 1 1 1 1 1 1 1 
1 1 0 0 F # 0 1 
1 S 0 0 0 H 0 1 
1 1 0 0 1 0 0 1 
1 1 H 1 # 0 0 1 
1 1 0 0 0 0 0 1 
1 1 1 G 1 1 1 1 
D26 U24 T5

Map8
1 1 1 1 1 1 1 1 
1 1 1 1 1 1 1 1 
1 1 H 1 0 F 1 1 
1 1 0 F H 1 1 1 
1 1 0 # 0 H 1 1 
1 1 # 0 # 0 1 1 
1 1 1 S 1 G 1 1 
1 1 1 1 1 1 1 1 
U44 R24 T4

Map8
1 1 1 1 1 1 1 1 
1 1 1 1 1 S 1 1 
1 1 0 # 0 0 0 1 
1 1 F 0 1 0 0 G 
1 1 # 0 H F F 1 
1 1 1 0 0 0 0 1 
1 1 0 F 0 1 H 1 
1 1 1 1 1 1 1 1 
D42 L62 T5

Map8
1 1 1 1 1 1 1 1 
1 1 G 1 1 1 1 1 
1 0 0 H 1 0 1 1 
1 0 0 0 # F 1 1 
1 F H 0 F 0 1 1 
1 0 # 1 0 0 1 1 
1 0 H # 0 0 S 1 
1 1 1 1 1 1 1 1 
U54 D13 U46 T5

Map8
1 1 1 1 1 1 S 1 
1 0 1 0 0 F 0 1 
1 0 0 H 0 0 0 1 
1 # 0 0 0 # 0 1 
1 1 0 0 F 0 0 G 
1 0 F 0 0 0 # 1 
1 0 F # # # 0 1 
1 1 1 1 1 1 1 1 
L31 L63 T7

Map8
1 1 1 1 1 1 1 1 
S 0 F 0 1 0 # 1 
1 0 F 0 0 0 H 1 
1 # H 0 0 0 # 1 
1 0 0 0 0 # # 1 
1 0 # H H 1 F 1 
1 0 0 0 0 F 1 1 
1 1 1 G 1 1 1 1 
P33 U46 T6

Map8
1 1 1 1 1 1 1 1 
1 1 1 1 1 1 1 1 
S 0 0 F 0 H 1 1 
1 0 0 0 0 # 1 1 
1 1 0 0 0 # 1 1 
G 0 0 1 F 0 1 1 
1 0 F F 0 H 1 1 
1 1 1 1 1 1 1 1 
R22 D42 T6

Map8
1 1 1 1 1 1 1 1 
1 1 1 1 1 1 1 1 
1 1 0 # # 1 1 1 
1 S 0 0 # F 1 1 
1 1 1 0 0 0 G 1 
1 1 0 0 0 0 1 1 
1 1 1 1 1 1 1 1 
1 1 1 1 1 1 1 1 
R34 D33 T4

Map8
1 1 1 1 1 1 1 1 
1 1 1 1 1 1 1 1 
1 0 1 0 0 # 1 1 
1 0 H 0 1 # 1 1 
1 H 1 F 0 0 S 1 
1 0 1 # F # G 1 
1 0 0 0 0 H 1 1 
1 1 1 1 1 1 1 1 
U44 D36 T5

Map8
1 1 1 1 1 1 1 1 
1 1 1 S 1 1 1 1 
1 1 0 # 0 0 H 1 
1 1 1 1 F F 0 1 
1 1 0 0 0 0 0 1 
1 1 # 0 F H 0 1 
1 1 H 0 1 0 0 G 
1 1 1 1 1 1 1 1 
R34 D52 T5

Map8
1 1 G 1 1 1 1 1 
1 0 # F 0 F 0 1 
1 0 0 H 0 # 0 1 
1 F 0 1 0 0 0 1 
1 F 0 0 1 0 1 1 
1 # H 1 # 0 0 S 
1 1 # H 0 0 0 1 
1 1 1 1 1 1 1 1 
R42 D11 D66 T7

Map8
1 1 1 1 1 1 1 1 
1 0 1 0 0 1 0 1 
1 0 # F 0 0 H 1 
1 0 0 0 # 0 0 1 
1 H 0 0 0 F 0 G 
1 0 0 # H 0 1 1 
1 0 0 # 0 0 0 S 
1 1 1 1 1 1 1 1 
D44 D26 T7

Map8
1 1 1 1 1 1 1 1 
1 1 1 G 1 1 1 1 
1 1 # 0 0 1 1 1 
1 1 0 H # F S 1 
1 1 0 # 0 0 1 1 
1 1 0 0 H H 1 1 
1 1 1 1 1 1 1 1 
1 1 1 1 1 1 1 1 
L54 D42 T4

Map8
1 1 1 1 1 1 1 1 
1 1 1 1 1 1 1 1 
1 1 0 H F 0 1 1 
1 1 H 0 0 # 1 1 
1 1 1 H # 0 G 1 
1 1 0 0 1 0 1 1 
1 1 1 1 1 S 1 1 
1 1 1 1 1 1 1 1 
D33 P52 T4

Map8
1 1 1 1 1 1 1 1 
1 F 0 F 0 # 1 1 
1 0 0 0 0 0 F 1 
1 H 0 F # 0 0 1 
1 0 # 0 H 1 0 1 
1 0 0 F 0 0 0 1 
1 # 0 0 0 0 # 1 
1 1 1 S 1 G 1 1 
U14 L46 T6

Map8
1 1 1 1 1 1 1 1 
1 1 1 1 1 G 1 1 
1 1 0 1 0 # # 1 
1 1 1 0 0 0 F 1 
1 1 # # H 1 0 1 
1 1 # 0 0 F 0 1 
1 1 0 F 0 0 1 1 
1 1 1 S 1 1 1 1 
R45 D42 R26 T5

Map8
1 1 1 1 1 1 1 1 
1 1 1 1 1 1 1 1 
1 G F 0 0 0 1 1 
1 1 0 0 0 0 1 1 
1 1 0 # F 1 1 1 
1 1 0 0 0 0 1 1 
1 1 S 1 1 1 1 1 
1 1 1 1 1 1 1 1 
U24 U45 T4

Map8
1 1 1 1 1 1 1 1 
1 1 1 1 1 1 1 1 
1 1 0 0 H # 1 1 
1 G 0 F 0 1 0 1 
1 1 0 # 0 0 0 1 
1 1 0 0 0 F H 1 
1 1 F 0 0 1 # 1 
1 1 1 1 S 1 1 1 
D24 P43 T6

Map8
1 1 1 1 1 1 1 1 
1 1 1 1 1 1 1 1 
1 1 0 H 0 0 S 1 
1 G 0 1 0 0 1 1 
1 1 F F 0 0 1 1 
1 1 0 # 0 1 1 1 
1 1 1 1 1 1 1 1 
1 1 1 1 1 1 1 1 
U25 D42 R22 T4

Map8
1 1 1 1 1 1 1 1 
1 F 1 # # F 1 1 
1 H 1 F 0 F S 1 
1 # 0 0 0 0 1 1 
1 0 F 0 # 0 1 1 
1 # F 0 0 0 1 1 
1 1 1 1 G 1 1 1 
1 1 1 1 1 1 1 1 
U43 U55 T5

Map8
1 1 1 1 1 1 1 1 
1 0 0 0 0 0 0 1 
1 0 0 0 H 0 # S 
1 0 H # 0 0 # 1 
1 F H 1 0 0 1 1 
1 1 1 1 0 0 # 1 
1 F 0 0 0 1 0 1 
1 1 1 1 G 1 1 1 
L52 P43 T6

Map8
1 1 1 1 1 1 1 1 
1 0 0 F 0 0 1 1 
G F 0 0 0 F 0 1 
1 0 0 F 1 0 0 1 
1 1 0 0 # 1 1 1 
1 0 F 0 # 0 0 1 
1 0 H 0 # 0 # 1 
1 1 1 1 1 1 S 1 
U21 P35 T6

Map8
1 1 1 1 1 1 1 1 
S 0 0 H 0 F 0 1 
1 # 0 1 0 0 F 1 
1 0 F 0 0 # 0 1 
1 1 1 0 1 0 1 1 
1 0 # # 0 F 0 G 
1 1 F 0 0 0 0 1 
1 1 1 1 1 1 1 1 
P21 P43 T7

Map8
1 1 1 1 1 1 1 1 
1 1 1 1 1 1 1 1 
1 0 0 0 0 0 1 1 
S 0 F 1 0 0 1 1 
1 0 # 0 0 0 1 1 
1 1 0 # 0 H 1 1 
1 1 F 1 0 0 1 1 
1 1 1 1 1 G 1 1 
U14 P52 T5

Map8
1 1 1 1 1 1 1 1 
1 0 0 H F 0 0 1 
1 1 1 F 1 0 0 1 
1 1 # 0 1 0 0 1 
1 0 H 0 0 # # 1 
1 0 0 0 0 1 0 G 
1 # 0 F 0 0 0 1 
1 S 1 1 1 1 1 1 
R14 D66 T6

Map8
1 1 1 1 1 1 1 1 
1 0 0 0 H 0 1 1 
1 # F 0 0 1 1 1 
1 # # F 0 0 0 1 
G 0 # 0 0 1 0 1 
1 F 0 # # 0 0 1 
S 0 0 # 0 F 0 1 
1 1 1 1 1 1 1 1 
R31 P25 T7

Map8
1 1 1 1 1 1 1 1 
1 0 F 0 1 0 0 1 
1 # 0 1 0 # 0 1 
1 # 0 0 0 H 0 1 
1 0 # 0 H # 0 1 
1 H # 0 0 F 0 1 
1 # 0 0 0 0 # 1 
1 1 G 1 1 1 S 1 
R11 U36 P64 T6

Map8
1 1 1 1 1 1 S 1 
1 0 0 0 0 1 F 1 
1 0 0 H 0 0 # 1 
1 H 0 1 # 0 0 1 
1 0 F 0 # 1 H 1 
1 0 0 0 1 H 1 1 
1 0 0 1 0 1 # 1 
1 1 G 1 1 1 1 1 
D41 P63 T6

Map8
1 1 1 1 1 1 1 1 
1 1 1 1 1 1 1 1 
1 0 # 0 0 0 1 1 
1 0 H # 0 0 1 1 
1 0 0 0 1 F 1 1 
1 0 0 0 1 0 G 1 
1 F 0 F 0 0 1 1 
1 1 S 1 1 1 1 1 
D56 L34 T5

Map8
1 1 1 1 1 1 1 1 
1 0 F H 0 0 S 1 
1 0 0 1 # F 1 1 
1 # 0 0 0 # 1 1 
1 0 0 F F 1 1 1 
1 1 # H # 0 1 1 
1 1 G 1 1 1 1 1 
1 1 1 1 1 1 1 1 
P11 L41 T6

Map8
1 1 1 S 1 1 1 1 
1 0 # 0 F 0 0 1 
1 # 0 1 0 0 0 1 
1 0 0 0 0 H # G 
1 F 1 0 # # # 1 
1 0 1 1 F 0 0 1 
1 F 0 0 1 0 0 1 
1 1 1 1 1 1 1 1 
U43 L62 D11 T8

Map8
1 1 1 1 1 1 1 1 
S # 0 H 0 0 1 1 
1 0 0 0 1 0 1 1 
1 0 H # 0 0 1 1 
1 0 # 0 H 0 1 1 
1 F 1 0 # 0 G 1 
1 1 1 1 1 1 1 1 
1 1 1 1 1 1 1 1 
R21 P13 T5

Map8
1 1 1 1 1 1 1 1 
1 1 0 1 F 0 0 1 
1 S 0 0 H 0 1 1 
1 1 # 0 0 H 0 1 
1 1 0 0 0 0 0 1 
1 1 0 0 0 H # G 
1 1 1 1 1 1 1 1 
1 1 1 1 1 1 1 1 
R32 R25 T5

Map8
1 1 1 1 1 S 1 1 
1 1 0 1 0 0 0 1 
1 1 0 F 0 F H 1 
1 1 # 0 0 1 0 1 
1 1 0 F F 0 1 1 
1 G # H F 0 0 1 
1 1 1 1 1 1 1 1 
1 1 1 1 1 1 1 1 
L61 D43 T5

Map8
1 1 1 1 1 1 1 1 
1 0 0 0 1 # # 1 
1 0 1 0 # 0 F 1 
1 1 # 0 1 # 0 1 
1 H 0 F # 0 0 G 
1 0 0 1 0 1 0 1 
1 0 # # F 0 H 1 
1 1 1 1 1 S 1 1 
R31 D16 U63 T9

Map8
1 1 1 1 1 1 1 1 
1 0 F 0 0 1 0 1 
1 0 0 0 0 0 # 1 
1 0 # 0 # H 0 1 
1 # 1 1 H H # 1 
1 # 0 0 F 0 0 1 
1 0 0 0 H # 0 1 
1 1 S G 1 1 1 1 
P11 R66 P25 T7

Map8
1 1 1 1 1 1 1 1 
S 0 0 0 0 # 0 1 
1 0 0 F 0 F 0 1 
1 0 0 F # 0 0 1 
1 1 0 0 F H 0 1 
1 0 0 # 0 0 0 1 
1 0 1 0 # 0 0 1 
1 1 1 1 1 G 1 1 
U66 L31 T8

Map8
1 1 1 1 1 1 1 1 
1 0 0 0 H 0 0 1 
1 0 1 0 0 0 0 1 
1 H H F 0 0 0 1 
1 0 1 0 H 0 0 S 
1 # 0 0 1 0 # 1 
1 # 0 0 1 0 F 1 
1 1 G 1 1 1 1 1 
U55 L62 R36 T6

Map8
1 1 1 1 1 1 1 1 
1 0 0 1 H H 0 1 
1 0 # # 0 1 0 1 
1 0 H 1 0 # # 1 
S 0 0 0 0 F 0 1 
1 0 F 0 0 0 0 1 
1 0 # # 1 # H 1 
1 1 1 1 1 G 1 1 
P65 L62 T6

Map8
1 1 1 1 1 1 1 1 
1 0 F 1 H 0 0 G 
1 0 H 0 F H 0 1 
S 0 1 # 0 0 # 1 
1 0 0 0 0 H 0 1 
1 1 1 0 0 # F 1 
1 0 H F 0 0 # 1 
1 1 1 1 1 1 1 1 
L32 P44 T7

Map8
1 1 1 1 1 1 1 1 
1 1 1 1 1 1 1 1 
1 0 1 0 H 0 1 1 
1 0 F 0 0 0 1 1 
G 0 0 0 1 0 1 1 
1 0 F 1 0 # 1 1 
1 0 # 1 # H 1 1 
1 1 1 1 S 1 1 1 
D32 P52 T5

Map8
1 G 1 1 1 1 1 1 
1 # 0 0 F 0 F 1 
1 0 0 0 0 F 0 1 
1 0 # # F F 0 1 
S 0 H H 1 1 0 1 
1 0 # 0 # 1 0 1 
1 0 H 0 0 # 0 1 
1 1 1 1 1 1 1 1 
L62 P16 D13 T9

Map8
1 1 1 G 1 1 1 1 
1 0 # 0 F # 0 1 
1 H 0 # H 0 0 1 
1 # 0 0 0 1 0 1 
1 0 1 0 H F 0 1 
1 0 H 1 0 1 F 1 
1 0 H # 0 0 0 1 
1 1 1 S 1 1 1 1 
L11 D43 T7

Map8
1 1 1 1 1 1 1 1 
1 1 1 1 1 1 1 1 
1 0 0 0 H 1 1 1 
1 F 0 0 0 # G 1 
1 0 0 0 1 0 1 1 
1 0 F # 0 1 1 1 
1 0 0 0 F F 1 1 
1 1 S 1 1 1 1 1 
D32 D24 D34 T7

Map8
1 1 1 1 1 G 1 1 
S 0 # 0 1 0 0 1 
1 0 0 H # 0 0 1 
1 0 0 # 0 0 0 1 
1 H 0 F # 0 0 1 
1 0 # 0 1 0 0 1 
1 0 0 F 1 0 0 1 
1 1 1 1 1 1 1 1 
U31 D24 T6

Map8
1 1 1 1 1 1 1 1 
1 1 1 1 1 G 1 1 
1 1 # 1 F 0 1 1 
1 1 F # 0 0 1 1 
1 1 0 0 0 1 1 1 
1 1 0 0 # F 1 1 
1 1 1 1 S 1 1 1 
1 1 1 1 1 1 1 1 
U24 L44 U25 T6

Map8
1 1 1 G 1 1 1 1 
1 0 0 0 0 1 0 1 
1 F 0 0 F 0 0 1 
1 H 0 0 0 F 0 S 
1 1 0 0 0 F 0 1 
1 1 0 # 0 0 # 1 
1 1 # 1 F 1 1 1 
1 1 1 1 1 1 1 1 
R41 R43 T6

Map8
1 1 1 1 1 1 1 1 
1 1 0 F 0 0 F 1 
1 1 0 0 F # 0 1 
1 0 0 0 1 H 0 1 
1 1 # F 0 # 0 1 
1 # 0 1 0 0 0 1 
1 # # 0 1 0 1 1 
1 G 1 1 1 S 1 1 
R45 U63 T6

Map8
1 1 G 1 1 1 1 1 
1 1 0 # F 1 1 1 
1 1 H # 0 0 0 S 
1 1 1 F 0 0 0 1 
1 1 # 0 0 0 0 1 
1 1 # 0 0 0 H 1 
1 1 1 1 1 1 1 1 
1 1 1 1 1 1 1 1 
L64 D42 R45 T7

Map8
1 G 1 1 1 1 1 1 
1 0 0 0 H 0 1 1 
1 1 # 0 H 0 S 1 
1 0 0 # F 0 1 1 
1 0 H 0 F 0 1 1 
1 # 0 0 1 0 1 1 
1 1 1 1 1 1 1 1 
1 1 1 1 1 1 1 1 
D51 L54 T7

Map8
1 S 1 1 1 1 1 1 
1 # 1 0 0 # 0 1 
1 0 0 F 0 H 0 1 
1 0 0 0 H 0 0 1 
1 0 1 0 0 0 1 1 
1 0 F 0 0 F 0 1 
1 0 1 0 0 # # 1 
1 1 1 1 G 1 1 1 
L33 U36 R16 T6

Map8
1 1 1 1 1 1 1 1 
1 1 1 1 1 1 1 1 
1 1 # 0 0 0 1 1 
1 G 0 0 1 0 S 1 
1 1 F 0 0 F 1 1 
1 1 # 0 F # 1 1 
1 1 1 1 1 1 1 1 
1 1 1 1 1 1 1 1 
P42 P34 T7

Map8
1 1 1 1 1 1 1 1 
1 0 # # # F 0 1 
1 0 F 0 0 H 0 1 
1 F # 0 0 0 H 1 
1 0 0 # # F 0 1 
S # 0 1 H 0 0 1 
1 0 1 1 0 0 H 1 
1 1 1 1 G 1 1 1 
P42 D53 L11 T8

Map8
1 1 1 1 1 1 1 1 
S 0 0 0 F # 1 1 
1 H F 0 H 1 0 1 
1 0 0 0 0 0 # G 
1 0 F H 1 # 1 1 
1 0 0 0 0 # # 1 
1 0 F 0 1 0 # 1 
1 1 1 1 1 1 1 1 
U31 P14 L36 T8

Map8
1 1 1 1 1 1 1 1 
1 1 1 1 1 1 1 1 
1 1 0 0 0 # 0 1 
1 1 0 0 0 1 0 1 
1 S # 0 0 0 1 1 
1 1 0 # 0 0 # 1 
1 1 F 0 H H 0 G 
1 1 1 1 1 1 1 1 
D36 U44 T5

Map8
1 1 1 1 1 1 1 1 
1 1 0 0 1 # 0 1 
1 1 0 0 0 0 1 1 
1 S F H 0 0 0 1 
1 1 0 # 0 0 # 1 
1 1 H 0 # 0 0 1 
1 1 1 1 1 1 G 1 
1 1 1 1 1 1 1 1 
U21 U24 T5

Map8
1 S 1 1 1 G 1 1 
1 0 0 1 0 F 0 1 
1 1 # 0 1 0 H 1 
1 0 0 0 H 0 0 1 
1 H # 0 0 # 1 1 
1 0 F 0 0 F # 1 
1 1 1 0 0 0 # 1 
1 1 1 1 1 1 1 1 
R33 R15 T8

Map8
1 1 1 1 1 1 1 1 
1 1 0 0 0 0 F S 
1 1 0 1 0 0 1 1 
1 1 0 0 0 1 0 1 
1 1 0 0 # # 0 1 
1 1 H 0 0 1 F 1 
1 1 1 1 1 1 G 1 
1 1 1 1 1 1 1 1 
R43 R24 T5

Map8
1 S 1 1 1 1 1 1 
1 F # 0 0 0 1 1 
1 0 0 0 H 0 1 1 
1 1 1 H 0 0 1 1 
1 0 0 0 0 0 1 1 
1 0 1 H # 0 1 1 
1 G 1 1 1 1 1 1 
1 1 1 1 1 1 1 1 
P32 P55 T7

Map8
1 1 1 1 1 1 1 1 
1 1 1 G 1 1 1 1 
1 1 1 0 F H F 1 
1 1 1 # 0 0 F 1 
1 1 F 0 0 0 # 1 
1 S 0 F 1 # F 1 
1 1 H # 0 0 1 1 
1 1 1 1 1 1 1 1 
L53 D34 T6

Map8
1 1 1 1 1 1 1 1 
1 1 1 1 1 1 1 1 
1 1 0 H H 0 G 1 
1 S 0 H # F 1 1 
1 1 # 0 0 F 1 1 
1 1 1 0 # # 1 1 
1 1 1 1 1 1 1 1 
1 1 1 1 1 1 1 1 
D22 U44 T6

Map8
1 1 1 1 1 1 1 1 
1 1 0 1 0 0 0 1 
1 1 0 # 0 0 0 1 
1 1 0 0 # 0 F 1 
1 1 0 H F 1 0 G 
1 1 0 0 0 0 0 1 
1 1 1 1 1 S 1 1 
1 1 1 1 1 1 1 1 
R21 R65 T6

Map8
1 1 1 1 1 1 1 1 
1 0 1 0 0 0 0 1 
1 0 F 1 0 0 0 G 
1 0 H # 0 1 0 1 
1 0 F # 0 H 0 1 
S 0 0 0 # H # 1 
1 0 # 0 0 # H 1 
1 1 1 1 1 1 1 1 
R41 P25 R46 T7

Map8
1 1 1 S 1 1 1 1 
1 0 0 0 0 0 0 1 
1 0 1 H 0 0 F 1 
1 # 0 1 # 0 F 1 
1 0 0 # 0 0 # 1 
1 1 0 1 0 1 F 1 
1 1 0 0 0 0 F 1 
1 1 1 G 1 1 1 1 
L41 U54 U26 T6

Map8
1 1 S 1 1 1 1 1 
1 0 # 0 0 H F 1 
1 # 0 # 0 0 0 1 
1 1 H 1 0 1 0 G 
1 # H # H 0 1 1 
1 0 0 0 0 0 F 1 
1 0 0 # 1 0 0 1 
1 1 1 1 1 1 1 1 
R41 D22 T6

Map8
1 1 1 1 1 1 1 1 
1 1 G 1 1 1 1 1 
1 1 0 0 F # 1 1 
1 1 1 0 0 0 1 1 
1 1 0 # H 0 1 1 
1 1 0 0 0 0 1 1 
1 1 1 1 S 1 1 1 
1 1 1 1 1 1 1 1 
L55 P25 T4

Map8
1 1 1 1 1 1 1 1 
1 # 0 0 F # 0 1 
1 # 1 # 0 0 0 1 
1 # 0 # # 0 0 1 
1 0 0 0 # 0 0 1 
1 0 0 0 0 H 1 1 
1 0 0 F 0 0 0 1 
1 1 1 S 1 G 1 1 
U34 U66 T9

Map8
1 1 1 1 G 1 1 1 
1 1 F # 0 1 # 1 
1 0 1 0 0 1 0 1 
1 0 0 # 1 1 # S 
1 # 0 0 0 0 0 1 
1 # H H H # 0 1 
1 H 0 # F F 1 1 
1 1 1 1 1 1 1 1 
D24 R65 T6

Map8
1 1 1 1 1 1 1 1 
1 0 0 F # # 0 1 
G 0 # 0 # 0 F 1 
1 F 0 0 1 H 0 S 
1 0 0 0 0 1 0 1 
1 0 0 1 0 # F 1 
1 0 0 # 0 0 F 1 
1 1 1 1 1 1 1 1 
U64 L11 T6

Map8
1 1 1 1 1 G 1 1 
1 1 0 0 F 0 # 1 
1 1 H 0 0 0 1 1 
1 1 1 H 0 0 # 1 
1 1 0 F 0 1 0 1 
1 1 0 # 0 0 0 1 
1 1 1 S 1 1 1 1 
1 1 1 1 1 1 1 1 
D43 L44 T6

Map8
1 1 1 1 1 1 1 1 
1 # H 0 1 0 1 1 
1 0 0 # H 0 0 1 
G 0 0 0 F 1 0 1 
1 0 1 0 0 F 0 1 
1 0 0 0 1 H F 1 
1 F 1 0 F # 0 1 
1 1 1 1 1 1 S 1 
P31 R63 D14 T6

Map8
1 1 1 1 1 1 S 1 
1 1 0 0 H 1 0 1 
1 F F 0 0 0 # 1 
1 0 # # 0 0 F 1 
1 0 # 1 0 1 0 1 
1 H 0 0 0 0 F 1 
1 0 0 H 1 0 0 1 
1 G 1 1 1 1 1 1 
R42 P13 P35 T9

Map8
1 1 1 G 1 1 1 1 
1 F 0 0 0 0 0 1 
1 0 F 0 1 0 0 1 
1 0 H # 1 # # 1 
1 # 0 0 0 0 # 1 
1 0 # 0 0 0 0 1 
1 0 0 0 0 0 # 1 
1 1 1 1 1 1 S 1 
R13 R44 T6
