Map8
1 1 1 1 1 1 1 1 
1 1 # # 0 0 1 1 
1 0 # 0 1 F 1 1 
1 0 0 0 0 0 F G 
1 0 0 0 F 0 # 1 
1 F 1 H 1 0 0 1 
1 1 0 F 0 0 0 1 
1 1 1 1 1 1 S 1 
P24 P65 P46 T6

Map8
1 1 1 1 1 S 1 1 
1 H 0 0 0 0 0 1 
1 # 1 0 0 0 F 1 
1 1 0 H 0 0 0 1 
1 H 0 # 0 0 0 1 
1 0 F # 0 F 0 1 
1 0 0 0 H 1 0 1 
1 1 G 1 1 1 1 1 
P52 P65 D23 T4

Map8
1 1 S 1 1 G 1 1 
1 1 0 0 1 F # 1 
1 1 0 0 F # H 1 
1 1 F 0 # 0 F 1 
1 1 H # F 1 0 1 
1 1 F 1 0 0 # 1 
1 1 1 1 1 1 1 1 
1 1 1 1 1 1 1 1 
P22 P33 U53 T4

Map8
1 1 1 1 1 1 1 1 
S 0 0 H # 0 1 1 
1 0 F 0 0 # 1 1 
1 0 F # F 1 1 1 
1 0 1 0 0 0 1 1 
1 0 0 1 F 0 1 1 
1 1 1 1 1 G 1 1 
1 1 1 1 1 1 1 1 
P21 P42 P13 T6

Map8
1 1 1 1 1 S 1 1 
1 # 0 0 F 0 1 1 
1 1 # F 1 0 1 1 
1 0 H 0 0 0 1 1 
1 F F 0 0 H 1 1 
1 0 F H 0 0 1 1 
1 1 1 1 1 G 1 1 
1 1 1 1 1 1 1 1 
P21 P34 U53 T7

Map8
1 1 S 1 1 1 G 1 
1 0 F 0 # F 0 1 
1 0 H 1 # 1 0 1 
1 0 0 0 0 0 H 1 
1 0 H F F 1 1 1 
1 0 # 0 F # 0 1 
1 0 0 # 0 H 0 1 
1 1 1 1 1 1 1 1 
P16 L31 U46 T5

Map8
1 1 1 G 1 1 1 1 
1 1 0 0 0 H 0 1 
1 F 0 0 0 0 F 1 
1 H 0 F 1 0 # 1 
1 F # 0 0 0 0 1 
1 0 0 0 0 0 # 1 
1 0 0 0 F # 0 1 
1 S 1 1 1 1 1 1 
P45 R15 P36 T4

Map8
1 1 1 1 1 1 1 1 
1 1 1 1 1 1 1 1 
1 1 0 0 0 0 1 1 
1 1 F 0 H # 1 1 
1 G 0 0 H 1 1 1 
1 1 0 # 0 H 1 1 
1 1 S 1 1 1 1 1 
1 1 1 1 1 1 1 1 
P33 P45 D22 T4

Map8
1 1 1 1 1 1 1 1 
1 # 0 0 0 0 F 1 
1 0 0 F 0 0 0 1 
S F 0 0 0 1 # 1 
1 0 # 1 F 0 0 1 
1 0 0 0 0 0 0 1 
1 0 0 0 H 0 F G 
1 1 1 1 1 1 1 1 
P33 P26 D54 T4

Map8
1 1 1 G 1 1 1 1 
1 0 F 0 0 0 H 1 
1 0 0 0 0 0 0 1 
1 F 0 # 0 0 0 1 
1 1 0 H # # 0 1 
1 H 0 0 F 0 0 1 
1 0 0 0 0 # 1 1 
1 1 1 S 1 1 1 1 
P51 P22 R26 T4

Map8
1 1 1 1 1 1 1 1 
1 0 0 0 0 F # 1 
1 # 0 0 # 0 0 1 
G 0 0 # F 0 H 1 
1 0 0 1 F 0 0 1 
1 0 1 0 1 F 0 1 
1 F H # # 0 0 S 
1 1 1 1 1 1 1 1 
P52 U56 P64 T4

Map8
1 1 1 1 1 1 1 1 
1 # 0 # H 0 0 1 
1 0 0 F # 0 # 1 
1 0 0 0 0 F 0 S 
1 H 1 H 0 0 0 1 
1 0 1 # 0 0 0 1 
1 F 0 0 F # # 1 
1 1 1 1 1 G 1 1 
P33 P64 P45 T4

Map8
1 1 1 1 1 G 1 1 
1 1 1 F 0 0 H 1 
1 0 0 # 0 0 # 1 
1 0 # 0 0 # F 1 
1 0 F H F 0 0 1 
1 F 0 0 0 0 0 1 
1 0 0 H 0 # H 1 
1 S 1 1 1 1 1 1 
P65 P46 D41 T4

Map8
1 1 1 1 1 1 1 1 
1 1 1 0 F 0 0 G 
1 S 0 1 F 0 0 1 
1 1 0 0 # 0 H 1 
1 1 0 0 1 0 F 1 
1 1 0 H # 0 # 1 
1 1 1 1 1 1 1 1 
1 1 1 1 1 1 1 1 
P53 P24 R31 T4

Map8
1 1 1 1 1 1 S 1 
1 1 0 0 1 0 # 1 
1 1 0 F 0 0 0 1 
1 1 0 # 1 0 H 1 
1 1 H 0 F 0 0 1 
1 G 0 0 1 0 0 1 
1 1 1 1 1 1 1 1 
1 1 1 1 1 1 1 1 
P62 P53 D31 T5

Map8
1 1 1 1 1 1 1 1 
1 1 1 1 G 1 1 1 
1 1 0 H F 0 1 1 
1 1 0 0 # 0 1 1 
1 S 0 0 0 F 1 1 
1 1 1 # 1 0 1 1 
1 1 1 1 1 1 1 1 
1 1 1 1 1 1 1 1 
P22 P53 P34 T4

Map8
1 1 1 1 1 1 S 1 
1 1 1 F F H 0 1 
1 1 F 0 0 1 0 1 
1 1 H 0 0 F 0 G 
1 1 0 0 # # # 1 
1 1 F 1 H 1 0 1 
1 1 1 1 1 1 1 1 
1 1 1 1 1 1 1 1 
P34 P65 R33 T3

Map8
1 1 1 1 1 1 1 1 
1 H 0 F 0 # 0 S 
1 # 0 F 0 0 0 1 
1 0 1 0 0 0 H 1 
1 0 H 0 0 F # 1 
1 0 0 0 0 1 F 1 
1 0 H # F 0 1 1 
1 1 1 1 1 G 1 1 
P53 D41 P44 T7

Map8
1 1 G 1 1 1 1 1 
1 0 0 H 0 0 1 1 
1 H # F 0 # 1 1 
1 0 0 0 0 F 1 1 
1 0 1 0 F 0 S 1 
1 F 1 H 0 1 1 1 
1 1 1 1 1 1 1 1 
1 1 1 1 1 1 1 1 
P42 P13 U45 T3

Map8
1 1 1 1 1 1 1 1 
1 1 G 1 1 1 1 1 
1 1 0 0 1 0 1 1 
1 1 # F 0 0 # 1 
1 1 H 1 H 0 F 1 
1 1 0 F 0 0 1 1 
1 1 0 # # 0 0 S 
1 1 1 1 1 1 1 1 
P52 P26 R25 T5

Map8
1 1 1 1 G S 1 1 
1 1 0 # 0 0 0 1 
1 1 0 0 F H 1 1 
1 1 0 0 0 0 1 1 
1 1 0 H H F 1 1 
1 1 0 1 # 0 0 1 
1 1 1 1 1 1 1 1 
1 1 1 1 1 1 1 1 
P53 P24 L61 T4

Map8
1 1 G 1 1 1 1 1 
1 F 0 1 0 0 0 1 
S 0 0 F 0 0 F 1 
1 H 0 1 0 # # 1 
1 0 0 0 0 F # 1 
1 # 0 F 0 # H 1 
1 # 0 0 0 # 0 1 
1 1 1 1 1 1 1 1 
P52 P14 P45 T4

Map8
1 1 1 1 1 1 1 1 
1 1 1 1 1 1 1 1 
1 0 1 # 0 1 1 1 
1 F H 0 # 0 S 1 
1 F 0 0 # 0 1 1 
1 0 F # # 0 1 1 
1 0 H 0 F H 1 1 
1 1 1 G 1 1 1 1 
P33 P24 L54 T3

Map8
1 1 1 1 1 1 1 1 
1 0 H # 0 H # 1 
1 0 0 # # F 1 1 
1 0 0 H 0 0 # 1 
1 0 # 0 1 0 F 1 
S 0 0 H 0 0 0 1 
1 # 1 0 0 0 0 1 
1 1 1 G 1 1 1 1 
P11 P25 D41 T7

Map8
1 1 1 1 1 1 1 1 
1 1 G 1 1 1 1 1 
1 F 0 # 1 F 1 1 
1 0 F F 0 H 1 1 
1 # 0 0 0 0 1 1 
1 # # 0 0 0 1 1 
1 F 0 1 # 0 S 1 
1 1 1 1 1 1 1 1 
P13 P34 P44 T6

Map8
1 1 1 1 S 1 1 1 
1 0 # 0 0 0 1 1 
1 F 0 1 H 0 1 1 
1 F 0 # 0 H 1 1 
1 F 1 0 # 0 1 1 
1 # F 1 # 0 G 1 
1 1 1 1 1 1 1 1 
1 1 1 1 1 1 1 1 
P11 P43 L51 T7

Map8
1 1 1 1 S 1 1 1 
1 1 0 1 # 0 0 1 
1 1 0 # 0 0 H 1 
1 1 0 F F 0 F G 
1 1 H 0 1 0 F 1 
1 1 F F H 0 0 1 
1 1 1 1 1 1 1 1 
1 1 1 1 1 1 1 1 
P61 P42 P54 T4

Map8
1 1 1 1 1 1 1 1 
1 F 0 # 0 F 0 1 
S # F 1 0 0 0 G 
1 0 0 0 # 0 H 1 
1 0 0 0 F 0 0 1 
1 0 1 F 0 0 0 1 
1 0 # 0 1 0 1 1 
1 1 1 1 1 1 1 1 
P64 R42 D21 T3

Map8
1 S 1 1 1 1 1 1 
1 # 0 0 H 0 0 G 
1 # 0 0 H 0 0 1 
1 0 1 0 0 0 0 1 
1 0 0 F # 0 F 1 
1 0 0 1 0 0 0 1 
1 # F 0 0 0 F 1 
1 1 1 1 1 1 1 1 
P54 P15 P46 T6

Map8
1 1 1 1 1 1 1 1 
1 # 0 # 0 # 0 1 
1 0 1 0 1 # F 1 
1 0 1 0 F 0 1 1 
S # 0 F # 0 0 1 
1 0 0 # # 0 0 1 
1 0 0 H 0 F F 1 
1 1 G 1 1 1 1 1 
P54 P15 L55 T3

Map8
1 1 G 1 S 1 1 1 
1 1 0 1 0 0 # 1 
1 F 0 0 # 0 F 1 
1 0 0 1 H 0 0 1 
1 0 0 0 F 0 0 1 
1 0 F 0 # 0 0 1 
1 0 # 0 F 0 0 1 
1 1 1 1 1 1 1 1 
P32 P16 L52 T6

Map8
1 1 1 1 1 1 1 1 
1 F F 0 # 0 S 1 
1 H 0 0 0 0 1 1 
1 0 # F 0 1 1 1 
1 0 0 0 H 0 1 1 
1 F 0 0 1 0 1 1 
1 G 1 1 1 1 1 1 
1 1 1 1 1 1 1 1 
P22 R31 P35 T6

Map8
1 1 1 1 1 1 1 1 
1 S 1 1 1 1 1 1 
1 0 F 0 0 H 1 1 
1 0 # 0 0 0 1 1 
1 H 0 0 # 0 G 1 
1 F # 0 1 0 1 1 
1 0 0 1 # # 1 1 
1 1 1 1 1 1 1 1 
P42 P13 P35 T4

Map8
1 1 1 G 1 1 1 1 
1 1 0 # H F # 1 
1 0 F 0 1 F 0 1 
1 1 # 0 0 0 0 1 
1 F # 0 0 1 0 1 
1 0 # 1 H 0 0 S 
1 H # # 1 0 H 1 
1 1 1 1 1 1 1 1 
P62 P55 R12 T5

Map8
1 1 1 G 1 1 1 1 
1 0 # 0 0 0 # 1 
1 1 0 F 0 F H 1 
1 0 0 0 0 0 0 1 
1 # 0 0 H 0 0 1 
1 1 0 0 0 # 0 1 
1 H H 0 F 0 0 1 
1 1 1 1 S 1 1 1 
P64 R36 P25 T4

Map8
1 1 1 S 1 1 1 1 
1 1 0 0 0 H # G 
1 1 # 0 0 F 0 1 
1 1 # F 0 0 F 1 
1 1 1 1 0 0 F 1 
1 1 # 0 0 0 1 1 
1 1 1 1 1 1 1 1 
1 1 1 1 1 1 1 1 
P41 P32 P53 T8

Map8
1 1 1 S 1 1 1 1 
1 1 # 0 0 0 0 1 
1 F 0 # F 0 1 1 
1 0 0 F 0 0 # 1 
1 0 1 H 0 0 0 1 
1 0 0 0 0 # # G 
1 F 0 1 0 H # 1 
1 1 1 1 1 1 1 1 
P53 P46 L41 T5

Map8
1 1 1 1 1 1 1 1 
G F # 0 0 H 0 1 
1 # H # 0 1 0 1 
1 0 0 0 0 0 0 1 
1 1 0 H 0 # 0 1 
1 0 H 0 H # F 1 
1 F # 0 F 0 0 1 
1 1 1 S 1 1 1 1 
P62 P35 U44 T5

Map8
1 1 1 1 1 1 1 1 
1 0 1 0 1 0 0 1 
1 F 0 0 0 0 # 1 
1 0 H 0 0 0 0 1 
1 # 0 0 0 0 F 1 
1 1 0 0 0 H F S 
1 # 0 0 0 0 0 1 
1 1 1 1 1 G 1 1 
P61 U66 D31 T4

Map8
1 1 1 1 1 1 1 1 
1 # 0 0 1 0 1 1 
1 1 # 1 0 0 1 1 
1 0 0 # 0 # 1 1 
S # F 1 0 H 1 1 
1 0 H 0 F 0 1 1 
1 1 1 1 1 G 1 1 
1 1 1 1 1 1 1 1 
P51 R35 U15 T6

Map8
1 1 1 1 1 1 1 1 
1 0 0 H 0 0 0 1 
1 1 0 # # # 0 1 
1 # F 0 0 1 F 1 
1 F 1 0 # H 0 1 
1 # 0 F H # 0 1 
G 0 # 0 0 0 0 1 
1 1 1 1 1 S 1 1 
P61 R46 P22 T5

Map8
1 1 1 1 1 1 1 1 
1 1 1 S 1 1 1 1 
1 0 0 0 0 0 1 1 
1 # 0 H 1 0 1 1 
1 F 0 # 0 0 G 1 
1 # # # F F 1 1 
1 0 0 0 1 0 1 1 
1 1 1 1 1 1 1 1 
P23 P36 L42 T5

Map8
1 1 1 1 1 1 1 1 
1 # 0 0 0 0 # 1 
1 F # 0 0 0 # 1 
1 0 0 H 1 0 0 1 
1 # F 0 0 0 0 1 
1 0 0 1 1 # 1 1 
1 # F F 0 # 0 1 
1 1 G 1 1 1 S 1 
P31 P46 U13 T8

Map8
1 1 1 1 1 1 1 1 
1 1 1 S 1 1 G 1 
1 1 # # 1 0 0 1 
1 1 # 0 0 0 0 1 
1 1 0 F F 0 F 1 
1 1 0 H 0 0 0 1 
1 1 H # 0 0 1 1 
1 1 1 1 1 1 1 1 
P33 P25 U65 T4

Map8
1 1 1 1 1 1 1 1 
S # 0 0 0 F 1 1 
1 1 0 # 0 0 1 1 
1 1 F F 0 # 1 1 
1 0 # # F 0 1 1 
1 F 0 0 F H 1 1 
1 1 1 1 G 1 1 1 
1 1 1 1 1 1 1 1 
P31 P25 D43 T3

Map8
1 1 1 1 1 1 1 1 
1 # 0 # 0 # 0 1 
1 0 # 0 0 F 0 1 
1 H 1 0 1 0 # 1 
1 0 0 0 0 0 0 1 
1 0 0 0 # F H 1 
1 0 0 F 0 F 0 1 
1 S 1 G 1 1 1 1 
P14 P24 U46 T4

Map8
1 1 1 1 1 G 1 1 
1 # 1 0 0 0 # 1 
1 0 0 0 1 0 # 1 
1 0 0 # 0 # 0 1 
S 0 F 1 0 # 1 1 
1 0 1 0 0 1 0 1 
1 0 1 0 F H 0 1 
1 1 1 1 1 1 1 1 
P12 P63 U15 T3

Map8
1 1 1 1 1 1 1 1 
1 1 0 0 1 0 0 1 
1 F # 0 0 0 0 1 
G 0 0 0 1 # F 1 
1 0 0 0 F 1 0 S 
1 0 0 0 F 0 0 1 
1 0 H 0 # 0 0 1 
1 1 1 1 1 1 1 1 
P32 P66 U36 T4

Map8
1 1 1 1 1 1 1 1 
S 0 # 0 H # H 1 
1 1 0 F 0 1 F 1 
1 0 0 0 0 # 1 1 
1 F # 0 0 1 # G 
1 1 0 0 F 0 0 1 
1 0 # 0 # 1 F 1 
1 1 1 1 1 1 1 1 
P23 P36 D31 T6

Map8
1 1 1 1 1 1 1 1 
1 0 0 H 0 0 H 1 
G # # 1 0 0 F 1 
1 H F 0 # 0 # 1 
1 0 0 0 0 1 0 1 
1 # 0 F 0 0 F 1 
S 0 0 H 0 F 0 1 
1 1 1 1 1 1 1 1 
P21 P14 U26 T4

Map8
1 1 S 1 1 1 1 1 
1 1 0 0 # F 0 1 
1 1 0 0 0 # 0 1 
1 1 H 1 # 0 1 1 
1 1 0 0 0 0 # G 
1 1 H 0 # F F 1 
1 1 1 1 1 1 1 1 
1 1 1 1 1 1 1 1 
P22 R34 P32 T5

Map8
1 1 1 1 1 1 1 1 
1 0 0 0 0 # H 1 
1 0 F 0 F 0 0 1 
1 0 # 1 # 0 0 1 
1 F 0 F 0 0 F G 
1 0 0 0 # # 1 1 
1 0 0 0 1 0 1 1 
1 1 1 S 1 1 1 1 
P31 P25 P35 T6

Map8
1 1 1 1 1 1 1 1 
1 0 1 F # 0 G 1 
1 # F 0 0 1 1 1 
1 0 F # 0 0 1 1 
S F 0 0 0 H 1 1 
1 0 1 F H # 1 1 
1 1 1 1 1 1 1 1 
1 1 1 1 1 1 1 1 
P53 P34 R13 T4

Map8
1 1 1 1 1 1 1 1 
1 0 0 1 0 F H 1 
1 0 0 # 0 0 0 1 
1 0 # 0 # 0 F 1 
1 H 0 0 1 0 0 1 
1 # F H F 0 0 1 
1 F 0 0 0 0 0 1 
1 1 G 1 S 1 1 1 
P66 R36 L62 T5

Map8
1 1 1 1 1 1 1 1 
1 1 1 1 G 1 1 1 
1 1 0 # 0 F S 1 
1 1 1 F 0 0 1 1 
1 1 0 0 0 0 1 1 
1 1 H F # 0 1 1 
1 1 1 1 1 1 1 1 
1 1 1 1 1 1 1 1 
P22 P54 R24 T3

Map8
1 1 1 1 1 1 1 1 
1 1 0 # 0 0 F 1 
1 F # 0 0 F 0 1 
1 0 0 # 0 H 0 1 
1 0 0 1 0 0 1 1 
S 0 0 F 1 0 0 1 
1 1 1 0 0 0 0 1 
1 1 1 1 1 G 1 1 
P51 P13 U25 T7

Map8
1 1 1 1 1 1 1 1 
1 H 0 1 1 # 1 1 
S 0 # H 0 0 1 1 
1 0 0 0 # 0 # 1 
1 0 0 0 F 0 0 1 
1 1 H # 0 0 0 1 
1 1 H 0 F 0 1 1 
1 1 1 1 G 1 1 1 
P53 P24 D21 T3

Map8
1 1 1 1 1 1 1 1 
1 0 1 H 1 0 0 1 
1 1 0 0 # 0 0 1 
1 F 0 F 0 0 0 1 
1 0 0 # # 0 # G 
1 0 0 # # 0 0 1 
1 0 0 0 # 0 H 1 
1 1 1 S 1 1 1 1 
P23 P16 D32 T4

Map8
1 1 1 1 1 1 1 1 
1 H 1 F 0 # 0 1 
1 # 1 0 0 0 0 1 
1 0 0 0 0 H 0 1 
1 0 # 1 # 1 0 S 
G F 0 0 # 1 0 1 
1 # 0 1 # 0 0 1 
1 1 1 1 1 1 1 1 
P61 P13 P26 T7

Map8
1 1 1 1 1 1 1 1 
1 1 1 1 1 1 1 1 
1 1 H 0 0 0 0 1 
1 S 0 1 0 F F G 
1 1 # 0 # 0 1 1 
1 1 0 0 1 F F 1 
1 1 0 0 F 0 0 1 
1 1 1 1 1 1 1 1 
P42 P54 P25 T5

Map8
1 1 S G 1 1 1 1 
1 0 0 0 H 0 0 1 
1 0 0 0 0 F H 1 
1 # # 0 0 1 0 1 
1 0 H 0 1 H 1 1 
1 1 0 0 1 0 # 1 
1 0 H 0 0 0 F 1 
1 1 1 1 1 1 1 1 
P22 P43 P14 T5

Map8
1 1 1 1 S 1 1 1 
1 H # 1 0 0 0 1 
1 # 0 F F 1 0 1 
G F 0 H F 0 1 1 
1 H 0 0 # 0 1 1 
1 H # 0 0 F H 1 
1 # 0 0 0 0 0 1 
1 1 1 1 1 1 1 1 
P22 P46 U26 T3

Map8
1 1 1 1 1 1 G 1 
1 # H H 0 0 0 1 
1 0 H 1 0 F # 1 
1 0 # F 1 # 0 1 
1 0 0 0 0 1 # 1 
S 0 0 H # # 0 1 
1 0 0 0 0 0 H 1 
1 1 1 1 1 1 1 1 
P44 P56 D14 T5

Map8
1 1 1 1 1 1 1 1 
1 0 # 0 0 1 0 1 
1 0 0 0 0 H 0 1 
1 0 0 F 0 # F G 
1 0 0 F # 0 0 1 
1 # 0 0 1 F 0 1 
1 0 0 1 0 0 0 1 
1 1 1 1 1 1 S 1 
P12 P46 L64 T6

Map8
1 1 1 1 1 G 1 1 
1 # H 0 F 0 F 1 
1 F H 0 H 0 0 1 
1 0 1 # H 0 0 1 
1 0 0 H 0 0 0 1 
1 0 0 0 0 F 0 1 
1 0 # 1 0 0 0 1 
1 1 S 1 1 1 1 1 
P24 P66 D44 T4

Map8
1 S 1 1 1 1 1 1 
1 0 0 H 0 0 F 1 
1 F F F 0 0 0 G 
1 # 0 0 F 0 0 1 
1 0 0 0 0 1 # 1 
1 # 0 0 1 0 0 1 
1 0 0 0 H 0 0 1 
1 1 1 1 1 1 1 1 
P41 P14 U44 T3

Map8
1 1 1 1 1 1 1 1 
1 0 0 1 1 # F 1 
1 # 0 H 0 0 0 S 
1 F F # F 1 0 1 
1 1 0 0 1 # 0 1 
1 # 0 0 0 0 0 1 
1 1 0 0 0 1 F 1 
1 1 G 1 1 1 1 1 
P52 P25 P65 T8

Map8
1 1 1 S 1 1 1 1 
1 1 F 0 0 0 F 1 
1 0 0 # 0 0 0 1 
1 # 0 0 H 0 1 1 
1 0 0 H # # 0 1 
1 # 0 F 0 # 0 G 
1 F F 0 0 0 0 1 
1 1 1 1 1 1 1 1 
P62 P33 P56 T4

Map8
1 1 1 1 1 1 1 1 
1 1 1 1 1 1 1 1 
1 1 H 0 1 0 1 1 
1 1 # 0 F 0 G 1 
1 1 1 0 H 0 1 1 
1 1 0 0 0 0 1 1 
1 1 1 1 S 1 1 1 
1 1 1 1 1 1 1 1 
P32 P25 L55 T3

Map8
1 1 1 1 1 1 1 1 
1 0 0 0 1 1 # G 
1 # 0 H # 0 0 1 
1 0 H 0 1 0 1 1 
1 0 0 0 0 0 0 1 
1 H 0 0 0 0 F 1 
1 # 0 0 # 0 F 1 
1 1 S 1 1 1 1 1 
P24 P64 P55 T8

Map8
1 1 1 1 1 1 1 1 
1 G 0 F 0 H 0 1 
1 1 1 0 0 0 0 1 
1 1 0 1 H # 0 1 
1 S 0 0 0 H # 1 
1 1 0 0 0 0 0 1 
1 1 1 1 1 1 1 1 
1 1 1 1 1 1 1 1 
P61 D23 P32 T6

Map8
1 1 1 1 1 G 1 1 
1 F # 0 # 0 # S 
1 0 1 0 # 0 0 1 
1 1 0 # 0 0 0 1 
1 0 0 0 F 1 0 1 
1 0 H 1 0 0 # 1 
1 1 1 # 1 # 0 1 
1 1 1 1 1 1 1 1 
P31 P62 R32 T3

Map8
1 1 1 1 S 1 1 1 
1 0 F 0 0 H 0 1 
1 0 0 0 F 0 # 1 
1 1 1 0 0 0 0 1 
1 0 # H 1 # F 1 
1 F 0 F 0 0 # 1 
1 0 0 # # 0 0 1 
1 1 1 1 G 1 1 1 
P55 P26 R25 T6

Map8
1 1 1 1 1 1 1 1 
1 # 0 1 # 0 F 1 
1 0 1 0 0 0 0 G 
1 0 0 # H 0 0 1 
1 0 0 F # H 0 1 
1 0 # 0 0 # 0 1 
1 0 # 0 # 0 1 1 
1 1 1 1 1 S 1 1 
P14 P65 R45 T7

Map8
1 1 1 1 1 1 1 1 
1 1 S 1 1 1 1 1 
1 1 # F # 0 0 1 
1 1 F 0 # 0 1 1 
1 1 0 0 0 0 0 G 
1 1 H 0 F 0 0 1 
1 1 1 F 0 H 0 1 
1 1 1 1 1 1 1 1 
P62 U24 P55 T4

Map8
1 1 1 1 1 1 1 1 
1 1 1 1 1 1 1 1 
1 S 0 0 F 0 0 1 
1 1 H 0 0 0 0 1 
1 1 0 F # 1 F 1 
1 G 0 # 1 0 # 1 
1 1 0 0 # 1 1 1 
1 1 1 1 1 1 1 1 
P62 P36 D33 T6

Map8
1 1 1 1 G 1 1 1 
1 H 0 0 # # 0 1 
1 0 0 1 # # 0 1 
1 0 # 0 0 # F 1 
1 # 1 0 0 F # 1 
1 0 0 0 0 0 1 1 
1 0 1 0 0 0 0 1 
1 S 1 1 1 1 1 1 
P12 P33 P34 T7

Map8
1 1 1 1 1 1 1 1 
G # 1 0 H 0 0 1 
1 # # 0 0 0 H 1 
1 1 H F 0 F 0 1 
1 0 0 H 0 0 0 1 
1 0 0 0 0 # 0 1 
1 0 0 0 0 0 # 1 
1 1 1 1 1 1 S 1 
P64 P35 L52 T5

Map8
1 1 1 S 1 1 1 1 
1 1 # 0 0 1 0 1 
1 1 0 F H 0 0 1 
1 1 0 F F 0 0 1 
1 G 0 F # # 1 1 
1 1 H 0 # 0 F 1 
1 1 1 1 1 1 1 1 
1 1 1 1 1 1 1 1 
P63 P55 R23 T3

Map8
1 1 1 1 1 1 1 1 
1 0 F 0 F 0 0 1 
1 0 0 1 0 0 1 1 
1 0 H 0 0 # # 1 
1 H 0 F # 0 F G 
1 # F 0 1 0 0 1 
1 0 1 0 0 0 0 1 
1 1 1 S 1 1 1 1 
P51 P35 P66 T6

Map8
1 1 1 G 1 1 1 1 
1 1 H 0 # F 0 1 
1 1 # 0 0 0 0 1 
1 1 # 0 0 0 # S 
1 1 0 0 0 1 H 1 
1 1 H 1 0 0 # 1 
1 1 1 1 1 1 1 1 
1 1 1 1 1 1 1 1 
P61 P24 R43 T6

Map8
1 1 1 1 1 1 1 1 
1 F # # # 0 0 1 
1 0 0 0 0 # H 1 
1 # 1 0 0 0 0 G 
1 0 1 # 0 0 0 1 
1 0 0 # # H 0 1 
1 0 H 0 0 F 0 1 
1 1 1 1 1 S 1 1 
P42 P36 L66 T3

Map8
1 1 1 1 1 1 1 1 
1 0 0 0 H 0 0 S 
1 0 H 0 0 0 0 1 
1 0 1 H 0 F 0 1 
1 1 0 # 0 1 0 1 
G 0 0 1 1 0 0 1 
1 0 0 0 # # F 1 
1 1 1 1 1 1 1 1 
P51 P64 D42 T8

Map8
1 1 1 1 1 1 1 1 
1 H 0 0 H 0 0 1 
G 0 0 0 0 0 1 1 
1 0 0 1 1 F 0 S 
1 0 # 0 1 0 0 1 
1 0 0 0 1 F 0 1 
1 1 1 0 # 0 # 1 
1 1 1 1 1 1 1 1 
P21 D52 P14 T6

Map8
1 1 1 1 1 G 1 1 
1 0 # 0 # F 0 1 
1 # 0 0 H 0 0 1 
1 0 0 # 0 0 0 1 
1 # 0 0 0 # 0 1 
S 0 0 F F 1 # 1 
1 H 1 0 F 0 1 1 
1 1 1 1 1 1 1 1 
P13 P64 P25 T4

Map8
1 1 1 1 1 1 1 1 
1 H F 0 0 # F 1 
1 # # 0 0 # 0 G 
1 0 H H 0 1 1 1 
1 0 0 1 # 0 1 1 
1 0 0 F 0 # 0 1 
1 H 1 F 0 F H 1 
1 1 1 S 1 1 1 1 
P65 R32 R25 T4

Map8
1 1 1 1 1 1 1 1 
1 S 0 0 0 H 0 1 
1 1 0 0 0 0 1 1 
1 1 F 0 # 0 0 1 
1 1 0 0 0 H 0 1 
1 1 1 0 F # H 1 
1 1 1 1 G 1 1 1 
1 1 1 1 1 1 1 1 
P41 P52 R22 T3

Map8
1 1 1 1 1 1 1 1 
1 1 1 1 1 1 1 1 
1 1 # 0 0 0 0 1 
1 1 0 0 F 0 0 1 
1 1 H 0 H 0 0 1 
1 1 # 0 1 0 H 1 
1 1 0 1 0 0 0 S 
1 1 G 1 1 1 1 1 
P23 P46 L63 T5

Map8
1 1 1 1 1 1 1 1 
1 0 F 0 1 0 0 1 
1 1 0 0 0 0 0 1 
1 0 F # 0 # 0 1 
1 0 # H F 0 0 S 
1 H 0 0 # 0 0 G 
1 F 0 0 H 0 F 1 
1 1 1 1 1 1 1 1 
P61 P54 P26 T5

Map8
1 S 1 1 1 1 1 1 
1 0 0 1 0 F H 1 
1 0 0 1 0 0 0 1 
1 1 F 0 0 # 0 1 
1 0 # 0 0 # 0 1 
G 0 # # 0 0 0 1 
1 F F 0 # 0 H 1 
1 1 1 1 1 1 1 1 
P44 R14 P36 T5

Map8
1 1 1 1 1 G 1 1 
1 # 1 0 H # 0 1 
1 1 0 0 # 0 0 1 
1 # F 0 0 H 0 1 
1 0 F 1 1 0 0 1 
1 # 0 0 0 0 # 1 
S 0 1 0 0 1 # 1 
1 1 1 1 1 1 1 1 
P62 R22 P43 T5

Map8
1 1 G 1 1 1 1 1 
1 F F 0 H F 0 1 
1 0 # F 0 0 0 1 
1 0 0 0 1 0 1 1 
1 H 1 0 F H 0 1 
S # # 0 0 0 0 1 
1 0 0 # 0 0 1 1 
1 1 1 1 1 1 1 1 
P12 P45 L42 T3

Map8
1 1 1 1 1 1 1 1 
1 1 1 1 1 1 1 1 
1 0 0 0 0 F G 1 
1 H H 1 F 0 1 1 
1 0 0 0 0 0 1 1 
1 # 0 # F 1 1 1 
S 0 0 0 F F 1 1 
1 1 1 1 1 1 1 1 
P24 P54 U36 T6

Map8
1 1 S 1 1 1 1 1 
1 1 0 # 0 # F 1 
1 1 F F 0 H H 1 
1 1 0 0 F 0 # G 
1 1 H 0 F 1 1 1 
1 1 0 # 0 F # 1 
1 1 1 1 1 1 1 1 
1 1 1 1 1 1 1 1 
P41 P34 U23 T4

Map8
1 1 1 1 S 1 1 1 
1 0 # 0 0 0 0 1 
1 0 # 0 1 1 1 1 
1 0 0 F 0 0 1 1 
1 F 0 0 F 0 0 1 
1 # H H 0 1 0 1 
G F 0 0 0 1 0 1 
1 1 1 1 1 1 1 1 
P11 P53 P24 T6

Map8
1 1 S 1 1 1 1 1 
1 0 0 0 0 # 0 1 
1 1 0 0 0 1 0 1 
1 0 0 0 1 0 0 1 
1 # 0 0 0 F # 1 
1 1 0 1 0 1 0 1 
1 0 H F 0 1 0 1 
1 1 1 1 G 1 1 1 
P34 P65 R11 T4

Map8
1 1 1 S 1 1 1 1 
1 H # 0 0 0 0 1 
1 0 0 0 0 # 1 1 
1 0 H 0 H 0 0 1 
1 0 0 0 # 0 0 1 
1 # 0 H F 0 0 1 
1 0 F 1 0 0 0 1 
1 1 G 1 1 1 1 1 
P33 P14 L64 T4

Map8
1 1 1 1 S 1 1 1 
1 1 0 H 0 1 0 1 
1 1 0 0 0 0 F 1 
1 1 F F 0 1 0 1 
1 1 H 0 0 # 0 1 
1 1 0 0 # H 0 G 
1 1 1 1 1 1 1 1 
1 1 1 1 1 1 1 1 
P22 P43 P35 T6

Map8
1 1 G 1 1 1 1 1 
1 F # # 0 0 F S 
1 0 F H 0 # 1 1 
1 0 0 0 # F 0 1 
1 # 0 0 0 H 0 1 
1 F 0 H 0 0 0 1 
1 0 1 # 0 0 0 1 
1 1 1 1 1 1 1 1 
P41 P13 L63 T3

Map8
1 1 1 1 G 1 1 1 
1 0 1 0 0 F H 1 
1 0 0 0 # # 0 1 
1 0 # 0 1 # 0 1 
1 0 # 0 1 H 0 1 
1 0 1 F # 0 0 1 
1 0 0 1 F 0 0 1 
1 1 1 1 1 S 1 1 
P32 L62 P55 T6

Map8
1 1 G 1 S 1 1 1 
1 H 0 0 F 0 # 1 
1 0 0 F 0 # 0 1 
1 F F # # 0 0 1 
1 1 # F H H H 1 
1 0 # # 0 0 0 1 
1 H 0 0 1 1 0 1 
1 1 1 1 1 1 1 1 
P12 R31 P63 T4

Map8
1 1 1 1 G S 1 1 
1 1 # 0 0 F 0 1 
1 1 0 F 0 # 1 1 
1 1 H 0 F 1 H 1 
1 1 # 0 0 0 0 1 
1 1 0 0 F 0 # 1 
1 1 1 1 1 1 1 1 
1 1 1 1 1 1 1 1 
P54 P35 D31 T4

Map8
1 1 1 1 1 1 1 1 
1 1 1 1 1 1 1 1 
1 0 0 F F H 1 1 
1 0 # 0 0 H 1 1 
1 # 1 0 # 0 1 1 
S 0 F 0 H 0 1 1 
1 0 0 0 0 1 1 1 
1 1 1 1 G 1 1 1 
P12 P43 U16 T5

Map8
1 1 1 1 1 S 1 1 
1 0 0 1 0 0 F 1 
1 0 1 # 1 # 0 1 
1 0 0 1 H 0 0 1 
G # # 1 F 0 0 1 
1 H 0 0 0 0 0 1 
1 0 0 0 0 H 1 1 
1 1 1 1 1 1 1 1 
P23 P53 U26 T5

Map8
1 1 1 1 1 1 1 1 
1 # 0 # H 1 0 1 
1 F # # 0 # 0 S 
1 0 0 0 0 # 0 1 
1 H H F 0 0 0 1 
1 1 # 0 0 0 0 1 
1 0 0 1 F # 0 1 
1 1 1 1 G 1 1 1 
P42 P33 L63 T3

Map8
1 1 1 1 1 1 1 1 
G 0 H 0 # 0 0 1 
1 0 # 1 0 0 # 1 
1 0 H 0 F # H 1 
1 0 0 H # 0 # S 
1 F 0 0 0 0 # 1 
1 0 1 H 0 # 0 1 
1 1 1 1 1 1 1 1 
P54 P66 U16 T4

Map8
1 S 1 1 1 1 1 1 
1 # F 0 0 # H 1 
1 0 H 0 1 H 0 1 
1 0 1 0 H 0 0 1 
1 H F 0 0 1 0 1 
G # 0 # 0 0 0 1 
1 F F 0 0 0 F 1 
1 1 1 1 1 1 1 1 
P41 P12 P36 T4

Map8
1 1 1 1 1 1 G 1 
1 1 1 0 H 0 F 1 
1 0 1 # 0 F 0 1 
1 0 0 F 0 0 1 1 
1 0 H # 0 0 0 1 
S 0 0 0 # H 0 1 
1 0 F 0 0 0 0 1 
1 1 1 1 1 1 1 1 
P12 P25 R42 T5

Map8
1 1 1 1 1 1 1 1 
1 1 1 1 1 1 1 1 
1 F 0 # F 0 1 1 
1 0 H F F 0 S 1 
1 0 0 0 0 1 1 1 
1 1 0 0 F 0 1 1 
G # 0 0 0 0 1 1 
1 1 1 1 1 1 1 1 
P22 L52 U44 T3

Map8
1 1 1 1 1 G 1 1 
1 H # 0 0 0 F 1 
1 0 1 0 0 0 0 1 
1 0 0 # H # H 1 
1 0 F 0 0 0 0 1 
1 0 F 0 0 0 F 1 
1 0 0 0 0 1 0 1 
1 1 1 1 S 1 1 1 
P13 L55 P64 T4

Map8
1 1 1 1 1 1 1 1 
1 1 1 G 1 1 1 1 
1 1 0 0 F 1 H 1 
1 1 F 0 0 0 0 1 
1 1 # 0 F 0 0 1 
1 1 0 0 0 0 0 1 
1 1 H 1 # F 0 1 
1 1 1 1 S 1 1 1 
P64 P25 D43 T5
