Map10
1 1 1 1 1 1 1 1 1 1 
1 1 1 1 1 1 1 1 1 1 
1 G 0 0 1 F # 0 1 1 
1 1 0 0 # # 0 0 1 1 
1 1 1 1 0 1 0 0 1 1 
1 1 0 0 0 0 F 1 1 1 
1 S 0 0 0 # 0 1 1 1 
1 1 1 # 0 # 0 0 1 1 
1 1 1 1 1 1 1 1 1 1 
1 1 1 1 1 1 1 1 1 1 
p64 T6

Map10
1 1 1 1 1 1 1 1 1 1 
1 1 1 1 1 G 1 1 1 1 
1 1 0 0 1 # 1 0 1 1 
1 1 1 0 0 # 0 F 1 1 
1 S F 0 0 H 0 0 1 1 
1 1 0 0 0 0 0 0 1 1 
1 1 0 0 1 1 1 0 1 1 
1 1 H 1 H 0 F # 1 1 
1 1 1 1 1 1 1 1 1 1 
1 1 1 1 1 1 1 1 1 1 
p55 D43 T6

Map10
1 1 1 1 1 1 1 1 1 1 
1 1 1 1 1 1 1 1 1 1 
1 G 0 0 1 F 1 0 1 1 
1 1 0 F 1 0 1 F 1 1 
1 1 0 0 0 0 0 F 1 1 
1 1 H 0 1 0 0 0 1 1 
1 1 0 F 0 0 0 0 1 1 
1 1 0 # 1 0 # 0 1 1 
1 1 S 1 1 1 1 1 1 1 
1 1 1 1 1 1 1 1 1 1 
p56 R26 T8

Map10
1 1 1 1 1 1 1 1 1 1 
1 1 1 1 G 1 S 1 1 1 
1 1 0 0 0 F # 0 1 1 
1 1 0 0 F 0 0 0 1 1 
1 1 1 0 F 0 0 0 1 1 
1 1 0 0 0 # 0 0 1 1 
1 1 # 0 0 0 0 0 1 1 
1 1 0 0 0 1 0 0 1 1 
1 1 1 1 1 1 1 1 1 1 
1 1 1 1 1 1 1 1 1 1 
p64 T6

Map10
1 1 1 1 1 1 1 1 1 1 
1 1 1 1 1 1 1 S 1 1 
1 1 0 0 0 0 0 F 1 1 
1 1 0 0 0 # 0 0 1 1 
1 1 0 0 0 0 F 0 1 1 
1 1 1 0 0 # 0 1 1 1 
1 1 0 1 0 0 F 0 G 1 
1 1 H 1 F 0 1 0 1 1 
1 1 1 1 1 1 1 1 1 1 
1 1 1 1 1 1 1 1 1 1 
p44 R56 T6

Map10
1 1 1 1 1 1 1 1 1 1 
1 1 1 1 1 1 1 1 1 1 
1 1 0 0 0 1 0 0 1 1 
1 1 0 0 0 0 F 0 S 1 
1 G 0 0 0 0 0 0 1 1 
1 1 0 F 0 0 1 0 1 1 
1 1 H 0 0 0 0 F 1 1 
1 1 0 0 0 F 0 0 1 1 
1 1 1 1 1 1 1 1 1 1 
1 1 1 1 1 1 1 1 1 1 
p73 T7

Map10
1 1 1 1 1 1 1 1 1 1 
1 1 1 1 1 1 1 1 1 1 
1 1 0 0 H # 0 0 G 1 
1 1 0 0 0 0 # 0 1 1 
1 1 0 1 0 H 1 0 1 1 
1 1 # H H 0 1 0 1 1 
1 1 0 # F 0 0 H 1 1 
1 1 # 0 1 0 0 # S 1 
1 1 1 1 1 1 1 1 1 1 
1 1 1 1 1 1 1 1 1 1 
p24 P55 T8

Map10
1 1 1 1 1 1 1 1 1 1 
1 1 1 1 1 1 S 1 1 1 
1 1 # # 0 H 0 0 1 1 
1 1 0 0 1 0 F 0 1 1 
1 1 0 0 0 0 0 0 1 1 
1 1 0 0 0 0 0 0 1 1 
1 1 0 0 # # # 0 1 1 
1 1 0 0 # 0 0 H 1 1 
1 1 1 G 1 1 1 1 1 1 
1 1 1 1 1 1 1 1 1 1 
p24 T6

Map10
1 1 1 1 1 1 1 1 1 1 
1 1 1 1 1 1 1 1 1 1 
1 1 0 0 0 0 0 0 1 1 
1 G 0 0 1 H # 0 1 1 
1 1 H 0 0 # F F 1 1 
1 1 0 H H 0 # 0 1 1 
1 1 0 H 0 1 0 0 S 1 
1 1 # # 0 0 0 1 1 1 
1 1 1 1 1 1 1 1 1 1 
1 1 1 1 1 1 1 1 1 1 
p42 P34 T6

Map10
1 1 1 1 1 1 1 1 1 1 
1 1 1 1 1 1 1 1 1 1 
1 1 0 0 0 0 0 0 1 1 
1 1 0 0 F H 0 0 S 1 
1 1 0 0 # # 0 1 1 1 
1 1 0 0 # F H 0 1 1 
1 1 1 0 # 0 0 0 1 1 
1 1 0 # 0 # 0 0 1 1 
1 1 G 1 1 1 1 1 1 1 
1 1 1 1 1 1 1 1 1 1 
p42 R63 T7

Map10
1 1 1 1 1 1 1 1 1 1 
1 1 1 1 S 1 1 1 1 1 
1 1 0 0 0 0 0 F 1 1 
1 1 0 1 1 1 0 # 1 1 
1 1 # 0 0 0 0 0 1 1 
1 1 1 0 0 0 0 0 1 1 
1 G 0 0 0 0 0 F 1 1 
1 1 1 1 1 0 0 0 1 1 
1 1 1 1 1 1 1 1 1 1 
1 1 1 1 1 1 1 1 1 1 
p34 T7

Map10
1 1 1 1 1 1 1 1 1 1 
1 1 1 1 1 S 1 1 1 1 
1 1 H # 0 0 0 0 1 1 
1 1 0 H 1 # 0 0 1 1 
1 1 # 1 0 0 0 1 1 1 
1 1 1 0 1 H 0 0 1 1 
1 1 0 H 0 H 0 0 1 1 
1 1 0 0 1 # 1 0 G 1 
1 1 1 1 1 1 1 1 1 1 
1 1 1 1 1 1 1 1 1 1 
p52 U54 T8

Map10
1 1 1 1 1 1 1 1 1 1 
1 1 1 1 1 S 1 1 1 1 
1 1 0 1 0 0 # F 1 1 
1 1 F 0 0 0 0 0 1 1 
1 1 0 1 0 H 0 0 1 1 
1 1 1 0 0 H 0 0 1 1 
1 1 1 # # 0 0 0 1 1 
1 1 0 0 0 1 0 0 1 1 
1 1 1 1 1 1 1 G 1 1 
1 1 1 1 1 1 1 1 1 1 
p45 P53 T6

Map10
1 1 1 1 1 1 1 1 1 1 
1 1 1 1 1 1 1 1 1 1 
1 1 1 H 0 F 0 0 1 1 
1 1 0 0 # 0 F 0 1 1 
1 1 0 0 H # 0 0 1 1 
1 G 0 0 # # # 0 1 1 
1 1 0 0 0 0 F # 1 1 
1 1 1 0 0 0 0 0 S 1 
1 1 1 1 1 1 1 1 1 1 
1 1 1 1 1 1 1 1 1 1 
p74 T9

Map10
1 1 1 1 1 1 1 1 1 1 
1 1 1 1 1 1 1 1 1 1 
1 1 0 0 # # H H 1 1 
1 1 0 0 # # 0 0 S 1 
1 1 1 1 # F F 0 1 1 
1 1 F 1 0 0 0 0 1 1 
1 1 0 0 0 0 1 H 1 1 
1 G 0 F H 0 0 1 1 1 
1 1 1 1 1 1 1 1 1 1 
1 1 1 1 1 1 1 1 1 1 
p63 P57 T6

Map10
1 1 1 1 1 1 1 1 1 1 
1 1 1 1 1 G 1 1 1 1 
1 1 0 0 1 # # 0 1 1 
1 1 # F 0 0 # 0 1 1 
1 1 0 0 # 0 0 0 1 1 
1 1 0 0 F F 0 0 1 1 
1 1 0 0 1 1 H 1 1 1 
1 1 1 0 0 0 # 0 1 1 
1 1 1 S 1 1 1 1 1 1 
1 1 1 1 1 1 1 1 1 1 
p24 T8

Map10
1 1 1 1 1 1 1 1 1 1 
1 1 1 S G 1 1 1 1 1 
1 1 F 0 0 0 1 1 1 1 
1 1 1 0 0 # 0 0 1 1 
1 1 0 0 H 0 H 0 1 1 
1 1 1 0 0 0 # 0 1 1 
1 1 0 0 # 0 0 0 1 1 
1 1 0 0 0 0 0 1 1 1 
1 1 1 1 1 1 1 1 1 1 
1 1 1 1 1 1 1 1 1 1 
p33 T7

Map10
1 1 1 1 1 1 1 1 1 1 
1 1 1 1 1 1 1 1 1 1 
1 G 0 1 0 1 0 0 1 1 
1 1 # 0 # 0 1 0 1 1 
1 1 1 H 0 # 0 0 1 1 
1 1 0 0 F 0 1 0 1 1 
1 1 0 # # # H 0 1 1 
1 1 0 F 0 0 F F 1 1 
1 1 1 1 1 1 1 S 1 1 
1 1 1 1 1 1 1 1 1 1 
p75 P44 T7

Map10
1 1 1 1 1 1 1 1 1 1 
1 1 1 1 S 1 1 1 1 1 
1 1 0 0 0 H 0 0 1 1 
1 1 1 H 0 F 0 0 1 1 
1 1 0 F 0 H 0 0 1 1 
1 1 0 H 1 0 0 0 1 1 
1 1 0 0 0 0 0 0 1 1 
1 1 F # 0 0 F H 1 1 
1 1 1 1 1 G 1 1 1 1 
1 1 1 1 1 1 1 1 1 1 
p42 P76 T6

Map10
1 1 1 1 1 1 1 1 1 1 
1 1 1 1 1 1 1 1 1 1 
1 S 0 1 1 H # 0 1 1 
1 1 0 0 0 # H 0 1 1 
1 1 0 0 0 0 0 0 1 1 
1 1 1 0 1 0 0 # G 1 
1 1 0 0 H 1 # 0 1 1 
1 1 # 0 H 0 # H 1 1 
1 1 1 1 1 1 1 1 1 1 
1 1 1 1 1 1 1 1 1 1 
p44 T6

Map10
1 1 1 1 1 1 1 1 1 1 
1 1 1 1 1 1 1 1 1 1 
1 1 F 0 0 1 0 0 S 1 
1 1 H 0 0 F 1 0 1 1 
1 1 H 0 1 0 0 0 1 1 
1 1 0 0 0 0 0 0 1 1 
1 1 0 0 F 0 1 0 1 1 
1 1 0 0 0 0 0 0 1 1 
1 1 1 1 1 G 1 1 1 1 
1 1 1 1 1 1 1 1 1 1 
p73 T6

Map10
1 1 1 1 1 1 1 1 1 1 
1 1 1 1 G 1 1 1 1 1 
1 1 1 0 0 # 0 # 1 1 
1 1 0 0 0 F 1 0 1 1 
1 1 0 1 # 0 0 0 1 1 
1 1 0 1 H # F 0 1 1 
1 1 0 0 0 0 0 0 1 1 
1 1 0 0 0 0 F 0 1 1 
1 1 1 S 1 1 1 1 1 1 
1 1 1 1 1 1 1 1 1 1 
p75 T6

Map10
1 1 1 1 1 1 1 1 1 1 
1 1 1 1 1 1 1 G 1 1 
1 1 1 0 0 # H 0 1 1 
1 1 0 0 # 0 1 0 1 1 
1 1 0 0 0 H # 0 1 1 
1 1 0 # 0 F 0 1 1 1 
1 1 0 0 0 0 0 0 1 1 
1 1 1 1 0 0 0 F 1 1 
1 1 1 1 1 S 1 1 1 1 
1 1 1 1 1 1 1 1 1 1 
p26 L66 T7

Map10
1 1 1 1 1 1 1 1 1 1 
1 1 1 1 1 1 1 1 1 1 
1 G 0 0 0 0 0 0 1 1 
1 1 H 0 # 0 1 H 1 1 
1 1 0 0 0 0 0 0 1 1 
1 1 0 0 1 0 0 # 1 1 
1 1 0 0 H # 0 # S 1 
1 1 0 0 0 # # 0 1 1 
1 1 1 1 1 1 1 1 1 1 
1 1 1 1 1 1 1 1 1 1 
p47 P66 T6

Map10
1 1 1 1 1 1 1 1 1 1 
1 1 1 1 1 1 1 1 1 1 
1 1 0 0 H F 0 # 1 1 
1 1 0 H # 0 0 0 1 1 
1 1 0 # 0 # 0 F S 1 
1 1 1 0 0 0 0 1 1 1 
1 1 0 0 0 0 F H 1 1 
1 1 1 0 0 H 0 0 1 1 
1 1 1 1 1 1 1 G 1 1 
1 1 1 1 1 1 1 1 1 1 
p44 P36 T7

Map10
1 1 1 1 1 1 1 1 1 1 
1 1 1 1 1 1 1 1 1 1 
1 1 0 0 0 1 H # 1 1 
1 1 0 0 # 0 0 0 1 1 
1 1 0 0 1 1 # 1 1 1 
1 1 0 0 0 F 0 0 1 1 
1 1 0 F # 0 0 F 1 1 
1 1 # 1 0 0 0 0 1 1 
1 1 S 1 1 1 G 1 1 1 
1 1 1 1 1 1 1 1 1 1 
p53 T6

Map10
1 1 1 1 1 1 1 1 1 1 
1 1 1 1 1 1 1 1 1 1 
1 1 0 0 F 0 H 0 1 1 
1 1 0 0 # 0 H # 1 1 
1 S # 0 0 0 0 0 1 1 
1 G # 0 0 # 0 0 1 1 
1 1 0 0 0 0 0 F 1 1 
1 1 0 0 0 0 1 H 1 1 
1 1 1 1 1 1 1 1 1 1 
1 1 1 1 1 1 1 1 1 1 
p56 T7

Map10
1 1 1 1 1 1 1 1 1 1 
1 1 1 1 1 1 1 1 1 1 
1 1 0 0 0 0 0 0 S 1 
1 1 # 0 H 0 0 0 1 1 
1 1 H H 0 0 0 0 1 1 
1 1 # 0 0 0 # # 1 1 
1 1 0 0 1 # 0 0 1 1 
1 1 # 0 H 0 H 0 1 1 
1 1 G 1 1 1 1 1 1 1 
1 1 1 1 1 1 1 1 1 1 
p74 T6

Map10
1 1 1 1 1 1 1 1 1 1 
1 1 1 1 1 1 1 1 1 1 
1 1 0 0 F 0 0 0 S 1 
1 1 0 F 0 0 0 0 1 1 
1 1 0 0 H 0 1 0 1 1 
1 1 0 1 0 0 F 0 1 1 
1 1 H H 1 # H 1 1 1 
1 1 0 # 0 0 # 0 G 1 
1 1 1 1 1 1 1 1 1 1 
1 1 1 1 1 1 1 1 1 1 
p43 P24 T6

Map10
1 1 1 1 1 1 1 1 1 1 
1 1 1 1 G 1 1 1 1 1 
1 1 # 1 0 F 0 0 1 1 
1 1 # 0 # # 0 0 1 1 
1 1 0 F 1 1 0 # 1 1 
1 1 0 0 F 0 0 1 1 1 
1 1 0 0 0 # 0 0 1 1 
1 1 # H 1 F 0 1 1 1 
1 1 S 1 1 1 1 1 1 1 
1 1 1 1 1 1 1 1 1 1 
p24 T6

Map10
1 1 1 1 1 1 1 1 1 1 
1 1 1 1 1 1 1 1 1 1 
1 1 0 0 H F 0 0 1 1 
1 1 0 H 0 F 0 0 1 1 
1 1 F 0 0 0 # 0 1 1 
1 G 0 0 0 F 0 0 1 1 
1 1 0 0 1 0 0 0 S 1 
1 1 H 1 0 0 0 0 1 1 
1 1 1 1 1 1 1 1 1 1 
1 1 1 1 1 1 1 1 1 1 
p76 T6

Map10
1 1 1 1 1 1 1 1 1 1 
1 1 1 1 G 1 1 1 1 1 
1 1 H # 0 1 1 0 1 1 
1 1 0 0 0 # 0 0 1 1 
1 1 H 1 H H 0 1 1 1 
1 1 1 0 0 1 0 0 1 1 
1 1 0 0 0 0 1 0 S 1 
1 1 0 0 0 0 # H 1 1 
1 1 1 1 1 1 1 1 1 1 
1 1 1 1 1 1 1 1 1 1 
p43 T9

Map10
1 1 1 1 1 1 1 1 1 1 
1 1 1 1 G 1 1 S 1 1 
1 1 0 0 # 1 F 0 1 1 
1 1 1 0 1 # 0 0 1 1 
1 1 0 F 0 0 0 0 1 1 
1 1 0 0 0 0 0 0 1 1 
1 1 # # F # 0 0 1 1 
1 1 0 0 0 1 H 0 1 1 
1 1 1 1 1 1 1 1 1 1 
1 1 1 1 1 1 1 1 1 1 
p74 P25 T6

Map10
1 1 1 1 1 1 1 1 1 1 
1 1 1 1 1 1 1 1 1 1 
1 1 F F # 0 0 0 S 1 
1 1 1 0 H 0 H 0 1 1 
1 1 # 1 0 # 0 0 1 1 
1 1 1 0 0 0 0 # 1 1 
1 1 0 0 # 1 0 0 1 1 
1 1 0 0 0 1 0 1 1 1 
1 1 G 1 1 1 1 1 1 1 
1 1 1 1 1 1 1 1 1 1 
p73 R52 T7

Map10
1 1 1 1 1 1 1 1 1 1 
1 1 1 G 1 1 1 1 1 1 
1 1 # 0 1 0 0 0 S 1 
1 1 0 # 0 1 0 H 1 1 
1 1 # 0 0 # 0 0 1 1 
1 1 0 F 0 1 0 # 1 1 
1 1 1 0 # 1 1 1 1 1 
1 1 0 0 H F 0 0 1 1 
1 1 1 1 1 1 1 1 1 1 
1 1 1 1 1 1 1 1 1 1 
p72 L74 T6

Map10
1 1 1 1 1 1 1 1 1 1 
1 1 1 1 1 1 1 1 1 1 
1 1 0 H 0 H 0 0 1 1 
1 G 0 0 0 0 0 # 1 1 
1 1 H 1 F 1 0 1 1 1 
1 1 0 # 0 # 0 0 1 1 
1 1 0 # H # 0 F 1 1 
1 1 0 0 0 0 0 0 1 1 
1 1 1 S 1 1 1 1 1 1 
1 1 1 1 1 1 1 1 1 1 
p75 T8

Map10
1 1 1 1 1 1 1 1 1 1 
1 1 1 1 1 1 1 1 1 1 
1 1 1 0 0 0 0 F S 1 
1 1 0 0 0 # F 0 1 1 
1 1 1 H 0 0 0 1 1 1 
1 1 0 H 0 0 F 0 1 1 
1 1 0 0 0 0 0 F 1 1 
1 G 0 1 0 # 0 # 1 1 
1 1 1 1 1 1 1 1 1 1 
1 1 1 1 1 1 1 1 1 1 
p52 P47 T6

Map10
1 1 1 1 1 1 1 1 1 1 
1 1 1 1 1 1 1 1 1 1 
1 G 0 F 0 # 1 0 1 1 
1 1 0 0 1 0 0 0 1 1 
1 1 H 0 # 0 1 0 1 1 
1 1 1 0 0 H 0 # S 1 
1 1 H 0 F 1 1 # 1 1 
1 1 1 # F 0 0 0 1 1 
1 1 1 1 1 1 1 1 1 1 
1 1 1 1 1 1 1 1 1 1 
p74 R65 T6

Map10
1 1 1 1 1 1 1 1 1 1 
1 1 S 1 1 1 1 1 1 1 
1 1 0 0 0 0 0 0 1 1 
1 1 0 0 1 0 0 0 1 1 
1 1 0 0 0 H 0 0 G 1 
1 1 0 0 1 0 0 1 1 1 
1 1 F 0 0 0 F 0 1 1 
1 1 0 0 0 0 # 0 1 1 
1 1 1 1 1 1 1 1 1 1 
1 1 1 1 1 1 1 1 1 1 
p27 T7

Map10
1 1 1 1 1 1 1 1 1 1 
1 1 1 1 1 1 1 1 1 1 
1 1 0 # 0 F 0 H 1 1 
1 1 0 # 0 0 0 0 1 1 
1 1 0 0 1 # 0 1 1 1 
1 1 0 0 0 0 0 # 1 1 
1 1 # 0 0 # 0 # G 1 
1 1 # 0 1 0 0 0 S 1 
1 1 1 1 1 1 1 1 1 1 
1 1 1 1 1 1 1 1 1 1 
p25 T7

Map10
1 1 1 1 1 1 1 1 1 1 
1 1 1 S 1 1 1 1 1 1 
1 1 1 0 0 0 0 0 1 1 
1 1 0 0 0 0 0 0 1 1 
1 1 0 0 1 0 0 # 1 1 
1 1 0 H 0 0 0 1 1 1 
1 1 H 0 0 0 0 0 1 1 
1 1 0 0 0 0 H 0 1 1 
1 1 1 1 1 1 1 G 1 1 
1 1 1 1 1 1 1 1 1 1 
p55 P33 T8

Map10
1 1 1 1 1 1 1 1 1 1 
1 1 1 1 1 1 1 S 1 1 
1 1 # 0 # 0 0 0 1 1 
1 1 1 0 0 0 0 0 1 1 
1 G F 0 0 F H 0 1 1 
1 1 0 F 1 1 H 0 1 1 
1 1 F 0 # # 0 # 1 1 
1 1 H 0 0 1 H 0 1 1 
1 1 1 1 1 1 1 1 1 1 
1 1 1 1 1 1 1 1 1 1 
p52 T6

Map10
1 1 1 1 1 1 1 1 1 1 
1 1 S 1 1 1 1 1 1 1 
1 1 0 0 0 # 1 0 1 1 
1 1 0 0 0 1 0 0 1 1 
1 1 0 0 0 F 0 0 1 1 
1 1 1 0 1 0 1 1 1 1 
1 1 0 0 0 0 0 0 1 1 
1 1 F 0 F F 0 F 1 1 
1 1 1 G 1 1 1 1 1 1 
1 1 1 1 1 1 1 1 1 1 
p22 T6

Map10
1 1 1 1 1 1 1 1 1 1 
1 1 1 1 1 1 S 1 1 1 
1 1 1 1 H 0 0 0 1 1 
1 1 # 0 0 0 1 0 1 1 
1 1 0 0 0 0 0 0 1 1 
1 1 0 0 0 0 0 0 1 1 
1 1 0 0 # 0 0 0 1 1 
1 1 0 H 1 F 1 0 1 1 
1 1 1 1 1 G 1 1 1 1 
1 1 1 1 1 1 1 1 1 1 
p73 T8

Map10
1 1 1 1 1 1 1 1 1 1 
1 1 1 1 1 1 1 1 1 1 
1 1 0 0 1 0 0 0 1 1 
1 1 0 # # 0 0 0 1 1 
1 1 1 0 # H 0 0 1 1 
1 1 0 0 0 1 0 0 S 1 
1 1 H 0 # 0 H 0 1 1 
1 1 1 0 0 1 1 0 1 1 
1 1 1 G 1 1 1 1 1 1 
1 1 1 1 1 1 1 1 1 1 
p64 T7

Map10
1 1 1 1 1 1 1 1 1 1 
1 1 1 1 1 G 1 1 1 1 
1 1 0 F H 0 0 0 1 1 
1 1 F 1 0 0 1 0 S 1 
1 1 0 0 0 0 0 0 1 1 
1 1 0 0 H F H 0 1 1 
1 1 # 0 0 0 0 0 1 1 
1 1 1 0 F 1 # 0 1 1 
1 1 1 1 1 1 1 1 1 1 
1 1 1 1 1 1 1 1 1 1 
p73 p64 T6

Map10
1 1 1 1 1 1 1 1 1 1 
1 1 1 1 1 1 1 1 1 1 
1 1 0 0 0 0 0 H 1 1 
1 1 0 0 1 0 # F G 1 
1 1 # 0 0 0 1 H 1 1 
1 1 0 0 H 0 0 1 1 1 
1 1 0 0 0 1 0 0 1 1 
1 S 0 0 0 0 1 1 1 1 
1 1 1 1 1 1 1 1 1 1 
1 1 1 1 1 1 1 1 1 1 
p52 P62 T7

Map10
1 1 1 1 1 1 1 1 1 1 
1 1 G 1 1 1 1 1 1 1 
1 S # F 0 0 0 1 1 1 
1 1 # 0 0 0 0 0 1 1 
1 1 0 0 0 0 H # 1 1 
1 1 H 0 0 0 0 0 1 1 
1 1 0 0 0 0 0 0 1 1 
1 1 H 0 0 1 0 # 1 1 
1 1 1 1 1 1 1 1 1 1 
1 1 1 1 1 1 1 1 1 1 
p42 T7

Map10
1 1 1 1 1 1 1 1 1 1 
1 1 1 1 1 1 1 1 1 1 
1 1 0 # 0 0 H F 1 1 
1 1 0 1 0 0 F # 1 1 
1 1 0 1 0 0 0 0 1 1 
1 1 0 0 1 0 1 0 1 1 
1 1 0 # 0 0 0 # 1 1 
1 1 # 1 # 0 # 0 1 1 
1 1 S 1 G 1 1 1 1 1 
1 1 1 1 1 1 1 1 1 1 
p26 T8

Map10
1 1 1 1 1 1 1 1 1 1 
1 1 1 1 1 1 S 1 1 1 
1 1 0 0 # 0 F 0 G 1 
1 1 0 # 0 F 0 0 1 1 
1 1 # 0 1 F # H 1 1 
1 1 # 0 F 1 0 0 1 1 
1 1 1 # 0 0 # 1 1 1 
1 1 F 0 0 0 0 0 1 1 
1 1 1 1 1 1 1 1 1 1 
1 1 1 1 1 1 1 1 1 1 
p34 p65 T8

Map10
1 1 1 1 1 1 1 1 1 1 
1 1 S 1 1 1 1 1 1 1 
1 1 0 0 0 0 0 0 1 1 
1 1 1 0 0 # # F 1 1 
1 1 0 0 0 # 1 F 1 1 
1 1 0 # 0 0 0 0 1 1 
1 1 0 # 1 1 0 0 1 1 
1 1 F 0 0 0 # 0 1 1 
1 1 G 1 1 1 1 1 1 1 
1 1 1 1 1 1 1 1 1 1 
p32 T6

Map10
1 1 1 1 1 1 1 1 1 1 
1 1 1 1 1 1 1 1 1 1 
1 1 1 0 0 1 1 0 1 1 
1 1 0 # 0 1 F 0 1 1 
1 1 0 0 0 # 0 F G 1 
1 1 H # 0 0 0 0 1 1 
1 1 0 0 0 0 F 0 1 1 
1 S 0 0 0 # F F 1 1 
1 1 1 1 1 1 1 1 1 1 
1 1 1 1 1 1 1 1 1 1 
p43 P47 T6

Map10
1 1 1 1 1 1 1 1 1 1 
1 1 1 1 1 1 G 1 1 1 
1 1 F 0 F # 0 0 1 1 
1 1 F 1 # 0 H 0 S 1 
1 1 F 0 0 0 # F 1 1 
1 1 0 0 0 0 0 # 1 1 
1 1 0 0 0 H 0 1 1 1 
1 1 0 0 0 1 0 # 1 1 
1 1 1 1 1 1 1 1 1 1 
1 1 1 1 1 1 1 1 1 1 
p65 D72 T6

Map10
1 1 1 1 1 1 1 1 1 1 
1 1 1 1 1 1 1 1 1 1 
1 1 0 # 1 # 1 1 1 1 
1 1 0 0 0 H 0 H 1 1 
1 1 F 0 0 F 0 1 1 1 
1 1 0 0 H 0 0 0 1 1 
1 1 0 0 1 # 0 0 1 1 
1 1 # 0 0 F 0 F 1 1 
1 1 S 1 G 1 1 1 1 1 
1 1 1 1 1 1 1 1 1 1 
p33 U37 T7

Map10
1 1 1 1 1 1 1 1 1 1 
1 1 1 1 1 G 1 1 1 1 
1 1 0 0 0 0 0 F 1 1 
1 1 0 0 0 0 0 1 1 1 
1 1 F 0 0 0 # 0 1 1 
1 1 # 0 0 0 0 0 1 1 
1 1 0 # 0 1 1 # 1 1 
1 1 0 0 0 0 0 # S 1 
1 1 1 1 1 1 1 1 1 1 
1 1 1 1 1 1 1 1 1 1 
p44 p57 T10

Map10
1 1 1 1 1 1 1 1 1 1 
1 1 1 1 1 1 1 1 1 1 
1 S # 1 H 0 0 F 1 1 
1 1 # 0 0 # H 0 1 1 
1 1 0 0 F 0 0 0 1 1 
1 1 0 0 0 0 0 0 1 1 
1 1 0 0 F 0 # # 1 1 
1 1 0 H 0 H # 0 1 1 
1 1 1 1 1 1 G 1 1 1 
1 1 1 1 1 1 1 1 1 1 
p24 p55 T6

Map10
1 1 1 1 1 1 1 1 1 1 
1 1 1 1 G 1 S 1 1 1 
1 1 0 F 0 0 0 0 1 1 
1 1 # F 0 0 0 1 1 1 
1 1 1 0 1 0 0 H 1 1 
1 1 H 0 # 0 0 0 1 1 
1 1 0 F # 0 0 F 1 1 
1 1 0 0 H 0 # F 1 1 
1 1 1 1 1 1 1 1 1 1 
1 1 1 1 1 1 1 1 1 1 
p53 p63 T8

Map10
1 1 1 1 1 1 1 1 1 1 
1 1 1 1 1 1 1 1 1 1 
1 1 0 0 0 0 # F 1 1 
1 1 0 0 0 # 0 F 1 1 
1 1 0 0 0 0 0 0 1 1 
1 1 0 H 0 0 F 0 1 1 
1 1 0 0 0 0 F 0 1 1 
1 1 1 F 0 0 0 # G 1 
1 1 1 S 1 1 1 1 1 1 
1 1 1 1 1 1 1 1 1 1 
p25 L46 T6

Map10
1 1 1 1 1 1 1 1 1 1 
1 1 1 1 1 G 1 1 1 1 
1 1 0 0 0 0 H F 1 1 
1 1 0 0 0 0 0 # 1 1 
1 1 0 0 0 1 0 0 1 1 
1 1 0 F H 0 0 0 1 1 
1 1 0 0 F F 0 0 S 1 
1 1 # 0 0 0 0 0 1 1 
1 1 1 1 1 1 1 1 1 1 
1 1 1 1 1 1 1 1 1 1 
p43 p24 T6

Map10
1 1 1 1 1 1 1 1 1 1 
1 1 1 S 1 1 1 G 1 1 
1 1 0 0 0 0 1 0 1 1 
1 1 # 1 0 0 # 0 1 1 
1 1 0 1 0 0 0 0 1 1 
1 1 0 0 0 0 # 0 1 1 
1 1 0 # F 0 0 # 1 1 
1 1 0 F F 0 1 0 1 1 
1 1 1 1 1 1 1 1 1 1 
1 1 1 1 1 1 1 1 1 1 
p52 T6

Map10
1 1 1 1 1 1 1 1 1 1 
1 1 G 1 1 1 1 1 1 1 
1 1 0 0 1 0 0 0 1 1 
1 1 1 0 0 0 0 0 1 1 
1 1 0 0 0 H 0 0 S 1 
1 1 0 0 H 0 0 F 1 1 
1 1 0 0 0 0 0 1 1 1 
1 1 0 0 0 0 0 0 1 1 
1 1 1 1 1 1 1 1 1 1 
1 1 1 1 1 1 1 1 1 1 
p47 D63 T6

Map10
1 1 1 1 1 1 1 1 1 1 
1 1 1 1 1 1 S 1 1 1 
1 1 0 0 0 H # # 1 1 
1 1 0 # 0 0 1 0 1 1 
1 1 1 0 0 0 # 0 1 1 
1 1 0 0 0 0 0 # 1 1 
1 1 0 H F H 0 0 1 1 
1 1 # H 0 H 0 # 1 1 
1 1 1 1 G 1 1 1 1 1 
1 1 1 1 1 1 1 1 1 1 
p73 P34 T6

Map10
1 1 1 1 1 1 1 1 1 1 
1 1 1 1 G 1 1 1 1 1 
1 1 1 0 F # 1 0 1 1 
1 1 0 0 # 0 1 0 1 1 
1 1 0 0 0 0 0 0 1 1 
1 1 0 0 0 0 1 H 1 1 
1 1 1 0 0 # H 0 1 1 
1 1 0 0 1 0 0 0 1 1 
1 1 1 1 1 1 S 1 1 1 
1 1 1 1 1 1 1 1 1 1 
p55 L77 T7

Map10
1 1 1 1 1 1 1 1 1 1 
1 1 1 1 G 1 1 1 1 1 
1 1 0 # 0 # H H 1 1 
1 1 0 # # 1 0 F 1 1 
1 1 0 1 0 0 0 0 1 1 
1 1 F 0 H 1 # 0 1 1 
1 1 0 0 0 1 0 H 1 1 
1 1 H 0 0 F 1 0 1 1 
1 1 1 S 1 1 1 1 1 1 
1 1 1 1 1 1 1 1 1 1 
p24 p37 T7

Map10
1 1 1 1 1 1 1 1 1 1 
1 1 1 1 1 1 1 1 1 1 
1 1 0 # 0 0 0 # 1 1 
1 1 # # H 0 0 F 1 1 
1 G 0 # 0 0 0 0 1 1 
1 1 F 0 0 0 H 0 1 1 
1 1 0 0 0 0 1 0 1 1 
1 1 F H H 0 # 0 1 1 
1 1 1 1 1 1 S 1 1 1 
1 1 1 1 1 1 1 1 1 1 
p42 P35 T7

Map10
1 1 1 1 1 1 1 1 1 1 
1 1 1 1 1 1 G 1 1 1 
1 1 F 0 H 0 0 0 1 1 
1 1 0 0 0 0 0 0 1 1 
1 1 0 0 0 0 0 0 1 1 
1 1 0 # H H 0 0 1 1 
1 1 1 0 0 0 0 0 1 1 
1 1 0 0 0 0 0 0 1 1 
1 1 1 1 1 1 1 S 1 1 
1 1 1 1 1 1 1 1 1 1 
p77 T6

Map10
1 1 1 1 1 1 1 1 1 1 
1 1 1 1 1 1 1 1 1 1 
1 1 0 0 0 # 0 0 1 1 
1 1 1 0 F # # 0 1 1 
1 1 0 0 0 # 1 F 1 1 
1 1 0 0 # F 0 0 1 1 
1 1 0 1 # 1 F # 1 1 
1 G 0 1 1 0 0 0 S 1 
1 1 1 1 1 1 1 1 1 1 
1 1 1 1 1 1 1 1 1 1 
p77 T6

Map10
1 1 1 1 1 1 1 1 1 1 
1 1 1 1 1 1 1 1 1 1 
1 1 # 0 0 0 0 0 1 1 
1 1 1 0 H 1 0 0 1 1 
1 1 1 0 1 0 F 0 S 1 
1 G 0 0 0 1 0 H 1 1 
1 1 0 0 1 0 0 0 1 1 
1 1 0 0 # 1 0 F 1 1 
1 1 1 1 1 1 1 1 1 1 
1 1 1 1 1 1 1 1 1 1 
p42 U65 T7

Map10
1 1 1 1 1 1 1 1 1 1 
1 1 1 1 1 1 1 1 1 1 
1 1 0 0 0 F 0 0 S 1 
1 1 1 0 1 0 0 0 1 1 
1 1 # 0 0 0 0 0 1 1 
1 1 0 0 0 0 1 1 1 1 
1 1 # 1 1 0 0 0 1 1 
1 G 0 0 0 0 1 0 1 1 
1 1 1 1 1 1 1 1 1 1 
1 1 1 1 1 1 1 1 1 1 
p42 T6

Map10
1 1 1 1 1 1 1 1 1 1 
1 1 1 1 1 1 G 1 1 1 
1 1 # 0 0 0 0 1 1 1 
1 1 0 # H H 1 0 1 1 
1 1 1 # 0 0 # 1 1 1 
1 1 # # 0 # H 0 1 1 
1 1 0 0 0 0 1 0 1 1 
1 1 0 0 0 0 # 0 1 1 
1 1 S 1 1 1 1 1 1 1 
1 1 1 1 1 1 1 1 1 1 
p27 T8

Map10
1 1 1 1 1 1 1 1 1 1 
1 1 1 1 1 1 1 1 1 1 
1 1 0 0 0 0 # # 1 1 
1 1 0 0 1 0 # 1 1 1 
1 1 0 1 F 0 0 # G 1 
1 1 F 0 H 0 # 0 1 1 
1 1 0 0 # F 0 # 1 1 
1 S 0 0 0 1 1 0 1 1 
1 1 1 1 1 1 1 1 1 1 
1 1 1 1 1 1 1 1 1 1 
p52 T9

Map10
1 1 1 1 1 1 1 1 1 1 
1 1 1 1 1 1 1 S 1 1 
1 1 0 0 0 1 0 0 1 1 
1 1 0 0 # 0 H 0 1 1 
1 1 0 0 0 1 0 0 1 1 
1 1 0 0 0 0 0 0 1 1 
1 1 0 F 0 1 0 F 1 1 
1 1 F F 0 1 0 0 1 1 
1 1 1 G 1 1 1 1 1 1 
1 1 1 1 1 1 1 1 1 1 
p45 P64 T6

Map10
1 1 1 1 1 1 1 1 1 1 
1 1 1 1 1 1 1 S 1 1 
1 1 0 0 0 0 0 0 1 1 
1 1 0 0 # 0 H 0 1 1 
1 1 H # 0 1 0 H 1 1 
1 1 0 0 0 1 H 0 1 1 
1 1 0 0 0 0 H 0 1 1 
1 1 0 # 0 0 # 0 1 1 
1 1 1 1 1 1 1 G 1 1 
1 1 1 1 1 1 1 1 1 1 
p42 P73 T6

Map10
1 1 1 1 1 1 1 1 1 1 
1 1 1 1 1 1 S 1 1 1 
1 1 0 0 0 H 0 0 1 1 
1 1 0 # # # 0 0 1 1 
1 1 0 0 F # 0 0 1 1 
1 1 H # H 0 1 0 1 1 
1 1 # 0 # 0 0 0 1 1 
1 1 0 F 0 0 1 0 1 1 
1 1 1 1 G 1 1 1 1 1 
1 1 1 1 1 1 1 1 1 1 
p75 P36 T6

Map10
1 1 1 1 1 1 1 1 1 1 
1 1 G 1 1 1 1 1 1 1 
1 1 0 0 1 0 0 1 1 1 
1 1 0 0 0 0 1 0 1 1 
1 1 1 1 0 0 0 0 1 1 
1 1 0 0 0 0 0 0 1 1 
1 1 0 0 H 0 0 1 1 1 
1 1 0 0 H 0 0 0 1 1 
1 1 S 1 1 1 1 1 1 1 
1 1 1 1 1 1 1 1 1 1 
p35 T6

Map10
1 1 1 1 1 1 1 1 1 1 
1 1 1 1 1 1 1 1 1 1 
1 1 1 0 0 0 0 0 1 1 
1 1 # 0 # H 0 H 1 1 
1 1 0 0 0 1 1 H 1 1 
1 G 0 1 0 0 0 H 1 1 
1 1 1 H 0 F 0 F 1 1 
1 S 0 0 0 0 0 0 1 1 
1 1 1 1 1 1 1 1 1 1 
1 1 1 1 1 1 1 1 1 1 
p37 T8

Map10
1 1 1 1 1 1 1 1 1 1 
1 1 1 1 1 1 1 1 1 1 
1 1 0 0 0 0 H 0 G 1 
1 1 0 0 0 0 0 0 1 1 
1 1 0 H 0 1 0 0 1 1 
1 1 0 0 0 0 0 1 1 1 
1 1 1 0 F 0 0 0 1 1 
1 1 0 0 0 0 F 0 1 1 
1 1 S 1 1 1 1 1 1 1 
1 1 1 1 1 1 1 1 1 1 
p24 L45 T10

Map10
1 1 1 1 1 1 1 1 1 1 
1 1 1 1 1 1 1 1 1 1 
1 1 0 0 0 1 0 0 1 1 
1 1 F 0 # 0 F # 1 1 
1 1 # 0 # 0 1 F 1 1 
1 G # 1 1 0 0 0 1 1 
1 1 1 0 # 0 1 F S 1 
1 1 1 0 0 # # 0 1 1 
1 1 1 1 1 1 1 1 1 1 
1 1 1 1 1 1 1 1 1 1 
p55 D75 T9

Map10
1 1 1 1 1 1 1 1 1 1 
1 1 S 1 1 1 1 1 1 1 
1 1 0 # 0 0 0 0 1 1 
1 1 0 0 1 0 0 0 1 1 
1 1 1 # 0 0 # 0 1 1 
1 1 0 1 # 0 0 1 1 1 
1 1 0 0 # 0 0 0 1 1 
1 1 0 # # 0 # 0 1 1 
1 1 G 1 1 1 1 1 1 1 
1 1 1 1 1 1 1 1 1 1 
p42 T7

Map10
1 1 1 1 1 1 1 1 1 1 
1 1 S 1 1 1 1 G 1 1 
1 1 # # 1 0 0 0 1 1 
1 1 0 0 1 0 H # 1 1 
1 1 0 1 0 0 0 # 1 1 
1 1 0 0 0 1 # 0 1 1 
1 1 0 # 0 0 0 H 1 1 
1 1 0 H # # 0 H 1 1 
1 1 1 1 1 1 1 1 1 1 
1 1 1 1 1 1 1 1 1 1 
p24 T6

Map10
1 1 1 1 1 1 1 1 1 1 
1 1 1 1 1 1 1 1 1 1 
1 1 0 # 0 # 0 1 1 1 
1 1 0 0 0 0 0 # 1 1 
1 1 1 0 0 1 1 0 G 1 
1 1 0 1 0 0 0 1 1 1 
1 1 0 H H 0 0 F 1 1 
1 1 0 0 F 0 0 0 S 1 
1 1 1 1 1 1 1 1 1 1 
1 1 1 1 1 1 1 1 1 1 
p67 R37 T9

Map10
1 1 1 1 1 1 1 1 1 1 
1 1 1 1 1 G 1 1 1 1 
1 1 0 0 0 0 # 0 1 1 
1 1 0 0 0 0 0 0 1 1 
1 1 1 0 0 0 1 # 1 1 
1 1 0 0 # 0 0 0 1 1 
1 1 0 0 0 0 0 0 1 1 
1 1 0 0 # H 0 0 1 1 
1 1 1 1 1 1 1 S 1 1 
1 1 1 1 1 1 1 1 1 1 
p43 T6

Map10
1 1 1 1 1 1 1 1 1 1 
1 1 1 1 1 1 1 1 1 1 
1 1 0 0 # 0 0 0 1 1 
1 1 0 0 F 0 0 0 1 1 
1 S 0 0 1 F F 1 1 1 
1 1 H 1 0 0 F 0 G 1 
1 1 1 0 0 1 0 0 1 1 
1 1 # 0 F 0 0 0 1 1 
1 1 1 1 1 1 1 1 1 1 
1 1 1 1 1 1 1 1 1 1 
p52 T8

Map10
1 1 1 1 1 1 1 1 1 1 
1 1 1 1 1 1 1 S 1 1 
1 1 # F 0 0 # 0 1 1 
1 1 0 0 0 0 0 1 1 1 
1 1 0 0 H 0 F 0 1 1 
1 1 0 0 # 1 0 0 1 1 
1 1 0 0 0 0 0 1 1 1 
1 1 0 H 1 0 0 0 1 1 
1 1 1 1 1 G 1 1 1 1 
1 1 1 1 1 1 1 1 1 1 
p25 T8

Map10
1 1 1 1 1 1 1 1 1 1 
1 1 1 1 1 1 1 1 1 1 
1 1 0 0 0 0 1 0 1 1 
1 1 0 # 0 F 1 1 1 1 
1 1 0 # 0 0 H 0 1 1 
1 1 0 F 0 0 # 0 S 1 
1 1 0 F 0 0 0 F G 1 
1 1 F 0 1 0 0 0 1 1 
1 1 1 1 1 1 1 1 1 1 
1 1 1 1 1 1 1 1 1 1 
p32 T6

Map10
1 1 1 1 1 1 1 1 1 1 
1 1 G 1 1 1 1 1 1 1 
1 1 0 0 F 1 # 0 1 1 
1 1 0 0 0 F H 0 S 1 
1 1 1 # 0 0 0 0 1 1 
1 1 0 0 0 0 F 0 1 1 
1 1 0 0 0 0 F 0 1 1 
1 1 0 0 0 0 0 0 1 1 
1 1 1 1 1 1 1 1 1 1 
1 1 1 1 1 1 1 1 1 1 
p47 D72 T6

Map10
1 1 1 1 1 1 1 1 1 1 
1 1 S 1 1 1 1 1 1 1 
1 1 0 0 F 0 0 # 1 1 
1 1 0 F 0 0 0 0 1 1 
1 1 0 0 0 0 F H 1 1 
1 1 1 0 0 0 0 0 1 1 
1 G 0 0 0 0 0 0 1 1 
1 1 0 0 H 0 0 1 1 1 
1 1 1 1 1 1 1 1 1 1 
1 1 1 1 1 1 1 1 1 1 
p52 p65 T7

Map10
1 1 1 1 1 1 1 1 1 1 
1 1 1 G 1 1 1 1 1 1 
1 1 0 # H 0 0 0 1 1 
1 1 0 0 0 0 0 0 1 1 
1 1 0 0 0 0 0 0 1 1 
1 1 0 0 0 1 0 H 1 1 
1 1 0 0 0 0 0 0 1 1 
1 1 0 0 0 0 0 0 1 1 
1 1 S 1 1 1 1 1 1 1 
1 1 1 1 1 1 1 1 1 1 
p27 T6

Map10
1 1 1 1 1 1 1 1 1 1 
1 1 1 1 1 1 1 1 1 1 
1 1 0 # 0 F 1 0 1 1 
1 1 0 0 0 0 0 0 1 1 
1 1 F 1 1 0 F 0 1 1 
1 1 0 1 0 0 0 0 1 1 
1 1 0 1 0 H 0 1 1 1 
1 S 0 0 1 0 F 0 1 1 
1 1 1 1 1 1 G 1 1 1 
1 1 1 1 1 1 1 1 1 1 
p53 P22 T6

Map10
1 1 1 1 1 1 1 1 1 1 
1 1 1 1 S 1 1 1 1 1 
1 1 1 0 0 1 0 1 1 1 
1 1 1 0 0 0 0 0 1 1 
1 1 0 0 1 0 0 0 1 1 
1 1 1 0 0 0 0 0 1 1 
1 1 1 0 0 0 H 0 1 1 
1 1 0 H 0 0 0 0 1 1 
1 1 1 1 G 1 1 1 1 1 
1 1 1 1 1 1 1 1 1 1 
p74 p55 T7

Map10
1 1 1 1 1 1 1 1 1 1 
1 1 1 1 1 1 1 1 1 1 
1 1 H 0 0 # 0 0 1 1 
1 1 H 0 1 0 0 0 S 1 
1 1 0 0 0 0 # # 1 1 
1 1 0 F 0 0 0 0 1 1 
1 1 H 0 0 F 1 F 1 1 
1 1 0 0 0 F 1 0 1 1 
1 1 G 1 1 1 1 1 1 1 
1 1 1 1 1 1 1 1 1 1 
p73 p44 T10

Map10
1 1 1 1 1 1 1 1 1 1 
1 1 1 1 1 1 1 1 1 1 
1 1 0 1 0 0 0 # 1 1 
1 1 # # 1 F 1 0 1 1 
1 S 0 # 0 F 0 H 1 1 
1 1 F 0 1 # 0 1 1 1 
1 1 F 0 0 F 0 0 1 1 
1 1 1 # # # 0 0 1 1 
1 1 1 1 G 1 1 1 1 1 
1 1 1 1 1 1 1 1 1 1 
p36 P44 T6

Map10
1 1 1 1 1 1 1 1 1 1 
1 1 G 1 1 1 1 S 1 1 
1 1 0 0 1 # 0 0 1 1 
1 1 H 0 0 # H 0 1 1 
1 1 0 # 0 0 0 0 1 1 
1 1 # 0 0 0 F 0 1 1 
1 1 1 0 0 H 0 0 1 1 
1 1 # 0 0 H 1 0 1 1 
1 1 1 1 1 1 1 1 1 1 
1 1 1 1 1 1 1 1 1 1 
p73 P24 T6

Map10
1 1 1 1 1 1 1 1 1 1 
1 1 1 1 G 1 1 1 1 1 
1 1 F # 0 0 0 0 1 1 
1 1 0 0 0 0 0 0 1 1 
1 1 # 0 0 0 F 1 1 1 
1 1 0 0 0 0 0 0 1 1 
1 1 0 # 0 0 # 0 1 1 
1 1 # 0 # 0 F 0 1 1 
1 1 1 1 1 S 1 1 1 1 
1 1 1 1 1 1 1 1 1 1 
p57 T6

Map10
1 1 1 1 1 1 1 1 1 1 
1 1 1 1 1 1 1 1 1 1 
1 1 1 0 F 0 F F S 1 
1 1 0 F 0 # 0 0 G 1 
1 1 0 0 H # 1 0 1 1 
1 1 F 1 0 0 # 1 1 1 
1 1 0 1 0 0 0 1 1 1 
1 1 # 0 0 0 0 0 1 1 
1 1 1 1 1 1 1 1 1 1 
1 1 1 1 1 1 1 1 1 1 
p52 P67 T7

Map10
1 1 1 1 1 1 1 1 1 1 
1 1 1 S 1 1 1 1 1 1 
1 1 0 0 H 0 0 0 1 1 
1 1 0 0 0 H 0 0 1 1 
1 1 # H 0 H 0 0 1 1 
1 1 0 F 0 0 0 F 1 1 
1 1 # # 0 0 0 0 1 1 
1 1 0 1 # 0 0 # 1 1 
1 1 1 1 1 1 1 G 1 1 
1 1 1 1 1 1 1 1 1 1 
p25 P33 T6

Map10
1 1 1 1 1 1 1 1 1 1 
1 1 1 1 1 1 1 1 1 1 
1 1 1 0 0 1 0 # S 1 
1 1 0 0 # 0 # 0 1 1 
1 1 0 0 0 0 0 0 1 1 
1 1 1 H 0 H # 0 1 1 
1 G # F # 1 # # 1 1 
1 1 0 0 0 0 1 H 1 1 
1 1 1 1 1 1 1 1 1 1 
1 1 1 1 1 1 1 1 1 1 
p53 L73 T7

Map10
1 1 1 1 1 1 1 1 1 1 
1 1 1 1 1 1 1 1 1 1 
1 1 1 0 1 0 1 0 S 1 
1 1 H H 0 0 0 # 1 1 
1 1 0 1 0 H 0 # 1 1 
1 1 0 1 0 F H 0 1 1 
1 1 0 0 0 0 0 # 1 1 
1 1 F 0 0 # # 1 1 1 
1 1 1 1 1 1 G 1 1 1 
1 1 1 1 1 1 1 1 1 1 
p46 T7

Map10
1 1 1 1 1 1 1 1 1 1 
1 1 1 1 1 1 1 1 1 1 
1 1 1 0 0 F 0 H 1 1 
1 1 # H 0 0 0 0 1 1 
1 1 0 0 0 # # # 1 1 
1 1 # H 0 0 0 0 G 1 
1 1 0 0 1 0 0 # 1 1 
1 S 0 0 0 0 0 # 1 1 
1 1 1 1 1 1 1 1 1 1 
1 1 1 1 1 1 1 1 1 1 
p57 P32 T6

Map10
1 1 1 1 1 1 1 1 1 1 
1 1 1 1 G 1 1 1 1 1 
1 1 0 1 0 1 H 0 1 1 
1 1 1 0 # F 0 F 1 1 
1 S 0 1 0 0 # 0 1 1 
1 1 # 0 0 F 0 # 1 1 
1 1 0 H 0 0 # 1 1 1 
1 1 0 F F 0 0 0 1 1 
1 1 1 1 1 1 1 1 1 1 
1 1 1 1 1 1 1 1 1 1 
p57 L74 T6

Map8
1 1 1 1 1 G 1 1 
1 0 0 0 0 0 0 1 
1 # 0 0 0 # 1 1 
1 0 1 F F 0 0 1 
1 0 0 0 0 0 0 1 
1 1 0 F 0 0 # 1 
1 1 0 F F # 0 1 
1 1 1 1 1 1 S 1 
p66 T6

Map8
1 G 1 1 1 1 1 1 
1 0 0 0 0 0 0 1 
1 1 0 0 0 0 1 1 
1 0 0 0 0 0 0 1 
1 0 # H 0 0 1 1 
1 0 0 0 F 0 1 1 
1 # 1 # # # # 1 
1 S 1 1 1 1 1 1 
p13 T6

Map8
1 1 1 1 1 1 1 1 
1 0 H F F 0 0 1 
1 0 H 0 F 0 F 1 
1 # # 0 0 0 0 1 
1 0 # H H # 0 1 
1 0 0 0 0 0 F 1 
1 # 0 # 0 1 0 S 
1 1 1 1 G 1 1 1 
p64 D61 T6

Map8
1 1 1 1 1 1 S 1 
1 0 0 0 F F 0 1 
1 0 # 0 0 0 0 1 
1 # 0 1 0 # 0 1 
1 0 0 0 1 0 0 1 
G 0 # 0 1 F 1 1 
1 0 1 0 1 # F 1 
1 1 1 1 1 1 1 1 
p31 T6

Map8
1 1 1 1 1 1 1 1 
1 0 0 # 0 0 0 1 
1 0 1 0 0 0 0 S 
1 0 H 0 0 0 0 1 
1 0 0 0 0 0 0 1 
1 0 0 H 0 H 0 1 
1 H 0 0 0 H 0 1 
1 1 G 1 1 1 1 1 
p63 P14 T6

Map8
1 S 1 1 1 1 1 1 
1 0 H 0 F # 0 1 
1 0 H 0 0 # 0 1 
1 0 0 # H 0 F 1 
1 0 0 # 1 0 F G 
1 0 0 0 F 1 0 1 
1 0 0 # 0 1 0 1 
1 1 1 1 1 1 1 1 
p13 P61 T7

Map8
1 1 1 1 G 1 1 1 
1 H 0 0 0 H 0 1 
1 1 0 0 0 0 0 1 
1 0 0 H 1 1 0 1 
1 0 0 0 0 1 # S 
1 H 0 0 0 0 1 1 
1 1 0 0 0 0 0 1 
1 1 1 1 1 1 1 1 
p52 p63 T6

Map8
1 1 1 1 1 1 1 1 
1 # 1 1 1 1 # G 
1 0 0 # 0 0 0 1 
1 0 1 H H 0 H 1 
1 0 0 0 0 1 0 1 
1 0 # # # 0 0 1 
1 0 0 # 0 # 0 1 
1 1 1 S 1 1 1 1 
p13 L44 T6

Map8
1 1 1 1 1 1 1 1 
1 0 0 0 1 0 0 1 
1 0 0 0 0 0 1 1 
1 H # 0 # 0 0 1 
G 0 0 H 0 1 0 S 
1 # 0 H 0 # 1 1 
1 1 # 0 0 1 # 1 
1 1 1 1 1 1 1 1 
p25 P33 T8

Map8
1 1 1 1 1 1 1 1 
1 0 0 1 0 0 # G 
1 0 1 0 0 0 0 1 
1 0 0 F 1 H 1 1 
1 0 0 0 0 1 # 1 
1 0 H 0 # 0 0 1 
1 F 1 0 0 0 1 1 
1 S 1 1 1 1 1 1 
p15 T9

Map8
1 1 1 1 1 1 1 1 
1 0 1 0 # 0 0 1 
1 0 H 1 # 1 0 1 
1 0 F 1 0 # 0 1 
1 F 1 H F 0 1 1 
G 0 0 # H # 1 1 
1 0 0 0 0 0 0 1 
1 1 1 1 1 S 1 1 
p36 T6

Map8
1 1 1 1 1 1 1 1 
1 # 0 0 0 0 0 1 
1 # # 1 0 0 F 1 
G # 0 1 0 0 0 1 
1 F 0 0 H 0 0 1 
1 # 0 0 0 0 0 1 
1 0 0 0 0 0 # 1 
1 S 1 1 1 1 1 1 
p24 p16 T7

Map8
1 1 1 1 1 1 1 1 
1 0 1 F 0 0 0 1 
1 1 0 0 0 0 0 1 
1 0 0 F 0 0 0 1 
1 0 0 0 0 H 0 1 
G 0 0 1 0 1 # 1 
1 1 0 1 0 0 0 1 
1 1 1 1 1 S 1 1 
p44 T7

Map8
1 1 1 1 1 1 S 1 
1 0 0 0 F 0 0 1 
1 0 # F 0 1 1 1 
1 H # # 0 0 1 1 
1 # 0 F # 1 F 1 
G 0 0 # 0 0 # 1 
1 0 0 F 0 0 H 1 
1 1 1 1 1 1 1 1 
p31 p24 T6

Map8
1 1 1 1 1 1 1 1 
1 H 1 H # 0 0 1 
1 1 1 0 F 0 F S 
1 0 # 1 F F F 1 
1 # 0 H 0 H 0 1 
1 0 # 0 0 0 0 1 
1 0 0 0 # 1 # 1 
1 1 1 1 G 1 1 1 
p64 D61 T6

Map8
1 G 1 1 1 1 1 1 
1 0 0 0 0 0 0 1 
1 F 0 0 0 0 0 1 
1 0 0 0 1 1 0 1 
S 0 H 0 F 0 0 1 
1 0 0 0 H 0 H 1 
1 0 0 0 0 0 0 1 
1 1 1 1 1 1 1 1 
p26 D13 T6

Map8
1 1 1 1 1 1 1 1 
1 0 0 0 0 0 # 1 
1 0 0 0 0 0 0 1 
G 0 # 0 0 0 0 1 
1 # 0 1 # 0 # 1 
1 F 0 0 # F 0 1 
1 # 0 0 0 0 0 1 
1 1 1 S 1 1 1 1 
p41 T7

Map8
1 1 1 1 1 1 1 1 
1 1 0 0 0 # 0 1 
1 1 F 0 0 0 0 1 
1 0 0 F 0 0 H 1 
1 1 0 0 # 0 1 1 
1 0 1 0 0 0 0 G 
1 0 0 0 # F F 1 
1 1 1 1 1 S 1 1 
p41 p34 T6

Map8
1 S 1 1 1 1 1 1 
1 # F 0 # 0 F G 
1 # 0 0 0 0 0 1 
1 F 0 H # 0 0 1 
1 0 0 0 # F 0 1 
1 0 0 # # 0 0 1 
1 H 0 F # 0 1 1 
1 1 1 1 1 1 1 1 
p55 R15 T6

Map8
1 1 1 1 1 1 1 1 
G # 0 0 0 1 0 S 
1 F 0 0 F # 0 1 
1 0 0 0 0 0 0 1 
1 0 H 1 H 0 0 1 
1 0 0 0 0 0 1 1 
1 0 F F 0 1 1 1 
1 1 1 1 1 1 1 1 
p62 T6

Map8
1 1 1 G 1 S 1 1 
1 F 0 0 1 0 1 1 
1 0 0 0 0 # 0 1 
1 0 # 0 0 0 0 1 
1 0 0 1 0 F 0 1 
1 H H # 0 F 0 1 
1 # H 0 0 0 0 1 
1 1 1 1 1 1 1 1 
p42 T6

Map8
1 1 1 1 1 1 1 1 
S 0 0 0 F 0 0 1 
1 0 0 0 0 0 F 1 
1 0 0 0 0 0 0 1 
1 0 0 0 0 1 0 1 
1 0 0 0 0 0 0 1 
1 0 0 F 0 0 0 1 
1 1 G 1 1 1 1 1 
p31 T6

Map8
1 1 1 G 1 1 1 1 
1 0 1 0 0 F 0 1 
1 0 1 0 0 0 1 1 
1 F 0 1 0 0 0 1 
1 1 0 0 0 0 0 1 
1 0 0 0 0 0 1 1 
1 0 0 0 0 0 # 1 
1 1 S 1 1 1 1 1 
p36 T7

Map8
1 1 1 1 1 G 1 1 
1 0 1 # 0 # 1 1 
1 0 # 0 1 H F 1 
1 0 1 F F # H 1 
1 0 0 # # 0 1 1 
1 1 0 # 0 H H 1 
1 # 0 0 F H 1 1 
1 1 1 1 S 1 1 1 
p13 L54 T7

Map8
1 1 1 1 1 1 1 1 
1 1 0 1 F 0 0 1 
1 0 0 1 F 0 H 1 
1 0 0 0 F F # 1 
1 F 1 # 0 0 0 1 
S 0 0 1 0 0 0 1 
1 H 0 1 0 H 0 1 
1 1 1 1 G 1 1 1 
p64 T10

Map8
1 1 1 1 1 1 1 1 
S 0 0 0 0 0 0 1 
1 0 0 0 0 0 0 1 
1 1 0 0 0 0 0 1 
1 0 0 0 0 F 0 1 
1 0 0 0 0 0 0 1 
G 0 1 0 0 1 0 1 
1 1 1 1 1 1 1 1 
p11 T6

Map8
1 1 1 1 1 1 1 1 
G 0 # H F 0 0 1 
1 0 # # 0 0 0 1 
1 1 0 F 0 # 0 1 
1 0 F # 0 0 0 1 
1 F H 0 F 1 # 1 
1 0 0 0 # 0 0 S 
1 1 1 1 1 1 1 1 
p63 T7

Map8
1 1 1 1 1 1 1 1 
1 0 1 0 0 # # 1 
1 0 # 0 0 F F 1 
G 0 0 H 0 0 0 1 
1 1 0 0 0 0 1 1 
1 0 0 # 0 0 0 1 
S 0 0 0 F 0 0 1 
1 1 1 1 1 1 1 1 
p36 T9

Map8
1 1 1 1 1 1 1 1 
1 0 0 H 0 0 0 1 
1 0 0 0 0 0 0 1 
S 0 0 0 H 0 H 1 
1 0 0 1 0 0 0 1 
1 0 0 0 0 0 0 1 
1 0 0 0 H 0 0 G 
1 1 1 1 1 1 1 1 
p14 P23 T6

Map8
1 1 1 G 1 1 1 1 
1 0 # 0 1 0 0 1 
1 0 # 0 # 0 0 1 
S 0 F 1 0 0 0 1 
1 F 1 0 0 0 0 1 
1 0 0 # 0 0 1 1 
1 0 0 0 0 0 0 1 
1 1 1 1 1 1 1 1 
p36 D12 T8

Map8
1 G 1 1 1 1 1 1 
1 F 1 0 0 0 # 1 
1 0 0 H 1 H 0 1 
1 # 0 0 1 H 0 1 
1 0 0 H 0 0 0 1 
1 1 0 0 0 0 0 1 
1 0 1 0 0 0 0 1 
1 1 1 1 S 1 1 1 
p46 T6

Map8
1 1 1 1 1 1 S 1 
1 0 0 # 0 0 0 1 
1 0 0 0 # 0 0 1 
1 H 0 H # 0 0 1 
1 H # 1 0 0 1 1 
1 0 0 0 0 0 1 1 
1 0 0 # H 0 0 1 
1 1 1 1 1 1 G 1 
p61 T8

Map8
1 1 1 1 1 1 1 1 
S # 1 1 0 0 0 1 
1 0 0 0 # 0 # 1 
1 0 0 0 0 # 0 1 
1 0 0 0 1 0 0 1 
1 0 H 1 0 0 # 1 
1 0 1 0 0 1 0 1 
1 1 1 G 1 1 1 1 
p12 p43 T10

Map8
1 1 S 1 1 1 1 1 
1 0 0 0 1 0 H 1 
1 0 0 # 0 0 # 1 
1 1 0 1 0 0 0 1 
1 0 0 0 0 0 0 1 
1 # H # 0 # 0 1 
G 0 1 # H # 0 1 
1 1 1 1 1 1 1 1 
p63 P23 T7

Map8
1 1 1 S 1 1 1 1 
1 H 0 0 0 0 0 1 
1 0 0 0 0 0 F 1 
1 0 0 H 0 0 0 1 
1 0 0 0 0 0 H 1 
1 1 # 0 # 0 H 1 
1 0 0 0 0 0 0 1 
1 1 1 1 1 1 G 1 
p31 P32 T6

Map8
1 1 1 1 1 1 1 1 
1 1 # 0 0 0 0 S 
G 0 1 0 # F 0 1 
1 0 F 0 0 0 0 1 
1 0 0 0 0 0 F 1 
1 1 0 F 0 0 0 1 
1 0 # F 0 0 H 1 
1 1 1 1 1 1 1 1 
p41 P34 T6

Map8
1 1 1 1 1 1 1 1 
1 H # # # 1 1 1 
1 0 # 0 H # 0 1 
1 F 0 1 0 1 0 1 
1 0 F 0 0 # 1 1 
1 0 # 0 F 0 0 1 
1 0 0 # 1 1 F 1 
1 1 S 1 1 1 G 1 
p23 T10

Map8
1 1 1 G 1 1 1 1 
1 0 0 0 # 0 1 1 
1 0 0 0 # 0 0 1 
1 1 0 1 0 0 0 1 
1 0 0 F # # 0 1 
1 0 0 0 0 # 0 1 
1 0 H H 0 0 0 1 
1 1 1 1 1 S 1 1 
p22 T6

Map8
1 G 1 1 1 1 1 1 
1 # 1 1 0 0 0 1 
1 0 # 0 0 0 0 1 
1 F H 1 0 0 0 1 
1 1 0 F 0 H 0 1 
1 1 F 0 0 1 # 1 
1 0 H 0 0 # 1 1 
1 1 1 1 1 S 1 1 
p43 P36 T6

Map8
1 1 1 1 1 1 1 1 
1 0 # 0 # H 0 1 
1 0 0 0 0 # # 1 
1 0 0 0 0 0 1 1 
1 # H H F F F 1 
1 0 0 H 1 0 # 1 
1 # 0 # 0 1 0 1 
1 S 1 1 1 1 G 1 
p42 p13 T7

Map8
1 1 1 1 1 1 1 1 
1 # 0 H 0 0 0 1 
G 0 F F 0 0 # 1 
1 H 0 0 H 0 0 1 
1 0 1 0 0 H 0 1 
S 0 0 1 F 0 F 1 
1 0 F 0 0 0 0 1 
1 1 1 1 1 1 1 1 
p63 T7

Map8
1 S 1 1 1 1 1 1 
1 0 0 0 0 # 1 1 
1 F 0 0 1 0 0 1 
1 0 0 0 F 0 0 1 
1 0 0 # 0 0 0 1 
1 0 1 0 0 0 1 1 
1 1 1 0 F 0 0 1 
1 1 1 1 1 G 1 1 
p13 T6

Map8
1 1 1 1 1 1 1 1 
1 0 0 0 0 # 1 1 
1 0 0 # 0 0 0 1 
1 1 0 # 1 1 # 1 
1 0 0 1 0 1 0 1 
G 0 0 0 0 0 F 1 
1 1 0 F 0 0 0 1 
1 1 1 1 1 1 S 1 
p11 p24 T8

Map8
1 S 1 1 1 1 1 1 
1 0 H 0 # 0 0 1 
1 # 0 0 0 0 0 1 
1 0 0 0 # # # 1 
1 1 1 0 0 0 # G 
1 0 0 0 0 0 # 1 
1 0 0 0 1 # 0 1 
1 1 1 1 1 1 1 1 
p55 T7

Map8
1 1 1 1 1 G 1 1 
1 1 0 0 1 0 0 1 
1 F H 0 0 H 0 1 
1 0 H H 0 0 # 1 
1 0 0 0 0 0 0 1 
1 0 1 1 0 1 H 1 
1 1 0 0 0 0 0 1 
1 1 S 1 1 1 1 1 
p44 p36 T9

Map8
1 1 1 1 1 1 1 1 
1 0 1 0 0 0 # 1 
1 # 1 # 0 0 H 1 
1 F 0 0 F 0 0 1 
S 0 # 1 H 0 0 1 
G 0 # 0 F 0 0 1 
1 0 F 0 0 0 0 1 
1 1 1 1 1 1 1 1 
p64 T6

Map8
1 1 1 1 1 1 1 1 
1 0 F 0 0 0 0 1 
1 0 F 0 0 0 0 1 
1 0 0 0 1 0 1 1 
1 0 0 0 0 0 1 1 
1 0 0 1 F 0 0 S 
1 F 0 0 0 1 0 1 
1 1 1 G 1 1 1 1 
p34 U46 T6

Map8
1 1 1 1 G 1 1 1 
1 1 # 0 0 H 0 1 
1 0 0 0 0 0 0 1 
1 0 0 0 0 0 0 1 
S 0 0 1 1 0 0 1 
1 1 0 0 0 0 0 1 
1 0 F 0 0 1 0 1 
1 1 1 1 1 1 1 1 
p32 T6

Map8
1 1 S 1 1 1 1 1 
1 1 0 0 0 1 0 1 
1 1 0 0 0 0 F 1 
1 1 0 0 H F 0 1 
1 F 1 0 0 0 # G 
1 1 0 0 0 0 0 1 
1 0 1 0 0 0 0 1 
1 1 1 1 1 1 1 1 
p33 P41 T6

Map8
1 1 1 1 1 1 1 1 
1 0 0 0 0 0 0 1 
1 0 0 0 # 0 0 1 
1 0 0 # 0 0 0 1 
1 0 1 0 0 0 0 1 
1 0 0 1 0 0 0 G 
S 0 0 0 1 1 H 1 
1 1 1 1 1 1 1 1 
p31 T7

Map8
1 1 1 1 1 1 1 1 
1 0 0 0 0 0 0 1 
G 0 1 0 0 0 1 1 
1 1 1 0 0 0 0 1 
1 0 0 0 0 0 H 1 
S 0 1 0 0 F 0 1 
1 0 0 F 0 0 0 1 
1 1 1 1 1 1 1 1 
p46 T8

Map8
1 1 1 1 G 1 1 1 
1 0 F F 0 0 0 1 
1 0 0 0 0 0 0 1 
1 H 0 F H 0 0 1 
S # 0 0 0 0 0 1 
1 0 0 H 0 # 0 1 
1 1 0 F 0 0 0 1 
1 1 1 1 1 1 1 1 
p52 p63 T6

Map8
1 1 G 1 1 1 1 1 
1 0 0 0 1 0 0 1 
1 0 0 0 0 0 0 1 
1 H 0 H H H 0 1 
1 1 H 1 1 0 0 1 
S # 0 0 F 0 0 1 
1 0 0 0 1 1 1 1 
1 1 1 1 1 1 1 1 
p32 p63 T6

Map8
1 1 1 1 1 G 1 1 
1 0 1 0 1 0 # 1 
1 0 H 0 0 0 0 1 
1 # 1 0 0 H # 1 
1 0 0 0 0 1 0 1 
1 0 0 0 H 0 H 1 
1 0 1 1 0 H 0 1 
1 S 1 1 1 1 1 1 
p15 T8

Map8
1 1 1 1 1 1 1 1 
1 H 0 1 0 # 1 1 
S 0 0 0 0 1 F 1 
1 0 0 H 0 0 1 1 
1 F 0 0 0 1 # 1 
1 1 0 0 0 0 0 1 
1 0 0 0 H 1 0 G 
1 1 1 1 1 1 1 1 
p12 p24 T7

Map8
1 1 1 1 1 1 1 1 
1 0 # 0 0 0 0 1 
1 0 H 0 F 0 0 1 
1 0 1 H 0 # 0 1 
G 0 0 0 0 H 0 1 
1 # 0 0 0 0 0 1 
1 0 H # H 0 0 1 
1 1 1 1 1 S 1 1 
p51 R45 T6

Map8
1 1 1 S 1 1 1 1 
1 # 0 0 0 0 0 1 
1 0 0 1 0 0 F 1 
1 1 0 1 1 0 # 1 
1 0 0 0 0 0 0 1 
1 0 0 0 0 # F 1 
1 F # 0 F # 1 1 
1 1 1 1 G 1 1 1 
p34 R14 T7

Map8
1 1 1 1 1 S 1 1 
1 0 F 0 0 0 0 1 
1 1 1 0 0 F 0 1 
1 0 0 0 0 0 # 1 
1 0 0 0 0 0 1 1 
1 1 0 0 1 # 0 1 
1 0 0 F 1 # 1 1 
1 G 1 1 1 1 1 1 
p53 p34 T7

Map8
1 1 1 1 S 1 1 1 
1 0 F F 0 0 0 1 
1 0 0 0 1 0 # 1 
1 0 0 0 # 1 0 1 
1 1 0 0 0 0 0 1 
1 H 0 0 1 0 0 1 
1 0 F 0 0 # 1 1 
1 1 1 G 1 1 1 1 
p11 T6

Map8
1 1 1 1 1 1 1 1 
G 0 1 # 0 H F 1 
1 0 0 # 0 0 # 1 
1 0 # 0 0 1 0 1 
1 H # # 0 0 0 1 
1 0 0 0 F 0 F 1 
1 0 0 0 1 0 0 1 
1 1 1 1 1 S 1 1 
p35 P54 T7

Map8
1 1 S 1 1 1 1 1 
1 0 0 0 F 0 0 1 
1 0 # 0 0 0 1 1 
1 0 1 0 # 0 0 1 
1 1 0 0 0 # 0 1 
1 0 F # 0 # 0 1 
1 0 0 H 0 0 0 1 
1 1 G 1 1 1 1 1 
p53 T6

Map8
1 1 1 G 1 1 1 1 
1 # 0 0 H 0 0 1 
1 0 0 0 F 0 0 1 
1 1 0 # 0 0 0 1 
1 0 # 0 0 0 1 1 
S F 0 1 0 0 # 1 
1 0 0 0 1 # 0 1 
1 1 1 1 1 1 1 1 
p23 T7

Map8
1 1 1 1 S 1 1 1 
1 0 # H 0 1 1 1 
1 H 1 0 0 # 0 1 
1 # 0 1 F 0 0 1 
G 0 0 0 1 0 # 1 
1 0 # 0 0 0 0 1 
1 # 0 # 0 1 1 1 
1 1 1 1 1 1 1 1 
p45 R32 T6

Map8
1 1 1 1 1 1 1 1 
1 0 F 0 0 0 0 1 
1 0 0 0 0 0 1 1 
1 H # 0 0 0 0 1 
1 0 0 H 0 0 H 1 
1 0 0 0 F 0 0 G 
1 0 # 0 0 0 H 1 
1 1 1 1 S 1 1 1 
p41 p54 T6

Map8
1 1 1 1 1 1 1 1 
1 0 0 0 0 0 0 1 
1 1 0 0 0 0 F 1 
1 0 0 1 0 0 0 1 
1 0 # 0 0 0 0 1 
G 0 0 0 0 1 0 1 
S # 0 # # 0 # 1 
1 1 1 1 1 1 1 1 
p26 T8

Map8
1 G 1 1 1 S 1 1 
1 0 1 0 0 0 0 1 
1 0 0 0 0 0 0 1 
1 0 0 0 0 F 0 1 
1 0 0 0 F 0 0 1 
1 1 0 0 1 0 0 1 
1 0 0 F F 0 0 1 
1 1 1 1 1 1 1 1 
p63 T6

Map8
1 S 1 1 1 1 1 1 
1 0 1 0 0 0 0 1 
1 0 0 1 0 0 0 G 
1 0 0 F 0 1 1 1 
1 0 0 H H 0 F 1 
1 0 F 0 0 H 0 1 
1 1 0 1 H 0 H 1 
1 1 1 1 1 1 1 1 
p12 T7

Map8
1 1 1 1 1 1 1 1 
1 1 0 H H H 0 1 
1 0 H 0 # 0 0 S 
1 1 0 0 0 0 1 1 
1 # 1 0 0 0 0 1 
1 0 F 1 # 1 0 1 
1 # 0 0 1 0 0 1 
1 1 1 1 1 G 1 1 
p62 P32 T7

Map8
1 1 1 1 1 1 1 1 
1 1 0 0 0 0 H 1 
1 H 0 0 0 0 0 1 
1 0 0 0 H 0 0 1 
1 0 0 0 0 0 0 1 
1 H 0 0 0 0 0 G 
1 0 0 0 0 0 # S 
1 1 1 1 1 1 1 1 
p24 p46 T7

Map8
1 1 1 1 1 1 1 1 
1 0 0 0 H F 0 1 
1 0 F 0 1 H 0 1 
1 F 0 0 0 0 0 S 
1 0 H 1 H 0 0 1 
1 0 0 0 0 1 0 1 
1 0 1 F 0 0 1 1 
1 1 1 1 1 G 1 1 
p14 P23 T9

Map8
1 1 1 1 1 1 1 1 
1 0 # 0 # # 0 S 
1 0 0 0 # 0 0 1 
1 0 0 0 0 0 0 1 
1 0 H # 0 0 0 1 
1 H 0 H # 1 1 1 
1 0 0 1 0 0 0 G 
1 1 1 1 1 1 1 1 
p62 p53 T8

Map8
1 1 1 1 1 1 1 1 
1 0 0 0 0 0 0 1 
1 0 F 0 # # # 1 
1 H 0 0 0 H 0 1 
1 1 0 0 1 0 # 1 
1 0 0 0 # # 0 1 
1 0 0 H 0 # 0 1 
1 1 S 1 G 1 1 1 
p35 D21 T6

Map8
1 1 G 1 1 1 1 1 
1 0 0 H 1 H 0 1 
1 F 0 0 1 1 0 S 
1 0 0 F H 0 0 1 
1 0 0 0 F 0 0 1 
1 0 0 0 0 0 0 1 
1 0 H 1 0 0 0 1 
1 1 1 1 1 1 1 1 
p63 p34 T6

Map8
1 1 1 1 1 1 1 1 
1 1 # F 0 1 # 1 
1 0 0 0 F 0 0 1 
1 0 0 0 # # 0 1 
1 F 0 0 0 0 # 1 
1 F 1 0 # 1 0 1 
1 F 0 0 0 0 1 1 
1 1 1 1 S G 1 1 
p44 T7

Map8
1 1 1 1 G 1 1 1 
1 0 F 1 0 # 1 1 
1 1 # 0 H 0 0 1 
1 # # # 0 0 0 1 
S # 1 0 0 0 0 1 
1 0 1 0 # 0 0 1 
1 0 0 0 H 1 0 1 
1 1 1 1 1 1 1 1 
p43 T7

Map8
1 1 1 1 1 1 1 1 
1 0 1 1 0 F # 1 
1 0 1 H 1 0 0 1 
1 0 H # 0 1 F 1 
1 0 1 0 0 0 0 G 
1 1 0 0 0 0 0 1 
S F 0 0 0 H 0 1 
1 1 1 1 1 1 1 1 
p45 P36 T6

Map8
1 1 1 1 1 1 1 1 
1 H 0 0 # 0 0 1 
1 0 0 1 0 0 0 1 
S 0 0 0 1 0 0 G 
1 H 0 H 0 1 0 1 
1 0 1 0 1 0 0 1 
1 H 0 1 0 0 H 1 
1 1 1 1 1 1 1 1 
p13 P61 T6

Map8
1 1 G 1 1 1 1 1 
1 1 0 # # 0 0 1 
1 0 # H 1 0 0 1 
1 0 F 1 0 0 1 1 
1 H # 0 0 0 0 1 
S 0 0 H 0 H # 1 
1 # 0 0 0 0 0 1 
1 1 1 1 1 1 1 1 
p36 P25 T9

Map8
1 1 1 1 1 S 1 1 
1 # # 0 F F 0 1 
1 # 0 # # 0 H 1 
1 1 0 # 0 0 0 1 
1 1 1 0 0 0 H 1 
1 0 0 1 F 0 0 1 
1 0 # H 0 0 H 1 
1 1 1 1 G 1 1 1 
p52 T8

Map8
1 1 S 1 1 1 1 1 
1 0 0 0 0 0 # 1 
1 0 0 0 0 0 0 G 
1 0 H F 0 0 0 1 
1 0 0 0 # H # 1 
1 0 0 0 0 0 F 1 
1 # 0 0 1 0 # 1 
1 1 1 1 1 1 1 1 
p31 P22 T9

Map8
1 1 1 1 1 1 1 1 
1 # 0 0 0 0 0 1 
1 0 1 0 0 0 0 1 
1 0 0 0 0 0 0 1 
1 0 0 H 0 0 H 1 
1 0 0 H 0 0 0 1 
1 0 # 0 1 H 0 1 
1 1 S 1 1 1 G 1 
p33 T6

Map8
1 1 1 1 1 1 1 1 
1 0 0 0 0 # H 1 
1 F 0 F F 0 0 1 
1 0 0 1 0 0 0 1 
S # # F # 0 F 1 
1 H # 0 H 0 # 1 
1 H 0 0 # 0 0 G 
1 1 1 1 1 1 1 1 
p31 P54 T6

Map8
1 1 1 G 1 1 1 1 
1 # 0 0 H # 0 1 
1 1 1 0 1 0 0 1 
1 0 1 0 # H 1 1 
1 # 0 # 0 1 0 S 
1 0 0 H 0 # # 1 
1 0 0 0 0 # 1 1 
1 1 1 1 1 1 1 1 
p15 P45 T11

Map8
1 1 1 1 1 1 1 1 
1 # 1 0 0 0 1 1 
1 F 0 F 0 F 0 S 
G 0 0 0 F 0 H 1 
1 0 0 0 F 0 0 1 
1 0 0 0 0 0 0 1 
1 1 0 0 0 0 0 1 
1 1 1 1 1 1 1 1 
p24 U53 T7

Map8
1 1 1 1 1 1 1 1 
1 0 0 0 F 0 0 1 
G 0 0 0 H 0 0 1 
1 0 0 0 0 0 0 1 
1 1 0 F 1 0 0 1 
1 0 0 0 0 1 # 1 
1 0 0 F 0 F 0 S 
1 1 1 1 1 1 1 1 
p23 p15 T7

Map8
1 1 1 1 1 1 1 1 
1 0 F 0 1 1 0 1 
G 0 1 0 1 0 # 1 
1 1 0 # 0 0 # 1 
1 0 0 H 1 # 0 1 
1 0 0 0 F 0 0 1 
1 0 0 0 H 0 0 1 
1 1 1 1 1 S 1 1 
p43 P52 T7

Map8
1 1 1 1 1 1 1 1 
1 0 # 0 0 0 0 1 
1 H 0 H 1 1 0 S 
1 F # H 0 0 0 1 
1 1 0 0 0 0 H 1 
1 F 1 F 0 F 0 1 
1 0 0 F 1 1 0 G 
1 1 1 1 1 1 1 1 
p31 P54 T10

Map8
1 1 G 1 1 1 1 1 
1 H 0 1 0 0 0 1 
1 0 0 0 0 0 0 1 
1 0 1 # 1 # 0 1 
1 1 0 # 0 0 0 1 
1 0 0 # 0 # 0 1 
1 # H 0 0 0 0 1 
1 1 1 1 S 1 1 1 
p32 T8

Map8
1 1 1 1 1 S 1 1 
1 F 0 0 0 0 0 1 
1 F 1 1 0 0 0 1 
1 0 0 F 0 F 0 1 
1 0 0 0 0 H 0 1 
1 F 0 1 0 0 0 1 
1 0 1 0 1 0 # 1 
1 G 1 1 1 1 1 1 
p62 P52 T6

Map8
1 G 1 1 1 1 1 1 
1 0 0 0 1 1 H 1 
1 0 # 0 H 0 0 1 
1 0 1 # 0 0 0 1 
1 1 0 1 0 0 H 1 
1 0 0 0 0 0 0 1 
1 0 1 F 0 # 1 1 
1 1 1 1 1 S 1 1 
p54 T6

Map8
1 1 1 1 1 1 G 1 
1 F H 0 0 0 0 1 
1 0 0 F 0 1 H 1 
1 0 0 1 0 H # 1 
1 0 0 F 0 0 # 1 
1 F 1 0 0 0 H 1 
1 0 0 0 0 0 0 1 
1 S 1 1 1 1 1 1 
p36 D14 T6

Map8
1 1 S 1 1 1 1 1 
1 0 0 # 0 0 # 1 
1 0 0 H 1 0 0 1 
1 0 H # H 0 0 1 
1 1 0 0 # 0 0 1 
1 0 0 # 1 # H 1 
1 0 0 0 0 0 # 1 
1 1 1 G 1 1 1 1 
p41 R11 T7

Map8
1 1 1 1 S 1 1 1 
1 0 0 H 0 0 0 1 
1 0 H 0 # # # 1 
1 0 0 0 0 # H 1 
1 0 0 0 0 1 H 1 
1 # 0 0 H # 0 G 
1 0 0 0 0 # 0 1 
1 1 1 1 1 1 1 1 
p46 P44 T7

Map8
1 1 1 1 1 1 1 1 
1 0 0 0 0 0 0 1 
1 # 0 0 0 0 0 1 
S 0 0 1 1 # # G 
1 0 0 0 0 0 # 1 
1 H 0 0 0 0 H 1 
1 H H H 0 0 # 1 
1 1 1 1 1 1 1 1 
p41 p52 T7

Map8
1 1 1 1 1 1 1 1 
1 0 0 F 1 # 0 1 
1 # 1 1 0 F F G 
1 0 0 0 0 0 0 1 
1 0 0 0 0 F 0 S 
1 0 0 0 0 0 0 1 
1 0 0 0 0 0 1 1 
1 1 1 1 1 1 1 1 
p36 T6

Map8
1 1 1 1 G 1 1 1 
1 0 1 H 0 # 0 1 
1 0 F 1 F # 0 1 
1 1 0 0 # 0 0 1 
1 0 0 0 1 0 0 1 
1 H # 0 H 0 # 1 
1 # 1 # 0 0 0 1 
1 1 1 1 1 S 1 1 
p33 T7

Map8
1 S 1 1 1 1 1 1 
1 0 0 0 0 0 F 1 
1 0 0 H 0 0 # 1 
1 1 F F 0 0 F 1 
1 0 0 0 0 0 0 1 
1 # # F 0 1 0 1 
1 0 H 0 0 H 0 G 
1 1 1 1 1 1 1 1 
p41 P51 T8

Map8
1 1 1 1 1 1 1 1 
1 H 0 0 0 0 1 1 
S # # F 0 0 # 1 
1 # # 1 0 0 H 1 
1 H 1 0 F 0 H 1 
1 0 H 0 0 0 F 1 
1 0 0 0 F 1 0 1 
1 G 1 1 1 1 1 1 
p42 P55 T7

Map8
1 1 1 1 1 1 1 1 
1 # 0 # F # # 1 
1 0 0 # F H 0 1 
1 1 0 0 0 0 0 1 
1 F # H 0 H 0 1 
1 # 0 0 0 F 0 1 
G F # 0 H 0 0 S 
1 1 1 1 1 1 1 1 
p64 P56 T6

Map8
1 1 1 1 1 1 1 1 
1 0 0 1 0 0 0 1 
1 0 0 0 0 0 H 1 
1 0 0 0 1 1 0 1 
1 H 0 0 0 0 0 1 
1 0 0 1 0 0 0 1 
S 0 0 1 1 0 0 G 
1 1 1 1 1 1 1 1 
p25 T6

Map8
1 1 1 1 1 1 1 1 
G 0 H # F 0 H 1 
1 0 0 0 # 0 # 1 
1 0 H 0 1 # 1 1 
1 1 # # 0 0 # 1 
1 0 0 0 0 0 0 1 
1 0 0 H 0 H 0 1 
1 S 1 1 1 1 1 1 
p33 p25 T8

Map8
1 1 1 1 1 1 1 1 
1 1 0 0 # 0 1 1 
G 0 # 1 0 H 0 1 
1 # # 0 F 0 0 1 
1 0 H 0 0 H 0 1 
1 H 0 0 1 1 0 1 
1 F 1 0 1 0 0 1 
1 1 1 1 1 S 1 1 
p64 T7

Map8
1 1 1 1 1 S 1 1 
1 0 0 0 0 # 0 1 
1 1 0 0 0 1 0 1 
1 0 0 # H 0 0 1 
1 0 H 0 # # 0 1 
1 1 # 0 0 0 0 1 
1 0 0 0 0 0 0 1 
1 1 G 1 1 1 1 1 
p64 T6

Map8
1 1 1 1 1 1 1 1 
1 0 0 0 1 0 0 1 
1 0 0 F 0 0 0 1 
G # # 0 1 1 0 S 
1 H 0 0 0 1 0 1 
1 0 # # 0 0 0 1 
1 0 0 H 0 # 1 1 
1 1 1 1 1 1 1 1 
p24 P15 T6

Map8
1 1 1 1 1 1 1 1 
1 0 1 0 0 0 0 1 
1 H 1 0 0 F 0 1 
1 F F 0 0 0 0 1 
1 1 0 0 0 0 0 G 
1 0 1 0 F 1 F 1 
1 0 0 0 H 0 0 1 
1 1 1 1 1 S 1 1 
p61 T7

Map8
1 1 1 1 1 1 1 1 
1 0 F F # # 0 1 
1 H 0 0 0 # 0 G 
1 0 0 F 0 0 1 1 
1 0 1 0 0 0 0 S 
1 H 1 F 0 1 H 1 
1 0 H 0 0 H 1 1 
1 1 1 1 1 1 1 1 
p54 T6

Map8
1 1 1 1 1 1 1 1 
1 H 0 1 0 H H 1 
1 1 0 1 0 0 0 1 
1 0 0 1 0 0 0 G 
1 0 0 0 0 0 F 1 
1 0 0 0 0 0 0 1 
1 1 0 0 0 1 0 1 
1 1 S 1 1 1 1 1 
p44 T6

Map8
1 1 1 1 1 1 1 1 
1 0 0 0 F 0 1 1 
1 0 0 F 0 0 0 1 
1 0 0 0 0 # 0 1 
G 0 0 0 0 0 0 1 
1 0 0 0 0 # 0 1 
1 H 0 F 0 0 0 1 
1 1 1 S 1 1 1 1 
p65 T7

Map8
1 1 1 1 1 1 1 1 
1 F 0 0 0 # 0 1 
1 1 H 0 F 1 1 1 
1 # 0 1 1 H 0 1 
S 0 0 H # 0 # G 
1 0 0 0 0 0 # 1 
1 1 F # 0 0 0 1 
1 1 1 1 1 1 1 1 
p35 P24 T6

Map8
1 1 G 1 1 1 1 1 
1 0 F 0 # 0 1 1 
1 0 0 0 1 1 # S 
1 0 0 1 0 0 0 1 
1 0 1 0 0 1 0 1 
1 0 # # F F 0 1 
1 0 0 0 0 F F 1 
1 1 1 1 1 1 1 1 
p14 P64 T9

Map8
1 1 1 1 1 1 1 1 
1 0 0 1 0 0 0 1 
1 0 0 # # 0 0 1 
1 0 1 1 0 # 0 1 
1 1 0 0 0 0 0 1 
1 0 0 1 0 # 0 G 
1 0 0 0 # 0 # S 
1 1 1 1 1 1 1 1 
p44 T7

Map8
1 1 1 1 1 1 1 1 
G 0 0 F H 0 0 1 
1 # 0 F 0 0 0 1 
1 0 0 0 # 0 0 1 
1 0 H H 0 0 0 1 
1 0 1 H 0 0 0 1 
1 0 0 0 0 F 0 1 
1 1 1 S 1 1 1 1 
p63 R26 T6

Map8
1 1 G 1 1 1 1 1 
1 # 0 0 1 0 # S 
1 0 0 0 F H 0 1 
1 F 0 F 0 0 0 1 
1 0 # 0 0 1 0 1 
1 0 0 0 0 0 0 1 
1 0 F # 0 0 0 1 
1 1 1 1 1 1 1 1 
p64 p35 T7

Map8
1 1 1 1 1 1 1 1 
1 1 0 0 0 0 0 1 
1 0 0 1 0 0 0 1 
1 0 1 # 0 0 0 1 
1 0 0 0 0 0 0 1 
S F 0 0 # 1 0 1 
1 0 0 1 0 0 # 1 
1 1 G 1 1 1 1 1 
p41 p34 T8

Map8
1 1 1 1 1 1 1 1 
1 0 0 0 0 0 0 1 
1 0 0 # 0 F # 1 
1 0 # 0 0 H # 1 
1 0 1 0 0 0 0 G 
1 H 0 H 0 0 # S 
1 0 # 0 # H 0 1 
1 1 1 1 1 1 1 1 
p51 R45 T6

Map8
1 1 1 1 1 1 1 1 
1 0 0 1 0 0 0 1 
1 0 0 0 0 0 0 1 
1 0 H 0 0 H 0 S 
1 0 0 0 0 0 0 1 
1 0 0 0 0 0 0 1 
1 0 H 0 0 0 F 1 
1 1 1 1 1 G 1 1 
p43 U64 T6

Map8
1 1 1 1 1 1 1 1 
1 0 0 F 0 0 0 1 
G 0 0 # F 0 0 1 
1 1 0 0 0 F 1 1 
1 # F # # 0 # 1 
1 0 # 1 0 0 0 1 
1 0 # 0 0 # 0 1 
1 S 1 1 1 1 1 1 
p16 T7

Map8
1 1 1 1 1 1 1 1 
1 F F # # 0 # G 
S 0 1 1 0 # 1 1 
1 F 1 0 0 0 # 1 
1 F 0 0 H 0 F 1 
1 0 0 0 0 0 0 1 
1 0 0 0 0 0 H 1 
1 1 1 1 1 1 1 1 
p45 P16 T6

Map8
1 1 1 1 G 1 1 1 
1 H # 0 0 0 # 1 
1 0 F 1 0 0 # 1 
1 0 # F # # 0 1 
1 # 0 0 H 0 F 1 
1 0 0 0 # 0 F 1 
1 0 0 0 F 0 0 1 
1 S 1 1 1 1 1 1 
p63 P12 T6

Map8
1 1 G 1 1 1 1 1 
1 F 0 H 0 1 # 1 
1 H 0 0 # # 1 1 
1 0 0 # 1 H 0 1 
1 0 # 0 0 0 1 1 
1 0 H 1 0 # 0 1 
1 1 0 0 # # 0 1 
1 1 1 1 1 S 1 1 
p34 P54 T6

Map8
1 1 1 1 1 1 G 1 
1 0 0 0 0 0 0 1 
1 F # 0 # 0 0 1 
1 H 0 0 0 0 H 1 
1 0 # # 0 0 0 1 
1 1 0 0 0 0 F 1 
1 0 F 0 0 0 0 1 
1 S 1 1 1 1 1 1 
p36 T6

Map8
1 1 1 1 1 1 1 1 
1 0 F 0 0 1 0 1 
1 F 1 # 0 # 0 1 
1 1 0 0 0 F 0 S 
1 # # 1 0 H 0 1 
1 0 1 0 0 0 0 1 
1 0 1 1 H 0 F 1 
1 1 1 1 1 1 G 1 
p43 T7

Map8
1 1 1 1 1 1 1 1 
1 0 0 F 0 0 0 1 
1 0 0 0 0 0 0 G 
1 1 0 0 0 0 0 1 
1 0 1 0 1 0 0 1 
1 0 0 0 1 1 0 1 
1 0 0 0 0 1 H 1 
1 S 1 1 1 1 1 1 
p16 L41 T6

Map8
1 1 1 1 1 1 1 1 
1 0 H 1 0 0 0 1 
1 0 0 0 0 0 0 1 
1 0 0 0 0 0 0 1 
1 0 0 0 0 0 0 1 
1 # 0 0 0 H 0 G 
1 0 0 0 0 0 0 1 
1 1 1 1 1 S 1 1 
p13 L66 T6

Map8
1 1 1 1 1 1 1 1 
1 0 0 0 F 0 0 1 
1 0 F 0 0 0 0 G 
1 0 0 0 0 H # 1 
1 0 F 0 0 0 F 1 
1 0 0 # 0 0 0 1 
1 0 0 1 1 0 F S 
1 1 1 1 1 1 1 1 
p13 P54 T6

Map8
1 G 1 1 S 1 1 1 
1 0 0 H # 0 0 1 
1 H 0 # 0 0 0 1 
1 0 0 0 0 F 1 1 
1 0 H 0 0 0 0 1 
1 0 # # 0 0 0 1 
1 0 0 1 F 0 0 1 
1 1 1 1 1 1 1 1 
p33 P44 T6

Map8
1 1 1 1 1 1 1 1 
G # 0 H 1 F 0 1 
1 H 0 0 # F 1 1 
1 H 0 0 F 0 0 1 
1 0 0 0 0 0 0 1 
1 0 0 0 0 F 0 1 
S 0 F 0 0 # # 1 
1 1 1 1 1 1 1 1 
p34 P63 T6

Map8
1 1 1 1 1 1 1 1 
1 1 0 0 0 1 1 1 
1 0 0 0 0 # 1 1 
1 0 H 0 0 H 0 1 
1 0 1 F H 0 H 1 
1 0 1 0 0 0 0 1 
1 0 # 1 H 0 0 1 
1 G 1 1 1 S 1 1 
p33 P54 T6

Map8
1 1 1 1 1 1 1 1 
1 1 0 0 0 0 0 1 
1 1 0 0 0 0 # 1 
1 0 0 1 0 0 0 1 
1 0 0 0 0 0 1 1 
1 0 0 0 0 0 0 1 
1 F 0 0 # 1 0 G 
1 1 1 1 S 1 1 1 
p41 T7

Map8
1 1 1 1 S 1 1 1 
G 0 0 0 # 0 0 1 
1 # 1 0 H # 0 1 
1 0 0 0 # 0 0 1 
1 # 0 # 0 0 0 1 
1 0 H 0 0 F 0 1 
1 0 # H 0 0 0 1 
1 1 1 1 1 1 1 1 
p62 R31 T6

Map8
1 1 1 1 1 1 1 1 
1 H 1 0 1 # 0 1 
1 0 0 F H 0 0 1 
1 0 0 # # # 0 1 
1 # 1 0 0 0 0 1 
1 0 0 1 # F 1 1 
1 0 1 0 1 0 0 1 
1 G 1 1 1 1 S 1 
p54 T6

Map8
1 1 1 1 1 1 1 1 
1 # 0 0 0 1 # 1 
1 0 0 0 F 0 0 G 
1 0 0 # 0 # # 1 
1 0 0 0 0 F 0 1 
1 # # 0 0 0 0 1 
1 0 # 0 0 0 0 1 
1 1 1 1 1 1 S 1 
p13 T6

Map8
1 1 1 1 1 1 1 1 
1 0 F # 0 0 0 1 
1 F 0 # 0 F 0 1 
1 # 0 0 0 1 1 1 
1 0 0 # 0 0 0 1 
1 0 F 0 0 # F 1 
1 0 0 # H # # 1 
1 S 1 1 1 1 G 1 
p33 P41 T6

Map8
1 1 1 1 1 1 1 1 
1 0 0 0 0 0 0 1 
1 1 0 0 0 0 0 1 
1 0 0 0 0 1 0 1 
1 0 0 0 0 1 0 1 
1 0 H F 1 H 0 1 
1 0 H 0 0 0 0 1 
1 G 1 1 S 1 1 1 
p51 T8

Map8
1 1 1 1 1 G 1 1 
1 # # 0 0 0 # 1 
1 0 F 0 0 F 0 1 
1 0 0 0 0 0 F 1 
1 0 0 0 F 0 # 1 
1 0 0 0 0 0 0 1 
1 0 # # 0 1 F 1 
1 1 1 1 1 1 S 1 
p14 p65 T6

Map8
1 1 1 1 1 1 G 1 
1 1 0 0 0 # 0 1 
1 # H 0 0 0 H 1 
1 0 0 0 F F 0 1 
1 0 0 0 0 F 0 1 
S 0 0 1 H 0 0 1 
1 F H 0 0 H F 1 
1 1 1 1 1 1 1 1 
p14 U34 T7

Map8
1 1 G 1 1 1 S 1 
1 # F 0 0 0 0 1 
1 0 0 0 0 0 0 1 
1 0 0 0 0 0 F 1 
1 # 0 H 0 0 0 1 
1 0 H H 0 0 0 1 
1 0 # 1 0 0 0 1 
1 1 1 1 1 1 1 1 
p32 p43 T7

Map8
1 1 1 1 1 1 1 1 
1 0 0 0 # 0 0 1 
1 0 0 0 F 1 0 1 
S F 0 0 0 0 0 1 
1 F F 1 1 H 0 1 
1 0 1 0 0 0 0 1 
G 0 0 0 1 1 # 1 
1 1 1 1 1 1 1 1 
p64 T6

Map8
1 1 G 1 1 1 1 1 
1 H 0 H 0 0 0 S 
1 H F 1 0 # # 1 
1 0 0 F 0 H 0 1 
1 0 0 1 1 # 0 1 
1 1 0 0 1 F 1 1 
1 # # 0 0 0 0 1 
1 1 1 1 1 1 1 1 
p36 P51 T7

Map8
1 S 1 1 1 1 1 1 
1 0 0 # # 0 0 1 
1 1 0 H 0 0 0 1 
1 0 H 0 # 0 0 1 
1 # 1 1 1 H 0 1 
1 0 # # 0 0 0 1 
1 # # 0 0 H 0 1 
1 1 1 1 G 1 1 1 
p55 P66 T6

Map8
1 1 S 1 1 1 1 1 
1 0 0 0 0 0 0 1 
1 0 0 1 0 0 0 G 
1 0 F 0 F 0 F 1 
1 0 0 H 0 H H 1 
1 0 0 H 0 F 0 1 
1 0 0 1 0 0 0 1 
1 1 1 1 1 1 1 1 
p41 P53 T7

Map8
1 1 1 1 1 1 1 1 
1 1 1 0 # 0 F 1 
1 0 0 1 0 0 0 S 
1 F 0 1 F 0 0 1 
1 0 0 0 0 0 1 1 
1 0 0 0 F 0 0 1 
G 0 1 F 1 0 0 1 
1 1 1 1 1 1 1 1 
p62 T8

Map8
1 1 G 1 1 1 1 1 
1 0 0 # 1 1 0 S 
1 0 0 0 0 F F 1 
1 0 # 0 0 0 0 1 
1 0 # 0 H 0 0 1 
1 0 0 0 0 0 0 1 
1 0 0 H 0 H 0 1 
1 1 1 1 1 1 1 1 
p64 p35 T6

Map8
1 1 1 1 1 1 1 1 
1 1 0 # 0 # 0 1 
1 0 0 0 0 0 0 1 
1 H 0 0 # 1 0 1 
G 0 0 0 1 1 0 1 
1 0 0 0 # # 0 1 
1 0 1 # # 0 0 1 
1 1 1 1 1 S 1 1 
p35 T6

Map8
1 1 1 1 1 1 1 1 
1 0 1 0 0 1 # 1 
1 0 0 0 F 0 0 1 
1 0 0 0 0 0 0 1 
1 0 0 F 0 0 # G 
1 1 0 0 # 0 1 1 
1 1 0 0 # 1 H 1 
1 1 1 1 S 1 1 1 
p43 T6

Map8
1 1 1 1 S G 1 1 
1 0 1 0 0 F 0 1 
1 F 0 0 0 0 0 1 
1 0 0 F 0 1 0 1 
1 0 1 1 0 0 0 1 
1 0 0 1 0 H 0 1 
1 1 # 0 0 0 0 1 
1 1 1 1 1 1 1 1 
p42 p63 T6

Map8
1 1 1 1 S 1 1 1 
1 0 0 0 # H 0 1 
1 # # 0 1 0 0 1 
1 0 0 0 F 0 0 1 
1 0 0 0 0 0 0 1 
1 0 1 0 0 0 0 1 
1 F 0 1 0 # 0 1 
1 1 1 1 1 1 G 1 
p31 T6

Map8
1 1 G 1 1 1 1 1 
1 0 0 0 0 1 0 1 
1 # 0 0 0 0 # 1 
1 1 0 0 # 0 0 1 
1 0 0 0 1 # F 1 
1 1 0 0 0 H # 1 
1 0 0 0 0 # 0 1 
1 1 1 1 1 S 1 1 
p63 R46 T9

Map8
1 1 1 1 1 1 1 1 
1 0 0 0 0 0 # 1 
1 0 1 0 0 0 H 1 
1 0 1 0 0 0 0 1 
1 0 F 0 1 H # 1 
S 0 1 0 H # 0 1 
1 0 # 0 1 0 0 G 
1 1 1 1 1 1 1 1 
p31 T8

Map8
1 1 1 1 1 1 1 1 
1 0 0 0 0 0 0 1 
1 1 1 0 0 0 0 1 
S 0 0 1 1 H H 1 
1 0 H 0 0 0 0 1 
1 0 0 0 0 0 0 1 
1 0 1 1 0 0 0 1 
1 1 1 1 1 G 1 1 
p14 p45 T7

Map8
1 1 S 1 1 1 G 1 
1 0 # 1 1 0 0 1 
1 # 0 0 0 0 0 1 
1 # 0 F 0 0 1 1 
1 H F 0 # # 0 1 
1 0 # F 0 1 1 1 
1 0 0 0 0 0 0 1 
1 1 1 1 1 1 1 1 
p26 T6

Map8
1 1 1 1 1 1 1 1 
1 1 0 0 0 0 1 1 
1 0 0 0 0 0 0 1 
S 0 0 0 1 0 0 1 
1 0 0 0 0 0 F 1 
1 F H F 0 0 0 G 
1 0 F # 0 0 0 1 
1 1 1 1 1 1 1 1 
p54 T6

Map8
1 1 1 1 1 1 1 1 
1 0 # 0 1 1 0 1 
1 0 F 0 0 0 0 G 
1 1 F 1 0 H 0 1 
1 0 0 0 1 F 0 1 
1 0 0 0 0 # 1 1 
1 F 0 F 0 0 0 1 
1 1 1 1 S 1 1 1 
p35 T7

Map8
1 1 1 1 1 1 1 1 
S 0 0 0 1 0 H 1 
1 0 H H 0 0 # 1 
1 0 0 # 0 0 0 1 
1 0 H 0 0 0 0 1 
1 0 H 0 0 0 0 1 
1 1 0 0 1 0 0 1 
1 1 1 G 1 1 1 1 
p12 P43 T6

Map8
1 1 1 1 1 1 1 1 
1 0 F 0 0 0 0 1 
1 # 0 0 0 0 0 1 
1 0 # 0 0 0 # S 
1 F F F 0 F 1 1 
1 0 0 0 0 0 0 1 
1 0 # 0 H 0 0 G 
1 1 1 1 1 1 1 1 
p41 T6

Map8
1 1 1 1 1 G S 1 
1 0 0 H H 0 0 1 
1 0 0 0 F 0 0 1 
1 0 0 # # 0 1 1 
1 0 0 0 # 0 # 1 
1 H F 0 0 0 0 1 
1 H 0 0 0 0 0 1 
1 1 1 1 1 1 1 1 
p32 p46 T7

Map8
1 1 1 1 1 G 1 1 
1 0 0 1 0 0 1 1 
1 # 0 0 1 0 # 1 
1 # 0 # 0 # 0 1 
1 # 0 0 1 # 1 1 
1 0 0 0 0 H 0 1 
1 0 F 0 0 0 0 1 
1 1 1 S 1 1 1 1 
p34 T6

Map8
1 1 1 1 1 1 S 1 
1 # 0 # 0 1 # G 
1 0 0 0 0 0 0 1 
1 0 1 0 0 0 0 1 
1 0 0 0 F # F 1 
1 0 # 0 F 0 0 1 
1 # # 0 0 0 # 1 
1 1 1 1 1 1 1 1 
p13 T7

Map8
1 1 S 1 1 1 1 1 
1 0 # 0 1 0 0 1 
1 0 0 # 0 0 F 1 
1 0 1 0 H 0 F 1 
1 0 0 0 0 0 1 1 
1 0 1 0 0 0 # G 
1 0 0 0 0 0 F 1 
1 1 1 1 1 1 1 1 
p34 T6

Map8
1 1 1 1 1 1 1 1 
1 0 0 0 0 0 0 1 
1 F # # H # 0 1 
1 H 0 0 0 0 0 1 
S 0 # F # 0 0 1 
1 0 0 # 0 0 1 1 
G 0 0 0 H 0 H 1 
1 1 1 1 1 1 1 1 
p31 T6

Map8
1 1 1 G 1 1 1 1 
1 0 0 0 # # 0 1 
1 0 0 0 0 0 0 1 
1 0 0 1 # 0 1 1 
1 0 0 0 1 0 0 1 
1 0 0 0 0 0 # 1 
1 0 0 1 0 0 # 1 
1 1 1 1 1 1 S 1 
p42 T8

Map8
1 1 1 1 1 1 1 1 
1 0 0 H # 0 H 1 
1 1 H # # 0 0 S 
1 0 0 0 # 0 # 1 
1 H 0 H 0 0 1 1 
1 0 0 0 1 0 1 1 
1 1 1 0 1 # 0 1 
1 1 1 G 1 1 1 1 
p33 P52 T7

Map8
1 1 1 S 1 G 1 1 
1 0 # 0 1 0 # 1 
1 0 0 0 0 0 F 1 
1 0 0 0 # H F 1 
1 0 0 0 0 0 0 1 
1 0 1 F 1 # 0 1 
1 0 # 0 0 F F 1 
1 1 1 1 1 1 1 1 
p15 T8

Map8
1 1 1 1 1 1 G 1 
1 0 # 0 H 0 0 1 
1 0 0 0 # 0 0 1 
1 # 0 # 0 0 # 1 
1 1 0 0 0 # 0 1 
S 0 0 # 0 0 H 1 
1 0 0 0 # 0 0 1 
1 1 1 1 1 1 1 1 
p15 L45 T6

Map8
1 1 1 1 1 1 1 1 
1 F 0 F 0 0 1 1 
1 0 0 0 0 0 0 1 
1 F 0 0 0 0 1 1 
G 0 0 1 1 0 1 1 
1 0 0 0 0 0 0 1 
1 1 # 0 1 0 0 1 
1 1 1 S 1 1 1 1 
p25 T6

Map8
1 1 G 1 1 1 1 1 
1 0 0 # 1 0 0 1 
1 0 0 0 1 0 # S 
1 0 0 0 0 0 1 1 
1 H 0 1 0 0 1 1 
1 0 0 0 0 # 1 1 
1 0 0 0 1 0 0 1 
1 1 1 1 1 1 1 1 
p52 p33 T6

Map8
1 1 1 1 1 1 1 1 
1 0 0 0 # # # 1 
S 0 # 1 0 0 0 1 
G 0 # 0 0 1 0 1 
1 H # 0 0 0 0 1 
1 # # F 0 0 H 1 
1 H 0 0 H 0 H 1 
1 1 1 1 1 1 1 1 
p31 P44 T6

Map8
1 1 1 G 1 1 1 1 
1 F 0 0 0 0 # 1 
1 0 1 0 0 0 0 1 
1 1 1 0 0 0 0 1 
1 H 0 0 # 1 F 1 
1 0 1 0 0 0 0 1 
1 1 0 F # 0 0 1 
1 1 S 1 1 1 1 1 
p63 T6

Map8
1 1 1 1 1 1 1 1 
G 0 H 0 0 0 0 1 
1 0 0 F 0 0 0 1 
1 # 0 0 0 H 0 1 
1 0 H 0 0 0 0 1 
S 0 F 0 0 0 0 1 
1 0 0 1 # 0 1 1 
1 1 1 1 1 1 1 1 
p63 T6

Map8
1 1 S 1 1 1 1 1 
1 0 0 0 0 0 0 1 
1 0 0 0 0 F F 1 
1 0 1 0 H 0 0 1 
1 H F 0 0 0 0 1 
1 0 0 0 0 0 0 1 
1 F 0 F 0 # 0 1 
1 1 1 G 1 1 1 1 
p64 p45 T8

Map8
1 1 1 G 1 1 1 1 
1 1 F 0 # 1 0 1 
1 F 0 0 # 0 1 1 
1 0 0 0 0 0 0 1 
1 # F # 0 0 0 1 
1 0 0 F 0 # 0 S 
1 0 0 0 0 0 0 1 
1 1 1 1 1 1 1 1 
p43 T7

Map8
1 1 1 1 1 1 1 1 
1 0 0 0 0 0 0 1 
1 # 0 H 1 0 0 1 
1 F 0 1 0 0 0 G 
1 0 0 0 0 H # 1 
1 0 1 0 0 0 0 1 
1 0 1 F 0 0 0 1 
1 1 1 1 1 1 S 1 
p55 p66 T6

Map8
1 1 1 1 1 1 S 1 
1 H 0 0 1 0 0 1 
1 0 0 0 0 0 0 1 
1 0 0 0 0 0 H 1 
1 0 0 0 0 0 0 G 
1 0 0 0 0 0 0 1 
1 0 0 0 0 0 0 1 
1 1 1 1 1 1 1 1 
p13 L62 T6

Map8
1 1 1 1 1 1 1 1 
1 H # H 0 # 0 1 
1 1 # # 0 0 H 1 
1 0 0 1 0 0 0 1 
1 H 0 0 0 0 H 1 
1 # 0 1 0 0 # 1 
1 0 0 0 1 0 0 1 
1 1 1 G 1 S 1 1 
p53 T6

Map8
1 1 G 1 1 1 1 1 
1 0 0 H 0 # F S 
1 0 0 0 0 0 0 1 
1 0 0 0 0 0 0 1 
1 0 0 F 0 0 H 1 
1 H F 0 0 0 0 1 
1 0 0 1 0 0 0 1 
1 1 1 1 1 1 1 1 
p32 P41 T7

Map8
1 1 1 1 1 1 1 1 
1 0 1 0 F 0 # 1 
1 0 0 F 1 0 0 1 
1 0 0 0 F 1 1 1 
1 0 0 0 0 0 0 1 
1 0 1 1 0 0 1 1 
1 F 0 0 0 F 0 1 
1 S 1 1 1 1 G 1 
p34 p15 T7

Map8
1 1 1 1 1 1 S 1 
1 0 0 0 0 H # 1 
1 # 1 0 0 0 0 G 
1 0 H 0 H H 0 1 
1 1 # F 0 # # 1 
1 H 0 0 0 0 0 1 
1 0 0 0 0 F 0 1 
1 1 1 1 1 1 1 1 
p33 p46 T6

Map8
1 1 1 G 1 1 S 1 
1 H 0 # 0 0 0 1 
1 1 0 0 0 0 0 1 
1 0 0 0 0 0 0 1 
1 0 0 0 1 0 0 1 
1 0 0 0 0 0 0 1 
1 0 0 0 1 0 # 1 
1 1 1 1 1 1 1 1 
p61 T6

Map8
1 1 1 S 1 1 1 1 
1 # 0 0 1 H F 1 
1 0 0 0 0 0 F 1 
1 0 0 1 F 0 0 1 
1 # 0 0 0 0 0 1 
1 0 0 F 0 0 H 1 
1 0 0 0 H 0 0 1 
1 1 1 1 1 1 G 1 
p13 P64 T8

Map8
1 1 1 1 1 1 1 1 
1 # 0 0 0 0 0 S 
G F 0 0 0 0 # 1 
1 F 0 0 0 # F 1 
1 # 0 0 0 0 0 1 
1 0 F 0 0 0 0 1 
1 0 1 0 F 0 0 1 
1 1 1 1 1 1 1 1 
p61 T6

Map8
1 1 1 1 1 1 1 1 
1 0 0 F # 0 0 1 
1 0 0 F 0 0 1 1 
G 0 0 0 0 H 0 1 
1 1 0 0 0 0 0 1 
1 1 # 0 0 0 # 1 
1 0 # 0 0 0 # S 
1 1 1 1 1 1 1 1 
p36 T6

Map8
1 G 1 1 1 1 1 1 
1 0 0 0 1 1 0 1 
1 0 # 0 0 F F 1 
1 0 1 0 1 1 0 1 
1 0 0 0 0 1 0 1 
1 1 0 F 0 0 F 1 
1 0 0 0 0 0 0 1 
1 1 1 1 1 1 S 1 
p36 D64 T6

Map8
1 1 1 1 1 1 1 1 
G 0 0 H 0 0 H 1 
1 # F 1 H 0 0 1 
1 H 0 F H 0 0 1 
1 0 0 0 0 0 1 1 
1 F 0 1 0 0 0 1 
1 0 F 0 0 0 0 1 
1 1 1 1 1 S 1 1 
p34 p55 T6

Map8
1 1 1 1 S 1 1 1 
1 0 0 1 # 0 # 1 
1 0 0 0 0 # 0 1 
1 0 F 1 H 0 # 1 
1 0 # 0 0 1 0 1 
1 0 F # 0 0 0 1 
1 # 0 1 0 # 0 1 
1 1 G 1 1 1 1 1 
p64 R32 T7

Map8
1 1 1 1 1 G 1 1 
1 0 0 0 F 0 0 1 
1 1 0 H 0 0 F 1 
1 0 # # 0 F 0 1 
1 0 0 0 F 0 0 1 
1 0 F 0 # 1 0 S 
1 0 0 0 0 0 0 1 
1 1 1 1 1 1 1 1 
p15 P64 T7

Map8
1 S 1 1 1 G 1 1 
1 0 0 0 1 0 # 1 
1 # 0 0 # 0 0 1 
1 0 0 # 0 0 H 1 
1 0 0 0 0 # H 1 
1 0 0 H 0 H # 1 
1 0 # 0 0 H 0 1 
1 1 1 1 1 1 1 1 
p11 T6

Map8
1 1 1 G 1 1 1 1 
1 H # 0 0 0 0 1 
1 0 F 0 0 0 0 1 
1 H 0 # 0 0 0 1 
1 # 0 0 0 0 0 1 
S 0 0 0 H 0 1 1 
1 F 0 0 0 0 0 1 
1 1 1 1 1 1 1 1 
p24 P35 T6

Map8
1 1 1 1 1 1 1 1 
G # 0 1 0 0 0 1 
1 0 0 0 0 1 F 1 
1 0 0 0 0 0 0 1 
1 0 0 0 H 0 0 1 
1 1 1 0 0 # 0 1 
S # 0 # 0 0 0 1 
1 1 1 1 1 1 1 1 
p26 T6

Map8
1 1 1 1 1 1 1 1 
1 F H 1 0 0 F S 
1 0 F H 0 H 1 1 
1 H 0 F 0 H 0 G 
1 0 0 0 0 0 # 1 
1 0 0 # F 0 0 1 
1 # 0 0 0 1 0 1 
1 1 1 1 1 1 1 1 
p36 P23 T8

Map8
1 1 1 1 G 1 1 1 
1 0 0 1 F # 0 1 
1 1 0 F 0 0 0 1 
1 0 0 0 F 0 0 1 
1 0 0 0 0 1 0 S 
1 # 0 0 1 0 0 1 
1 1 0 0 1 0 1 1 
1 1 1 1 1 1 1 1 
p63 R14 T6

Map8
1 G 1 1 1 1 S 1 
1 0 0 1 F F 0 1 
1 1 0 0 H 0 0 1 
1 # F 0 0 1 0 1 
1 0 0 F 0 0 0 1 
1 1 0 0 0 F 0 1 
1 0 1 1 0 0 0 1 
1 1 1 1 1 1 1 1 
p64 T6

Map8
1 1 1 1 1 S 1 1 
G # 0 1 0 0 0 1 
1 0 0 # 0 F 0 1 
1 0 F 0 0 # 0 1 
1 F 0 1 H 0 0 1 
1 0 1 F 0 0 0 1 
1 1 0 0 # 0 # 1 
1 1 1 1 1 1 1 1 
p64 T7

Map8
1 1 1 1 1 1 1 1 
1 0 0 1 1 0 0 1 
1 1 # 0 0 # F 1 
1 0 F 0 1 1 0 1 
1 F 1 F 0 1 0 1 
1 0 0 0 0 0 # 1 
1 0 0 0 0 F 0 1 
1 S 1 1 1 G 1 1 
p45 P36 T6

Map8
1 1 S 1 1 1 1 1 
1 0 # 0 0 0 F 1 
1 1 # F 0 0 # G 
1 # 0 0 0 0 0 1 
1 # 0 1 1 # 0 1 
1 0 0 0 0 0 0 1 
1 0 # 0 0 # 0 1 
1 1 1 1 1 1 1 1 
p53 p46 T6

Map8
1 1 1 1 1 S 1 1 
1 0 0 0 0 0 1 1 
1 H 0 H 1 0 0 1 
1 0 F 0 0 0 0 G 
1 0 0 0 F 0 0 1 
1 H 0 0 1 F # 1 
1 1 0 0 0 0 H 1 
1 1 1 1 1 1 1 1 
p54 T6

Map8
1 1 1 1 1 1 1 1 
1 H 1 0 1 0 0 S 
1 0 0 0 1 0 0 1 
1 0 0 # 0 0 # 1 
1 H 1 0 # # 1 1 
1 0 # 0 0 0 0 1 
G F 0 0 1 1 0 1 
1 1 1 1 1 1 1 1 
p53 T6

Map8
1 1 1 1 1 1 1 1 
1 1 0 0 # 0 0 1 
1 0 0 0 0 0 0 S 
1 1 0 0 0 0 # 1 
1 0 0 H 0 1 0 1 
1 0 0 0 # 0 1 1 
1 0 0 H 0 0 0 1 
1 1 1 1 1 G 1 1 
p24 T8

Map8
1 1 1 1 1 1 1 1 
1 0 0 1 1 F F 1 
1 0 0 0 # 0 H 1 
1 # 0 0 0 0 0 S 
1 0 0 # 0 1 # 1 
1 1 0 # 0 # 0 1 
1 0 0 0 0 0 H 1 
1 1 1 1 1 G 1 1 
p24 p45 T8

Map8
1 1 1 1 1 1 1 1 
1 0 0 0 H # F 1 
1 1 # H 0 1 0 1 
1 0 H H 0 # 0 S 
G 0 0 # 0 0 0 1 
1 # 0 0 0 0 0 1 
1 H # 0 0 0 1 1 
1 1 1 1 1 1 1 1 
p55 R43 T6

Map8
1 1 1 1 1 S 1 1 
1 H # F 0 F 0 1 
1 # 0 0 0 0 0 1 
G 0 0 0 H 0 0 1 
1 1 0 H 0 0 1 1 
1 1 # 0 H 0 0 1 
1 0 0 0 0 0 F 1 
1 1 1 1 1 1 1 1 
p24 p36 T6
