Map8
1 1 1 1 G 1 1 1 
1 0 0 0 0 0 1 1 
1 0 0 H 0 0 0 1 
1 0 0 0 0 0 # 1 
1 0 0 # 1 0 0 1 
1 0 0 F F 0 # 1 
1 0 # 1 0 F 0 S 
1 1 1 1 1 1 1 1 
p53 p64 R46 T6

Map8
1 1 G S 1 1 1 1 
1 0 F 0 0 0 # 1 
1 0 # 0 # 0 0 1 
1 1 0 H 0 0 0 1 
1 1 # 0 0 0 # 1 
1 F # # H H 0 1 
1 0 0 F F F 0 1 
1 1 1 1 1 1 1 1 
p12 L32 L65 T7

Map8
1 1 1 1 1 1 1 1 
1 H # 1 0 0 0 1 
1 H 0 0 0 0 0 1 
1 # F # 0 F 1 1 
1 0 H 0 0 0 0 G 
S 0 F H 0 H 1 1 
1 0 0 0 0 0 0 1 
1 1 1 1 1 1 1 1 
p45 p36 D14 T6

Map8
1 1 1 1 1 1 1 1 
1 0 # F F # 0 1 
1 0 # 0 0 0 0 1 
G 0 # # 1 # 0 1 
1 F 0 0 0 0 0 S 
1 0 0 0 0 # 1 1 
1 # 0 H 0 0 0 1 
1 1 1 1 1 1 1 1 
p32 p63 P24 T8

Map8
1 S 1 1 1 1 1 1 
1 0 # 0 0 0 0 1 
1 1 # 1 0 0 H 1 
1 0 1 F 0 0 0 1 
1 F 0 0 F 0 H 1 
1 1 0 # 1 0 0 1 
1 1 0 0 0 F 0 1 
1 1 1 1 1 1 G 1 
p41 P24 P55 T8

Map8
1 1 1 1 1 1 S 1 
1 1 0 0 0 F 0 1 
1 1 0 0 F 0 0 1 
1 1 0 0 # 0 H 1 
1 1 1 0 0 0 0 G 
1 1 0 0 0 F 1 1 
1 1 1 1 1 1 1 1 
1 1 1 1 1 1 1 1 
p41 p33 P62 T6

Map8
1 1 1 1 1 1 1 1 
1 0 1 0 # 1 1 1 
S 0 # 0 H 0 0 1 
1 0 # 0 0 0 0 1 
1 # 0 # # F 1 1 
1 0 1 0 F 1 0 1 
1 # H 0 0 F 0 G 
1 1 1 1 1 1 1 1 
p12 P32 p33 T8

Map8
1 1 1 G 1 1 1 1 
1 # 1 F 0 # 0 1 
1 0 0 0 0 0 0 1 
1 F 1 H 0 0 0 1 
1 F # # 0 # 0 1 
1 1 0 0 0 0 0 1 
S 0 0 0 1 1 0 1 
1 1 1 1 1 1 1 1 
p42 R25 P61 T6

Map8
1 1 1 1 G 1 1 1 
S 0 1 1 F 0 # 1 
1 0 0 0 F 1 # 1 
1 1 0 0 0 0 0 1 
1 0 # 0 0 0 0 1 
1 1 0 1 0 H 0 1 
1 0 # # 1 0 0 1 
1 1 1 1 1 1 1 1 
p22 P32 p33 T8

Map8
1 1 1 1 1 1 1 1 
1 1 1 1 1 S 1 1 
1 0 0 F 0 0 1 1 
1 0 0 0 0 0 1 1 
1 0 1 0 0 # 1 1 
1 # 1 0 0 H 1 1 
1 H 0 F 0 0 1 1 
1 1 1 G 1 1 1 1 
p23 P12 P53 T6

Map8
1 1 1 1 1 1 1 1 
1 0 0 0 F 0 0 1 
1 0 H 0 # 0 0 S 
1 0 0 # F 0 0 1 
1 0 0 1 1 0 0 1 
1 # 0 0 F 0 0 1 
1 H # 0 1 1 H 1 
1 1 G 1 1 1 1 1 
p62 P13 R32 T6

Map8
1 1 1 1 1 1 1 1 
1 1 1 G 1 1 1 1 
1 0 H 0 H 0 1 1 
1 0 0 0 # # 1 1 
S # # 0 H 0 1 1 
1 1 0 0 # 1 1 1 
1 0 0 0 1 0 1 1 
1 1 1 1 1 1 1 1 
p23 P12 L34 T5

Map8
1 1 1 1 1 1 1 1 
1 1 0 F 1 0 1 1 
1 1 0 # 0 0 1 1 
1 0 1 F H 0 S 1 
1 0 0 0 0 0 1 1 
G 0 F 0 H H 1 1 
1 1 1 1 1 1 1 1 
1 1 1 1 1 1 1 1 
p51 U54 P22 T5

Map8
1 1 1 1 1 G 1 1 
1 # 0 F # 0 1 1 
1 0 0 0 0 F H 1 
1 0 # 0 # 0 0 1 
1 H # 0 0 H H 1 
1 0 # 0 # 0 0 1 
1 1 F # 0 0 0 1 
1 1 1 1 1 1 S 1 
p15 P46 L65 T7

Map8
1 1 1 1 G 1 1 1 
1 1 F H 0 H 0 1 
1 1 0 0 0 0 0 1 
1 1 0 0 0 # 0 1 
1 1 0 H 0 0 0 1 
1 1 0 0 # # 0 1 
1 1 1 1 1 S 1 1 
1 1 1 1 1 1 1 1 
p54 D52 p35 T6

Map8
1 1 1 1 1 1 1 1 
1 0 F 0 0 0 F 1 
1 0 0 0 0 0 0 1 
1 0 F 1 1 0 1 1 
1 F # 0 0 0 0 G 
1 0 # # 0 0 H 1 
1 F 0 0 0 0 0 1 
1 S 1 1 1 1 1 1 
p42 p13 P55 T6

Map8
1 1 1 1 1 1 1 1 
1 1 1 1 1 1 1 1 
1 1 0 0 # 0 0 1 
1 G 0 0 0 0 0 1 
1 1 # 0 1 H 0 S 
1 1 H F 0 0 0 1 
1 1 0 0 # 0 0 1 
1 1 1 1 1 1 1 1 
p34 P26 D63 T5

Map8
1 S 1 1 1 1 1 1 
1 0 0 0 # H 0 1 
1 1 0 0 0 0 H 1 
1 H 1 0 0 0 H 1 
1 F 0 0 0 1 H 1 
G 0 0 0 F # 0 1 
1 0 0 0 # 0 # 1 
1 1 1 1 1 1 1 1 
p34 P31 P42 T7

Map8
1 1 1 1 1 1 1 1 
1 1 0 1 0 0 0 1 
1 0 0 H 1 0 0 G 
1 0 0 H F 0 0 1 
1 0 0 # # # 1 1 
1 F 0 # # F 0 1 
1 1 0 H F 0 # 1 
1 1 1 1 1 1 S 1 
p53 R24 P25 T6

Map8
1 1 1 1 1 1 1 1 
1 1 0 0 # 0 # 1 
1 G 0 0 0 F 0 1 
1 1 F 0 0 # # 1 
1 1 1 F F 0 # S 
1 1 H 0 0 F F 1 
1 1 1 1 1 1 1 1 
1 1 1 1 1 1 1 1 
p51 P43 P54 T6

Map8
1 1 1 1 1 1 1 1 
1 1 G 1 1 S 1 1 
1 0 0 F 1 0 1 1 
1 0 0 0 0 0 1 1 
1 0 0 # 0 F 1 1 
1 0 0 0 # 0 1 1 
1 H 0 # H F 1 1 
1 1 1 1 1 1 1 1 
p52 p33 U55 T4

Map8
1 1 1 1 1 1 1 1 
G 0 0 0 F H 0 1 
1 0 0 0 0 F 0 1 
1 0 0 H # 0 1 1 
1 H 0 0 # 0 0 1 
1 0 0 F 0 0 # 1 
1 1 1 0 0 0 0 1 
1 1 1 S 1 1 1 1 
p64 R24 L62 T5

Map8
1 1 1 1 G 1 1 1 
1 0 1 0 0 0 # 1 
1 0 H 0 0 # 1 1 
1 0 0 1 0 0 0 1 
S # 0 H 0 H H 1 
1 H 0 F # 1 0 1 
1 0 # 0 # F 0 1 
1 1 1 1 1 1 1 1 
p36 L66 D23 T3

Map8
1 1 1 1 1 1 1 1 
1 # 0 0 0 0 1 1 
1 0 # 0 H 0 S 1 
1 H F 0 # 0 1 1 
1 0 0 F F F G 1 
1 0 0 0 0 F 1 1 
1 1 1 1 1 1 1 1 
1 1 1 1 1 1 1 1 
p31 P25 U53 T5

Map8
1 1 1 1 1 1 S 1 
1 0 0 0 F H 0 1 
1 0 0 0 F 0 0 1 
1 0 0 0 0 0 0 1 
1 1 # 0 H F # 1 
1 0 F 0 1 1 0 1 
1 # H H # 0 1 1 
1 G 1 1 1 1 1 1 
p61 D21 L35 T4

Map8
1 1 1 1 S 1 1 1 
1 1 0 0 0 H 0 1 
1 1 0 F F H 0 1 
1 1 0 0 0 H 0 1 
1 1 0 0 0 0 0 1 
1 1 0 0 F 0 F 1 
1 1 1 1 1 G 1 1 
1 1 1 1 1 1 1 1 
p23 U43 p44 T7

Map8
1 S 1 1 1 1 1 1 
1 F 0 1 1 1 0 1 
1 0 0 H F 1 0 1 
1 0 0 0 0 0 0 1 
1 H # # F 0 0 1 
1 H 0 H 0 H 0 1 
1 0 # # 1 1 0 G 
1 1 1 1 1 1 1 1 
p23 D21 P13 T6

Map8
1 1 1 1 1 G 1 1 
1 0 1 0 H 0 H 1 
1 0 # 0 # 0 0 1 
1 # 0 F 0 0 0 1 
1 F F 0 0 0 0 1 
1 F 0 H 0 0 1 1 
1 0 F 0 0 # H 1 
1 1 1 S 1 1 1 1 
p43 P12 L46 T5

Map8
1 1 1 1 1 1 1 1 
1 1 # 0 0 0 # 1 
1 H 1 0 # 0 1 1 
1 F 0 0 0 0 # 1 
1 0 0 0 0 H # 1 
S 0 1 0 0 0 0 1 
1 0 F 0 # 0 # 1 
1 1 1 1 1 G 1 1 
p36 R35 P65 T6

Map8
1 1 1 1 1 1 1 1 
1 1 1 1 1 1 1 1 
1 1 1 0 0 0 1 1 
1 F F 0 0 F G 1 
1 0 F F 0 0 S 1 
1 F 0 0 0 0 1 1 
1 1 0 0 0 0 1 1 
1 1 1 1 1 1 1 1 
p46 P32 P44 T6

Map8
1 1 1 1 1 1 1 1 
1 1 1 1 1 1 1 1 
1 0 0 # H F 1 1 
1 1 F 0 0 0 G 1 
1 F 1 0 0 H 1 1 
1 1 0 0 0 1 1 1 
1 F H 0 0 # S 1 
1 1 1 1 1 1 1 1 
p34 U36 P44 T5

Map10
1 1 1 1 1 S 1 G 1 1 
1 1 0 0 F F 0 0 0 1 
1 1 F 0 0 1 0 # 0 1 
1 1 1 0 0 0 F 0 F 1 
1 1 # 0 1 0 0 0 0 1 
1 1 0 # 0 # 1 0 0 1 
1 1 1 1 0 0 1 0 H 1 
1 1 0 1 0 0 0 0 0 1 
1 1 1 1 1 1 1 1 1 1 
1 1 1 1 1 1 1 1 1 1 
p67 L61 P21 T7

Map10
1 1 1 1 1 1 1 1 1 1 
1 1 1 1 1 1 1 1 1 1 
1 1 S 1 1 G 1 1 1 1 
1 1 0 0 0 # F 1 1 1 
1 1 # 0 0 0 0 1 1 1 
1 1 0 H 0 0 # 1 1 1 
1 1 H # 0 0 0 1 1 1 
1 1 0 0 # 1 0 1 1 1 
1 1 1 1 1 1 1 1 1 1 
1 1 1 1 1 1 1 1 1 1 
p23 U25 p44 T4

Map10
1 1 1 1 1 1 1 1 1 1 
1 1 1 1 1 1 1 G 1 1 
1 S 0 0 0 # F F 0 1 
1 1 # 0 # # 1 0 0 1 
1 1 0 0 F 0 0 0 # 1 
1 1 F # 0 0 0 H H 1 
1 1 0 0 0 0 0 1 0 1 
1 1 0 # 0 0 0 0 0 1 
1 1 # F 0 F 0 H 0 1 
1 1 1 1 1 1 1 1 1 1 
p64 R24 P42 T4

Map10
1 1 1 1 1 1 1 1 1 1 
1 1 1 1 1 1 1 1 1 1 
1 1 0 1 0 0 0 0 S 1 
1 # 0 0 H 0 0 0 1 1 
G 0 # 0 0 H 0 0 1 1 
1 # 0 H F # # 0 1 1 
1 0 0 0 0 0 # 0 1 1 
1 1 1 0 0 0 0 0 1 1 
1 0 0 0 1 F 0 0 1 1 
1 1 1 1 1 1 1 1 1 1 
p75 L34 P16 T6

Map10
1 1 1 1 1 1 1 1 1 1 
1 1 1 1 1 1 1 1 1 1 
1 1 # 0 0 H 1 0 # 1 
1 1 # H 0 0 0 0 H 1 
1 1 0 0 0 0 H 0 0 1 
1 1 0 0 H 0 0 0 # 1 
1 G 0 0 F # 0 0 0 1 
1 S 0 F # 0 # # F 1 
1 1 1 0 0 # 1 1 0 1 
1 1 1 1 1 1 1 1 1 1 
p57 D76 P65 T4

Map10
1 1 1 1 1 1 1 1 1 1 
1 1 0 0 1 F 0 H 0 1 
1 G 0 0 # 1 H 0 0 1 
1 1 H 0 0 1 1 # 0 1 
1 1 0 0 0 0 0 0 0 1 
1 1 0 0 0 0 1 0 0 1 
1 1 1 0 0 1 0 0 0 1 
1 1 0 F 0 F 0 0 0 1 
1 1 1 1 1 S 1 1 1 1 
1 1 1 1 1 1 1 1 1 1 
p85 R47 U45 T5

Map10
1 1 1 1 1 1 1 1 1 1 
1 0 0 0 F # 0 0 1 1 
1 0 0 # # # 0 # 1 1 
1 0 0 1 0 0 0 0 1 1 
1 0 0 0 0 0 0 0 1 1 
1 0 H # 1 # # 0 1 1 
1 # 0 # 0 0 0 0 1 1 
1 0 0 # F F 0 F 1 1 
1 1 S G 1 1 1 1 1 1 
1 1 1 1 1 1 1 1 1 1 
p24 D26 P13 T6

Map10
1 1 1 1 1 1 1 1 1 1 
1 1 0 0 0 # 0 0 1 1 
1 0 F 0 F # F # S 1 
1 F 0 0 F 0 1 1 1 1 
1 0 0 # # F 0 # 1 1 
1 0 0 F 0 0 0 F 1 1 
1 0 F 0 0 0 0 0 1 1 
1 H F 0 # 0 F # 1 1 
1 1 1 1 1 1 G 1 1 1 
1 1 1 1 1 1 1 1 1 1 
p56 U33 R16 T5

Map10
1 1 1 1 1 1 1 1 1 1 
1 1 1 1 1 1 1 1 1 1 
1 1 0 0 0 0 1 0 1 1 
1 G 0 0 0 0 1 0 1 1 
1 1 0 0 1 0 0 0 1 1 
1 1 0 1 0 0 H 0 1 1 
1 1 0 F 1 F F 0 1 1 
1 1 0 0 0 0 0 0 1 1 
1 1 1 S 1 1 1 1 1 1 
1 1 1 1 1 1 1 1 1 1 
p54 R27 p47 T5

Map10
1 1 1 1 1 1 1 1 1 1 
1 1 1 1 1 S 1 1 1 1 
1 1 0 0 0 0 0 0 0 1 
1 1 H 0 0 H 0 0 # 1 
1 1 0 0 0 F 0 F F 1 
1 1 0 0 H 0 F 0 0 1 
1 1 0 0 F 1 0 0 0 1 
1 G # 0 1 0 0 0 H 1 
1 1 H 0 0 0 F F 0 1 
1 1 1 1 1 1 1 1 1 1 
p22 R38 L62 T4

Map8
1 S 1 1 1 1 G 1 
1 0 0 H # 0 0 1 
1 0 0 0 0 H 1 1 
1 0 0 0 # F 0 1 
1 0 0 H 0 0 0 1 
1 0 0 0 1 1 0 1 
1 0 0 # 0 0 H 1 
1 1 1 1 1 1 1 1 
p33 L63 P14 T5

Map8
1 1 1 1 1 1 1 1 
S 0 0 0 # 0 F 1 
1 0 0 0 0 H 1 1 
1 0 1 0 0 0 0 G 
1 0 0 0 0 # 0 1 
1 0 0 0 0 0 # 1 
1 H H 0 0 # H 1 
1 1 1 1 1 1 1 1 
p21 L51 p32 T4

Map8
1 1 S 1 1 1 1 1 
1 H # 0 0 1 0 1 
G 0 0 0 # # F 1 
1 0 F 0 # F 1 1 
1 0 0 1 0 1 F 1 
1 0 0 0 0 0 0 1 
1 # 0 0 0 F # 1 
1 1 1 1 1 1 1 1 
p35 R15 P41 T4

Map8
1 1 G 1 1 1 1 1 
1 H 0 1 # 0 0 1 
1 0 0 0 F 0 0 1 
1 0 0 F 0 0 1 1 
1 0 1 0 0 0 1 1 
1 0 0 0 0 0 0 1 
1 0 H 0 0 0 0 S 
1 1 1 1 1 1 1 1 
p32 R36 p66 T7

Map8
1 1 1 1 G 1 1 1 
1 0 0 0 # 0 F 1 
1 H F 0 # 1 0 1 
1 0 H 0 0 0 0 1 
1 0 0 0 0 0 0 1 
1 0 0 H 0 0 0 1 
1 0 # 0 0 0 F 1 
1 1 1 S 1 1 1 1 
p34 L46 P13 T5

Map8
1 1 1 1 1 1 G 1 
1 H # 0 0 0 0 1 
1 0 0 0 0 0 1 1 
1 0 0 H H 0 0 S 
1 0 # 0 0 0 0 1 
1 0 H H 1 0 0 1 
1 0 0 0 # 0 0 1 
1 1 1 1 1 1 1 1 
p63 D52 p34 T8

Map8
1 S 1 1 1 1 1 1 
1 0 # 0 0 0 # 1 
1 F 0 0 0 # 1 1 
1 0 F 0 0 0 # 1 
G F # 0 0 0 # 1 
1 0 F # 0 F 0 1 
1 0 0 0 H 1 0 1 
1 1 1 1 1 1 1 1 
p31 U13 P45 T5

Map8
1 1 1 1 1 1 1 1 
1 1 S 1 1 1 1 1 
1 1 0 0 H 0 H 1 
1 1 0 1 0 0 # G 
1 1 0 1 0 0 0 1 
1 1 0 0 0 # 0 1 
1 1 0 1 0 0 0 1 
1 1 1 1 1 1 1 1 
p52 U56 P26 T4

Map8
1 1 1 1 1 1 1 1 
1 1 0 0 1 # 0 1 
1 0 1 0 0 # # 1 
S 0 1 0 0 # 0 1 
1 F 0 # 1 0 1 1 
1 0 0 0 F # F 1 
1 0 F 1 0 0 0 G 
1 1 1 1 1 1 1 1 
p31 L16 U35 T11

Map8
1 1 1 1 1 1 1 1 
1 1 1 1 1 1 1 1 
1 1 F 0 0 0 1 1 
1 1 0 0 0 0 1 1 
1 1 F 0 1 F S 1 
1 1 0 0 F 0 1 1 
1 1 1 G 1 1 1 1 
1 1 1 1 1 1 1 1 
p43 U55 P52 T4

Map8
1 1 1 1 1 1 1 1 
1 0 0 0 0 0 F 1 
S F 0 0 H 1 0 1 
1 0 F 0 H 0 1 1 
1 0 0 0 1 0 H 1 
1 0 H 0 0 0 0 1 
1 0 0 0 0 0 0 1 
1 1 1 G 1 1 1 1 
p13 L33 P32 T6

Map8
1 1 1 1 1 1 1 1 
1 1 1 1 1 1 1 1 
1 1 0 1 H 0 # 1 
1 1 # # 0 0 0 1 
1 1 0 0 0 0 F 1 
1 1 0 H 0 0 # G 
1 1 # 0 0 0 0 1 
1 1 1 S 1 1 1 1 
p24 L46 P53 T6

Map8
1 1 1 1 1 1 1 1 
1 1 1 1 1 1 1 1 
1 1 H 0 0 0 0 1 
1 1 0 0 1 0 0 1 
1 1 0 # 0 0 0 1 
1 1 H 0 0 H 0 1 
1 1 0 0 0 0 # 1 
1 1 1 G 1 S 1 1 
p65 D33 R46 T4

Map8
1 1 1 1 1 S 1 1 
1 F 0 # 0 F 0 1 
1 0 H # 0 1 0 1 
1 0 0 0 # 0 # 1 
1 1 1 0 0 1 # 1 
1 F # 0 F 0 1 1 
1 F 0 0 0 0 0 1 
1 1 1 1 G 1 1 1 
p62 D42 R41 T4

Map8
1 1 1 1 1 S 1 1 
1 0 0 H 0 0 0 1 
1 0 0 0 0 H 0 1 
1 1 0 0 0 0 0 1 
1 0 0 0 0 0 0 1 
1 0 # 0 0 0 0 1 
1 0 0 F 0 0 0 1 
1 1 1 G 1 1 1 1 
p62 R41 P23 T5

Map8
1 1 1 1 1 S 1 1 
1 0 0 0 0 0 0 1 
1 0 0 1 H 0 1 1 
1 H 0 0 H H 0 G 
1 0 0 0 H 1 # 1 
1 0 0 0 # 0 0 1 
1 0 # 1 1 0 0 1 
1 1 1 1 1 1 1 1 
p24 L61 P11 T6

Map8
1 1 1 1 S 1 1 1 
1 0 H 0 0 H 0 1 
1 0 0 0 0 0 H 1 
1 # # F F H 1 1 
1 # 0 # F 0 0 1 
G 0 0 H 0 0 0 1 
1 F 0 0 0 F 0 1 
1 1 1 1 1 1 1 1 
p12 R26 L52 T4

Map8
1 1 1 1 1 1 1 1 
1 0 H H 0 0 0 1 
1 F 0 0 0 0 0 1 
1 0 0 1 F 0 0 1 
1 0 0 0 0 H 0 S 
1 0 1 0 1 F 0 1 
G 0 0 0 1 # 0 1 
1 1 1 1 1 1 1 1 
p61 U65 D11 T4

Map8
1 1 1 1 1 1 1 1 
1 0 F 1 F 0 1 1 
1 0 F 0 1 F S 1 
1 # 0 0 0 0 1 1 
1 F F 0 # # 1 1 
1 0 0 0 1 0 1 1 
1 1 G 1 1 1 1 1 
1 1 1 1 1 1 1 1 
p53 D51 U35 T7

Map8
1 S 1 1 1 1 1 1 
1 # 0 F 0 F # 1 
1 0 1 0 0 F 0 G 
1 0 0 0 # 0 H 1 
1 0 0 # 0 # 0 1 
1 0 0 H 1 0 1 1 
1 # H F 1 0 0 1 
1 1 1 1 1 1 1 1 
p41 U44 L14 T4

Map8
1 1 1 1 1 1 1 1 
1 F H 0 0 0 1 1 
1 0 0 0 0 0 G 1 
1 0 0 0 0 H 1 1 
1 0 0 0 0 0 1 1 
1 0 0 0 0 0 1 1 
1 S 1 1 1 1 1 1 
1 1 1 1 1 1 1 1 
p31 U34 P12 T4

Map8
1 1 1 1 1 1 1 1 
1 1 0 0 0 0 0 1 
1 1 0 0 0 H 0 1 
1 1 H 0 0 H 0 S 
1 1 0 0 F 0 0 1 
1 1 F 0 0 0 0 1 
1 1 1 1 1 G 1 1 
1 1 1 1 1 1 1 1 
p41 R24 U64 T5

Map8
1 1 1 1 1 1 1 1 
1 0 1 0 0 H 1 1 
1 0 0 0 0 0 0 1 
1 0 H 0 # 0 F 1 
1 0 F 0 0 0 H 1 
1 0 F 0 F 0 0 1 
1 0 0 # 0 F 0 1 
1 1 1 1 G S 1 1 
p13 D52 p55 T6

Map8
1 1 1 1 1 1 1 1 
1 F 1 0 0 0 1 1 
S 0 # F 1 0 # 1 
1 1 0 0 0 F 0 1 
1 # 0 0 1 0 F 1 
1 0 0 0 0 0 0 1 
1 0 F # 0 0 0 1 
1 1 G 1 1 1 1 1 
p54 U33 p35 T7

Map8
1 1 1 1 1 1 1 1 
1 1 1 1 1 1 1 1 
G # 1 0 F 1 1 1 
1 0 # # 0 0 1 1 
1 # 0 0 1 H 1 1 
1 0 1 # 0 0 1 1 
1 0 H 0 0 0 1 1 
1 1 1 1 1 S 1 1 
p32 U36 L55 T7

Map8
1 1 S 1 1 1 1 1 
1 H 0 0 0 0 1 1 
1 0 0 1 0 0 0 1 
1 # H F 0 0 H 1 
1 0 0 0 0 0 0 1 
1 F # 1 # 0 H 1 
1 F F F 0 0 0 1 
1 1 G 1 1 1 1 1 
p14 L64 R22 T5

Map8
1 1 1 1 1 1 1 1 
1 1 G 1 1 1 1 1 
1 0 0 H 0 0 1 1 
1 0 0 0 0 F 1 1 
1 0 0 0 F 0 1 1 
1 1 H 0 0 0 1 1 
S 0 0 0 0 0 1 1 
1 1 1 1 1 1 1 1 
p13 L43 p26 T5

Map8
1 1 1 1 G 1 1 1 
1 0 F 1 0 0 0 1 
1 0 0 F 0 0 0 1 
1 0 # F 0 1 H 1 
1 # 0 1 1 H 0 1 
1 H 0 0 0 1 F 1 
S 0 0 F 0 1 0 1 
1 1 1 1 1 1 1 1 
p16 L46 P22 T4

Map8
1 1 1 1 1 1 1 1 
1 1 0 0 0 1 0 1 
1 0 0 0 0 0 0 1 
1 0 0 0 H 0 1 1 
1 F 0 0 0 0 0 1 
1 1 H 0 F F 1 1 
1 0 0 0 F 0 0 1 
1 1 1 1 G S 1 1 
p33 D31 p54 T5

Map8
1 1 1 1 1 1 1 1 
1 1 1 G 1 1 1 1 
1 1 F 0 1 0 1 1 
1 1 0 0 0 0 1 1 
1 1 H 0 0 0 1 1 
1 1 H 0 F 0 S 1 
1 1 1 1 1 1 1 1 
1 1 1 1 1 1 1 1 
p43 R35 p54 T6

Map8
1 1 G 1 1 1 1 1 
1 F 0 0 0 1 0 1 
1 # 0 0 0 0 H 1 
1 H H 0 0 0 0 1 
1 # 0 0 # 1 H 1 
1 0 # 0 0 0 # S 
1 0 0 # 0 F 0 1 
1 1 1 1 1 1 1 1 
p32 L52 p55 T5

Map8
1 1 1 1 1 1 1 1 
1 1 1 1 1 1 1 1 
1 1 0 0 H 1 0 1 
1 1 F 0 0 0 H 1 
1 1 0 0 0 0 0 1 
1 G # 1 1 # F 1 
1 1 0 F 0 0 0 1 
1 1 1 S 1 1 1 1 
p46 R26 P53 T6

Map8
1 1 1 1 1 1 1 1 
S F 0 0 0 F 0 1 
1 1 0 F F H 1 1 
1 H 1 0 0 0 0 1 
1 1 0 0 0 1 H 1 
G 0 F 0 0 H # 1 
1 H 0 0 0 0 1 1 
1 1 1 1 1 1 1 1 
p21 L41 p34 T4

Map8
1 1 1 1 1 S 1 1 
1 0 0 0 0 0 0 1 
1 0 # 0 0 0 F 1 
1 0 F # 0 H 0 1 
1 0 F H 0 H F 1 
1 1 0 0 0 0 0 1 
1 F 0 0 0 # H 1 
1 1 1 G 1 1 1 1 
p11 L61 R46 T5

Map8
1 1 1 1 1 1 1 1 
1 0 0 # 0 0 0 1 
S F 1 0 0 # 1 1 
1 0 0 0 0 0 0 1 
1 F 0 F 0 0 0 1 
G F F 0 0 0 # 1 
1 0 # 0 0 0 # 1 
1 1 1 1 1 1 1 1 
p21 U13 L45 T4

Map8
1 1 1 1 1 1 1 1 
1 1 S 1 1 1 1 1 
1 1 0 H 0 F 1 1 
1 1 0 0 0 0 1 1 
1 1 F 0 0 0 1 1 
1 1 0 1 0 H 1 1 
1 1 1 1 G 1 1 1 
1 1 1 1 1 1 1 1 
p22 D42 U25 T2

Map8
1 1 1 1 1 1 1 1 
1 0 F 0 0 0 1 1 
1 0 0 0 0 0 1 1 
1 F 1 0 F F G 1 
1 F 0 1 0 H 1 1 
1 0 F 0 0 0 1 1 
1 1 S 1 1 1 1 1 
1 1 1 1 1 1 1 1 
p35 R33 R15 T3

Map8
1 1 1 1 1 1 1 1 
1 1 0 0 0 0 0 1 
1 1 0 0 F 0 H 1 
1 1 0 0 H 0 F S 
1 1 F 0 F 0 0 1 
1 G F F 0 0 0 1 
1 1 1 1 1 1 1 1 
1 1 1 1 1 1 1 1 
p41 L45 U54 T4

Map8
1 1 1 1 1 1 1 1 
1 0 0 0 0 1 0 1 
1 0 0 0 0 0 0 1 
1 0 0 0 1 H 0 1 
1 0 # 0 0 0 0 1 
1 0 0 0 0 1 F S 
1 0 # 0 H 0 0 1 
1 1 1 G 1 1 1 1 
p63 U66 D31 T3

Map8
1 1 1 1 1 1 1 1 
1 0 0 0 0 0 0 1 
1 0 0 # F # 0 1 
S 0 H 1 0 0 1 1 
1 0 1 # 0 0 0 G 
1 # 0 # 0 0 H 1 
1 0 0 1 0 1 0 1 
1 1 1 1 1 1 1 1 
p41 U14 R44 T4

Map8
1 1 1 1 1 1 1 1 
1 0 0 1 0 0 1 1 
G # 0 0 # 0 H 1 
1 1 H H H 0 # 1 
1 H 0 0 # 0 0 1 
1 0 0 # 0 # 0 1 
1 0 # 1 0 0 0 1 
1 1 S 1 1 1 1 1 
p51 R15 U56 T3

Map8
1 1 1 1 1 S 1 1 
1 1 0 H 0 # 0 1 
1 1 # 0 0 0 0 1 
1 G # F 0 H 1 1 
1 1 F F 0 0 H 1 
1 1 F # # 0 0 1 
1 1 1 1 1 1 1 1 
1 1 1 1 1 1 1 1 
p42 L43 R41 T5

Map8
1 1 S 1 1 1 1 1 
1 1 0 0 0 0 F 1 
1 1 0 H 0 0 0 G 
1 1 0 0 # 0 0 1 
1 1 0 0 0 0 0 1 
1 1 0 0 H 0 0 1 
1 1 1 1 1 1 1 1 
1 1 1 1 1 1 1 1 
p41 U44 p22 T5

Map8
1 1 S 1 1 1 1 1 
1 0 0 0 0 0 0 1 
1 1 0 F 0 H 0 1 
1 # 0 0 0 0 0 1 
1 H F 0 H 0 H 1 
1 0 H 0 # # 0 G 
1 F 0 0 F 0 0 1 
1 1 1 1 1 1 1 1 
p34 R11 P41 T4

Map8
1 1 1 1 1 1 1 1 
1 0 # 0 0 0 0 1 
1 F 0 0 0 # 0 1 
S 0 F # # 1 0 1 
1 # 0 0 0 0 1 1 
1 # F 0 # F 0 1 
1 F 0 1 0 0 # 1 
1 1 G 1 1 1 1 1 
p34 U56 R35 T5

Map8
1 1 1 1 1 1 1 1 
1 0 1 # # F 1 1 
1 F H F 1 F 1 1 
1 # 0 0 0 0 1 1 
1 0 0 # H 0 1 1 
S 0 0 F 1 0 1 1 
1 1 1 1 1 G 1 1 
1 1 1 1 1 1 1 1 
p14 D11 P25 T4

Map8
1 1 1 1 1 1 1 1 
1 0 0 0 0 0 1 1 
1 H 0 # 0 0 1 1 
1 0 0 0 0 0 1 1 
1 F 0 1 0 0 G 1 
1 0 0 0 1 0 1 1 
1 S 1 1 1 1 1 1 
1 1 1 1 1 1 1 1 
p31 D13 P35 T7

Map8
1 1 1 1 1 1 1 1 
1 0 H # 0 F 0 S 
1 0 0 0 0 0 0 1 
1 F # # 0 F 1 1 
1 H # 0 # 0 0 G 
1 0 0 F 0 0 # 1 
1 0 0 0 0 # H 1 
1 1 1 1 1 1 1 1 
p52 R41 p43 T7

Map8
1 1 1 1 1 1 1 1 
1 1 1 1 1 1 1 1 
1 0 0 0 0 0 1 1 
1 0 0 0 F 0 1 1 
G F 0 0 0 H 1 1 
1 0 F F 0 0 1 1 
1 0 0 0 0 F 1 1 
1 1 1 1 S 1 1 1 
p23 U26 P12 T4

Map8
1 1 1 1 1 1 1 1 
1 0 0 1 0 0 0 G 
1 1 # 0 1 0 H 1 
1 0 0 1 # 0 0 1 
1 0 0 F 0 # 0 1 
1 1 0 0 0 H 0 S 
1 0 0 # 0 0 0 1 
1 1 1 1 1 1 1 1 
p46 D64 R24 T6

Map8
1 1 1 1 1 1 1 1 
1 1 1 1 1 G 1 1 
1 1 0 0 0 0 # 1 
1 1 0 0 0 0 0 1 
1 1 0 0 F 0 0 1 
1 1 0 F 0 H 0 1 
1 1 0 0 0 0 0 1 
1 1 1 1 1 S 1 1 
p22 R46 p63 T7

Map8
1 1 1 1 1 G 1 1 
1 F 1 0 1 0 0 1 
1 0 0 0 1 0 0 1 
1 H 0 0 0 0 1 1 
1 0 0 F 0 # 0 1 
1 0 0 1 0 1 F S 
1 H 0 0 # 0 0 1 
1 1 1 1 1 1 1 1 
p56 D64 R26 T5

Map8
1 1 1 1 1 1 1 1 
1 1 1 1 1 1 1 1 
1 F # 0 1 0 1 1 
1 0 0 0 F F 1 1 
G 0 0 # # 0 1 1 
1 H 0 0 F # 1 1 
1 0 0 0 0 # 1 1 
1 1 1 1 1 S 1 1 
p25 D52 p36 T6

Map8
1 1 1 S 1 1 1 1 
1 0 0 0 0 1 # 1 
1 0 0 H 0 0 H 1 
1 1 # 0 # 0 0 1 
1 0 0 H H 0 0 1 
1 # 0 0 0 0 0 1 
1 0 0 0 0 1 0 1 
1 1 1 1 1 1 G 1 
p11 L41 P24 T5

Map8
1 1 1 1 1 1 1 1 
1 1 1 1 1 1 1 1 
1 H H 0 F 0 1 1 
G F 0 0 F F 1 1 
1 # # 0 0 0 1 1 
1 0 # 0 # 0 1 1 
1 F H 0 # 0 1 1 
1 1 1 1 1 S 1 1 
p32 U54 U36 T4

Map8
1 1 1 1 1 1 1 1 
1 0 0 0 0 1 0 1 
1 0 0 1 0 0 # 1 
1 1 1 0 0 F 0 1 
1 0 # 1 H 0 0 1 
1 0 0 0 0 0 F 1 
1 F 0 0 0 0 H 1 
1 1 1 G 1 S 1 1 
p45 D52 p56 T4

Map8
1 1 1 1 1 1 1 1 
1 H 0 0 H H 0 1 
1 0 1 1 0 0 0 1 
1 0 0 0 F 0 1 1 
1 H 0 0 0 0 0 G 
1 0 1 0 0 H 0 1 
1 0 F 0 0 1 1 1 
1 1 S 1 1 1 1 1 
p33 L53 R16 T5

Map8
1 1 1 1 1 1 1 1 
1 F 0 # 0 0 0 1 
1 0 0 0 0 # 1 1 
1 0 0 0 0 0 H 1 
1 0 0 0 H 0 0 1 
1 0 0 H 0 0 0 1 
1 0 # F 0 # F 1 
1 1 1 1 S 1 G 1 
p41 R45 P16 T7

Map8
1 1 1 1 1 G 1 1 
1 1 # 0 0 0 F 1 
1 1 # H 0 # 0 1 
1 1 0 F F F # 1 
1 1 0 1 F 0 0 1 
1 S # 0 H F 0 1 
1 1 1 1 1 1 1 1 
1 1 1 1 1 1 1 1 
p24 U54 P35 T4

Map8
1 1 1 1 1 1 1 1 
1 0 0 F # 1 0 1 
1 # 0 0 0 F 0 1 
1 0 0 0 H F # S 
1 0 0 # 0 0 0 1 
1 0 0 0 1 0 0 1 
1 0 0 0 0 H 0 1 
1 1 G 1 1 1 1 1 
p32 U54 L62 T3

Map8
1 1 G 1 1 1 1 1 
1 1 0 1 0 0 0 1 
1 H # 0 H 0 H 1 
1 0 0 0 1 0 # 1 
1 0 # 0 0 0 0 1 
1 0 # H 0 # # S 
1 0 0 0 # H # 1 
1 1 1 1 1 1 1 1 
p14 L64 L45 T4

Map8
1 1 1 1 G 1 1 1 
1 0 0 0 F # 1 1 
1 0 0 0 0 0 0 1 
1 H 0 # H H 0 1 
1 0 0 0 F 0 F S 
1 1 0 0 0 1 # 1 
1 1 0 0 0 0 # 1 
1 1 1 1 1 1 1 1 
p32 R12 P14 T4

Map8
1 1 1 1 1 1 1 1 
1 1 S 1 G 1 1 1 
1 1 0 1 0 F 1 1 
1 1 0 # 0 0 1 1 
1 1 F F 0 H 1 1 
1 1 0 F 1 0 1 1 
1 1 1 1 1 1 1 1 
1 1 1 1 1 1 1 1 
p22 U25 P53 T3

Map8
1 1 1 1 1 1 1 1 
1 1 1 1 S 1 1 1 
1 1 0 0 0 # 0 1 
1 1 F 0 H F 0 1 
1 1 F 0 0 0 # 1 
1 1 0 0 1 0 # 1 
1 1 1 0 0 1 1 1 
1 1 1 G 1 1 1 1 
p63 R32 D33 T4

Map8
1 1 1 1 1 1 1 1 
1 F 0 0 0 0 0 G 
1 1 0 0 # 0 0 1 
1 0 0 F 0 H 0 S 
1 0 0 F 1 0 0 1 
1 1 0 F 0 # 0 1 
1 0 0 0 0 0 F 1 
1 1 1 1 1 1 1 1 
p54 D62 P65 T7

Map8
1 1 1 1 1 1 1 1 
1 1 S 1 1 G 1 1 
1 1 0 0 H 0 0 1 
1 1 0 0 H 0 F 1 
1 1 0 0 0 0 # 1 
1 1 F 1 0 0 0 1 
1 1 1 0 0 0 # 1 
1 1 1 1 1 1 1 1 
p44 D32 P24 T5

Map8
1 G 1 1 1 1 1 1 
1 0 0 H 0 # 0 S 
1 H F 0 0 0 0 1 
1 0 0 0 H 0 # 1 
1 # 0 # 0 0 # 1 
1 0 1 0 0 0 0 1 
1 0 0 0 0 0 0 1 
1 1 1 1 1 1 1 1 
p61 U23 R41 T7

Map8
1 1 1 1 1 1 1 1 
1 0 0 0 0 F 1 1 
1 0 0 0 0 0 0 1 
1 0 0 0 0 0 0 1 
S 0 0 0 F 1 H 1 
1 0 0 F 0 0 0 1 
1 0 0 0 0 F 0 1 
1 1 1 1 1 G 1 1 
p45 R15 P34 T4

Map8
1 1 1 1 G 1 1 1 
1 1 0 0 0 F H 1 
1 1 0 0 0 0 1 1 
1 1 0 0 1 0 0 1 
1 1 1 0 1 0 F 1 
1 1 0 0 0 0 0 1 
1 1 1 1 1 S 1 1 
1 1 1 1 1 1 1 1 
p45 R22 P52 T6

Map8
1 1 1 1 1 1 1 1 
1 1 1 1 1 1 1 1 
S # 0 0 H 1 1 1 
1 0 0 H 0 F 1 1 
1 0 1 0 0 0 G 1 
1 0 F F 0 H 1 1 
1 0 0 0 # 0 1 1 
1 1 1 1 1 1 1 1 
p36 R34 P22 T5

Map8
1 1 1 1 1 1 1 1 
1 0 0 # 0 H H 1 
1 0 0 0 0 0 # 1 
1 0 0 H 0 0 F 1 
1 0 F # 0 0 F G 
1 1 # F 0 0 0 1 
1 0 # 0 1 0 # 1 
1 S 1 1 1 1 1 1 
p32 L45 p23 T9

Map8
1 1 G 1 1 1 1 1 
1 0 # F F 0 # 1 
1 0 0 0 # H F 1 
1 0 0 0 0 0 H 1 
1 0 # H 0 F 0 1 
1 0 0 0 # # 1 1 
1 0 0 H 0 0 0 1 
1 1 1 1 1 S 1 1 
p56 D53 U26 T2

Map8
1 1 1 1 G 1 1 1 
1 0 0 1 0 F 0 1 
1 0 0 0 0 0 0 1 
S 0 H 0 1 0 # 1 
1 0 # 1 F 0 0 1 
1 1 # 1 0 0 1 1 
1 0 # 0 0 0 0 1 
1 1 1 1 1 1 1 1 
p46 L61 D12 T7

Map8
1 1 1 1 1 1 1 1 
1 0 F 0 0 0 H 1 
S 0 0 0 0 0 F 1 
1 # 0 0 H 0 0 1 
G 0 0 0 0 0 1 1 
1 0 0 0 0 H 1 1 
1 0 0 0 0 0 0 1 
1 1 1 1 1 1 1 1 
p12 L32 p23 T4

Map8
1 1 1 1 1 1 1 1 
1 1 1 1 1 1 1 1 
1 0 0 0 0 0 1 1 
G 0 0 0 0 H 1 1 
1 H 0 F 0 F 1 1 
1 H 0 0 0 0 1 1 
S 0 # F 0 F 1 1 
1 1 1 1 1 1 1 1 
p16 L33 L46 T2

Map8
1 1 1 1 1 1 1 1 
1 1 1 1 1 1 1 1 
1 1 H 0 0 0 1 1 
1 1 0 1 0 0 G 1 
1 S 0 0 0 H 1 1 
1 1 0 0 0 0 1 1 
1 1 1 1 1 1 1 1 
1 1 1 1 1 1 1 1 
p44 D23 P55 T5

Map8
1 1 1 1 G 1 1 1 
S 0 0 H 0 F 1 1 
1 0 0 # 0 0 0 1 
1 1 0 H 0 0 0 1 
1 F # H H H 0 1 
1 0 0 0 0 0 0 1 
1 0 0 0 0 0 0 1 
1 1 1 1 1 1 1 1 
p52 D21 p23 T8

Map8
1 1 1 1 1 1 1 1 
1 1 H 0 0 H 1 1 
1 1 H # # 0 0 S 
1 1 0 1 0 # 0 1 
1 1 # 0 0 # F 1 
1 1 0 1 0 0 F 1 
1 1 1 1 G 1 1 1 
1 1 1 1 1 1 1 1 
p62 U43 P41 T5

Map8
1 1 1 1 1 1 1 1 
1 1 1 1 1 1 1 1 
1 1 1 0 F 0 0 1 
1 1 0 0 H 0 0 1 
1 1 0 F 0 0 0 S 
1 1 0 0 0 F 0 1 
1 1 0 H 0 0 0 1 
1 1 1 1 G 1 1 1 
p35 L65 P26 T4

Map8
1 1 1 1 1 1 1 1 
1 1 1 G 1 1 1 1 
1 1 0 0 0 H 0 1 
1 1 0 0 0 H 0 1 
1 1 0 0 F 0 0 1 
1 1 0 H 0 0 0 1 
1 1 0 0 0 F 0 1 
1 1 1 S 1 1 1 1 
p65 R26 P24 T5

Map8
1 1 1 1 1 1 1 1 
1 1 0 0 F 1 # 1 
1 G 0 0 0 0 H 1 
1 1 F 0 H F # S 
1 1 0 0 0 F F 1 
1 1 0 0 0 0 0 1 
1 1 1 1 1 1 1 1 
1 1 1 1 1 1 1 1 
p33 D52 p45 T6

Map8
1 1 1 1 1 1 1 1 
1 H 0 F # 0 0 1 
1 # 0 0 0 0 # 1 
1 1 # 0 0 0 0 G 
1 0 0 0 0 0 H 1 
S 0 H 0 1 0 0 1 
1 0 # 0 0 0 0 1 
1 1 1 1 1 1 1 1 
p54 D14 P66 T5

Map8
1 1 1 1 1 S 1 1 
1 0 F 0 0 # 0 1 
1 0 F 0 H H 0 1 
1 # 0 0 # # # 1 
G F 0 1 0 H 0 1 
1 0 0 0 F F 0 1 
1 # 0 0 # 0 # 1 
1 1 1 1 1 1 1 1 
p36 R41 P23 T6

Map8
1 1 1 1 1 1 1 1 
1 0 H 0 F # 1 1 
G 0 0 F F 0 1 1 
1 # 0 H 0 0 1 1 
S 0 # # H 0 1 1 
1 0 F 0 # 0 1 1 
1 1 1 1 1 1 1 1 
1 1 1 1 1 1 1 1 
p53 D23 R15 T4

Map8
1 1 G 1 1 1 1 1 
1 0 # H 1 1 1 1 
1 # 0 0 0 # # 1 
1 0 # H 0 0 H 1 
1 0 0 H F F # 1 
1 0 H 0 # 1 0 1 
1 # 0 0 0 1 F 1 
1 1 S 1 1 1 1 1 
p13 L36 P32 T5

Map8
1 1 1 1 1 1 1 1 
1 1 1 1 1 1 1 1 
1 0 H 0 1 0 1 1 
1 H H F F 0 1 1 
1 1 # 0 F # 1 1 
1 0 1 # F 0 G 1 
1 0 0 # 1 # 1 1 
1 1 1 1 1 S 1 1 
p34 D32 P52 T4

Map8
1 1 1 1 1 1 1 1 
1 S 1 1 1 1 1 1 
1 0 0 0 0 0 1 1 
1 0 0 0 0 1 1 1 
1 0 H 0 0 0 1 1 
1 0 0 0 0 0 1 1 
1 F 0 0 0 1 1 1 
1 1 G 1 1 1 1 1 
p12 U15 p44 T6

Map8
1 1 1 1 S 1 1 1 
1 F 0 0 F 0 0 1 
1 1 0 H 0 0 F 1 
1 # 0 # 1 # 0 1 
1 0 F # # 0 0 1 
1 0 0 0 0 0 F 1 
1 0 0 0 H # # 1 
1 1 G 1 1 1 1 1 
p54 D51 P15 T5

Map8
1 1 1 1 1 1 1 1 
1 0 1 0 0 # F G 
1 0 0 0 H 0 0 1 
1 0 # 0 0 # H 1 
1 # 0 0 H 0 H 1 
1 F # 0 H 0 0 1 
S 0 0 F 0 F 0 1 
1 1 1 1 1 1 1 1 
p13 U33 P26 T5

Map8
1 1 1 1 1 1 1 1 
1 1 0 0 0 0 0 1 
1 1 0 0 0 0 H 1 
1 S 0 0 H 0 0 G 
1 1 0 0 0 0 0 1 
1 1 0 0 H 0 1 1 
1 1 1 1 1 1 1 1 
1 1 1 1 1 1 1 1 
p41 U24 P54 T5

Map8
1 1 1 1 G 1 1 1 
1 1 H 1 F 0 0 1 
1 F 0 0 0 F 1 1 
1 0 0 0 0 0 0 1 
S 0 0 F H # H 1 
1 F 0 0 0 # H 1 
1 0 0 1 0 0 H 1 
1 1 1 1 1 1 1 1 
p33 R13 U25 T3

Map8
1 1 1 1 1 1 1 1 
1 0 H F F 0 0 1 
1 # 0 H F 0 # 1 
1 0 0 0 0 0 0 G 
1 H 0 0 0 0 H 1 
1 # # 0 # 0 1 1 
1 0 # 0 0 H # 1 
1 1 1 1 S 1 1 1 
p54 D43 p46 T5

Map8
1 1 1 1 1 1 1 1 
1 # 1 0 0 1 H 1 
S 0 0 1 0 0 # 1 
1 0 # 0 0 0 0 1 
1 F 0 H 1 0 # 1 
1 0 0 F H 0 0 G 
1 0 0 0 0 # F 1 
1 1 1 1 1 1 1 1 
p54 D52 P24 T5

Map8
1 1 1 1 1 1 1 1 
1 1 1 1 1 1 1 1 
1 H 0 0 0 0 1 1 
S 0 0 0 0 F 1 1 
1 F 0 F 0 0 1 1 
G 0 0 0 0 F 1 1 
1 0 0 F F 0 1 1 
1 1 1 1 1 1 1 1 
p13 L33 p24 T4

Map8
1 1 1 1 1 1 1 1 
1 0 H # 0 0 0 1 
1 0 0 H 0 0 0 1 
1 1 1 0 0 H 0 1 
1 0 F 0 0 1 # S 
1 0 0 0 1 F H 1 
1 0 0 0 0 0 0 1 
1 1 1 G 1 1 1 1 
p63 D41 D33 T5

Map8
1 1 1 1 1 G 1 1 
1 0 0 1 0 0 H 1 
1 1 0 0 0 0 0 1 
1 0 0 0 H 0 # 1 
1 0 0 F # 0 0 1 
1 1 0 0 # H 0 1 
1 0 H 0 # 0 0 1 
1 1 1 1 S 1 1 1 
p42 U35 L54 T4

Map8
1 1 1 S 1 1 1 1 
1 1 0 0 0 0 0 1 
1 1 0 F 0 1 0 1 
1 1 0 0 0 0 F 1 
1 1 0 0 0 0 0 1 
1 1 0 H F 0 F 1 
1 1 1 1 1 G 1 1 
1 1 1 1 1 1 1 1 
p23 U33 p44 T7

Map8
1 1 1 1 1 G 1 1 
1 H H 1 H 0 0 1 
1 0 0 H 0 0 0 1 
1 H 0 0 0 0 0 1 
1 0 0 F 0 F 1 1 
1 0 0 F 0 0 0 1 
S 0 # 0 0 0 F 1 
1 1 1 1 1 1 1 1 
p43 R23 P46 T4

Map8
1 1 1 1 1 1 1 1 
1 # # 1 0 0 0 1 
1 0 H 0 F 0 # 1 
1 F 0 0 0 F 0 G 
1 0 0 0 0 0 0 1 
1 0 1 0 0 F 0 1 
S # 0 1 0 0 H 1 
1 1 1 1 1 1 1 1 
p15 D12 R33 T7

Map8
1 1 1 1 1 1 1 1 
1 F 0 # 0 0 0 1 
G 0 F F 0 # 0 1 
1 F 0 0 0 0 0 1 
1 # 0 1 0 # 0 1 
1 0 0 # F H 0 1 
1 0 # 0 0 0 0 1 
1 1 1 1 1 S 1 1 
p43 L66 P36 T4

Map8
1 1 1 1 1 1 1 1 
1 1 1 1 G 1 1 1 
1 1 0 0 0 0 1 1 
1 1 H 0 # 0 F 1 
1 1 H 0 0 0 0 1 
1 1 0 0 0 0 0 1 
1 1 0 F 0 F 0 1 
1 1 S 1 1 1 1 1 
p55 R25 P64 T5

Map8
1 1 1 1 1 1 1 1 
1 1 0 0 0 0 0 1 
1 0 0 0 # 0 0 1 
1 H 0 0 F 0 0 1 
1 0 0 0 # 0 0 G 
S 0 0 F 0 # F 1 
1 F # 0 H # F 1 
1 1 1 1 1 1 1 1 
p15 R14 L45 T2

Map8
1 1 1 1 S 1 1 1 
1 0 0 0 0 0 0 1 
1 0 H 0 0 1 0 1 
1 1 0 0 H 0 1 1 
1 0 0 0 0 0 H 1 
1 0 0 0 1 0 0 1 
1 F 0 0 0 F 0 1 
1 1 G 1 1 1 1 1 
p32 L51 P21 T5

Map8
1 1 1 1 1 1 1 1 
1 # 0 # 0 H 0 1 
S 0 H # 1 0 1 1 
1 0 0 # 0 # 0 1 
1 0 1 0 0 # 0 1 
1 1 # 0 0 0 0 1 
1 0 0 1 0 0 0 1 
1 1 1 1 1 1 G 1 
p21 L41 U13 T5

Map8
1 1 1 1 1 1 1 1 
1 1 H 1 H F F 1 
1 1 H 0 # # 0 S 
1 1 1 0 F # # 1 
1 1 0 # 1 0 F 1 
1 1 0 0 0 1 0 1 
1 1 G 1 1 1 1 1 
1 1 1 1 1 1 1 1 
p62 D32 P54 T6

Map8
1 1 1 1 1 1 1 1 
1 0 1 0 0 0 1 1 
1 1 H 0 # 0 F S 
1 0 H 0 0 1 H 1 
1 1 0 0 0 0 0 1 
1 0 0 F 0 1 # 1 
1 0 H 0 0 1 0 1 
1 G 1 1 1 1 1 1 
p52 R32 p44 T5

Map8
1 1 1 1 1 1 1 1 
1 1 1 1 1 1 1 1 
1 1 # 0 0 0 1 1 
1 S F H 0 1 1 1 
1 1 0 0 0 0 G 1 
1 1 0 H 0 F 1 1 
1 1 1 1 1 1 1 1 
1 1 1 1 1 1 1 1 
p32 U24 P45 T5

Map8
1 1 1 1 1 1 1 1 
1 0 0 0 0 0 H 1 
1 1 0 0 0 # 0 G 
1 0 0 0 0 0 1 1 
1 F 1 H 0 F 1 1 
S F 0 0 0 F 0 1 
1 0 0 F H 0 H 1 
1 1 1 1 1 1 1 1 
p43 L65 p35 T4

Map8
1 1 1 1 S 1 1 1 
1 1 1 0 0 0 0 1 
1 H F H 0 0 0 1 
1 1 0 0 0 0 0 1 
1 0 0 0 H 1 0 1 
1 0 H F H 1 F 1 
1 0 0 F 0 # 0 1 
1 1 1 G 1 1 1 1 
p61 R31 D23 T5

Map8
1 1 1 1 1 1 1 1 
1 0 0 H 0 0 0 1 
1 0 0 0 # # H 1 
1 0 1 0 # 0 0 1 
1 0 H # # # 0 1 
1 0 0 0 H 0 0 1 
G 0 # 0 H 0 0 1 
1 1 1 1 1 1 S 1 
p51 U55 P63 T6

Map8
1 1 1 G 1 S 1 1 
1 # 0 0 H 0 F 1 
1 0 0 0 1 0 0 1 
1 0 0 H F 0 0 1 
1 # # # 0 1 0 1 
1 F 0 # 0 0 0 1 
1 0 0 0 1 1 # 1 
1 1 1 1 1 1 1 1 
p64 R12 U26 T6

Map8
1 1 1 1 1 1 1 1 
G 0 0 0 H 0 0 S 
1 # # 1 0 0 F 1 
1 F 0 F 0 0 0 1 
1 F 0 0 0 # 0 1 
1 H 0 H 0 0 0 1 
1 0 1 0 1 F 0 1 
1 1 1 1 1 1 1 1 
p63 U25 P51 T5

Map8
1 1 1 1 1 1 1 1 
G F 0 0 F H 1 1 
1 H 0 F 0 0 1 1 
1 0 H 0 F # 1 1 
1 # F 0 0 0 1 1 
1 F # 0 0 # 1 1 
1 1 1 1 1 S 1 1 
1 1 1 1 1 1 1 1 
p54 D52 U34 T3

Map8
1 1 1 1 1 1 1 1 
1 1 F 1 F F 0 1 
1 1 0 0 F 0 # 1 
1 1 0 0 H 0 0 1 
1 1 H 0 1 H 0 S 
1 1 # # 0 F 0 1 
1 1 1 G 1 1 1 1 
1 1 1 1 1 1 1 1 
p61 U65 P22 T4

Map8
1 S 1 1 1 1 1 1 
1 # F 0 0 0 # 1 
1 # 0 F 0 # 0 1 
1 0 0 0 H 0 # 1 
1 H 1 0 0 1 0 1 
1 0 0 0 0 0 0 1 
1 1 F 0 0 # 0 1 
1 1 1 1 G 1 1 1 
p64 U13 p55 T7

Map8
1 1 1 1 1 1 1 1 
1 S 1 1 1 1 1 1 
1 F 0 0 0 0 1 1 
1 0 0 0 0 0 1 1 
1 # 0 0 0 H 1 1 
1 0 0 # 0 F 1 1 
1 0 1 F 0 0 1 1 
1 1 1 1 1 G 1 1 
p32 U25 p13 T8

Map8
1 1 1 1 1 1 1 1 
1 1 0 F # H 1 1 
1 1 0 F 0 F 0 1 
1 1 0 # 0 F 1 1 
1 1 0 0 F H F 1 
1 1 # 0 # # H 1 
1 1 1 S G 1 1 1 
1 1 1 1 1 1 1 1 
p23 D43 L42 T4

Map8
1 1 1 1 1 1 1 1 
1 1 S 1 1 1 1 1 
1 0 0 0 0 H 1 1 
1 1 H 0 1 # 1 1 
1 0 0 # 0 0 1 1 
1 # 1 0 0 0 1 1 
1 0 1 # 0 0 1 1 
1 G 1 1 1 1 1 1 
p33 R12 P42 T5

Map8
1 1 1 1 1 1 1 1 
1 0 0 0 # 0 H 1 
1 0 # 0 0 F 0 1 
1 0 # 0 F 0 0 1 
1 0 # 0 0 1 0 1 
G 0 F 0 0 H # 1 
1 F # 0 0 0 0 1 
1 1 1 1 1 1 S 1 
p33 L35 P62 T4

Map8
1 1 1 1 G 1 1 1 
1 0 # 0 0 1 0 1 
1 H 0 # # 0 0 1 
1 H 1 0 H 1 0 1 
1 1 1 0 1 0 0 1 
1 F # H 0 H 0 1 
1 0 1 # 0 0 # S 
1 1 1 1 1 1 1 1 
p52 R22 p63 T6

Map8
1 1 1 1 1 1 1 1 
1 F 0 # H 0 0 1 
1 # 1 H 0 0 0 S 
1 0 # 0 0 F 0 1 
1 1 0 0 0 H 0 1 
1 0 0 0 0 0 H 1 
G 0 0 H 0 0 0 1 
1 1 1 1 1 1 1 1 
p33 D51 L63 T4

Map8
1 1 1 1 1 1 1 1 
1 # 0 0 0 0 1 1 
1 0 0 0 0 H 1 1 
1 0 0 0 0 0 1 1 
1 0 0 1 0 0 1 1 
1 F 0 H 0 0 S 1 
1 1 G 1 1 1 1 1 
1 1 1 1 1 1 1 1 
p13 U45 L53 T5

Map8
1 1 1 1 1 1 1 1 
1 0 0 0 # 1 0 1 
S # F # 0 # 0 1 
1 0 0 # 0 0 0 1 
1 # 0 H F 0 H 1 
1 0 0 0 # 0 0 1 
1 F 0 H H F 1 1 
1 1 G 1 1 1 1 1 
p42 L63 p13 T5

Map8
1 1 1 1 1 1 1 1 
1 S 0 0 F 0 H 1 
1 1 F 0 H 0 1 1 
1 1 # # 0 0 1 1 
1 1 H F 0 0 0 G 
1 1 0 0 # 0 1 1 
1 1 1 1 1 1 1 1 
1 1 1 1 1 1 1 1 
p21 L51 R44 T4

Map8
1 1 1 1 1 1 S 1 
1 0 H 0 0 # 0 1 
1 0 0 0 0 F 0 1 
1 0 0 # H 0 H 1 
G 0 0 0 0 0 0 1 
1 0 F 1 0 0 H 1 
1 1 0 0 0 0 1 1 
1 1 1 1 1 1 1 1 
p61 D31 L62 T5

Map8
1 1 1 1 1 1 1 1 
1 0 0 1 1 0 # G 
1 0 # 0 1 0 1 1 
1 # 1 0 0 0 0 1 
S # 0 H 0 0 1 1 
1 0 1 0 F 0 # 1 
1 0 # 0 # 0 # 1 
1 1 1 1 1 1 1 1 
p36 U54 P24 T7

Map8
1 1 1 1 1 1 G 1 
1 # F 0 0 H F 1 
1 0 H H 0 0 # 1 
1 0 1 1 0 0 0 1 
1 0 0 1 # 0 1 1 
1 0 0 # 0 0 # 1 
1 0 0 F F H 0 1 
1 1 S 1 1 1 1 1 
p45 R42 R15 T4

Map8
1 1 1 1 1 1 1 1 
1 1 # 0 F 1 0 1 
1 # 0 0 F 1 0 1 
1 # 0 0 # # 0 1 
1 1 # F 0 H 0 S 
1 F # 0 0 H 0 1 
1 0 0 0 H F 0 1 
1 1 G 1 1 1 1 1 
p33 U65 P62 T4

Map8
1 1 1 1 1 1 1 1 
1 1 1 1 1 S 1 1 
1 1 0 # 0 0 1 1 
1 1 1 F 1 0 1 1 
1 1 0 F 0 0 1 1 
1 1 0 0 0 H 1 1 
1 1 1 1 G 1 1 1 
1 1 1 1 1 1 1 1 
p42 U54 R24 T5

Map8
1 1 1 1 1 1 G 1 
1 H 1 0 0 0 0 1 
1 1 0 # H 1 H 1 
1 1 # 0 0 H # 1 
1 0 0 1 0 0 0 S 
1 0 0 # F 0 # 1 
1 1 # 0 1 0 H 1 
1 1 1 1 1 1 1 1 
p54 U33 P44 T10
