Map10
1 1 1 G 1 1 1 1 1 1 
1 H 1 F 0 H 0 F 0 1 
1 0 F 0 0 0 0 0 0 1 
1 1 0 # 0 0 H 0 0 1 
S 0 0 0 F 0 0 F F 1 
1 0 0 1 0 H 0 H 0 1 
1 1 H 0 0 0 F 0 0 1 
1 0 H 0 1 F 0 0 F 1 
1 H 0 1 0 F 1 0 F 1 
1 1 1 1 1 1 1 1 1 1 
p24 L54 T2

Map10
1 1 1 1 1 1 G 1 1 1 
S 0 F 0 0 0 F 0 0 1 
1 0 0 0 0 0 0 0 0 1 
1 0 0 0 0 0 0 0 1 1 
1 F 0 0 0 0 0 0 # 1 
1 # 0 F H 1 F 0 0 1 
1 0 F F 0 0 0 # 0 1 
1 0 0 0 0 0 0 0 H 1 
1 1 1 0 0 0 0 0 1 1 
1 1 1 1 1 1 1 1 1 1 
p58 P41 T5

Map10
1 1 1 1 1 G 1 1 1 1 
1 1 0 H H 0 F F # 1 
1 0 0 H 0 0 # 0 0 1 
1 0 H 0 F # H 1 0 1 
S # # F F F 1 1 0 1 
1 0 # # 1 F H 0 0 1 
1 # 0 # H 0 F F 0 1 
1 1 0 0 0 # H F 0 1 
1 0 F 0 0 0 # F 0 1 
1 1 1 1 1 1 1 1 1 1 
p83 D33 P42 T6

Map10
1 1 1 1 1 1 G 1 1 1 
S 0 # 1 H 0 0 # 0 1 
1 0 0 1 0 0 # 0 0 1 
1 0 0 1 0 0 0 0 0 1 
1 H 0 0 1 1 0 0 0 1 
1 0 0 0 0 # 0 0 H 1 
1 0 1 0 0 0 0 0 0 1 
1 0 # 0 0 0 0 0 # 1 
1 0 # # 0 0 0 0 0 1 
1 1 1 1 1 1 1 1 1 1 
p58 T7

Map10
1 1 1 1 1 G 1 1 1 1 
1 # # 1 0 # 0 1 0 1 
1 0 # 0 0 # 0 0 0 1 
1 0 F 0 0 0 # 0 0 1 
1 0 0 0 # 0 0 0 0 1 
1 0 0 0 0 H 0 0 0 1 
S 0 F H 0 0 0 # 0 1 
1 0 0 0 0 0 # 0 1 1 
1 0 0 0 1 0 0 0 # 1 
1 1 1 1 1 1 1 1 1 1 
p42 p13 U17 T5

Map10
1 1 S 1 1 1 1 1 1 1 
1 0 0 0 0 H 0 1 0 1 
1 0 0 F H 0 0 0 0 1 
1 0 0 0 0 H 0 0 0 1 
1 H 0 0 0 H 0 0 0 1 
1 0 0 0 1 0 0 0 0 1 
G 0 0 0 1 0 0 0 H 1 
1 0 0 0 0 0 0 0 0 1 
1 0 0 0 0 0 F 1 1 1 
1 1 1 1 1 1 1 1 1 1 
p25 T3

Map10
1 1 G 1 1 1 1 1 1 1 
1 0 0 H 0 0 0 H 1 1 
1 0 0 0 0 0 0 0 0 1 
S 0 0 F 0 1 0 # 0 1 
1 0 0 H H 0 1 0 F 1 
1 0 F 0 0 0 0 0 0 1 
1 H 1 1 H # F F H 1 
1 H # 1 # 1 0 0 0 1 
1 # 0 F 0 1 F 0 0 1 
1 1 1 1 1 1 1 1 1 1 
p13 L43 T2

Map10
1 S G 1 1 1 1 1 1 1 
1 0 F 0 F 0 0 F 0 1 
1 0 0 F # 0 0 # # 1 
1 0 1 0 0 0 0 0 0 1 
1 0 0 0 0 0 0 0 1 1 
1 0 F F 0 0 0 0 F 1 
1 F 0 0 0 0 0 0 H 1 
1 0 F 0 0 H 0 0 0 1 
1 0 # 0 0 0 0 1 F 1 
1 1 1 1 1 1 1 1 1 1 
p12 P61 T5

Map10
1 1 1 1 1 1 1 1 1 1 
S 0 0 1 0 0 0 0 0 1 
1 F 0 0 H 0 F 1 F 1 
G 0 # 0 0 H F 0 # 1 
1 # # 1 1 0 1 0 F 1 
1 # 0 F F 0 0 # H 1 
1 0 0 # # 0 0 0 1 1 
1 F H 0 1 # 1 F 0 1 
1 0 0 0 0 0 0 0 F 1 
1 1 1 1 1 1 1 1 1 1 
p22 U25 T3

Map10
1 1 G 1 1 1 1 S 1 1 
1 0 F F F 1 0 0 0 1 
1 0 0 0 0 F 0 F 0 1 
1 H 0 0 1 0 0 0 0 1 
1 1 H 1 F H F F 0 1 
1 0 0 0 # 0 0 0 0 1 
1 0 0 0 0 1 F H 0 1 
1 # 0 0 0 0 0 0 0 1 
1 F 0 0 0 1 F # F 1 
1 1 1 1 1 1 1 1 1 1 
p32 P63 U73 T6

Map10
1 1 1 1 1 S G 1 1 1 
1 0 # 0 F # # # 0 1 
1 # 0 # 1 # 0 0 0 1 
1 0 0 0 # 1 F 1 0 1 
1 0 0 # 0 0 0 0 0 1 
1 F 0 0 0 0 0 0 0 1 
1 0 0 0 0 0 0 # 0 1 
1 0 0 0 0 0 0 0 0 1 
1 0 0 0 0 0 0 # 0 1 
1 1 1 1 1 1 1 1 1 1 
p58 T7
