Map10
1 S 1 1 G 1 1 1 1 1 
1 F 0 0 # 1 # F 0 1 
1 # F 0 0 0 F 0 0 1 
1 0 # F 0 F 0 1 1 1 
1 0 F 0 # 0 # F # 1 
1 0 0 0 0 F # F 0 1 
1 0 H 0 F 0 # 0 0 1 
1 0 0 0 # F 0 0 # 1 
1 H 0 0 0 0 0 0 # 1 
1 1 1 1 1 1 1 1 1 1 
p54 R14 T7

Map10
1 1 1 1 1 1 1 G 1 1 
1 0 H 0 0 1 0 0 0 1 
1 0 0 0 0 0 0 0 0 1 
S 0 0 0 0 0 0 H 0 1 
1 0 0 0 0 0 1 0 0 1 
1 0 0 0 0 F 1 0 1 1 
1 H 0 1 0 H H 0 0 1 
1 1 0 H 0 0 1 0 H 1 
1 1 0 0 0 0 0 0 1 1 
1 1 1 1 1 1 1 1 1 1 
p62 U54 T4

Map10
1 1 1 1 G 1 1 1 1 1 
1 1 0 0 F # 0 0 0 1 
1 1 0 0 0 1 # # 0 1 
1 1 0 0 H # # F # 1 
1 1 0 0 0 1 # 0 0 1 
1 S 0 # # # F 0 0 1 
1 1 0 0 # 0 1 F 0 1 
1 1 0 0 H 0 1 0 0 1 
1 1 1 1 1 1 1 1 1 1 
1 1 1 1 1 1 1 1 1 1 
p23 D34 T6

Map10
1 1 1 1 1 G 1 1 1 1 
1 1 0 0 F 0 H F 0 1 
S 0 # F 1 F 0 F 0 1 
1 0 0 0 0 0 1 0 # 1 
1 0 F H 0 F 0 H 0 1 
1 0 0 0 H 0 0 0 0 1 
1 0 0 0 0 F # F 0 1 
1 F 0 0 F 0 H 0 # 1 
1 0 0 # H 0 0 # F 1 
1 1 1 1 1 1 1 1 1 1 
p12 D21 T5

Map10
1 1 1 1 1 1 1 1 1 1 
1 1 1 1 1 1 1 1 1 1 
1 1 0 1 0 0 0 0 1 1 
1 1 0 0 0 0 0 0 1 1 
1 1 0 1 0 0 0 1 1 1 
1 1 0 F 0 0 0 0 1 1 
1 1 F 0 0 0 0 0 1 1 
1 1 0 0 1 0 0 0 G 1 
1 1 1 S 1 1 1 1 1 1 
1 1 1 1 1 1 1 1 1 1 
p24 L45 T10

Map10
1 S 1 G 1 1 1 1 1 1 
1 0 F F H 0 0 # 0 1 
1 0 0 0 # # 0 F 0 1 
1 0 0 0 # # 0 0 0 1 
1 F 0 H 0 0 0 0 F 1 
1 F 0 1 1 1 0 # 0 1 
1 0 0 # F 0 0 0 0 1 
1 1 F 0 0 0 0 0 1 1 
1 F 0 0 F 0 F 0 0 1 
1 1 1 1 1 1 1 1 1 1 
p83 U33 T5

Map10
1 1 G 1 1 1 S 1 1 1 
1 H 0 H 0 1 F 0 0 1 
1 H 0 0 0 1 0 0 # 1 
1 0 F H H # F F 0 1 
1 H # 0 0 0 F # 1 1 
1 0 0 F 0 F 0 0 0 1 
1 0 0 0 0 0 # 0 F 1 
1 # # 0 0 0 0 0 0 1 
1 1 0 0 0 # F 0 0 1 
1 1 1 1 1 1 1 1 1 1 
p65 U67 T7

Map10
1 1 1 1 1 1 1 1 1 1 
1 S 1 1 1 1 1 1 1 1 
1 0 0 0 0 # 0 0 1 1 
1 # 0 0 0 1 0 1 1 1 
1 0 1 # # 1 0 0 1 1 
1 0 # 1 0 0 0 0 1 1 
1 1 1 0 0 0 0 0 1 1 
G 0 F 0 0 0 0 0 1 1 
1 F 1 0 0 0 # 0 1 1 
1 1 1 1 1 1 1 1 1 1 
p12 L57 T4

Map10
1 1 1 1 1 1 1 1 1 1 
1 1 1 1 1 S 1 1 1 1 
1 1 0 0 H 0 0 0 1 1 
1 1 0 0 0 0 0 0 1 1 
1 1 0 0 0 0 0 0 1 1 
1 1 0 0 0 # 0 0 1 1 
1 1 H 0 0 0 0 0 1 1 
1 G 0 0 1 0 0 0 1 1 
1 1 1 1 1 1 1 1 1 1 
1 1 1 1 1 1 1 1 1 1 
p52 D32 T4

Map10
1 1 1 1 1 1 1 1 1 1 
1 1 1 1 1 1 G 1 1 1 
1 1 0 0 0 H F 0 1 1 
1 1 0 0 0 0 0 0 1 1 
1 1 H 0 H 0 0 F 1 1 
1 S 0 0 1 0 0 0 1 1 
1 1 0 0 1 0 1 H 1 1 
1 1 0 F 0 0 0 0 1 1 
1 1 1 1 1 1 1 1 1 1 
1 1 1 1 1 1 1 1 1 1 
p34 U64 T4

Map10
1 1 1 1 1 1 1 1 1 1 
1 1 1 G 1 1 1 1 1 1 
1 1 0 0 # 1 F 0 1 1 
1 1 F 0 F 0 F 0 S 1 
1 1 0 0 1 1 0 0 1 1 
1 1 0 # 0 0 0 0 1 1 
1 1 0 0 0 0 0 # 1 1 
1 1 0 0 0 F 0 0 1 1 
1 1 1 1 1 1 1 1 1 1 
1 1 1 1 1 1 1 1 1 1 
p47 D72 T4

Map10
1 1 1 1 1 1 1 1 1 1 
1 1 1 1 1 1 S 1 1 1 
1 1 0 0 0 0 0 0 1 1 
1 1 0 H 0 H 0 0 1 1 
1 1 # # H # 0 0 1 1 
1 1 H 0 1 0 0 # 1 1 
1 1 0 0 0 # F # G 1 
1 1 H 0 # 1 0 # 1 1 
1 1 1 1 1 1 1 1 1 1 
1 1 1 1 1 1 1 1 1 1 
p74 R52 T6

Map10
1 1 1 1 1 1 1 1 1 1 
1 1 1 1 1 1 1 1 1 1 
1 # 0 0 0 0 0 0 1 1 
S F 0 1 # 0 H 0 1 1 
1 # 1 H H F 0 F 1 1 
1 F F 0 0 0 0 0 1 1 
1 1 1 0 0 0 # 0 G 1 
1 F 0 # 0 0 0 H 1 1 
1 0 0 0 F F F # 1 1 
1 1 1 1 1 1 1 1 1 1 
p42 R46 T5

Map10
1 1 1 1 1 1 1 1 1 1 
1 1 1 1 1 1 1 1 1 1 
1 1 0 0 1 0 0 0 0 1 
1 S 0 0 0 0 0 0 H 1 
1 1 H 0 0 # 0 0 0 1 
1 1 0 0 F 0 0 0 0 1 
1 1 0 0 F 0 0 F H 1 
1 G 0 0 0 # 1 # 0 1 
1 1 H 0 0 0 0 0 0 1 
1 1 1 1 1 1 1 1 1 1 
p36 L53 T6

Map10
1 1 1 1 1 1 1 1 1 1 
1 1 1 1 1 1 1 1 1 1 
1 1 0 0 0 # 1 0 1 1 
1 1 0 1 F 0 F 0 S 1 
1 1 0 1 0 0 0 0 1 1 
1 1 1 1 0 0 0 0 G 1 
1 1 F F 0 # 0 0 1 1 
1 1 0 0 0 0 0 0 1 1 
1 1 1 1 1 1 1 1 1 1 
1 1 1 1 1 1 1 1 1 1 
p54 U44 T5

Map10
1 1 1 1 1 1 1 1 1 1 
1 1 1 1 1 1 1 1 1 1 
1 F 0 0 0 H 0 0 G 1 
1 0 0 0 0 F F # 1 1 
S 0 0 0 0 0 0 H 1 1 
1 F 0 0 # F 0 F 1 1 
1 F F 1 F 0 0 0 1 1 
1 0 # 0 # 0 0 0 1 1 
1 1 0 0 0 0 F 0 1 1 
1 1 1 1 1 1 1 1 1 1 
p57 D13 T5

Map10
1 1 1 1 1 1 1 1 1 1 
1 1 1 1 1 1 1 1 1 1 
1 1 0 0 1 1 F 0 1 1 
1 1 0 0 F 0 0 0 G 1 
1 1 0 0 0 H # 0 1 1 
1 1 0 # 1 0 0 # 1 1 
1 1 0 H # F 0 0 1 1 
1 1 0 0 0 0 0 0 1 1 
1 1 1 1 1 S 1 1 1 1 
1 1 1 1 1 1 1 1 1 1 
p24 D55 T5

Map10
1 1 1 1 1 1 1 1 1 1 
1 0 1 0 F 0 H H 1 1 
1 0 F 0 # 1 0 H 1 1 
1 0 0 1 F 0 0 0 1 1 
1 F # 0 0 0 # 0 1 1 
S 0 1 0 1 0 1 1 1 1 
1 1 1 H # 0 0 0 1 1 
1 F 0 F 0 0 # 0 1 1 
1 1 1 1 1 G 1 1 1 1 
1 1 1 1 1 1 1 1 1 1 
p13 D53 T6

Map10
1 1 1 1 1 1 1 G 1 1 
1 # 0 1 F # 0 # 0 1 
1 1 0 0 # 0 0 0 # 1 
1 F 1 0 0 1 # F # 1 
1 0 0 0 0 1 0 F 0 1 
S 0 0 0 # 1 F F 1 1 
1 0 0 # 0 F 0 0 0 1 
1 0 0 0 F # 1 # 0 1 
1 0 H F 0 0 0 H F 1 
1 1 1 1 1 1 1 1 1 1 
p62 U35 T6

Map10
1 G 1 1 1 1 S 1 1 1 
1 0 # F H 0 0 0 F 1 
1 H 0 0 0 0 0 0 0 1 
1 0 # F 0 0 0 0 0 1 
1 F F H 0 0 H 0 0 1 
1 0 0 0 0 0 H 0 0 1 
1 0 0 1 F F 0 0 1 1 
1 0 F H 0 0 1 0 0 1 
1 # F 0 0 0 F 0 0 1 
1 1 1 1 1 1 1 1 1 1 
p15 L73 T7

Map10
1 1 1 1 1 1 1 1 1 1 
1 0 0 H 0 F 0 1 1 1 
1 0 0 0 0 1 0 0 1 1 
1 1 1 0 0 0 # # 1 1 
G 0 0 0 0 H 0 0 1 1 
1 1 0 0 1 0 H 0 1 1 
1 0 1 0 F 0 1 0 1 1 
1 0 0 0 0 0 0 0 1 1 
1 1 1 1 1 1 1 S 1 1 
1 1 1 1 1 1 1 1 1 1 
p74 D42 T4

Map10
1 1 1 1 1 1 S 1 1 1 
1 0 0 0 0 0 0 0 1 1 
1 0 0 0 0 0 H 0 1 1 
1 1 1 0 0 1 0 0 1 1 
G 0 F F 1 H 0 0 1 1 
1 0 0 0 0 0 0 0 1 1 
1 0 0 0 1 H 0 0 1 1 
1 0 H 0 0 0 0 0 1 1 
1 1 1 1 1 1 1 1 1 1 
1 1 1 1 1 1 1 1 1 1 
p74 R51 T6

Map10
1 1 1 1 1 1 1 1 1 1 
1 1 1 G 1 1 1 1 1 1 
1 1 0 0 1 0 0 0 1 1 
1 1 0 H F 0 H 0 1 1 
1 1 0 0 0 0 1 0 1 1 
1 1 1 0 0 F 1 1 1 1 
1 1 0 0 0 0 0 0 S 1 
1 1 0 0 0 0 0 1 1 1 
1 1 1 1 1 1 1 1 1 1 
1 1 1 1 1 1 1 1 1 1 
p46 L44 T6

Map10
1 1 1 1 1 1 1 1 1 1 
1 1 G 1 1 1 1 1 1 1 
1 1 0 0 0 # 1 0 1 1 
1 1 0 0 # 1 0 H 1 1 
1 1 0 0 # # 1 F 1 1 
1 1 0 0 0 # # 0 1 1 
1 1 H 0 1 0 1 0 1 1 
1 1 F 0 # 0 0 # S 1 
1 1 1 1 1 1 1 1 1 1 
1 1 1 1 1 1 1 1 1 1 
p67 R37 T4

Map10
1 1 1 S 1 1 1 1 1 1 
1 H 1 0 1 0 0 F 0 1 
1 0 0 0 F 0 0 1 1 1 
G 0 0 H 0 0 0 0 F 1 
1 0 0 0 0 0 F 0 H 1 
1 0 0 0 0 0 H F F 1 
1 0 0 0 H 0 0 0 # 1 
1 0 0 0 F 0 0 0 0 1 
1 0 0 1 F 0 0 0 0 1 
1 1 1 1 1 1 1 1 1 1 
p53 R22 T10

Map10
1 1 1 1 1 1 1 G 1 1 
1 F H 0 H 0 # 0 H 1 
1 0 H 1 0 1 # 0 0 1 
1 # 0 F 0 0 H F 0 1 
1 1 0 0 F 0 F 0 H 1 
S 0 0 F 0 F 0 F 0 1 
1 0 0 # 0 0 0 0 1 1 
1 0 0 F 0 0 0 H 0 1 
1 0 0 0 0 # H 1 0 1 
1 1 1 1 1 1 1 1 1 1 
p15 D24 T5

Map10
1 1 1 1 1 1 1 1 1 1 
1 0 1 # 1 0 1 0 # 1 
1 0 0 F 0 # 0 # 0 1 
S 0 0 0 0 F 1 0 0 1 
G 0 F F 0 # 0 F 0 1 
1 F 0 0 0 0 0 0 # 1 
1 0 1 H 0 0 0 # 0 1 
1 0 0 F 0 0 0 # # 1 
1 1 0 0 0 0 0 0 0 1 
1 1 1 1 1 1 1 1 1 1 
p57 D12 T5

Map10
1 1 1 1 G 1 1 1 1 1 
S # # 1 F 0 1 0 0 1 
1 1 0 0 F 0 0 1 1 1 
1 # 0 0 0 F 0 0 0 1 
1 0 H 1 1 0 0 0 0 1 
1 0 0 F # F 0 H # 1 
1 0 0 0 0 F 0 0 0 1 
1 0 F # 0 F 0 0 1 1 
1 0 0 H 1 H F 0 0 1 
1 1 1 1 1 1 1 1 1 1 
p15 L33 T8

Map10
1 1 1 1 G 1 1 1 1 1 
1 0 F 0 0 0 0 F F 1 
1 0 0 0 0 F 0 0 0 1 
1 0 # 1 0 0 0 0 # 1 
1 0 0 0 0 F 1 0 0 1 
S 0 F 0 0 F 0 0 0 1 
1 0 0 F H 0 0 0 0 1 
1 F 0 0 F 0 0 0 0 1 
1 0 # 0 F 1 0 0 1 1 
1 1 1 1 1 1 1 1 1 1 
p84 D82 T4

Map10
1 1 1 1 1 1 1 1 1 1 
1 1 # 0 0 0 F 0 0 1 
1 1 # # 0 1 F 0 1 1 
1 G 0 F 0 0 0 H F 1 
1 1 # # 0 1 0 # 1 1 
1 1 0 0 # # F # 0 1 
1 1 H 1 0 # F H 1 1 
1 1 1 H 0 0 # 0 1 1 
1 1 1 1 1 S 1 1 1 1 
1 1 1 1 1 1 1 1 1 1 
p57 L53 T4

Map10
1 1 1 G 1 1 1 1 1 1 
1 0 F 0 0 H 0 1 1 1 
1 1 0 0 0 0 F 0 1 1 
1 0 0 0 F 0 F F 1 1 
1 0 0 # 0 0 F 0 1 1 
1 F F 0 0 # 0 0 1 1 
1 0 1 H F 0 0 0 1 1 
1 # 0 1 0 0 F 0 1 1 
1 1 S 1 1 1 1 1 1 1 
1 1 1 1 1 1 1 1 1 1 
p42 U74 T7

Map10
1 1 1 1 1 1 1 1 1 1 
1 1 1 1 1 1 1 1 1 1 
1 1 0 0 0 0 F 0 1 1 
1 1 0 # 0 1 0 0 1 1 
1 G # 0 0 0 0 0 1 1 
1 1 0 0 H H 1 0 1 1 
1 1 0 0 # 0 # 0 1 1 
1 1 0 0 0 0 0 0 1 1 
1 1 1 1 1 S 1 1 1 1 
1 1 1 1 1 1 1 1 1 1 
p75 R47 T4

Map10
1 1 1 1 1 1 1 1 1 1 
G # 1 0 H 0 0 0 0 1 
1 # 0 0 0 0 0 F # 1 
1 1 H 1 # 0 0 # 0 1 
1 0 0 0 0 0 H 0 0 1 
1 0 0 0 0 0 1 # 0 1 
1 0 0 0 1 0 # 0 # 1 
S 0 1 H H 0 1 # 0 1 
1 H 0 0 # # 0 0 0 1 
1 1 1 1 1 1 1 1 1 1 
p83 D53 T9

Map10
1 1 1 1 1 1 1 1 1 1 
1 1 1 1 1 1 1 G 1 1 
1 1 0 0 0 # 0 0 1 1 
1 0 H 0 1 0 0 0 1 1 
1 0 0 0 0 1 0 0 1 1 
S 0 # H 0 0 0 F 1 1 
1 0 1 0 1 0 # 1 1 1 
1 0 0 0 # 0 0 0 1 1 
1 0 0 0 0 0 1 0 1 1 
1 1 1 1 1 1 1 1 1 1 
p57 D14 T8

Map10
1 1 1 1 G 1 1 1 1 1 
1 1 0 F F F # 0 0 1 
1 1 F 1 0 0 0 0 0 1 
1 1 0 0 H 0 0 F 0 1 
1 1 # 0 0 0 0 1 0 1 
1 1 0 0 0 F 0 F H 1 
1 1 0 F 0 0 F 1 1 1 
1 1 0 0 1 0 0 0 F 1 
1 1 S 1 1 1 1 1 1 1 
1 1 1 1 1 1 1 1 1 1 
p63 D25 T10

Map10
1 1 1 1 1 1 1 1 1 1 
1 1 1 1 1 1 1 1 1 1 
1 1 # H 0 0 F 0 1 1 
1 G F 0 F # 1 F 1 1 
1 1 0 0 F 0 1 0 1 1 
1 1 0 0 0 # 1 1 1 1 
1 1 0 H 0 0 0 0 1 1 
1 1 H 0 0 0 # 0 1 1 
1 1 1 1 S 1 1 1 1 1 
1 1 1 1 1 1 1 1 1 1 
p54 R34 T4

Map10
1 1 1 1 1 1 1 1 1 1 
1 1 1 1 1 1 1 1 1 1 
1 1 0 1 # 0 0 # S 1 
1 1 1 0 1 0 0 0 1 1 
1 1 0 0 0 0 # 0 1 1 
1 1 0 F # F F 0 1 1 
1 1 # 0 1 0 1 # 1 1 
1 1 # 0 H F # 0 1 1 
1 1 1 G 1 1 1 1 1 1 
1 1 1 1 1 1 1 1 1 1 
p73 D33 T5

Map10
1 1 1 1 1 1 1 1 1 1 
1 1 0 0 0 0 0 0 0 1 
1 1 0 F H F 0 0 1 1 
1 G 0 # 0 # 0 0 0 1 
1 1 # 0 0 0 0 0 # 1 
1 1 # 0 F 0 1 0 0 1 
1 1 0 F # 0 0 0 H 1 
1 1 0 # 0 0 0 0 0 1 
1 1 1 1 S 1 1 1 1 1 
1 1 1 1 1 1 1 1 1 1 
p51 D44 T9

Map10
1 1 1 1 1 1 1 1 1 1 
1 1 1 1 1 1 1 S 1 1 
G 0 0 H 0 H 0 0 1 1 
1 0 0 0 0 1 0 0 1 1 
1 0 H # 0 1 H 0 1 1 
1 1 0 0 1 0 0 0 1 1 
1 # 0 0 0 0 0 0 1 1 
1 0 0 0 0 H 0 0 1 1 
1 0 0 0 0 0 0 0 1 1 
1 1 1 1 1 1 1 1 1 1 
p48 L43 T6

Map10
1 1 1 1 1 1 1 1 1 1 
1 1 1 1 1 1 1 1 1 1 
1 1 0 1 0 0 0 0 1 1 
1 1 0 0 H 0 0 F G 1 
1 1 0 1 1 0 0 0 1 1 
1 1 0 F 1 0 0 0 1 1 
1 1 0 0 0 0 0 0 1 1 
1 1 1 0 0 0 F 0 1 1 
1 1 1 1 S 1 1 1 1 1 
1 1 1 1 1 1 1 1 1 1 
p52 U57 T4

Map10
1 1 1 1 1 1 1 1 1 1 
1 1 1 1 1 1 1 S 1 1 
1 1 1 0 0 H 1 0 1 1 
1 1 0 1 0 # # 0 1 1 
1 1 0 0 0 # 0 # 1 1 
1 1 F 0 H # 0 1 1 1 
1 1 F 1 0 0 0 0 G 1 
1 1 0 H # F H 0 1 1 
1 1 1 1 1 1 1 1 1 1 
1 1 1 1 1 1 1 1 1 1 
p64 R46 T4

Map10
1 1 1 1 1 1 1 1 1 1 
1 1 1 1 1 1 1 1 1 1 
1 S 0 0 1 # 0 0 1 1 
1 1 0 0 0 0 0 0 1 1 
1 1 0 0 H 0 0 0 1 1 
1 1 0 0 H 0 0 0 1 1 
1 1 H 0 0 F 0 0 1 1 
1 1 0 0 H # # # 1 1 
1 1 1 1 1 1 G 1 1 1 
1 1 1 1 1 1 1 1 1 1 
p32 D62 T4

Map10
1 1 1 1 1 1 1 1 1 1 
1 1 1 1 1 1 1 1 1 1 
1 1 0 0 1 0 F 0 1 1 
1 1 F 0 0 1 # # 1 1 
1 1 # 0 0 F 0 0 G 1 
1 1 0 0 0 0 0 0 1 1 
1 1 1 # 0 0 # 1 1 1 
1 1 # 0 0 0 0 0 1 1 
1 1 S 1 1 1 1 1 1 1 
1 1 1 1 1 1 1 1 1 1 
p37 R34 T4

Map10
1 1 1 S 1 1 1 1 1 1 
1 0 0 F 0 0 0 0 # 1 
1 0 0 1 0 F 0 F 1 1 
1 1 0 0 0 0 0 0 0 1 
1 0 0 0 # 1 0 0 # 1 
1 1 0 0 0 1 1 0 0 1 
G # 0 0 0 0 0 1 0 1 
1 0 0 # 0 0 # 0 0 1 
1 # 0 0 # # 0 0 0 1 
1 1 1 1 1 1 1 1 1 1 
p41 R21 T8

Map10
1 1 1 1 G 1 1 1 1 1 
1 F F 0 0 # 0 0 # 1 
1 0 F # F 0 0 F 0 1 
1 0 # 0 0 0 0 0 0 1 
1 0 # 0 # H 1 0 # 1 
1 # 0 F 0 0 0 0 0 1 
1 1 # 0 0 0 0 0 0 1 
S # 0 0 F H 0 # 0 1 
1 1 0 0 F 0 0 0 1 1 
1 1 1 1 1 1 1 1 1 1 
p85 D36 T8

Map10
1 1 1 1 1 1 1 1 1 1 
1 1 0 1 0 0 F 0 0 1 
1 S 0 0 F 0 0 0 0 1 
1 1 0 0 0 0 1 F # 1 
1 1 1 1 0 0 # 0 1 1 
1 1 1 0 0 0 0 F 0 1 
1 1 0 0 0 0 0 F 1 1 
1 1 H 0 1 0 0 0 F 1 
1 1 1 G 1 1 1 1 1 1 
1 1 1 1 1 1 1 1 1 1 
p62 L85 T4

Map10
1 1 1 1 1 1 1 1 1 1 
1 1 1 1 1 1 1 1 1 1 
1 1 # 0 1 F 1 0 G 1 
1 1 0 F 0 0 H 0 1 1 
1 1 0 1 0 0 0 F 1 1 
1 S 0 0 1 0 1 F 1 1 
1 1 1 H 0 # H 0 1 1 
1 1 0 # 0 0 0 0 1 1 
1 1 1 1 1 1 1 1 1 1 
1 1 1 1 1 1 1 1 1 1 
p24 D53 T10

Map10
1 1 1 1 1 1 1 1 1 1 
1 1 1 1 1 1 G 1 1 1 
1 1 1 0 1 0 0 0 0 1 
1 S 0 0 0 H # 0 0 1 
1 1 0 0 0 0 0 1 0 1 
1 1 0 0 F 0 0 0 H 1 
1 1 0 F 0 0 0 0 0 1 
1 1 0 0 0 0 0 0 0 1 
1 1 0 0 0 0 0 0 0 1 
1 1 1 1 1 1 1 1 1 1 
p58 D32 T4

Map10
1 1 1 1 1 1 1 1 1 1 
1 0 0 0 0 0 0 0 0 1 
1 0 0 0 0 0 0 0 0 1 
S 0 F 1 0 0 0 0 0 1 
1 0 0 0 1 F 0 1 F 1 
1 0 0 1 0 0 0 1 0 1 
G 0 0 0 0 0 F 0 0 1 
1 F 0 0 0 1 0 0 0 1 
1 0 0 H 0 0 0 0 0 1 
1 1 1 1 1 1 1 1 1 1 
p41 U14 T5

Map10
1 1 1 1 1 1 1 1 1 1 
1 1 1 1 1 G 1 1 1 1 
1 1 0 H H # 0 1 1 1 
1 1 F 0 # 0 0 0 1 1 
1 1 1 1 0 # 0 0 1 1 
1 1 0 0 0 0 0 0 1 1 
1 1 0 0 0 1 1 0 S 1 
1 1 0 0 0 0 H 0 1 1 
1 1 1 1 1 1 1 1 1 1 
1 1 1 1 1 1 1 1 1 1 
p63 R33 T4

Map10
1 1 1 1 1 1 1 1 1 1 
1 1 1 1 1 1 1 1 1 1 
1 1 F 0 0 0 # 0 1 1 
1 1 1 0 0 F 0 0 1 1 
1 1 0 0 0 0 0 0 1 1 
1 1 0 0 0 1 # 0 1 1 
1 S 0 # F 1 H # 1 1 
1 1 F 0 0 0 1 0 1 1 
1 1 1 G 1 1 1 1 1 1 
1 1 1 1 1 1 1 1 1 1 
p44 U47 T4

