Map10
1 1 1 1 S G 1 1 1 1 
1 0 1 H 0 0 F 0 1 1 
1 0 1 0 1 0 # 0 F 1 
1 # 0 0 F 0 # 0 # 1 
1 0 0 0 0 0 0 F 0 1 
1 0 0 # F F 0 0 0 1 
1 0 1 0 0 F 1 0 0 1 
1 0 0 1 1 0 F 1 0 1 
1 0 0 # 0 # 0 0 0 1 
1 1 1 1 1 1 1 1 1 1 
p68 T8

Map10
1 G 1 1 1 1 1 1 1 1 
1 0 0 0 1 0 F 0 0 1 
1 H 0 0 0 F 0 0 0 1 
1 # 0 0 0 0 F 0 1 1 
1 F 0 1 0 0 0 1 0 1 
1 # 0 F 1 0 F # 0 1 
S F 0 F 0 0 1 H 0 1 
1 H H 1 0 0 0 F 0 1 
1 H F 1 0 H 0 0 0 1 
1 1 1 1 1 1 1 1 1 1 
p33 L53 T8

Map10
1 1 1 1 1 1 1 1 1 1 
1 1 1 1 1 S 1 1 1 1 
1 1 H # H F 0 0 1 1 
1 1 0 0 0 0 F 0 1 1 
1 1 0 # 0 0 1 H 1 1 
1 1 0 F 0 H 0 0 G 1 
1 1 0 F F 0 0 0 1 1 
1 1 0 0 0 0 0 0 1 1 
1 1 1 1 1 1 1 1 1 1 
1 1 1 1 1 1 1 1 1 1 
p57 P54 T7

Map10
1 1 1 1 1 S 1 1 1 1 
1 # 0 F # 0 # 1 0 1 
1 F 0 H H 0 0 F 0 1 
1 # # 0 0 F # # 1 1 
1 1 F 0 0 H F 0 F 1 
1 H 0 0 0 1 0 0 0 1 
1 0 0 0 1 F H 1 # 1 
G 0 1 0 0 F 0 1 # 1 
1 1 # 0 F H 0 H 0 1 
1 1 1 1 1 1 1 1 1 1 
p35 R43 T12

Map10
1 1 1 1 1 1 1 1 1 1 
1 1 1 1 1 S 1 1 1 1 
1 H 1 1 0 0 0 H 1 1 
1 1 1 # 0 0 0 H 1 1 
1 0 0 0 F 1 # 0 G 1 
1 0 # 0 F 0 0 H 1 1 
1 1 1 1 0 0 0 # 1 1 
1 H # H 0 0 0 0 1 1 
1 0 0 0 1 0 H 0 1 1 
1 1 1 1 1 1 1 1 1 1 
p65 p57 T9

Map10
1 1 1 1 1 1 1 1 1 1 
1 1 1 1 1 1 1 1 1 1 
1 1 # 1 0 H 0 # G 1 
1 1 0 0 0 # 0 0 1 1 
1 1 0 # # # 0 0 1 1 
1 1 0 1 0 0 0 0 1 1 
1 1 0 F F H # 0 1 1 
1 1 0 0 0 1 0 # 1 1 
1 1 1 S 1 1 1 1 1 1 
1 1 1 1 1 1 1 1 1 1 
p45 R27 T6
