Map8
1 1 1 1 1 1 1 1 
1 1 0 0 1 0 H 1 
1 1 0 0 F 0 0 1 
1 1 0 H 0 # # G 
1 1 0 0 0 # 1 1 
1 S 0 # # 1 0 1 
1 1 1 1 1 1 1 1 
1 1 1 1 1 1 1 1 
r22 T7

Map8
1 1 1 1 1 1 1 1 
1 1 1 1 1 1 1 1 
1 1 H 0 0 1 0 1 
1 1 0 0 # # H 1 
1 1 0 0 # # 0 1 
1 1 1 # 0 0 1 1 
1 1 0 0 1 0 H 1 
1 1 1 G 1 S 1 1 
d33 T4

Map8
1 1 1 1 1 1 1 1 
1 1 1 1 1 1 1 1 
1 1 0 0 0 F 0 1 
1 1 0 0 0 1 1 1 
1 1 0 0 1 0 0 1 
1 1 0 0 0 1 0 1 
1 1 F 0 0 F F G 
1 1 S 1 1 1 1 1 
r25 T6

Map8
1 1 1 1 1 1 1 1 
1 1 1 1 1 1 1 1 
1 0 0 0 0 0 1 1 
1 0 F 0 0 0 1 1 
S F 0 F 0 0 1 1 
1 0 0 0 0 0 1 1 
1 0 0 0 F 1 1 1 
1 1 G 1 1 1 1 1 
d24 T3

Map8
1 1 1 1 1 1 1 1 
1 1 1 1 S 1 1 1 
1 1 0 0 0 F 0 1 
1 1 1 0 F H H 1 
1 G 0 0 0 F 0 1 
1 1 1 0 # 0 0 1 
1 1 0 F 0 0 0 1 
1 1 1 1 1 1 1 1 
l44 T4

Map8
1 1 1 1 1 1 1 1 
1 1 S 1 1 1 1 1 
1 0 0 0 0 H 1 1 
1 0 0 0 1 F 1 1 
1 0 1 F 0 F 1 1 
1 0 1 0 0 0 G 1 
1 # # # # 1 1 1 
1 1 1 1 1 1 1 1 
r35 T5

Map8
1 1 1 1 1 1 1 1 
1 G 1 1 1 1 1 1 
1 # 0 H 0 1 1 1 
1 1 F F 0 H 1 1 
1 0 F 0 # 1 1 1 
1 0 0 # 0 0 S 1 
1 0 0 0 # 0 1 1 
1 1 1 1 1 1 1 1 
u25 T5

Map8
1 1 1 1 1 1 1 1 
1 1 1 1 1 1 1 1 
1 0 0 1 0 0 1 1 
1 1 0 # 0 0 1 1 
1 0 0 0 F 0 1 1 
G # 0 0 0 0 1 1 
1 F 0 0 0 0 1 1 
1 1 1 S 1 1 1 1 
l35 T3

Map8
1 1 1 1 1 1 1 1 
1 1 1 1 1 1 G 1 
1 1 0 0 0 0 0 1 
1 1 # 0 1 # 0 1 
1 1 1 1 0 0 0 1 
1 1 1 0 0 0 F S 
1 1 0 0 0 0 0 1 
1 1 1 1 1 1 1 1 
u55 T6

Map8
1 1 1 1 1 1 1 1 
1 0 0 0 0 0 1 1 
1 0 F 0 0 0 1 1 
1 1 0 F F 0 1 1 
1 0 0 0 1 # 1 1 
1 0 0 0 0 0 1 1 
1 1 G 1 1 S 1 1 
1 1 1 1 1 1 1 1 
d21 T4

Map8
1 1 1 S 1 1 1 1 
1 1 1 0 0 # 0 1 
1 1 0 0 0 0 0 1 
1 1 # # 0 0 1 1 
1 1 0 0 0 0 1 1 
1 1 0 # # 0 0 1 
1 1 1 1 G 1 1 1 
1 1 1 1 1 1 1 1 
d41 T5

Map8
1 1 1 G 1 1 1 1 
1 1 # 0 1 0 0 1 
1 1 H 0 0 0 0 1 
1 1 1 0 1 0 # S 
1 1 0 0 0 1 # 1 
1 1 0 0 0 0 # 1 
1 1 1 1 1 1 1 1 
1 1 1 1 1 1 1 1 
u35 T6

Map8
1 1 1 1 1 1 1 1 
1 1 1 1 1 1 1 1 
1 F H 1 0 # 1 1 
1 F 0 0 0 0 1 1 
S F 0 0 0 0 1 1 
1 F F 0 0 0 1 1 
1 0 0 0 F 1 1 1 
1 1 G 1 1 1 1 1 
d24 T3

Map8
1 1 1 1 1 1 1 1 
1 # F # 0 H 1 1 
1 0 0 1 F 1 1 1 
S 0 F F 0 0 1 1 
1 F 0 0 0 0 1 1 
1 0 0 1 0 1 1 1 
1 G 1 1 1 1 1 1 
1 1 1 1 1 1 1 1 
d13 T3

Map8
1 1 1 1 1 1 1 1 
1 0 0 1 # 0 1 1 
G F F F F 0 1 1 
1 # 0 0 0 F 1 1 
1 1 0 0 # 0 1 1 
1 # 0 0 # 0 1 1 
1 1 1 1 1 S 1 1 
1 1 1 1 1 1 1 1 
l52 T3

Map8
1 1 1 1 1 1 1 1 
1 1 1 1 1 1 1 1 
1 1 0 0 1 0 0 1 
1 1 0 0 0 0 0 1 
1 1 0 0 0 0 0 G 
1 1 0 0 0 0 F 1 
1 S 0 0 0 0 0 1 
1 1 1 1 1 1 1 1 
r24 T5

Map8
1 1 1 1 1 1 1 1 
1 H 1 # 0 0 1 1 
1 0 0 # H 0 1 1 
1 0 F 0 F # S 1 
1 # 0 F F F 1 1 
1 1 # 0 0 0 1 1 
1 1 G 1 1 1 1 1 
1 1 1 1 1 1 1 1 
d33 T5

Map8
1 1 1 1 1 1 1 1 
1 1 1 1 1 1 S 1 
1 1 0 0 0 0 0 1 
1 1 0 F 0 0 0 1 
1 1 1 F F 0 0 1 
1 1 H 0 0 F 0 1 
1 1 0 0 0 F # 1 
1 1 1 1 1 G 1 1 
d52 T5

Map8
1 1 1 1 1 1 1 1 
1 1 1 1 1 1 G 1 
1 1 1 # F 0 # 1 
1 1 0 0 0 F 1 1 
1 1 0 0 0 # 0 S 
1 1 0 1 F # 0 1 
1 1 F 0 F 0 0 1 
1 1 1 1 1 1 1 1 
u34 T5

Map8
1 1 1 1 1 1 1 1 
1 1 1 1 1 1 S 1 
1 1 # 0 F 0 0 1 
1 1 0 F F 0 # 1 
1 1 1 0 1 0 0 1 
1 1 # # 0 0 0 1 
1 1 1 # 0 1 0 1 
1 1 1 1 G 1 1 1 
d32 T7

Map8
1 1 1 1 1 1 1 1 
1 1 1 1 1 S 1 1 
1 # 0 0 0 0 1 1 
1 0 0 0 0 # 1 1 
G 0 0 0 F 0 1 1 
1 0 0 0 F 0 1 1 
1 0 0 1 0 0 1 1 
1 1 1 1 1 1 1 1 
l54 T3

Map8
1 1 1 1 1 1 1 1 
1 1 1 1 1 1 1 1 
1 0 F 0 # 0 1 1 
1 0 1 # 0 0 S 1 
1 F 0 0 0 # 1 1 
1 0 F 1 F 1 1 1 
G F # 0 # 1 1 1 
1 1 1 1 1 1 1 1 
d43 T4

Map8
1 1 1 G 1 1 1 1 
1 0 # F F 0 1 1 
1 0 0 # 0 0 S 1 
1 0 1 0 F 0 1 1 
1 0 # 0 F F 1 1 
1 0 F 1 0 # 1 1 
1 1 1 1 1 1 1 1 
1 1 1 1 1 1 1 1 
l53 T6

Map8
1 1 1 1 1 1 1 1 
1 0 0 1 0 F 1 1 
1 0 # 0 0 # 1 1 
1 0 F 0 0 0 G 1 
1 0 F 0 0 0 1 1 
1 0 0 F 0 0 1 1 
1 S 1 1 1 1 1 1 
1 1 1 1 1 1 1 1 
r13 T3

Map8
1 1 1 1 1 1 G 1 
1 1 0 0 1 1 0 1 
1 1 0 0 0 0 0 1 
1 1 0 0 0 0 F 1 
1 1 0 0 0 1 0 1 
1 1 0 F 1 0 0 1 
1 1 S 1 1 1 1 1 
1 1 1 1 1 1 1 1 
r22 T4

Map8
1 1 1 G 1 1 1 1 
1 H # # 0 0 1 1 
1 1 0 0 0 0 1 1 
1 0 0 0 0 0 1 1 
1 # F 0 0 0 S 1 
1 0 0 0 0 0 1 1 
1 1 1 1 1 1 1 1 
1 1 1 1 1 1 1 1 
u34 T3

Map8
1 1 S 1 1 1 1 1 
1 0 # # F H 1 1 
1 F 0 F 0 0 G 1 
1 0 0 0 1 0 1 1 
1 H 0 F 0 0 1 1 
1 F # 0 0 0 1 1 
1 1 1 1 1 1 1 1 
1 1 1 1 1 1 1 1 
r22 T4

Map8
1 1 1 1 1 G 1 1 
1 0 0 1 0 0 1 1 
1 0 0 0 0 0 1 1 
1 0 0 1 1 0 1 1 
1 0 H 0 # 1 1 1 
1 0 0 F 0 0 1 1 
1 S 1 1 1 1 1 1 
1 1 1 1 1 1 1 1 
r12 T4

Map8
1 1 G 1 1 1 S 1 
1 1 0 # 0 0 0 1 
1 1 0 0 0 0 0 1 
1 1 1 H 0 H F 1 
1 1 0 0 0 0 F 1 
1 1 0 0 0 0 0 1 
1 1 1 1 1 1 1 1 
1 1 1 1 1 1 1 1 
u45 T6

Map8
1 1 1 1 1 S 1 1 
1 0 0 0 0 # 1 1 
1 0 1 0 0 1 1 1 
1 F 0 # 0 1 1 1 
1 0 # 0 F 0 G 1 
1 0 0 # 1 H 1 1 
1 1 1 1 1 1 1 1 
1 1 1 1 1 1 1 1 
r34 T8

Map8
1 1 1 S 1 1 1 1 
1 F H # 0 0 1 1 
1 0 F F H 0 1 1 
G 0 # 0 F 0 1 1 
1 1 0 0 0 F 1 1 
1 F 1 0 1 0 1 1 
1 1 1 1 1 1 1 1 
1 1 1 1 1 1 1 1 
l33 T4

Map8
1 1 1 1 1 1 1 1 
1 1 1 1 1 1 1 1 
1 # 0 0 1 # 1 1 
1 F 0 F F 0 G 1 
1 0 0 1 0 F 1 1 
1 # 0 # H F 1 1 
1 0 0 0 1 # 1 1 
1 1 S 1 1 1 1 1 
r23 T3

Map8
1 1 1 1 1 1 1 1 
1 1 1 1 1 1 1 1 
1 0 0 # F 0 1 1 
1 # 0 0 0 0 1 1 
1 0 0 0 0 0 S 1 
1 0 0 0 # 0 1 1 
1 1 0 0 0 1 1 1 
1 1 1 1 G 1 1 1 
d44 T3

Map8
1 1 1 1 1 1 1 1 
1 1 1 1 1 1 1 1 
1 # F 1 1 # 1 1 
1 0 0 F 0 0 S 1 
1 0 0 0 # 0 1 1 
1 1 # 0 F 1 1 1 
1 0 0 0 # 0 1 1 
1 G 1 1 1 1 1 1 
d23 T5

Map8
1 1 1 1 1 1 1 1 
1 1 1 G 1 1 1 1 
1 1 0 0 1 0 0 1 
1 1 0 F 0 0 # 1 
1 1 0 # 0 0 0 1 
1 1 F H 0 0 0 1 
1 S 0 F 0 0 0 1 
1 1 1 1 1 1 1 1 
l64 T7

Map8
1 1 1 1 1 1 1 1 
1 1 1 1 1 1 1 1 
1 0 F F 0 0 1 1 
1 0 0 1 # H 1 1 
1 0 0 0 0 # 1 1 
1 F 0 0 0 0 1 1 
S 0 0 1 0 # 1 1 
1 1 1 1 1 G 1 1 
r14 T7

Map8
1 1 1 1 1 1 1 1 
1 H # # 1 0 1 1 
1 0 0 0 H 0 1 1 
1 0 0 0 0 0 G 1 
1 1 # 0 # F S 1 
1 0 0 1 H 1 1 1 
1 1 1 1 1 1 1 1 
1 1 1 1 1 1 1 1 
r23 T4

Map8
1 1 1 1 1 1 1 1 
1 G 1 1 1 1 1 1 
1 F 0 F 0 0 1 1 
1 0 1 0 0 0 1 1 
1 0 F 0 F 0 1 1 
1 0 0 1 0 # S 1 
1 H F 0 0 0 1 1 
1 1 1 1 1 1 1 1 
l54 T8

Map8
1 1 1 1 1 1 1 1 
1 1 1 1 1 1 1 1 
1 1 # 0 F 0 0 1 
1 1 0 0 # 0 0 1 
1 1 # 0 # 0 1 1 
1 1 F 0 F # 0 1 
1 1 0 0 0 0 0 1 
1 1 S 1 1 G 1 1 
d52 T4

Map8
1 1 1 1 1 1 1 1 
1 0 0 1 0 0 1 1 
G # # 0 0 0 1 1 
1 # 0 1 0 0 1 1 
1 0 0 H # 0 1 1 
1 0 0 H 0 # 1 1 
1 1 1 1 1 S 1 1 
1 1 1 1 1 1 1 1 
l52 T3

Map8
1 1 1 1 1 1 1 1 
1 1 1 1 1 S 1 1 
1 1 0 0 0 0 F 1 
1 1 0 0 H 0 F 1 
1 1 1 0 # # F 1 
1 1 0 0 0 # 0 1 
1 1 0 0 # 0 F 1 
1 1 1 G 1 1 1 1 
d32 T5

Map8
1 1 1 1 1 1 1 1 
1 1 1 1 1 1 1 1 
1 0 0 1 0 0 1 1 
1 0 1 0 0 F 1 1 
1 0 0 1 0 0 1 1 
1 0 0 0 0 0 G 1 
1 # 0 0 0 H 1 1 
1 S 1 1 1 1 1 1 
r15 T4

Map8
1 1 1 1 1 1 1 1 
1 0 0 # 0 0 1 1 
1 F F 0 # 0 1 1 
G 0 0 0 0 1 1 1 
1 F 0 0 1 0 1 1 
S 0 0 0 # 1 1 1 
1 1 1 1 1 1 1 1 
1 1 1 1 1 1 1 1 
d41 T7

Map8
1 1 1 1 1 1 1 1 
1 1 0 1 0 # 1 1 
1 1 H # 0 # 0 1 
1 G 0 0 0 0 0 1 
1 1 # 0 H 0 0 1 
1 1 0 1 1 0 0 1 
1 1 1 1 1 S 1 1 
1 1 1 1 1 1 1 1 
l53 T3

Map8
1 1 1 1 1 1 1 1 
1 1 1 1 1 1 1 1 
1 1 0 0 0 0 1 1 
1 1 # 0 F F 0 1 
1 1 0 # 0 0 0 1 
1 1 0 1 0 0 F 1 
1 1 F 1 # 0 F 1 
1 1 1 1 S 1 G 1 
r44 T4

Map8
1 1 1 1 1 1 1 1 
1 1 1 1 1 1 1 1 
S 0 F 0 F 0 1 1 
1 F 0 0 0 0 1 1 
1 0 0 0 F 1 1 1 
1 # 0 0 H F 1 1 
1 0 H 0 0 F 1 1 
1 1 1 G 1 1 1 1 
d32 T3

Map8
1 1 1 1 1 1 1 1 
1 0 1 1 0 0 1 1 
G 0 0 0 0 0 1 1 
1 0 0 1 H 0 1 1 
1 0 0 0 0 0 1 1 
1 F 0 0 0 0 1 1 
1 1 1 S 1 1 1 1 
1 1 1 1 1 1 1 1 
l52 T5

Map8
1 1 1 1 1 1 1 1 
1 1 0 0 1 0 1 1 
1 1 F 0 0 0 F 1 
1 1 0 0 F F F 1 
1 1 0 # # 0 0 1 
1 1 # F 0 1 0 1 
1 1 S 1 1 1 G 1 
1 1 1 1 1 1 1 1 
r24 T4

Map8
1 1 1 1 1 1 1 1 
1 1 1 1 1 1 1 1 
1 1 0 # 0 0 1 1 
1 1 F 0 0 # 0 1 
1 1 F 0 0 F 0 1 
1 1 F 1 F 0 F 1 
1 S 0 0 0 1 0 G 
1 1 1 1 1 1 1 1 
r43 T6

Map8
1 1 1 1 1 1 1 1 
1 G 0 0 1 0 1 1 
1 1 H F 0 0 0 1 
1 S # 0 0 0 1 1 
1 1 0 0 0 0 H 1 
1 1 H 0 0 0 0 1 
1 1 1 1 1 1 1 1 
1 1 1 1 1 1 1 1 
u33 T5

Map8
1 1 1 1 1 1 1 1 
1 1 1 1 1 1 1 1 
1 0 0 0 1 0 1 1 
1 0 0 # 0 F S 1 
1 0 0 0 0 0 1 1 
1 1 F # 0 F 1 1 
1 H # F 1 F 1 1 
1 1 G 1 1 1 1 1 
d23 T3

Map8
1 1 1 1 1 1 1 1 
1 1 1 1 1 1 1 1 
1 0 0 1 0 0 1 1 
G # F 0 0 0 1 1 
1 0 0 F 0 0 1 1 
1 0 0 # 0 0 1 1 
1 # # 0 # 0 1 1 
1 1 1 1 1 S 1 1 
l53 T3

Map8
1 1 1 1 1 G 1 1 
1 1 0 H F F 1 1 
1 1 0 0 0 F 0 1 
1 S 0 # F 0 0 1 
1 1 0 0 0 F 0 1 
1 1 0 1 1 F 0 1 
1 1 1 1 1 1 1 1 
1 1 1 1 1 1 1 1 
u53 T3

Map8
1 1 1 1 1 1 1 1 
1 F 0 F 0 0 1 1 
1 0 # H # 0 1 1 
1 # 0 0 F 0 S 1 
1 0 0 F 0 0 G 1 
1 0 # 1 0 0 1 1 
1 1 1 1 1 1 1 1 
1 1 1 1 1 1 1 1 
r14 T4

Map8
1 1 1 1 S 1 1 1 
1 1 0 # 0 0 1 1 
1 1 # 0 0 0 F 1 
1 1 1 0 0 0 # G 
1 1 0 0 F 0 F 1 
1 1 F # 0 0 1 1 
1 1 1 1 1 1 1 1 
1 1 1 1 1 1 1 1 
r43 T3

Map8
1 1 1 1 1 1 1 1 
1 1 1 1 1 1 1 1 
1 0 H 0 F 0 1 1 
S 0 0 0 F 0 1 1 
1 0 0 0 F F 1 1 
G 0 F 0 0 0 1 1 
1 0 0 1 0 # 1 1 
1 1 1 1 1 1 1 1 
l55 T4

Map8
1 1 1 1 1 1 1 1 
1 G 1 1 1 S 1 1 
1 0 0 0 0 F 1 1 
1 1 0 F # 0 1 1 
1 0 1 0 1 F 1 1 
1 F 0 0 0 0 1 1 
1 1 0 0 0 0 1 1 
1 1 1 1 1 1 1 1 
u36 T6

Map8
1 1 1 1 1 1 1 1 
1 1 1 1 1 1 1 1 
1 1 0 F 1 0 0 1 
1 1 F 0 0 0 F 1 
1 1 0 0 0 F 0 1 
1 1 0 0 0 F 0 G 
1 1 0 0 0 0 0 1 
1 1 1 1 1 1 S 1 
l64 T7

Map8
1 G 1 1 1 1 1 1 
1 # H 0 0 1 1 1 
1 0 0 0 1 0 S 1 
1 0 H # 0 F 1 1 
1 # F # 0 0 1 1 
1 0 0 1 0 # 1 1 
1 1 1 1 1 1 1 1 
1 1 1 1 1 1 1 1 
l54 T5

Map8
1 1 1 1 1 1 1 1 
1 1 1 1 1 1 1 1 
1 1 # 1 0 0 0 1 
1 1 0 0 F 0 F S 
1 1 0 F 0 0 F 1 
1 1 1 0 0 0 0 1 
1 1 0 0 0 F 0 1 
1 1 1 G 1 1 1 1 
d33 T3

Map8
1 1 1 1 1 1 1 1 
1 1 1 1 1 1 1 1 
1 1 0 0 1 0 0 1 
1 G F 0 0 0 0 1 
1 1 0 0 0 0 0 S 
1 1 0 0 0 H F 1 
1 1 0 0 0 0 0 1 
1 1 1 1 1 1 1 1 
l63 T5

Map8
1 1 1 1 1 1 1 1 
1 0 0 0 0 0 1 1 
1 0 0 0 0 H 1 1 
1 1 # 0 0 H 1 1 
1 0 # 0 0 0 1 1 
1 0 0 0 0 0 1 1 
1 1 G S 1 1 1 1 
1 1 1 1 1 1 1 1 
d21 T4

Map8
1 1 1 1 1 1 1 1 
1 F 0 0 1 F 1 1 
1 0 0 0 F 0 1 1 
1 1 0 0 0 1 1 1 
1 0 # 0 0 0 1 1 
1 0 0 F F 0 G 1 
1 1 1 S 1 1 1 1 
1 1 1 1 1 1 1 1 
r34 T6

Map8
1 1 1 1 1 1 1 1 
1 1 1 1 1 1 1 1 
1 1 # 0 0 0 0 S 
1 1 1 0 0 F F 1 
1 G 0 F 0 H F 1 
1 1 0 # F 0 0 1 
1 1 1 F 1 0 0 1 
1 1 1 1 1 1 1 1 
l65 T7

Map8
1 1 1 1 1 1 1 1 
1 1 0 0 0 1 1 1 
1 # 0 0 0 0 1 1 
1 1 0 0 0 # 1 1 
1 0 F 0 0 0 G 1 
1 F 0 0 0 F 1 1 
1 1 1 S 1 1 1 1 
1 1 1 1 1 1 1 1 
r34 T3

Map8
1 1 G 1 1 1 1 1 
S # 0 0 0 1 1 1 
1 0 0 F 1 # 1 1 
1 F 0 1 # 0 1 1 
1 # 0 0 0 0 1 1 
1 # 0 0 0 0 1 1 
1 1 1 1 1 1 1 1 
1 1 1 1 1 1 1 1 
u25 T7

Map8
1 1 1 1 1 1 1 1 
1 1 1 1 1 1 1 1 
1 0 0 0 # 0 1 1 
G 0 # # 0 H 1 1 
1 1 H F 0 F 1 1 
S # 0 0 F 0 1 1 
1 0 0 0 F # 1 1 
1 1 1 1 1 1 1 1 
u36 T8

Map8
1 1 1 1 1 1 1 1 
1 G 0 0 1 0 # 1 
1 1 0 0 F 0 0 1 
1 1 0 0 1 0 0 1 
1 1 0 0 0 0 # 1 
1 1 1 F F 0 0 1 
1 1 1 1 1 1 S 1 
1 1 1 1 1 1 1 1 
l62 T5

Map8
1 1 1 1 1 1 1 1 
1 1 1 1 1 1 1 1 
1 1 1 0 0 # 0 1 
1 1 0 F 0 0 F 1 
1 1 0 0 # F 0 1 
1 G 0 0 0 0 0 1 
1 1 0 0 0 1 0 1 
1 1 1 1 S 1 1 1 
l45 T3

Map8
1 1 1 1 1 1 1 1 
1 1 1 1 1 1 1 1 
1 1 0 0 0 0 1 1 
G 0 0 0 0 0 1 1 
1 1 0 0 0 0 1 1 
1 0 0 0 F 1 1 1 
1 1 0 0 0 # 1 1 
1 1 1 S 1 1 1 1 
l33 T3

Map8
1 1 1 1 1 1 1 1 
1 1 1 1 1 1 1 1 
1 0 0 0 0 1 1 1 
1 H 0 # 0 1 1 1 
1 0 0 # 0 1 1 1 
1 0 0 0 0 0 G 1 
1 H H # 0 1 1 1 
1 1 1 S 1 1 1 1 
r35 T3

Map8
1 1 1 1 1 1 1 1 
1 0 H # 0 1 1 1 
1 F 0 0 # 0 1 1 
1 0 1 0 0 0 G 1 
1 H 1 0 0 H 1 1 
1 0 0 0 0 # 1 1 
1 1 1 S 1 1 1 1 
1 1 1 1 1 1 1 1 
r33 T3

Map8
1 1 1 1 1 1 1 1 
1 1 1 1 1 1 1 1 
1 1 1 0 # 0 F 1 
1 G 0 F 0 0 F 1 
1 1 0 1 # F 0 S 
1 1 # 1 0 F 0 1 
1 1 0 0 F 0 0 1 
1 1 1 1 1 1 1 1 
l43 T4

Map8
1 1 1 1 1 1 1 1 
1 1 F H # F 0 1 
1 S 0 0 # F 0 1 
1 1 F 0 0 # 0 1 
1 1 H 0 # 0 1 1 
1 G 0 0 H 1 F 1 
1 1 1 1 1 1 1 1 
1 1 1 1 1 1 1 1 
d32 T4

Map8
1 1 1 1 1 1 1 1 
1 1 0 0 0 0 1 1 
1 1 0 0 0 0 0 S 
1 1 0 0 0 H 0 1 
1 1 1 0 0 0 0 1 
1 G 0 # 1 1 0 1 
1 1 1 1 1 1 1 1 
1 1 1 1 1 1 1 1 
d32 T4

Map8
1 1 1 1 S 1 1 1 
1 0 0 0 0 1 1 1 
1 0 0 0 1 0 1 1 
1 1 0 0 0 0 1 1 
1 0 0 0 1 0 1 1 
1 0 0 F 0 0 1 1 
1 G 1 1 1 1 1 1 
1 1 1 1 1 1 1 1 
d21 T6

Map8
1 1 1 1 1 1 1 1 
1 1 1 1 1 1 1 1 
1 0 0 0 1 0 G 1 
1 0 # 0 1 0 1 1 
1 0 0 F 0 0 1 1 
1 0 F 1 1 F 1 1 
1 F 0 0 F F 1 1 
1 1 S 1 1 1 1 1 
r24 T5

Map8
1 1 1 1 1 S 1 1 
1 0 0 F 0 0 1 1 
G 0 # 0 0 0 1 1 
1 0 0 1 0 F 1 1 
1 0 # 0 0 # 1 1 
1 1 0 1 0 0 1 1 
1 1 1 1 1 1 1 1 
1 1 1 1 1 1 1 1 
l52 T3

Map8
1 1 1 1 1 1 1 1 
1 1 1 1 1 G 1 1 
1 1 1 F 0 0 0 1 
1 1 0 0 0 0 0 1 
1 1 0 0 0 0 0 S 
1 1 F 0 0 0 # 1 
1 1 0 F 0 0 0 1 
1 1 1 1 1 1 1 1 
u54 T3

Map8
1 1 1 1 1 1 1 1 
1 G 1 1 1 1 1 1 
1 0 0 0 0 H 1 1 
1 0 1 0 H 1 1 1 
1 1 0 0 # 0 1 1 
1 # # 0 0 0 1 1 
1 # 0 H 1 0 1 1 
1 S 1 1 1 1 1 1 
u35 T6

Map8
1 1 1 1 1 1 1 1 
1 1 1 1 1 1 1 1 
G 0 1 0 0 # 1 1 
1 0 0 1 0 0 1 1 
1 0 # # 0 0 1 1 
1 # 0 # 1 F 1 1 
1 0 0 0 1 0 S 1 
1 1 1 1 1 1 1 1 
l54 T7

Map8
1 1 1 1 1 1 1 1 
1 1 1 1 1 1 1 1 
1 1 0 0 1 0 0 1 
1 1 0 0 0 0 0 1 
1 G 0 0 0 0 0 1 
1 1 0 0 1 0 0 1 
1 1 0 0 0 0 0 1 
1 1 1 1 1 1 S 1 
l64 T3

Map8
1 1 1 1 1 1 1 1 
1 0 0 0 0 # 1 1 
1 # 1 0 0 0 1 1 
1 0 # # 1 # 1 1 
1 1 F 0 0 0 G 1 
1 0 0 0 0 0 S 1 
1 1 1 1 1 1 1 1 
1 1 1 1 1 1 1 1 
u35 T10

Map8
1 1 1 G 1 1 1 1 
1 1 F 0 0 0 1 1 
1 1 1 0 0 0 1 1 
1 1 0 # 0 0 1 1 
1 1 0 0 # F 0 S 
1 1 F F 0 H 0 1 
1 1 1 1 1 1 1 1 
1 1 1 1 1 1 1 1 
u34 T3

Map8
1 1 1 1 1 1 1 1 
1 S 0 0 # 0 0 1 
1 1 0 0 0 F 0 1 
1 1 0 # 0 0 1 1 
1 1 0 0 1 0 1 1 
1 1 0 1 0 0 # G 
1 1 1 1 1 1 1 1 
1 1 1 1 1 1 1 1 
d51 T4

Map8
1 1 1 1 1 1 1 1 
1 1 1 1 S 1 1 1 
1 1 0 1 0 # 0 1 
1 1 0 F # 0 0 1 
1 G 0 0 0 0 0 1 
1 1 0 0 F 0 F 1 
1 1 # 0 # 0 1 1 
1 1 1 1 1 1 1 1 
l54 T5

Map8
1 1 1 1 1 1 1 1 
1 1 1 1 G 1 1 1 
1 1 0 F F 0 1 1 
1 0 F 0 0 F 1 1 
1 0 # 0 0 0 S 1 
1 F F 0 0 0 1 1 
1 0 0 0 H 0 1 1 
1 1 1 1 1 1 1 1 
u44 T3

Map8
1 1 1 1 G 1 1 1 
1 1 # 1 0 1 0 1 
1 1 0 1 0 1 H 1 
1 1 # # # 0 0 1 
1 1 0 0 0 # 0 S 
1 1 0 0 0 0 0 1 
1 1 1 1 1 1 1 1 
1 1 1 1 1 1 1 1 
u44 T4

Map8
1 G 1 1 1 1 1 1 
1 0 0 0 0 0 1 1 
1 0 0 0 0 0 1 1 
1 # F 0 0 1 1 1 
1 F F 0 F 0 1 1 
S 0 0 F 0 0 1 1 
1 1 1 1 1 1 1 1 
1 1 1 1 1 1 1 1 
u15 T3

Map8
1 1 1 1 1 1 1 1 
1 1 1 1 1 1 G 1 
1 1 # 0 1 F 0 1 
1 1 0 0 F 0 0 1 
1 1 0 F 0 0 1 1 
1 1 0 0 0 0 0 1 
1 1 # 0 0 # 0 1 
1 1 1 1 1 1 S 1 
r23 T6

Map8
1 1 1 1 1 1 1 1 
1 1 1 1 1 1 1 1 
G 0 0 0 0 0 1 1 
1 0 # 0 1 0 1 1 
1 F 0 # 0 1 1 1 
S # F 0 0 # 1 1 
1 0 F F F F 1 1 
1 1 1 1 1 1 1 1 
u35 T5

Map8
1 1 1 1 1 1 1 1 
1 1 1 1 1 1 1 1 
G 0 0 0 0 F 1 1 
1 1 0 # 0 0 1 1 
1 0 F 0 0 # 1 1 
1 0 0 # 0 F S 1 
1 # # 0 0 0 1 1 
1 1 1 1 1 1 1 1 
u25 T4

Map8
1 1 1 1 1 1 1 1 
1 1 1 G 1 1 1 1 
1 1 0 0 0 F # 1 
1 1 0 F 0 0 1 1 
1 1 1 0 0 0 0 1 
1 1 0 0 0 1 1 1 
1 1 0 0 0 0 0 1 
1 1 1 1 1 1 S 1 
u36 T4

Map8
1 1 1 1 1 1 1 1 
1 1 1 1 1 1 1 1 
1 1 F F 1 0 0 1 
1 G 0 0 0 F 0 1 
1 1 0 F F 1 0 1 
1 1 0 0 H 0 0 1 
1 1 # 1 0 0 0 1 
1 1 1 1 1 S 1 1 
l63 T5

Map8
1 S 1 1 1 1 1 1 
1 0 0 F 0 0 1 1 
1 0 0 F # 0 1 1 
1 0 0 H H 1 1 1 
1 1 F 1 0 0 1 1 
1 0 0 0 0 0 1 1 
1 G 1 1 1 1 1 1 
1 1 1 1 1 1 1 1 
d21 T7

Map8
1 1 1 1 1 G 1 1 
1 1 F F H 0 0 1 
1 1 0 0 0 0 0 1 
1 1 0 0 F 0 1 1 
1 1 F 0 0 0 0 1 
1 S 0 0 F 0 # 1 
1 1 1 1 1 1 1 1 
1 1 1 1 1 1 1 1 
u55 T3

Map8
1 1 1 1 1 1 1 1 
1 1 1 1 1 1 1 1 
1 0 0 0 0 0 1 1 
1 0 0 0 F 0 S 1 
1 # 0 0 0 0 1 1 
1 0 1 0 F 0 1 1 
1 F # 0 0 0 1 1 
1 1 1 G 1 1 1 1 
d33 T4

Map8
1 1 1 1 1 1 1 1 
1 1 0 1 1 0 F G 
1 1 0 0 F 0 0 1 
1 1 1 0 F 0 0 S 
1 1 0 F H 0 H 1 
1 1 0 0 F 0 0 1 
1 1 1 1 1 1 1 1 
1 1 1 1 1 1 1 1 
u53 T4

Map8
1 1 1 1 G 1 1 1 
1 1 0 # 0 0 1 1 
1 1 # 1 F 0 F 1 
1 S # 0 0 F 0 1 
1 1 0 0 F F # 1 
1 1 1 0 0 # 0 1 
1 1 1 1 1 1 1 1 
1 1 1 1 1 1 1 1 
u45 T7

Map8
1 1 1 S 1 1 1 1 
1 F 0 F F 0 1 1 
1 H 0 0 0 0 1 1 
1 H 0 F 0 0 1 1 
G 0 F 0 # 0 1 1 
1 1 0 0 0 0 1 1 
1 1 1 1 1 1 1 1 
1 1 1 1 1 1 1 1 
l34 T3

Map8
1 1 1 1 1 1 1 1 
1 1 1 1 1 1 1 1 
1 0 0 0 F # 1 1 
1 0 0 0 0 # S 1 
1 0 # 0 0 0 G 1 
1 F F 0 0 0 1 1 
1 0 0 # 0 0 1 1 
1 1 1 1 1 1 1 1 
r13 T6

Map8
1 1 1 1 1 1 1 1 
1 H 0 # 0 1 1 1 
1 1 0 0 0 # 1 1 
1 # 0 # F 0 1 1 
1 0 0 F 0 0 1 1 
1 1 1 F H # G 1 
1 1 1 S 1 1 1 1 
1 1 1 1 1 1 1 1 
r32 T5

Map8
1 1 1 1 1 1 1 1 
1 G 0 0 1 # 0 1 
1 1 0 0 0 F 0 1 
1 1 1 F 0 0 0 1 
1 1 0 # F 0 # 1 
1 1 0 0 1 0 # S 
1 1 1 1 1 1 1 1 
1 1 1 1 1 1 1 1 
l62 T7

Map8
1 1 1 1 1 1 1 1 
1 1 # 0 0 0 0 1 
1 1 0 # 0 0 0 G 
1 1 0 # # 0 F 1 
1 S 0 0 F 0 0 1 
1 1 0 0 1 F # 1 
1 1 1 1 1 1 1 1 
1 1 1 1 1 1 1 1 
r22 T6

Map8
1 1 1 1 1 1 1 1 
1 0 # 1 0 0 1 1 
G F 0 0 0 0 1 1 
1 1 0 # 0 # 1 1 
1 0 0 # F 0 1 1 
1 0 0 0 0 0 1 1 
1 S 1 1 1 1 1 1 
1 1 1 1 1 1 1 1 
l52 T5

Map8
1 1 1 1 1 1 1 1 
1 0 0 1 0 H 1 1 
1 0 0 0 0 0 G 1 
1 0 0 0 1 0 1 1 
1 # 0 0 0 0 S 1 
1 0 # 1 H 0 1 1 
1 1 1 1 1 1 1 1 
1 1 1 1 1 1 1 1 
r12 T4

Map8
1 1 1 1 1 1 1 1 
1 1 S 1 1 1 1 1 
1 1 0 F F 0 1 1 
1 1 0 F 0 0 0 1 
1 1 1 0 0 0 # 1 
1 G 0 0 F # 0 1 
1 1 # 1 1 0 # 1 
1 1 1 1 1 1 1 1 
l65 T5

Map8
1 1 1 1 1 1 1 1 
1 1 1 1 1 1 1 1 
1 1 0 0 0 0 S 1 
1 0 # 0 1 H 1 1 
1 0 # 1 H 0 1 1 
1 0 0 0 1 # 1 1 
1 # 0 0 0 # 1 1 
1 1 1 G 1 1 1 1 
r15 T8

Map8
1 1 1 1 1 1 1 1 
1 1 1 S 1 1 1 1 
1 1 0 # 0 0 1 1 
G # 0 0 0 0 1 1 
1 0 # 0 F 0 1 1 
1 H 0 0 0 0 1 1 
1 # 0 # 0 0 1 1 
1 1 1 1 1 1 1 1 
l33 T5

Map8
1 1 1 1 1 1 1 1 
1 0 0 1 0 0 1 1 
1 # 0 # 0 F S 1 
1 F 0 F 0 0 1 1 
1 F 0 0 F 0 1 1 
1 H 0 0 1 0 1 1 
1 1 1 1 1 G 1 1 
1 1 1 1 1 1 1 1 
r23 T7

Map8
1 1 1 1 1 1 1 1 
1 1 1 1 1 1 1 1 
1 0 0 0 0 0 S 1 
1 0 0 0 0 0 1 1 
1 1 H 0 1 1 1 1 
1 0 # 0 # 0 1 1 
G 0 0 0 # 0 1 1 
1 1 1 1 1 1 1 1 
d32 T4

Map8
1 G 1 1 1 1 1 1 
1 0 0 0 0 0 1 1 
1 0 # 0 0 0 1 1 
1 1 0 1 1 H 1 1 
1 0 0 H 1 0 1 1 
1 0 0 0 0 0 S 1 
1 1 1 1 1 1 1 1 
1 1 1 1 1 1 1 1 
u25 T5

Map8
1 1 1 1 S 1 1 1 
1 1 1 0 0 0 0 1 
1 1 F 0 F F 0 1 
1 G 0 0 0 0 0 1 
1 1 F 0 0 # 0 1 
1 1 0 0 0 0 0 1 
1 1 1 1 1 1 1 1 
1 1 1 1 1 1 1 1 
l43 T5

Map8
1 1 1 1 1 1 1 1 
1 0 0 0 # # 1 1 
1 0 0 0 0 0 1 1 
1 1 1 0 0 # 1 1 
1 1 0 0 0 0 1 1 
1 0 # 0 0 1 1 1 
1 S 1 G 1 1 1 1 
1 1 1 1 1 1 1 1 
d31 T6

Map8
1 1 1 1 1 S 1 1 
1 0 0 0 0 0 1 1 
1 0 F F 0 0 1 1 
1 1 1 F 0 1 1 1 
1 0 0 0 F 0 G 1 
1 0 0 1 F 0 1 1 
1 1 1 1 1 1 1 1 
1 1 1 1 1 1 1 1 
d31 T6

Map8
1 1 1 1 1 1 1 1 
1 1 1 1 1 1 1 1 
1 1 1 0 # # 0 1 
1 1 0 0 0 0 0 1 
1 G # 0 0 1 0 1 
1 1 0 0 0 # F 1 
1 1 0 1 0 0 # S 
1 1 1 1 1 1 1 1 
l44 T4

Map8
1 1 1 1 1 1 1 1 
1 1 1 1 1 1 1 1 
1 1 0 1 0 # 0 1 
1 1 H 0 # 0 0 1 
1 G F 0 0 0 0 1 
1 1 0 0 # 0 0 S 
1 1 0 0 1 0 0 1 
1 1 1 1 1 1 1 1 
l54 T7

Map8
1 1 1 1 1 1 1 1 
1 1 1 1 1 1 1 1 
1 0 0 0 0 0 G 1 
1 0 0 0 0 1 1 1 
1 1 H 0 0 0 1 1 
1 0 0 0 0 0 1 1 
1 0 0 F 0 0 1 1 
1 1 1 1 1 S 1 1 
u46 T6

Map8
1 1 1 1 1 1 1 1 
1 1 1 1 1 1 1 1 
1 1 0 0 0 F F S 
1 1 0 0 0 0 0 1 
1 1 1 # 0 F 0 1 
1 1 0 0 0 0 0 1 
1 G 0 0 1 F H 1 
1 1 1 1 1 1 1 1 
d32 T4

Map8
1 1 1 1 1 1 1 1 
1 1 1 1 1 1 1 1 
1 0 1 # 0 0 1 1 
G 0 0 0 0 0 1 1 
1 0 0 0 0 0 1 1 
S 0 # F 0 1 1 1 
1 0 0 # 0 0 1 1 
1 1 1 1 1 1 1 1 
l43 T4

Map8
1 1 1 1 1 1 1 1 
1 1 1 1 1 1 1 1 
1 1 0 0 0 0 1 1 
1 0 0 # 1 # S 1 
G 0 F 0 F 0 1 1 
1 0 0 # 0 0 1 1 
1 0 1 0 0 0 1 1 
1 1 1 1 1 1 1 1 
l34 T6

Map8
1 1 1 1 1 1 1 1 
1 1 1 1 1 1 1 1 
1 # 0 0 # F 1 1 
1 0 0 0 0 1 1 1 
1 1 # 0 0 0 1 1 
1 F # F 1 0 1 1 
1 0 # F 0 1 1 1 
1 1 S G 1 1 1 1 
d33 T6

Map8
1 1 1 1 1 1 1 1 
1 1 1 1 1 1 1 1 
1 1 1 0 0 0 0 1 
1 1 0 0 F 0 0 1 
1 G 0 F 0 0 0 1 
1 1 0 0 0 1 0 1 
1 1 1 1 0 0 # 1 
1 1 1 1 1 S 1 1 
l44 T5

Map8
1 1 1 1 1 1 1 1 
1 1 1 1 1 1 1 1 
1 0 F 0 F 0 1 1 
1 0 0 0 F 0 1 1 
1 1 0 0 F F S 1 
1 0 0 0 0 0 1 1 
1 0 0 0 0 F 1 1 
1 1 1 G 1 1 1 1 
d34 T5

Map8
1 1 1 1 1 1 1 1 
1 1 1 1 1 G 1 1 
1 0 0 F 0 0 1 1 
1 H 1 0 0 H 1 1 
1 0 0 # # 0 1 1 
1 0 # 0 0 # 1 1 
1 1 # F 0 0 S 1 
1 1 1 1 1 1 1 1 
u46 T7

Map8
1 1 1 1 1 1 1 1 
1 1 1 1 1 1 1 1 
1 # F 0 # # 1 1 
1 0 H 0 0 0 1 1 
1 0 H 0 1 0 1 1 
1 0 0 0 0 0 1 1 
1 0 H 0 0 F G 1 
1 S 1 1 1 1 1 1 
d32 T6

Map8
1 1 1 1 1 1 1 1 
1 1 1 1 1 1 1 1 
1 1 1 0 0 F 0 1 
1 S 0 0 0 # 0 1 
1 1 0 0 0 F 0 G 
1 1 0 0 F 0 0 1 
1 1 0 0 1 # F 1 
1 1 1 1 1 1 1 1 
r24 T5

Map8
1 1 1 1 1 1 1 1 
1 1 1 S 1 G 1 1 
1 1 # 0 0 0 0 1 
1 1 0 # 0 0 0 1 
1 1 1 0 0 0 1 1 
1 1 0 0 0 1 0 1 
1 1 0 0 0 0 1 1 
1 1 1 1 1 1 1 1 
r34 T5

Map8
1 1 1 1 1 1 1 1 
1 1 1 S 1 1 1 1 
1 1 F 0 0 0 F 1 
1 1 F F 0 0 F 1 
1 1 0 0 0 0 # 1 
1 1 1 0 # 0 # 1 
1 1 1 0 0 1 0 G 
1 1 1 1 1 1 1 1 
r34 T5

Map8
1 1 S 1 1 G 1 1 
1 # F H F F 1 1 
1 1 0 0 0 0 1 1 
1 0 # 0 1 H 1 1 
1 # F F 0 # 1 1 
1 0 # 1 1 0 1 1 
1 1 1 1 1 1 1 1 
1 1 1 1 1 1 1 1 
r22 T6

Map8
1 1 1 1 1 1 S 1 
1 G # 0 0 0 F 1 
1 1 1 0 0 0 0 1 
1 1 0 0 1 0 # 1 
1 1 # 0 0 F 0 1 
1 1 1 0 0 1 0 1 
1 1 1 1 1 1 1 1 
1 1 1 1 1 1 1 1 
l62 T6

Map8
1 1 1 1 1 1 1 1 
1 1 1 1 1 1 1 1 
1 0 0 0 0 0 1 1 
S 0 0 # 0 0 1 1 
1 0 0 # 0 0 1 1 
1 0 # 0 0 1 1 1 
1 0 1 1 0 0 1 1 
1 1 1 1 1 G 1 1 
d43 T5

Map8
1 1 1 S 1 1 1 1 
1 1 0 0 0 1 1 1 
1 1 0 0 # 0 0 G 
1 1 F 0 # # 1 1 
1 1 0 F 1 F 0 1 
1 1 F 0 F 0 0 1 
1 1 1 1 1 1 1 1 
1 1 1 1 1 1 1 1 
u55 T5

Map8
1 1 1 S 1 G 1 1 
1 1 0 0 F # 0 1 
1 1 0 0 0 0 0 1 
1 1 1 0 # 0 0 1 
1 1 0 1 0 1 0 1 
1 1 1 # 0 0 0 1 
1 1 1 1 1 1 1 1 
1 1 1 1 1 1 1 1 
u53 T6

Map8
1 G 1 1 1 1 1 1 
1 0 # 0 1 1 1 1 
1 1 0 0 H H 1 1 
1 0 0 0 0 0 1 1 
1 0 0 0 # 0 S 1 
1 0 # 0 # 0 1 1 
1 1 1 1 1 1 1 1 
1 1 1 1 1 1 1 1 
u24 T5

Map8
1 1 1 1 1 1 1 1 
1 1 1 1 1 1 1 1 
1 G # 0 1 # # 1 
1 1 0 0 # 0 F 1 
1 1 0 0 0 0 0 1 
1 S 0 # 0 F 0 1 
1 1 H 0 0 0 0 1 
1 1 1 1 1 1 1 1 
l64 T6

Map8
1 1 1 S 1 1 1 1 
1 0 0 0 1 0 G 1 
1 0 F 0 F 0 1 1 
1 0 0 0 0 F 1 1 
1 1 0 F 0 0 1 1 
1 0 1 0 0 1 1 1 
1 1 1 1 1 1 1 1 
1 1 1 1 1 1 1 1 
r32 T5

Map8
1 1 1 1 1 1 1 1 
1 1 G 1 1 1 1 1 
1 1 # 0 # H 0 1 
1 1 0 0 0 0 # 1 
1 1 1 F 1 0 H 1 
1 1 0 0 0 1 0 1 
1 1 0 0 0 0 0 S 
1 1 1 1 1 1 1 1 
u36 T5

Map8
1 1 1 1 1 1 1 1 
1 G 0 # 0 H 0 1 
1 1 # 0 0 0 # 1 
1 1 0 1 0 1 0 1 
1 1 H # 0 # H 1 
1 1 1 0 0 0 0 1 
1 1 1 S 1 1 1 1 
1 1 1 1 1 1 1 1 
u45 T7

Map8
1 1 1 1 1 1 1 1 
1 1 0 0 1 H 0 1 
1 1 0 0 0 1 0 1 
1 1 0 0 0 0 0 1 
1 S 0 0 0 # 0 1 
1 1 # H # 0 0 1 
1 1 1 1 G 1 1 1 
1 1 1 1 1 1 1 1 
r22 T6

Map8
1 S 1 1 1 1 1 1 
1 # F 0 F 0 1 1 
1 # 0 F # # 1 1 
1 0 1 0 H 1 1 1 
1 0 0 F 1 H 1 1 
1 0 0 F 1 # 1 1 
1 1 1 G 1 1 1 1 
1 1 1 1 1 1 1 1 
d31 T5

Map8
1 1 1 1 1 1 1 1 
1 1 1 1 1 1 1 1 
1 1 0 0 0 0 0 G 
1 1 0 F 0 1 1 1 
1 1 F 0 1 0 0 1 
1 1 1 0 0 0 0 1 
1 1 H 0 # H 0 1 
1 1 1 1 1 1 S 1 
l65 T5

Map8
1 1 1 1 1 1 1 1 
1 1 G 1 1 1 1 1 
1 1 # 1 # 0 1 1 
1 1 0 0 F 0 1 1 
S F 0 0 0 # 1 1 
1 0 F 1 F 0 1 1 
1 # 0 H 0 F 1 1 
1 1 1 1 1 1 1 1 
l53 T5

Map8
1 1 1 1 1 1 1 1 
1 1 1 1 1 1 1 1 
1 1 0 0 0 0 0 1 
1 1 0 F 0 0 0 S 
1 1 1 0 0 0 0 G 
1 1 H 0 0 0 0 1 
1 1 H 0 1 0 0 1 
1 1 1 1 1 1 1 1 
r53 T8

Map8
1 1 1 1 1 1 1 1 
1 1 1 1 1 1 1 1 
1 1 1 0 0 F 0 1 
1 G # 0 0 0 0 1 
1 1 1 0 # 0 0 1 
1 1 # 1 0 0 0 1 
1 1 0 0 0 1 0 1 
1 1 S 1 1 1 1 1 
l43 T6

Map8
1 1 1 1 1 1 1 1 
1 1 1 1 1 1 1 1 
1 1 0 0 1 0 0 1 
1 1 0 0 0 0 0 1 
1 G 0 0 0 0 0 1 
1 1 F 0 0 0 0 1 
1 1 0 0 0 0 0 S 
1 1 1 1 1 1 1 1 
l64 T5

Map8
1 1 1 1 1 G 1 1 
1 1 0 # 1 0 0 1 
1 1 0 0 0 0 0 1 
1 1 0 0 0 0 1 1 
1 1 # # F 0 0 1 
1 1 0 F F 0 0 S 
1 1 1 1 1 1 1 1 
1 1 1 1 1 1 1 1 
r23 T5

Map8
1 1 1 1 1 S 1 1 
1 0 0 F 0 0 1 1 
1 # 0 0 1 0 1 1 
1 1 0 0 0 1 1 1 
1 # F F F 0 1 1 
G F 0 F 0 0 1 1 
1 1 1 1 1 1 1 1 
1 1 1 1 1 1 1 1 
d21 T6

Map8
1 1 1 1 1 1 1 1 
1 1 1 1 1 1 1 1 
1 1 1 0 0 0 G 1 
1 H 1 0 0 0 1 1 
1 # 0 0 # 0 1 1 
1 0 0 0 F # S 1 
1 1 0 # 0 0 1 1 
1 1 1 1 1 1 1 1 
u35 T5

Map8
1 1 1 1 1 1 1 1 
1 G # 0 F 0 H 1 
1 1 F # 1 0 0 1 
1 1 H F 0 1 F 1 
1 S F 0 # 0 # 1 
1 1 F H 0 0 0 1 
1 1 1 1 1 1 1 1 
1 1 1 1 1 1 1 1 
u34 T5

Map8
1 1 1 1 1 1 1 1 
1 1 1 1 1 1 1 1 
1 1 0 0 1 0 0 1 
1 1 0 0 # 0 0 1 
1 1 F 0 F F 0 1 
1 1 0 0 0 0 0 1 
1 1 0 # 1 0 0 G 
1 1 S 1 1 1 1 1 
r23 T5

Map8
1 1 1 1 1 1 1 1 
1 G 1 1 1 S 1 1 
1 0 0 0 H # 1 1 
1 0 0 H 0 0 1 1 
1 1 0 1 1 0 1 1 
1 0 0 F 1 0 1 1 
1 0 0 0 0 # 1 1 
1 1 1 1 1 1 1 1 
u26 T6

Map8
1 G 1 S 1 1 1 1 
1 0 0 F 0 F 1 1 
1 0 0 0 F 0 1 1 
1 1 0 0 0 0 1 1 
1 0 0 0 0 0 1 1 
1 0 0 0 0 0 1 1 
1 1 1 1 1 1 1 1 
1 1 1 1 1 1 1 1 
l32 T5

Map8
1 1 1 1 1 S 1 1 
1 1 0 # 1 # 0 1 
1 G 0 0 0 0 0 1 
1 1 0 0 1 0 0 1 
1 1 # 0 0 0 0 1 
1 1 F # F 0 0 1 
1 1 1 1 1 1 1 1 
1 1 1 1 1 1 1 1 
l62 T5

Map8
1 1 1 1 1 1 1 1 
1 1 1 1 S 1 1 1 
1 1 0 0 0 0 0 1 
1 1 0 0 # 0 # 1 
1 1 1 0 F # 0 1 
1 1 H # 0 # F 1 
1 1 0 F 0 0 0 1 
1 1 1 G 1 1 1 1 
d32 T6

Map8
1 1 1 1 G 1 1 1 
1 1 # 1 0 H 0 1 
1 1 0 1 0 H 0 1 
1 1 # 0 0 0 1 1 
1 1 1 0 0 0 0 1 
1 S 0 0 F 0 0 1 
1 1 1 1 1 1 1 1 
1 1 1 1 1 1 1 1 
u44 T5

Map8
1 1 1 1 1 1 1 1 
1 1 1 1 1 1 1 1 
1 0 0 1 0 0 1 1 
1 0 0 0 0 0 1 1 
1 0 0 0 0 0 G 1 
1 0 0 0 0 # 1 1 
1 0 1 0 H 0 1 1 
1 1 1 1 1 S 1 1 
l53 T9

Map8
1 1 1 1 1 1 1 1 
1 1 1 1 1 1 1 1 
1 1 F # 0 0 # G 
1 1 0 0 F 0 # 1 
1 1 1 0 0 0 1 1 
1 1 # F 0 F 0 1 
1 1 # 0 F 0 0 1 
1 1 1 1 1 1 S 1 
u36 T6

Map8
1 1 1 1 1 1 1 1 
1 1 0 0 1 0 0 1 
1 1 # 0 0 0 F 1 
1 1 0 0 # # 0 1 
1 1 0 H 0 0 0 1 
1 S 0 1 0 0 0 1 
1 1 1 1 1 1 G 1 
1 1 1 1 1 1 1 1 
r23 T5

Map8
1 1 G 1 1 1 1 1 
1 1 0 0 1 0 0 S 
1 1 F 0 0 1 0 1 
1 1 0 H 0 # # 1 
1 1 0 0 0 0 0 1 
1 1 # H 1 0 0 1 
1 1 1 1 1 1 1 1 
1 1 1 1 1 1 1 1 
l64 T6

Map8
1 1 1 1 S 1 1 1 
1 1 0 0 # 0 F 1 
1 1 0 0 0 F 0 1 
1 1 F # 0 1 0 1 
1 1 0 # 0 1 0 1 
1 1 0 0 1 0 0 1 
1 1 1 1 1 1 G 1 
1 1 1 1 1 1 1 1 
r22 T7

Map8
1 1 1 1 1 1 1 1 
1 1 1 1 1 1 1 1 
1 1 0 0 # 0 1 1 
G # # F H 1 1 1 
1 0 F 0 0 0 1 1 
S 0 F 0 1 1 1 1 
1 # H # 0 H 1 1 
1 1 1 1 1 1 1 1 
l34 T6

Map8
1 1 1 1 1 1 1 1 
1 1 1 1 1 1 1 1 
1 1 # 0 1 1 0 G 
1 1 0 # # 0 0 1 
1 1 0 0 H 0 0 1 
1 1 F 0 0 0 # 1 
1 1 0 0 F 0 # S 
1 1 1 1 1 1 1 1 
r23 T6

Map8
1 1 1 1 1 1 G 1 
1 1 0 0 0 0 0 1 
1 1 H 0 0 0 0 1 
1 1 0 0 1 0 1 1 
1 1 0 H 0 0 0 1 
1 1 1 0 0 0 0 1 
1 1 1 1 1 1 S 1 
1 1 1 1 1 1 1 1 
u55 T8

Map8
1 1 1 1 1 1 S 1 
1 1 F 0 1 0 # 1 
1 1 0 H 1 F F 1 
1 1 0 F F 0 0 1 
1 1 # 0 1 0 0 1 
1 1 0 F # 1 0 1 
1 1 1 1 G 1 1 1 
1 1 1 1 1 1 1 1 
l63 T7

Map8
1 1 1 1 1 1 1 1 
S # F F 0 0 1 1 
1 0 0 0 0 0 1 1 
1 F F 0 0 F 1 1 
1 0 0 0 0 F 1 1 
1 0 # 1 0 0 1 1 
1 1 G 1 1 1 1 1 
1 1 1 1 1 1 1 1 
l52 T7

Map8
1 1 1 1 S 1 1 1 
1 0 0 # 0 0 1 1 
1 # 1 0 1 # 1 1 
G 0 0 0 0 0 1 1 
1 0 H 1 0 # 1 1 
1 0 0 H # 0 1 1 
1 1 1 1 1 1 1 1 
1 1 1 1 1 1 1 1 
l53 T6

Map8
1 1 1 1 1 1 1 1 
1 1 1 1 1 1 1 1 
1 0 # 0 0 1 1 1 
1 0 0 0 0 1 1 1 
1 0 # 0 1 0 G 1 
1 0 0 0 0 0 1 1 
1 0 # 0 1 # 1 1 
1 1 S 1 1 1 1 1 
r25 T6

Map8
1 1 1 1 1 1 1 1 
1 0 0 0 0 0 1 1 
1 0 0 0 0 0 1 1 
1 1 0 0 H F 1 1 
1 0 0 0 H 0 1 1 
1 0 0 H 0 0 1 1 
1 G 1 1 1 S 1 1 
1 1 1 1 1 1 1 1 
d21 T6

Map8
1 1 1 1 1 1 1 1 
1 1 1 S 1 1 1 1 
1 0 0 0 0 0 1 1 
1 0 F 0 0 1 1 1 
1 1 0 1 F 0 1 1 
1 F F 0 H 0 1 1 
G F 0 # 0 H 1 1 
1 1 1 1 1 1 1 1 
d22 T6

Map8
1 1 1 1 1 1 1 1 
1 1 S 1 1 1 1 1 
1 0 0 # 0 0 1 1 
1 F # F # 0 1 1 
1 0 0 0 0 0 G 1 
1 0 0 1 0 F 1 1 
1 0 0 H 0 H 1 1 
1 1 1 1 1 1 1 1 
r14 T7

Map8
1 1 1 1 1 1 1 1 
1 1 1 1 1 1 1 1 
1 # 0 1 0 # G 1 
1 F # 0 0 # 1 1 
1 0 F 0 0 0 1 1 
S 0 0 1 0 0 1 1 
1 0 0 1 0 0 1 1 
1 1 1 1 1 1 1 1 
r14 T7

Map8
1 1 1 1 1 1 1 1 
S 0 1 H 0 0 1 1 
1 F F F F 0 1 1 
1 0 0 0 # # 1 1 
1 # F 0 1 0 1 1 
1 0 0 1 F 0 G 1 
1 1 1 1 1 1 1 1 
1 1 1 1 1 1 1 1 
r13 T6

Map8
1 1 1 1 1 1 1 1 
1 1 1 1 1 1 1 1 
1 0 0 1 0 0 1 1 
1 0 # 0 0 0 1 1 
1 0 0 0 1 0 G 1 
1 0 # 1 0 0 S 1 
1 0 0 0 0 0 1 1 
1 1 1 1 1 1 1 1 
l53 T9

Map8
1 1 1 G 1 1 S 1 
1 1 0 0 1 F 0 1 
1 1 0 F 0 # 0 1 
1 1 1 F 0 F F 1 
1 1 1 0 0 0 # 1 
1 1 0 H 1 0 # 1 
1 1 1 1 1 1 1 1 
1 1 1 1 1 1 1 1 
l62 T6

Map8
1 1 S 1 1 1 1 1 
1 0 0 1 F 0 1 1 
1 # 0 0 # # 1 1 
1 0 0 0 0 0 1 1 
1 F F # 0 0 1 1 
1 0 # H 0 F 1 1 
1 1 1 1 1 G 1 1 
1 1 1 1 1 1 1 1 
r13 T6

Map8
1 1 1 1 1 1 1 1 
1 S 1 1 1 1 1 1 
1 0 F F 0 0 1 1 
1 0 F 0 F # 1 1 
1 1 0 H 0 1 1 1 
1 1 0 0 0 0 1 1 
1 0 # F 1 0 1 1 
1 1 G 1 1 1 1 1 
d42 T7

Map8
1 1 1 1 1 1 1 1 
1 1 1 1 1 G 1 1 
1 0 0 0 1 0 1 1 
1 0 0 0 F 0 1 1 
1 0 0 0 F F 1 1 
1 0 F 0 1 0 1 1 
1 1 0 0 0 F 1 1 
1 1 1 1 S 1 1 1 
r23 T6

Map8
1 1 1 1 1 1 1 1 
1 1 1 1 1 S 1 1 
1 G 0 F 1 # # 1 
1 1 0 0 0 # 0 1 
1 1 0 1 # 0 0 1 
1 1 1 1 0 0 0 1 
1 1 0 0 # 0 0 1 
1 1 1 1 1 1 1 1 
l63 T7

Map8
1 1 1 1 1 1 1 1 
1 1 1 1 1 1 1 1 
1 1 0 0 1 0 0 1 
1 1 0 0 1 0 0 1 
1 1 0 0 0 0 0 1 
1 G 0 1 0 0 0 1 
1 1 # 0 0 0 0 1 
1 1 S 1 1 1 1 1 
r24 T7

Map8
1 1 1 1 1 1 1 1 
1 1 S 1 1 1 1 1 
1 1 # 0 H 0 H 1 
1 1 # 0 0 0 0 1 
1 1 0 0 0 0 0 1 
1 1 0 # 0 0 0 1 
1 1 # 1 0 0 1 1 
1 1 1 1 G 1 1 1 
d45 p24 T6

Map8
1 1 1 1 1 1 1 1 
1 0 0 # 0 F 1 1 
S # 0 0 1 1 1 1 
1 0 0 0 F 0 1 1 
G F 0 1 0 H 1 1 
1 H 0 F 0 0 1 1 
1 1 1 1 1 1 1 1 
1 1 1 1 1 1 1 1 
d22 P25 T4

Map8
1 1 1 1 1 1 1 1 
1 1 1 1 1 1 1 1 
1 0 1 0 H 0 1 1 
1 1 0 1 0 H 1 1 
1 # # # 0 0 1 1 
1 F 0 1 F 0 1 1 
1 0 0 0 # 0 1 1 
1 1 S G 1 1 1 1 
u26 p23 T6

Map8
1 1 1 1 1 1 1 1 
1 1 F 0 1 0 F 1 
1 1 F # 0 0 1 1 
1 1 0 0 0 0 0 1 
1 G # 0 1 F F 1 
1 S 0 # 0 # F 1 
1 1 1 1 1 1 1 1 
1 1 1 1 1 1 1 1 
l34 P45 T5

Map8
1 1 1 1 1 1 1 1 
1 1 # 0 0 0 # 1 
1 G 0 0 0 1 # 1 
1 1 # 0 F 0 0 1 
1 1 1 0 0 F # 1 
1 S 0 0 0 0 0 1 
1 1 1 1 1 1 1 1 
1 1 1 1 1 1 1 1 
l32 P45 T4

Map8
1 1 1 1 1 1 1 1 
1 1 0 H 0 0 0 1 
1 1 0 0 1 0 0 1 
1 1 0 # 0 0 0 1 
1 1 0 0 F 0 0 1 
1 1 0 F 0 0 0 1 
1 1 S 1 G 1 1 1 
1 1 1 1 1 1 1 1 
r25 p55 T6

Map8
1 1 1 1 1 1 1 1 
1 1 1 1 G 1 1 1 
1 # H 0 # # 1 1 
1 1 0 0 0 0 1 1 
1 0 1 0 H 0 1 1 
S 0 0 1 0 0 1 1 
1 H 0 # # 0 1 1 
1 1 1 1 1 1 1 1 
u43 p54 T9

Map8
1 1 1 1 1 1 1 1 
1 1 1 S 1 1 1 1 
1 1 0 0 # 0 1 1 
1 G 0 0 0 0 # 1 
1 1 H 0 # 0 0 1 
1 1 0 F F 0 1 1 
1 1 H 0 0 # # 1 
1 1 1 1 1 1 1 1 
l33 p36 T6

Map8
1 1 1 1 1 1 1 1 
1 1 1 1 1 1 1 1 
G F 0 1 0 0 1 1 
1 0 0 0 # 0 1 1 
1 0 # H 0 0 1 1 
1 F H 0 1 F 1 1 
S # 0 0 0 0 1 1 
1 1 1 1 1 1 1 1 
l53 P13 T6

Map8
1 1 1 1 1 1 1 1 
1 1 0 F 0 0 0 S 
1 1 0 F 0 F 0 1 
1 1 0 H 0 0 F 1 
1 1 0 0 0 1 F 1 
1 1 0 F 0 # 0 1 
1 1 1 G 1 1 1 1 
1 1 1 1 1 1 1 1 
d34 p23 T6

Map8
1 1 1 1 1 1 1 1 
1 S 0 0 F 0 1 1 
1 1 1 1 0 0 0 1 
1 1 0 F 0 0 0 1 
1 1 F F 0 F 0 1 
1 G 0 H F 0 0 1 
1 1 1 1 1 1 1 1 
1 1 1 1 1 1 1 1 
l53 T8

Map8
1 1 1 1 1 S 1 1 
1 1 0 0 F 0 F 1 
1 1 0 0 0 # 0 1 
1 G F 0 F F F 1 
1 1 # 0 0 0 0 1 
1 1 0 0 0 0 0 1 
1 1 1 1 1 1 1 1 
1 1 1 1 1 1 1 1 
l33 p45 T6

Map8
1 1 1 1 1 1 1 1 
1 1 1 1 1 1 1 1 
1 0 F 0 0 1 1 1 
1 F 0 0 0 0 1 1 
1 0 # 0 # 0 1 1 
1 1 0 0 0 0 1 1 
1 0 0 0 F 0 1 1 
1 1 1 G S 1 1 1 
d32 T6

Map8
1 1 1 1 1 1 1 1 
1 1 0 # 1 0 # 1 
1 G F 0 0 0 0 1 
1 1 0 0 0 F 1 1 
1 1 0 0 F 0 0 S 
1 1 F 0 F 0 # 1 
1 1 1 1 1 1 1 1 
1 1 1 1 1 1 1 1 
u55 D33 T7

Map8
1 1 1 1 S 1 1 1 
1 0 0 0 # 0 1 1 
1 0 F 0 0 H 1 1 
1 1 0 0 1 F 1 1 
1 0 F F H 0 1 1 
1 1 0 0 F F 1 1 
1 1 1 1 1 G 1 1 
1 1 1 1 1 1 1 1 
d21 D54 T6

Map8
1 1 1 1 1 1 1 1 
1 1 0 F 0 0 0 S 
1 1 H H 0 F F 1 
1 1 0 # 0 # 0 1 
1 1 0 1 0 0 0 1 
1 1 0 0 1 # 0 1 
1 1 1 G 1 1 1 1 
1 1 1 1 1 1 1 1 
l63 P51 T7

Map8
1 1 1 1 1 G 1 1 
1 1 0 0 0 0 H 1 
1 1 F 0 1 0 H 1 
1 1 0 # 0 # 0 1 
1 1 H 0 0 F 0 1 
1 1 # 0 # 0 0 1 
1 1 1 1 1 1 S 1 
1 1 1 1 1 1 1 1 
u55 D63 T6

Map8
1 1 1 1 1 1 1 1 
1 1 1 S 1 1 1 1 
1 1 0 # # 1 F 1 
1 G 0 1 0 0 0 1 
1 1 0 0 0 F 0 1 
1 1 # F # F 0 1 
1 1 F # 1 F 0 1 
1 1 1 1 1 1 1 1 
r22 T7

Map8
1 1 S 1 1 1 1 1 
1 0 0 H 0 0 1 1 
1 0 0 # 0 0 1 1 
1 0 0 0 0 0 1 1 
1 # # 0 0 0 1 1 
1 # 0 0 0 F 1 1 
1 1 1 G 1 1 1 1 
1 1 1 1 1 1 1 1 
d34 p23 T6

Map8
1 1 1 1 1 1 1 1 
1 0 0 # 0 0 1 1 
S 0 1 0 1 # 1 1 
1 H 0 F H H 1 1 
G F 0 0 0 F 1 1 
1 1 # # F 1 1 1 
1 1 1 1 1 1 1 1 
1 1 1 1 1 1 1 1 
l34 p21 T7

Map8
1 1 1 1 1 1 1 1 
1 H 0 0 1 0 G 1 
1 0 0 0 F 0 1 1 
1 F 0 0 1 # 1 1 
1 0 # 0 # H 1 1 
1 0 0 H 0 # 1 1 
1 1 1 1 S 1 1 1 
1 1 1 1 1 1 1 1 
r22 p34 T8

Map8
1 1 1 1 1 1 1 1 
1 1 1 1 1 1 1 1 
1 1 0 0 1 0 0 1 
1 1 0 0 # 0 0 1 
1 G 0 0 1 0 0 1 
1 S 0 F 0 F 0 1 
1 1 1 0 0 1 F 1 
1 1 1 1 1 1 1 1 
l63 p25 T6

Map8
1 1 1 1 1 1 1 1 
1 1 1 1 1 1 1 1 
1 H F 0 # 0 1 1 
1 0 0 0 0 0 G 1 
1 1 0 F 0 # 1 1 
1 0 0 0 0 1 1 1 
S 0 0 0 F 0 1 1 
1 1 1 1 1 1 1 1 
r43 P26 T6

Map8
1 1 1 1 1 1 1 1 
1 1 0 0 # 0 1 1 
1 1 # 0 F 0 0 1 
1 G 0 0 1 0 1 1 
1 1 # 0 0 F 0 1 
1 1 0 # # 0 F 1 
1 1 1 1 S 1 1 1 
1 1 1 1 1 1 1 1 
l33 P25 T6

Map8
1 1 1 1 1 1 1 1 
1 1 1 1 1 1 1 1 
1 0 F 0 0 F S 1 
1 0 H H 0 0 1 1 
1 0 # 0 0 H 1 1 
1 0 0 0 0 0 1 1 
1 0 F 0 0 F 1 1 
1 1 G 1 1 1 1 1 
d25 p14 T7
