Map8
1 1 1 1 1 1 1 1 
1 1 0 1 1 0 H 1 
1 H 0 H 0 1 0 1 
1 0 0 0 0 0 0 1 
1 1 0 1 0 0 F G 
1 0 0 0 0 0 0 S 
1 # # 1 0 0 H 1 
1 1 1 1 1 1 1 1 
r54 p65 T5

Map8
1 1 1 1 1 1 S 1 
1 0 0 0 0 0 # 1 
1 0 0 0 0 0 # 1 
1 1 0 0 0 0 # 1 
1 # 0 # 0 0 0 1 
1 0 # H 0 0 0 1 
G # 0 0 H H H 1 
1 1 1 1 1 1 1 1 
d21 U64 T5

Map8
1 1 1 1 1 1 1 1 
1 # # F 0 0 0 S 
1 0 0 0 0 0 1 1 
1 0 0 0 F 1 # 1 
G 0 0 0 0 # 0 1 
1 # F 0 # 1 1 1 
1 # # 0 0 F 0 1 
1 1 1 1 1 1 1 1 
d41 P13 T6

Map8
1 1 1 1 1 1 1 1 
1 0 0 0 0 0 H 1 
1 0 0 0 0 0 # 1 
1 1 0 0 F # 0 1 
1 0 # H # 0 0 G 
S 0 F 0 0 0 0 1 
1 0 F 0 0 # 0 1 
1 1 1 1 1 1 1 1 
r54 p45 T6

Map8
1 1 1 1 1 G 1 1 
1 0 1 0 1 0 0 1 
1 0 F 0 0 1 0 1 
1 # # 0 0 0 # 1 
S 0 0 F 0 H # 1 
1 F 0 0 F 0 1 1 
1 H 0 H 0 0 0 1 
1 1 1 1 1 1 1 1 
r33 U35 T7

Map8
1 1 1 1 1 S 1 1 
1 0 H F 1 # 0 1 
G F 0 # 0 # 0 1 
1 1 0 0 H # 0 1 
1 0 1 0 0 0 # 1 
1 0 0 # F 1 0 1 
1 0 0 1 0 0 0 1 
1 1 1 1 1 1 1 1 
l62 T5

Map8
1 1 1 1 1 1 1 1 
1 0 0 1 H 0 0 1 
1 0 0 0 1 0 # 1 
1 1 # 0 0 1 0 1 
G F 0 # 0 1 0 1 
1 0 # 0 F 1 0 1 
1 0 H 0 0 0 H 1 
1 1 1 1 S 1 1 1 
l44 T7

Map8
1 1 1 1 1 1 1 1 
1 0 0 0 0 0 H 1 
1 0 0 0 0 0 0 1 
1 1 0 1 0 0 0 S 
G 0 0 0 0 0 F 1 
1 0 0 0 0 0 0 1 
1 0 0 1 F 0 0 1 
1 1 1 1 1 1 1 1 
d21 T8

Map8
1 1 1 1 1 1 1 1 
1 H 0 F 0 0 H 1 
1 0 1 1 0 0 0 1 
1 0 0 0 0 0 0 1 
1 0 0 # 0 1 # 1 
1 0 1 0 0 0 H 1 
1 H F 0 # H 0 1 
1 1 1 G S 1 1 1 
d33 p44 T6

Map8
1 1 1 1 S 1 1 1 
1 1 # 0 0 0 H 1 
G 0 0 0 H # # 1 
1 # 0 0 0 0 # 1 
1 1 0 H # 0 0 1 
1 F # H 0 0 1 1 
1 # 0 H 0 0 0 1 
1 1 1 1 1 1 1 1 
l22 L51 T5

Map8
1 1 1 1 1 1 1 1 
1 F 0 0 0 0 0 1 
G 0 0 0 1 0 0 1 
1 1 0 # 0 1 0 1 
1 0 0 H # 1 1 1 
1 0 0 0 0 0 0 1 
1 # H F H 0 H 1 
1 1 1 1 1 S 1 1 
u25 r21 T6

Map8
1 1 1 1 1 1 1 1 
1 0 0 0 0 0 0 1 
1 0 0 0 0 0 # 1 
1 0 0 0 0 1 0 1 
1 0 1 0 0 F 0 1 
1 0 0 0 0 # 0 1 
1 0 0 H 0 0 0 1 
1 1 G 1 1 1 S 1 
d25 p66 T5

Map8
1 1 1 1 1 1 G 1 
1 F 0 # 0 H 0 1 
1 0 1 F 0 0 0 1 
1 0 H 0 0 0 H 1 
1 0 # 0 0 1 1 1 
1 0 0 F 0 0 0 1 
1 0 0 H 0 # 0 S 
1 1 1 1 1 1 1 1 
r41 U46 T6

Map8
1 1 1 1 1 1 1 1 
1 1 0 # 0 0 # 1 
1 0 F 0 0 0 H 1 
1 1 0 H 0 1 0 1 
1 0 # 0 # # 0 1 
1 F F 0 0 # 0 G 
1 0 0 0 0 H # 1 
1 1 S 1 1 1 1 1 
d41 R35 T5

Map8
1 S 1 1 1 1 1 1 
1 0 0 1 # 0 0 1 
1 # H # F F 0 1 
1 F 0 0 H 0 F G 
1 0 0 # 1 0 # 1 
1 0 0 H # 0 0 1 
1 0 0 # 0 0 0 1 
1 1 1 1 1 1 1 1 
r53 P66 T5

Map8
1 1 1 1 1 1 1 1 
1 0 # # 0 1 0 1 
1 0 0 0 0 0 # S 
1 0 1 # H 0 # 1 
1 # 0 0 # 0 0 1 
1 0 0 0 0 0 0 1 
1 H H H 0 0 # 1 
1 1 1 1 1 G 1 1 
d55 p64 T8

Map8
1 1 1 1 1 1 1 1 
1 # 0 0 0 0 0 1 
1 H 0 0 0 0 # G 
1 F 0 1 0 0 0 1 
1 F # 0 0 # 1 1 
1 0 0 # 0 0 0 1 
1 0 # 0 0 # 0 S 
1 1 1 1 1 1 1 1 
r52 p66 T5

Map8
1 1 G 1 1 1 1 1 
1 0 0 F 0 F 0 1 
1 0 0 F 0 0 0 1 
1 0 0 0 0 0 0 1 
1 0 1 0 0 0 H 1 
1 0 0 1 F 1 1 1 
1 0 0 1 0 H 0 1 
1 1 1 1 S 1 1 1 
u22 p43 T5

Map8
1 S 1 1 1 1 1 1 
1 0 0 0 0 0 0 1 
1 0 0 0 0 0 0 1 
1 0 0 0 0 # 0 1 
1 0 0 1 0 0 0 1 
1 0 0 0 0 0 # 1 
1 H 0 0 0 H 0 1 
1 1 1 G 1 1 1 1 
d35 R15 T6

Map8
1 1 G 1 1 S 1 1 
1 0 0 F 0 # # 1 
1 # 0 # # # 0 1 
1 H 0 0 1 F 1 1 
1 0 F 0 H 0 0 1 
1 F 0 0 0 1 0 1 
1 H # 0 0 1 # 1 
1 1 1 1 1 1 1 1 
u22 U54 T6

Map8
1 1 1 1 1 1 S 1 
1 H 0 0 0 0 # 1 
1 0 0 F 0 0 # 1 
1 H 0 F 0 0 # 1 
1 0 0 0 0 0 0 1 
1 0 F 1 1 0 0 1 
1 # F 0 0 0 0 1 
1 1 1 G 1 1 1 1 
l64 P46 T6

Map8
1 1 1 1 1 1 1 1 
1 0 # 0 0 # 0 S 
1 0 F 0 0 0 0 1 
G 0 0 1 0 0 0 1 
1 # 0 0 0 0 # 1 
1 F 0 F 0 0 0 1 
1 0 0 # F 0 0 1 
1 1 1 1 1 1 1 1 
l23 p31 T5

Map8
1 1 1 1 1 1 1 1 
1 1 H 0 1 0 0 1 
1 0 # 0 0 0 0 1 
1 0 # 0 0 # 0 1 
1 F 0 1 0 0 0 G 
1 F 0 0 0 0 F 1 
S 0 F # 1 0 0 1 
1 1 1 1 1 1 1 1 
u16 p55 T9

Map8
1 1 1 1 G 1 1 1 
1 0 0 F 0 0 0 1 
1 1 1 0 0 # 0 1 
1 0 0 1 0 0 0 1 
1 0 0 0 0 1 0 1 
1 F 0 F 1 # # 1 
S 0 1 1 0 0 0 1 
1 1 1 1 1 1 1 1 
r14 T5

Map8
1 1 G 1 1 1 1 1 
1 1 0 0 1 # 0 1 
1 0 0 0 H # 0 1 
S 0 0 F 0 0 0 1 
1 0 1 1 0 0 1 1 
1 0 F 0 0 0 0 1 
1 1 0 0 # 1 H 1 
1 1 1 1 1 1 1 1 
u23 T7

Map8
1 1 1 1 1 1 S 1 
1 1 0 0 0 F 0 1 
1 0 0 0 0 # 0 1 
1 0 0 0 H 0 # 1 
1 0 1 1 # 0 0 1 
1 0 0 0 0 0 1 1 
1 0 F H F # 0 1 
1 1 G 1 1 1 1 1 
u15 L55 T5

Map8
1 1 1 1 1 1 1 1 
1 0 1 0 0 1 0 1 
1 # 0 0 1 0 0 1 
G 0 0 0 0 1 0 1 
1 1 1 0 # 1 0 1 
1 0 0 0 F 0 0 S 
1 0 0 0 0 0 0 1 
1 1 1 1 1 1 1 1 
u46 D64 T5

Map8
1 1 1 1 1 1 1 1 
1 1 0 0 0 0 0 1 
1 0 # 0 0 0 0 1 
1 F # F 0 # F S 
1 0 F 0 0 # 0 G 
1 0 # 0 0 0 H 1 
1 0 0 0 0 0 0 1 
1 1 1 1 1 1 1 1 
r14 D32 T5

Map8
1 1 G 1 1 S 1 1 
1 H 0 0 0 0 0 1 
1 0 0 1 0 0 0 1 
1 1 F 0 0 1 0 1 
1 0 0 0 0 0 0 1 
1 F 0 1 0 F 0 1 
1 F 0 0 0 0 0 1 
1 1 1 1 1 1 1 1 
d14 L54 T5

Map8
1 1 1 1 1 1 1 1 
S 0 0 F 0 0 0 1 
1 F 0 0 1 0 0 1 
1 0 0 F 0 H 0 1 
1 F 0 0 0 F 0 1 
1 0 0 0 0 0 0 1 
1 0 0 0 0 H 0 1 
1 1 1 G 1 1 1 1 
d35 P66 T5

Map8
1 1 1 1 1 1 1 1 
1 # 0 0 0 0 1 1 
1 # # 0 H # # 1 
1 0 F 0 0 0 0 S 
1 0 0 0 0 # 1 1 
1 1 # 0 0 1 0 1 
1 F 1 0 0 0 0 1 
1 1 1 1 1 1 G 1 
d33 T5

Map8
1 1 G 1 1 1 1 1 
1 1 # # 0 # H 1 
1 0 1 0 0 0 0 1 
1 0 0 0 H H 0 1 
1 0 0 0 1 # H 1 
1 H 0 # 1 1 1 1 
1 0 # 0 # 0 0 1 
1 1 1 1 S 1 1 1 
u36 P24 T7

Map8
1 1 1 1 1 G 1 1 
1 0 0 0 1 0 0 1 
1 1 0 0 0 H 0 1 
1 0 0 F 0 0 0 1 
S 0 F 1 F 0 F 1 
1 1 0 0 1 0 1 1 
1 0 0 0 H F 0 1 
1 1 1 1 1 1 1 1 
r23 U25 T6

Map8
1 1 1 1 1 1 1 1 
1 0 0 1 0 0 H 1 
S 0 0 0 0 0 0 1 
1 H 0 0 # 0 0 1 
1 0 H 0 1 H 0 1 
1 # 0 F 0 0 0 1 
1 0 F 0 0 0 0 1 
1 1 G 1 1 1 1 1 
d25 P66 T5

Map8
1 1 1 1 1 1 1 1 
1 # 0 1 H 0 0 1 
1 0 0 0 0 0 0 1 
1 0 0 0 0 0 0 1 
1 1 0 # H # 0 1 
1 H 0 0 1 0 # S 
1 0 0 0 0 H 0 1 
1 1 1 G 1 1 1 1 
d32 p53 T6

Map8
1 1 1 S 1 1 1 1 
1 0 1 0 0 0 0 1 
1 # 0 # 0 0 0 1 
1 0 # 0 F 0 1 1 
1 H # 0 0 H H 1 
1 0 0 0 0 # 0 1 
1 0 0 # 1 0 0 1 
1 1 1 1 1 1 G 1 
d41 T7

Map8
1 1 1 S 1 1 1 1 
1 H 0 0 0 0 0 1 
1 0 0 0 0 0 H 1 
1 F 0 1 0 1 0 1 
1 F F 0 # 0 0 G 
1 0 1 1 0 0 1 1 
1 0 0 0 H 0 0 1 
1 1 1 1 1 1 1 1 
d41 P45 T7

Map8
1 1 G 1 1 1 1 1 
1 # 0 0 0 0 0 1 
1 0 0 0 1 # 1 1 
1 0 # 1 0 0 0 1 
1 F 1 # 0 0 0 1 
1 0 0 0 0 0 # 1 
1 0 1 0 0 # 0 1 
1 S 1 1 1 1 1 1 
u22 p13 T5

Map8
1 1 1 1 1 1 1 1 
1 0 1 F F 1 0 1 
S 0 0 F 0 # 0 1 
1 1 0 0 0 0 0 G 
1 0 0 1 0 0 0 1 
1 H H H 0 0 0 1 
1 0 0 F 0 0 H 1 
1 1 1 1 1 1 1 1 
r53 p42 T6

Map8
1 1 S 1 1 1 1 1 
1 1 0 0 0 0 0 1 
1 0 F 0 0 1 0 1 
1 1 1 F 0 # 0 1 
1 H 1 F 1 0 # 1 
1 # 0 0 0 1 H 1 
1 0 0 0 F # 0 1 
1 1 1 1 1 1 G 1 
d32 R12 T5

Map8
1 1 1 S 1 1 1 1 
1 F 0 0 0 1 0 1 
1 # 1 0 0 # # 1 
1 0 F F # 1 0 G 
1 F # 0 0 0 0 1 
1 0 # 0 0 # 0 1 
1 0 F 0 0 1 0 1 
1 1 1 1 1 1 1 1 
r32 P64 T5

Map8
1 1 S 1 1 1 1 1 
1 # 0 0 0 0 1 1 
1 1 1 0 H # 0 1 
1 1 0 F 0 0 0 1 
1 0 # 0 0 # # 1 
G 0 0 1 # 0 H 1 
1 0 1 0 # 1 0 1 
1 1 1 1 1 1 1 1 
l53 T7

Map8
1 1 1 1 1 1 1 1 
1 # H 0 0 0 0 1 
1 0 0 # 0 0 1 1 
1 # 0 0 H 0 1 1 
1 1 0 0 0 0 1 1 
1 0 0 0 H 0 0 1 
1 0 0 0 0 # 1 1 
1 S 1 1 G 1 1 1 
r31 U36 T7

Map8
1 1 1 1 1 1 1 1 
1 0 # 0 0 1 # 1 
1 0 F # # F 0 1 
1 0 0 # 0 0 H 1 
1 0 0 H H 0 F 1 
1 # 0 # H 0 # 1 
1 1 0 0 0 0 0 1 
1 1 S 1 G 1 1 1 
d24 p36 T7

Map8
1 1 1 1 1 1 1 1 
1 # 0 # H 0 1 1 
S 0 0 1 0 F 0 1 
1 F 1 0 # 0 # G 
1 0 0 # F 0 1 1 
1 0 0 0 F 0 0 1 
1 F 0 0 0 0 # 1 
1 1 1 1 1 1 1 1 
u35 P15 T11

Map8
1 1 1 1 1 1 1 1 
1 0 # 0 1 0 0 1 
1 # 0 0 0 0 0 1 
1 0 # 0 # H 0 S 
1 # 0 0 # 0 0 1 
1 0 1 0 H 0 # 1 
G # 0 0 1 0 0 1 
1 1 1 1 1 1 1 1 
l64 D62 T5

Map8
1 1 1 1 1 1 1 1 
1 # 0 0 1 1 F 1 
1 0 0 0 0 0 0 1 
1 1 0 0 1 0 0 G 
1 0 1 H H 0 # 1 
1 0 F # H 0 0 1 
1 0 0 # 0 0 0 1 
1 S 1 1 1 1 1 1 
r53 p46 T7

Map8
1 1 1 1 1 1 1 1 
1 0 # 0 0 0 F 1 
1 0 1 0 0 0 0 1 
1 # 1 0 1 0 0 1 
1 1 0 0 0 0 0 1 
1 0 0 0 0 0 0 1 
1 0 F F 0 0 F 1 
1 G 1 S 1 1 1 1 
l35 T5

Map8
1 1 1 1 1 1 1 1 
1 0 0 1 # 0 0 1 
1 # # 1 0 0 0 1 
1 0 0 0 H 0 # 1 
1 # F 0 0 0 0 1 
1 0 # 0 0 # 0 1 
1 1 0 0 F H 0 1 
1 1 1 1 G 1 S 1 
d44 p65 T5

Map8
1 1 1 1 1 1 1 1 
1 0 # 0 0 0 0 1 
G F 0 0 0 1 0 1 
S 0 0 0 0 0 0 1 
1 1 0 0 H 1 H 1 
1 # F 0 0 0 1 1 
1 0 H 0 0 0 0 1 
1 1 1 1 1 1 1 1 
l22 p13 T5

Map8
1 1 S 1 1 1 1 1 
1 1 0 0 # 0 # 1 
1 0 0 # 0 0 F 1 
1 1 0 0 F 0 0 G 
1 0 F 0 0 # 0 1 
1 0 0 1 1 0 0 1 
1 0 1 # 1 0 1 1 
1 1 1 1 1 1 1 1 
r53 P22 T10

Map8
1 1 1 1 1 1 1 1 
1 0 0 1 1 0 0 G 
1 0 1 0 1 0 H 1 
1 0 0 0 1 0 F 1 
1 0 0 # H 0 0 1 
1 0 0 0 0 0 1 1 
1 0 0 0 0 0 0 1 
1 1 S 1 1 1 1 1 
r25 T5

Map8
1 1 1 1 1 1 1 1 
1 1 0 0 0 0 1 1 
1 # 1 1 0 0 0 1 
G 0 0 0 H # H 1 
1 # 0 0 0 0 0 1 
1 0 1 0 0 H H 1 
S 0 # 0 # 0 0 1 
1 1 1 1 1 1 1 1 
u36 P44 T5

Map8
1 1 1 1 1 1 1 1 
1 0 1 0 0 0 0 1 
1 0 0 0 F 0 # 1 
1 # # 0 0 0 # 1 
1 0 1 0 0 0 F 1 
S 0 0 0 H 0 0 1 
1 0 0 1 0 0 0 G 
1 1 1 1 1 1 1 1 
r11 U16 T5

Map8
1 1 1 1 G 1 1 1 
1 1 1 # F 0 # 1 
1 # 0 0 0 0 0 1 
1 0 0 0 0 0 1 1 
1 1 H # 1 0 # 1 
1 0 0 0 1 # 0 1 
1 # F 0 0 # 1 1 
1 1 S 1 1 1 1 1 
u42 R15 T10

Map8
1 1 G 1 1 1 1 1 
1 0 0 0 1 1 0 1 
1 0 F 1 0 0 0 1 
1 H 0 H 0 0 # 1 
1 0 # 0 0 0 0 1 
1 0 1 # 0 0 # 1 
1 1 # H # # 0 1 
1 1 1 1 1 S 1 1 
l54 u14 T5

Map8
1 1 1 1 1 G 1 1 
1 0 0 1 0 0 0 1 
1 0 0 0 0 0 # 1 
1 0 H 0 0 H 0 1 
1 0 0 0 0 0 0 1 
S # 1 1 0 0 1 1 
1 0 0 1 H 0 0 1 
1 1 1 1 1 1 1 1 
r12 p42 T6

Map8
1 1 1 1 1 1 1 1 
1 0 0 1 0 0 0 1 
1 H 0 H 0 0 0 1 
1 0 0 0 0 0 H 1 
G F 0 # 0 1 0 1 
1 0 0 0 0 0 0 1 
1 0 0 0 0 0 0 1 
1 1 1 1 1 S 1 1 
l24 p35 T7

Map8
1 1 1 1 1 1 1 1 
1 1 0 0 F F # 1 
1 # 0 1 # 1 0 1 
1 0 0 1 0 F F 1 
1 0 0 0 # 0 1 1 
1 0 F 0 0 0 0 1 
1 0 # # 0 # # 1 
1 S 1 1 G 1 1 1 
r14 p34 T5

Map8
1 1 1 1 1 1 1 1 
1 0 # 1 0 # 0 1 
1 0 0 0 0 0 0 1 
1 0 0 0 # 0 0 1 
1 # # # 0 H 0 G 
1 0 0 # 0 0 0 1 
1 # 0 H 0 0 0 1 
1 S 1 1 1 1 1 1 
r12 P65 T5

Map8
1 1 1 1 1 1 1 1 
1 0 0 0 0 0 0 1 
1 0 0 1 F H H 1 
G F 0 H 0 F 0 1 
1 0 0 0 1 1 F 1 
S 0 0 0 0 0 0 1 
1 0 1 H 0 0 0 1 
1 1 1 1 1 1 1 1 
l23 p15 T5

Map8
1 1 1 1 1 1 1 1 
1 0 0 1 0 0 0 1 
1 0 0 0 0 H 0 1 
1 0 0 F 1 0 0 1 
1 0 0 0 # 0 0 1 
1 0 0 0 0 0 0 1 
1 0 0 0 # F # 1 
1 S 1 1 G 1 1 1 
r14 p34 T5

Map8
1 G 1 1 1 1 1 1 
1 0 0 1 # H 0 1 
1 H 0 0 0 # 0 1 
1 0 # 0 0 0 H 1 
1 # 0 H 0 0 F 1 
1 0 # 0 0 # 1 1 
1 0 0 0 0 # 0 1 
1 1 1 1 1 S 1 1 
d16 L66 T5

Map8
1 1 S 1 1 1 1 1 
1 0 # F 0 1 # G 
1 0 0 0 # 0 F 1 
1 0 # 0 0 0 0 1 
1 0 0 0 0 F 0 1 
1 H F 0 0 0 H 1 
1 0 0 0 1 # # 1 
1 1 1 1 1 1 1 1 
r24 T5

Map8
1 1 1 1 1 1 1 1 
1 1 0 # 0 0 F 1 
1 1 0 F F 0 0 G 
1 0 0 H # 0 0 1 
1 0 0 0 0 0 0 S 
1 H 0 0 F H 1 1 
1 H 0 0 0 0 # 1 
1 1 1 1 1 1 1 1 
r21 u24 T5

Map8
1 1 1 G 1 1 1 1 
1 0 0 0 1 0 0 1 
1 F F 0 0 0 0 1 
1 1 0 1 0 0 0 1 
1 0 0 0 # 0 0 1 
1 1 1 0 F 0 0 1 
1 0 0 0 1 F 0 1 
1 1 1 1 1 1 S 1 
l64 p14 T7

Map8
1 1 1 1 1 1 1 1 
1 0 0 H H H 1 1 
1 1 0 0 0 0 0 G 
1 0 0 0 0 1 1 1 
1 0 0 0 0 0 0 1 
1 0 0 H 0 0 0 1 
1 0 0 0 0 0 0 1 
1 1 1 1 1 S 1 1 
u24 r21 T6

Map8
1 1 1 1 1 1 1 1 
1 0 0 # # 0 # 1 
1 # 0 0 0 # 0 S 
1 0 1 0 0 0 F G 
1 1 0 0 # # 1 1 
1 0 0 0 # F F 1 
1 0 0 H 1 F 0 1 
1 1 1 1 1 1 1 1 
r43 p51 T9

Map8
1 1 1 1 1 1 1 1 
1 F # # F 0 0 1 
1 0 0 1 # 0 1 1 
1 0 F 0 1 0 0 1 
1 # 0 # 0 F 0 1 
1 0 0 1 0 1 0 1 
G 0 0 1 0 1 0 1 
1 1 1 1 1 1 S 1 
l64 T5

Map8
1 1 1 1 1 1 1 1 
1 0 1 0 0 0 1 1 
1 0 0 0 0 0 0 1 
1 0 F H F H # 1 
1 0 1 F F 0 0 G 
1 F 0 0 0 0 1 1 
1 H 0 H 0 0 1 1 
1 1 S 1 1 1 1 1 
r42 U46 T6

Map8
1 1 1 G 1 1 1 1 
1 0 1 0 1 F F 1 
1 0 0 F 0 # 0 1 
1 0 0 0 0 F 0 1 
1 0 0 1 0 1 1 1 
1 1 0 # 0 0 # 1 
S 0 0 0 # 0 0 1 
1 1 1 1 1 1 1 1 
d23 p56 T13

Map8
1 1 1 G 1 1 1 1 
1 0 H 0 1 0 0 1 
1 0 F 0 H 0 # 1 
1 H H 0 1 0 0 1 
1 0 0 0 0 0 0 1 
1 0 0 0 0 0 0 1 
1 0 0 0 0 0 0 1 
1 1 S 1 1 1 1 1 
u36 D24 T6

Map8
1 1 1 1 1 1 1 1 
1 0 # 0 1 0 1 1 
1 1 # 0 0 # 0 1 
1 0 0 0 0 0 # 1 
1 1 0 # F 0 0 G 
1 0 0 F 0 F H 1 
1 # 0 0 0 # 0 1 
1 S 1 1 1 1 1 1 
r24 P36 T6

Map8
1 1 1 1 1 1 1 1 
1 0 0 1 0 # 0 1 
1 0 0 0 1 1 0 1 
1 H 1 0 1 0 0 1 
1 0 0 1 0 F 0 1 
1 0 0 0 0 0 0 1 
1 0 F # 0 0 0 1 
1 1 G 1 1 S 1 1 
d25 P66 T6

Map8
1 1 1 1 1 1 1 1 
G 0 # 0 1 0 1 1 
1 # 0 F 0 0 0 1 
1 0 1 0 0 0 # 1 
1 0 F # 1 0 1 1 
1 1 F 0 0 0 0 1 
1 0 0 1 0 0 0 1 
1 1 1 1 S 1 1 1 
l51 U56 T6

Map8
1 1 1 1 1 1 S 1 
1 H 0 1 0 0 0 1 
1 1 0 # 0 1 0 1 
G 0 0 0 H 0 0 1 
1 H 0 F 0 0 0 1 
1 1 0 0 0 H 0 1 
1 H 0 0 0 0 0 1 
1 1 1 1 1 1 1 1 
l33 P26 T5

Map8
1 1 1 1 1 1 1 1 
1 0 0 F 0 H 0 1 
1 0 # # 0 # 1 1 
1 0 0 0 H 0 # 1 
1 0 F 0 0 0 0 S 
1 0 1 1 0 H F 1 
1 0 0 1 # H 0 1 
1 1 1 1 1 1 G 1 
r44 p13 T6

Map8
1 1 1 1 1 1 1 1 
1 0 1 0 F 0 0 1 
G F 0 1 0 0 0 1 
1 0 0 0 0 0 F 1 
1 1 1 0 0 1 1 1 
1 0 H 1 0 0 0 1 
1 0 F 0 H 0 0 1 
1 1 1 1 1 S 1 1 
d13 L53 T6

Map8
1 1 1 1 1 G 1 1 
1 0 0 0 0 0 # 1 
1 0 0 # # 0 # 1 
1 0 0 0 0 0 0 1 
1 H 0 1 0 0 0 1 
1 0 0 0 0 0 0 1 
1 H 0 0 0 0 0 1 
1 1 1 1 1 1 S 1 
u52 p63 T5

Map8
1 1 1 1 1 1 1 1 
1 F # 0 0 0 0 1 
1 0 0 1 0 F H 1 
1 # F # 0 0 0 1 
1 0 0 0 0 # # 1 
G 0 # # 0 0 0 1 
1 0 0 0 0 F 0 S 
1 1 1 1 1 1 1 1 
r16 p46 T6

Map8
1 1 S 1 1 1 1 1 
1 0 F 0 0 # # 1 
1 0 # 0 1 0 # G 
1 0 1 0 0 # # 1 
1 0 0 1 0 0 0 1 
1 F 0 0 0 F F 1 
1 # 0 # 0 F 0 1 
1 1 1 1 1 1 1 1 
r52 U54 T6

Map8
1 1 G 1 1 1 1 1 
1 1 F 1 0 0 0 1 
1 0 0 0 0 0 0 1 
1 H 1 1 0 0 0 1 
1 F H 0 0 0 0 1 
1 # 1 0 0 # 0 S 
1 0 0 0 0 0 1 1 
1 1 1 1 1 1 1 1 
d12 L62 T6

Map8
1 1 1 1 1 S 1 1 
G # 0 # 0 F 0 1 
1 0 0 0 0 0 F 1 
1 0 H 0 F H 0 1 
1 0 0 0 0 0 F 1 
1 # 0 # 0 0 0 1 
1 0 0 0 1 0 0 1 
1 1 1 1 1 1 1 1 
l65 R41 T6

Map8
1 1 1 1 1 1 1 1 
1 # 0 H 0 # 0 1 
1 0 0 0 0 0 F G 
1 F 0 0 1 F 0 1 
1 0 1 0 H 0 0 1 
1 0 0 1 # 0 0 1 
1 F F # 0 0 0 1 
1 1 1 S 1 1 1 1 
r52 p46 T6

Map8
1 S 1 1 1 1 1 1 
1 0 F 0 0 1 1 1 
1 1 H # F 0 0 1 
1 0 # 0 0 0 0 1 
1 0 0 0 0 0 H 1 
1 0 0 0 0 H 0 1 
1 F 0 F F 0 0 G 
1 1 1 1 1 1 1 1 
d13 L53 T6

Map8
1 1 1 1 1 1 1 1 
1 0 0 0 0 0 1 1 
1 0 0 0 H 0 0 1 
1 0 0 0 F 0 0 1 
1 F 0 F 0 F 0 S 
1 0 0 0 0 0 # 1 
1 0 0 0 0 F 1 1 
1 1 1 1 G 1 1 1 
d45 R44 T5

Map8
1 1 1 1 1 1 1 1 
G 0 0 H 0 0 0 1 
1 0 1 1 0 H 0 1 
1 0 0 # 0 0 0 1 
1 F 0 0 1 0 0 1 
1 H 0 H H 0 0 1 
1 0 0 0 0 0 0 1 
1 1 1 1 S 1 1 1 
u16 L56 T6

Map8
1 S 1 1 1 1 1 1 
1 # 0 0 # 0 F 1 
1 0 0 0 0 F 0 1 
1 0 0 # # F 0 1 
G 0 0 F 1 1 # 1 
1 F # 0 H 0 0 1 
1 0 0 0 H 0 # 1 
1 1 1 1 1 1 1 1 
l24 P36 T5

Map8
1 1 1 1 1 1 1 1 
1 0 # 0 0 1 H 1 
1 0 0 H 0 1 1 1 
1 H 0 0 0 0 0 1 
1 0 0 0 0 0 0 1 
1 0 0 0 # 0 0 1 
1 F H F 0 0 0 1 
1 1 1 1 1 G S 1 
d55 p66 T6

Map8
1 1 1 1 1 1 S 1 
1 0 0 0 0 0 0 1 
G 0 0 0 0 F 0 1 
1 0 0 # # 0 0 1 
1 1 0 0 1 F # 1 
1 0 0 F 0 1 F 1 
1 0 0 0 0 0 # 1 
1 1 1 1 1 1 1 1 
u26 l21 T6

Map8
1 1 1 1 1 1 S 1 
1 0 0 1 F 0 0 1 
1 0 0 0 # 0 F 1 
1 0 0 0 0 0 0 1 
G 0 0 0 1 0 # 1 
1 0 0 1 0 0 # 1 
1 H # 0 F 0 # 1 
1 1 1 1 1 1 1 1 
l63 P23 T6

Map8
1 1 1 S 1 1 1 1 
1 # # F 0 0 0 1 
G 0 0 0 0 0 1 1 
1 0 0 0 0 0 0 1 
1 0 0 0 0 0 1 1 
1 1 1 0 0 0 0 1 
1 0 1 0 1 F 0 1 
1 1 1 1 1 1 1 1 
l32 p13 T6

Map8
1 1 1 1 1 1 1 1 
1 0 0 0 1 0 # 1 
1 0 0 1 # 0 0 1 
G 0 0 1 # 0 F 1 
1 0 0 0 0 0 F 1 
1 0 # # 0 F 0 1 
1 0 0 0 0 1 0 1 
1 1 1 1 1 1 S 1 
l65 p14 T6

Map8
1 1 1 1 1 1 1 1 
1 0 0 0 0 F F S 
1 0 0 0 0 0 F 1 
1 1 F 0 0 0 0 1 
1 0 0 F 0 0 0 1 
1 0 0 0 0 1 0 1 
1 1 0 0 0 # 0 1 
1 1 1 1 1 G 1 1 
d21 p46 T6

Map8
1 1 1 1 1 1 G 1 
1 # 0 0 0 0 0 1 
1 0 0 0 0 0 # 1 
1 # H 1 0 0 0 1 
1 H 0 # # F 1 1 
1 0 0 0 F 0 0 1 
1 0 0 0 0 H # 1 
1 1 1 1 1 1 S 1 
u55 P25 T6

Map8
1 1 1 1 1 1 1 1 
1 0 0 0 # # 0 1 
1 0 0 0 0 0 1 1 
G 0 0 0 0 0 F 1 
1 # 0 # 0 H F 1 
1 0 # 0 0 1 1 1 
1 # 0 0 0 0 0 S 
1 1 1 1 1 1 1 1 
l23 p36 T5

Map8
1 1 1 1 1 1 1 1 
1 0 0 # 0 0 0 1 
1 # 0 0 0 1 # 1 
1 0 0 # 0 F # 1 
1 0 0 F 0 0 H 1 
S 0 0 H F 0 0 1 
1 0 H 0 0 0 1 1 
1 1 1 1 1 G 1 1 
r11 U16 T6

Map8
1 1 1 1 1 1 1 1 
1 0 F 0 # 0 0 1 
1 F 0 0 1 0 1 1 
G 0 1 # 0 1 1 1 
1 0 0 0 1 0 F 1 
1 0 0 0 0 0 F 1 
1 0 0 0 0 0 0 1 
1 1 1 1 1 S 1 1 
u36 P14 T8

Map8
1 1 1 1 1 1 1 1 
1 0 0 H # 1 H 1 
1 F H H 0 0 0 1 
1 0 0 0 0 0 0 G 
S 0 0 F 0 0 0 1 
1 0 0 0 0 0 0 1 
1 # 0 0 # 0 0 1 
1 1 1 1 1 1 1 1 
r53 p44 T5

Map8
1 1 1 1 1 1 1 1 
1 0 0 0 1 0 0 1 
1 0 0 0 0 0 0 1 
1 0 0 0 0 0 0 1 
1 0 0 0 1 0 0 1 
G 0 0 1 0 0 0 1 
1 0 1 0 0 0 0 1 
1 1 1 S 1 1 1 1 
l62 d12 T8

Map8
1 1 1 1 1 1 1 1 
G 0 0 0 1 0 F S 
1 H 0 0 0 0 H 1 
1 F 0 0 0 F 0 1 
1 0 0 0 0 0 H 1 
1 0 0 0 0 0 0 1 
1 H # 0 0 0 0 1 
1 1 1 1 1 1 1 1 
u15 L65 T5

Map8
1 1 1 1 1 1 1 1 
1 F 0 0 0 0 F 1 
1 1 0 0 0 0 F G 
1 1 0 0 0 0 H 1 
1 # # 0 F 0 0 1 
1 F 1 0 0 0 1 1 
S 0 1 1 0 H 0 1 
1 1 1 1 1 1 1 1 
r31 U35 T5

Map8
1 1 1 G 1 1 1 1 
1 0 # 0 0 1 0 1 
1 0 0 0 F 0 # 1 
1 0 0 0 0 0 0 1 
1 0 0 F # 0 0 1 
S # 0 0 # 0 # 1 
1 0 # 0 H 0 H 1 
1 1 1 1 1 1 1 1 
r11 r41 T6

Map8
1 1 1 1 1 1 1 1 
S 0 0 0 1 0 0 G 
1 0 0 0 0 F 0 1 
1 # 0 0 1 0 H 1 
1 0 0 F 0 F 0 1 
1 0 0 1 # 0 0 1 
1 0 F 0 F 1 0 1 
1 1 1 1 1 1 1 1 
r12 p14 T8

Map8
1 1 1 1 1 1 1 1 
1 0 # 0 0 H 0 1 
G 0 0 0 0 0 F 1 
1 H 0 0 0 1 0 1 
1 F 0 F # 0 1 1 
1 0 0 F 0 # 0 S 
1 0 0 0 0 0 0 1 
1 1 1 1 1 1 1 1 
l41 u46 T7

Map8
1 1 1 1 1 1 1 1 
1 0 0 0 0 1 # 1 
1 0 H # 0 0 F S 
G # F 0 0 0 1 1 
1 F 0 0 0 0 # 1 
1 # 0 0 0 0 F 1 
1 0 # 1 0 0 # 1 
1 1 1 1 1 1 1 1 
l33 D31 T5

Map8
1 G S 1 1 1 1 1 
1 0 0 0 0 0 0 1 
1 0 F 0 1 0 0 1 
1 0 0 0 0 1 0 1 
1 H F H 0 0 # 1 
1 H 0 0 0 0 H 1 
1 0 0 0 1 H 0 1 
1 1 1 1 1 1 1 1 
r25 P55 T6

Map8
1 1 1 1 1 1 1 1 
1 0 1 1 0 0 0 S 
1 F 0 0 0 0 # 1 
1 0 0 0 # 0 F 1 
1 F # 1 0 0 0 1 
1 H 0 0 1 0 0 1 
1 0 0 0 1 # 0 1 
1 G 1 1 1 1 1 1 
u13 L53 T6

Map8
1 1 1 1 1 1 G 1 
1 H 0 0 1 0 0 1 
1 0 0 0 0 1 0 1 
1 # 0 0 F 0 0 1 
1 1 1 0 # 0 1 1 
1 H H # F 1 0 1 
1 H # 0 0 # 0 1 
1 1 1 1 S 1 1 1 
r33 L54 T6

Map8
1 1 S 1 1 1 1 1 
1 0 0 0 0 0 0 1 
1 0 0 0 0 0 0 1 
1 0 0 1 0 0 0 1 
1 0 1 1 0 0 0 1 
1 0 0 0 0 0 0 1 
1 0 0 0 H 0 0 1 
1 1 G 1 1 1 1 1 
d25 p14 T8

Map8
1 1 1 1 1 1 1 1 
1 0 0 0 0 0 1 1 
1 H 0 0 0 0 0 1 
1 0 0 0 H 0 H 1 
1 H 0 H 0 0 0 G 
1 0 0 0 0 0 0 S 
1 0 0 # 0 F 0 1 
1 1 1 1 1 1 1 1 
l55 p15 T6

Map8
1 1 1 1 1 S 1 1 
1 0 0 0 1 F 0 1 
1 H 1 0 1 0 0 1 
1 F 0 0 0 1 0 1 
1 0 0 0 0 0 0 1 
1 0 F 0 F H 0 1 
1 1 0 0 0 0 1 1 
1 1 1 G 1 1 1 1 
d34 P65 T6

Map8
1 1 1 1 1 1 1 1 
1 0 0 0 0 0 0 1 
1 H 1 1 0 0 0 1 
1 1 H 1 0 0 1 1 
1 0 H 0 0 0 0 1 
1 0 0 0 0 1 1 1 
1 0 0 0 H 0 H 1 
1 S G 1 1 1 1 1 
d25 p16 T6

Map8
1 1 G 1 S 1 1 1 
1 0 0 0 0 0 1 1 
1 0 0 F H 0 0 1 
1 F 0 0 1 0 0 1 
1 0 0 0 0 F 0 1 
1 1 H 0 0 0 0 1 
1 0 1 0 0 # F 1 
1 1 1 1 1 1 1 1 
d11 L51 T3

Map8
1 1 G 1 S 1 1 1 
1 0 0 0 # 0 0 1 
1 0 1 0 H 0 0 1 
1 0 0 0 0 0 0 1 
1 0 # 0 0 0 H 1 
1 0 F # 0 # 0 1 
1 0 0 F 0 0 0 1 
1 1 1 1 1 1 1 1 
u11 L51 T3

Map8
1 1 1 1 1 1 1 1 
G F # 1 1 0 0 1 
1 H 0 0 # 0 0 1 
1 0 0 0 0 0 0 1 
1 0 F H 0 0 0 1 
1 0 1 H 0 0 0 1 
1 H F 0 0 0 0 1 
1 1 1 1 1 1 S 1 
l63 p13 T6

Map8
1 1 1 1 1 1 1 1 
1 H 0 0 H H 0 1 
G 0 0 0 0 0 H 1 
1 0 0 0 # 0 1 1 
1 0 H 0 0 0 F 1 
1 F 0 0 F 0 0 S 
1 0 0 0 0 0 F 1 
1 1 1 1 1 1 1 1 
r31 U36 T3

Map8
1 G 1 1 1 1 1 1 
1 0 1 0 0 # 0 1 
1 0 # # # 0 0 1 
1 1 1 0 1 0 0 1 
1 0 0 0 0 H 0 1 
1 0 0 0 # H 1 1 
1 0 0 # 0 # # 1 
1 1 S 1 1 1 1 1 
r31 U35 T5

Map8
1 S 1 1 1 G 1 1 
1 0 # H 0 0 0 1 
1 0 F 0 F 0 # 1 
1 0 0 # 0 # H 1 
1 0 0 H # 0 0 1 
1 0 # 1 F 0 0 1 
1 H H # F 0 # 1 
1 1 1 1 1 1 1 1 
u52 P13 T4

Map8
1 1 1 1 1 1 1 1 
1 # 0 0 # 1 0 1 
1 0 1 0 F 0 # 1 
G 0 0 F 1 1 # 1 
1 0 0 1 F F 0 1 
1 0 # 0 # 0 0 1 
1 # 0 0 0 0 F 1 
1 1 1 1 1 S 1 1 
u15 L65 T4

Map8
1 1 1 1 1 1 S 1 
1 0 # # 0 0 0 1 
1 H 0 0 0 0 0 1 
1 0 0 0 0 0 0 1 
1 0 F 0 F 0 0 1 
1 F # 0 0 0 0 1 
1 0 F F 1 0 1 1 
1 1 G 1 1 1 1 1 
l41 p11 T5

Map8
1 1 1 1 1 G 1 1 
1 0 1 # 0 0 0 1 
1 0 F F 0 0 0 1 
1 0 0 H 0 0 0 1 
1 0 0 # 0 0 H 1 
1 0 0 0 0 0 # 1 
1 0 F F F 0 0 S 
1 1 1 1 1 1 1 1 
u56 P14 T3

Map8
1 1 1 1 G 1 1 1 
1 0 0 F 0 F 0 1 
1 0 0 # 0 0 0 1 
1 1 0 0 1 # 0 1 
1 0 0 0 0 0 0 1 
S F 0 0 0 1 0 1 
1 0 H 0 0 1 0 1 
1 1 1 1 1 1 1 1 
u42 p63 T8

Map8
1 1 G 1 1 1 1 1 
1 H 0 H 0 F 0 1 
1 0 0 0 0 0 # 1 
1 # 0 0 0 0 0 1 
1 F 1 0 0 0 0 1 
1 H 0 0 0 0 0 1 
1 # 0 F # 0 0 1 
1 1 1 1 S 1 1 1 
d12 L52 T3

Map8
1 1 1 1 1 1 1 1 
1 0 # 0 0 1 1 1 
1 # 0 F 0 1 H 1 
1 # # 0 1 0 0 1 
G 0 0 0 1 0 0 S 
1 # F 0 # # 0 1 
1 1 F 0 0 0 F 1 
1 1 1 1 1 1 1 1 
r33 U36 T9

Map8
1 1 1 1 1 1 1 1 
1 0 # 0 0 0 0 1 
1 0 F # 0 0 0 1 
G 0 0 0 0 0 0 1 
1 # 0 # 0 0 F 1 
1 0 0 H 0 0 1 1 
S 0 0 0 F # 0 1 
1 1 1 1 1 1 1 1 
l23 P36 T4

Map8
1 1 1 1 1 1 1 1 
S 0 1 0 1 1 0 1 
1 F 0 H 0 0 0 1 
1 0 0 0 1 0 0 1 
1 # 0 0 1 0 F G 
1 # 0 0 0 0 0 1 
1 1 1 0 0 0 H 1 
1 1 1 1 1 1 1 1 
r54 p45 T7

Map8
1 1 1 1 1 1 S 1 
1 0 0 H F F 0 1 
1 0 0 1 0 H 0 1 
1 0 # 0 # H 0 1 
1 0 0 H 0 0 F 1 
1 0 0 0 0 0 # 1 
1 0 0 F 0 0 0 1 
1 1 1 1 G 1 1 1 
d45 P66 T4

Map8
1 1 1 1 1 1 1 1 
1 0 0 F 0 0 0 1 
1 1 F 0 0 0 F G 
1 1 0 # 0 F 0 1 
1 # # 0 # 0 # 1 
1 # 0 0 0 F # 1 
1 0 0 1 H 0 0 1 
1 1 S 1 1 1 1 1 
r52 p41 T6

Map8
1 1 G 1 1 S 1 1 
1 0 0 0 # 0 0 1 
1 0 # 0 0 H 0 1 
1 # 1 0 # 0 0 1 
1 0 0 # 0 H 0 1 
1 # 0 0 0 0 0 1 
1 0 0 F 0 H 0 1 
1 1 1 1 1 1 1 1 
d11 L61 T3

Map8
1 1 1 1 1 1 1 1 
1 0 0 0 0 0 F 1 
1 1 F # 1 0 0 S 
1 0 0 H 1 0 # 1 
1 1 0 1 1 0 0 1 
1 0 0 # 0 # 0 1 
1 0 0 0 0 # F 1 
1 1 1 1 G 1 1 1 
d45 p54 T6

Map8
1 1 1 1 1 1 1 1 
1 H 1 1 0 F 1 1 
1 0 0 0 0 1 0 1 
S 0 H 0 0 H H 1 
1 0 0 0 0 # 1 1 
1 0 0 0 # 0 0 1 
1 # 0 0 F 0 0 1 
1 1 1 G 1 1 1 1 
d35 D12 T7

Map8
1 G 1 1 1 1 1 1 
1 0 0 F F # 0 1 
1 1 0 1 H # 0 1 
1 0 0 H 0 1 1 1 
1 # 0 F 0 0 0 1 
1 0 1 H 0 H 0 1 
1 F 0 0 0 F 0 S 
1 1 1 1 1 1 1 1 
u24 R46 T7

Map8
1 1 1 1 1 1 1 1 
1 0 0 H 0 0 0 1 
S 0 0 0 1 F F 1 
1 0 0 0 1 0 0 G 
1 0 0 0 F 0 0 1 
1 0 0 1 F 0 F 1 
1 0 0 0 0 0 0 1 
1 1 1 1 1 1 1 1 
r53 p46 T8

Map8
1 1 G 1 S 1 1 1 
1 H 0 0 0 F 0 1 
1 0 0 0 1 0 0 1 
1 0 0 0 0 0 0 1 
1 0 0 F 1 0 F 1 
1 H 0 0 0 0 0 1 
1 0 0 0 1 0 0 1 
1 1 1 1 1 1 1 1 
d13 l63 T7

Map8
1 1 1 G 1 1 1 1 
1 0 F 0 0 0 0 1 
1 0 0 0 F # F 1 
1 1 0 0 H 0 0 S 
1 0 H # 0 0 0 1 
1 F 0 0 0 0 0 1 
1 0 0 H 0 0 0 1 
1 1 1 1 1 1 1 1 
u32 U53 T6

Map8
1 1 1 G 1 S 1 1 
1 0 F # 0 0 H 1 
1 F 0 0 H 0 0 1 
1 0 0 0 0 F 0 1 
1 0 0 0 0 0 0 1 
1 0 0 0 # 0 0 1 
1 H 0 0 0 1 0 1 
1 1 1 1 1 1 1 1 
u35 l54 T6

Map8
1 1 1 1 1 1 1 1 
1 # # 0 F 0 0 1 
1 0 0 0 0 0 H 1 
1 0 1 0 # 1 0 1 
1 0 # 0 0 0 0 1 
S 0 F F 1 F 0 1 
1 0 0 0 0 # 0 1 
1 1 1 1 G 1 1 1 
r34 U36 T7

Map8
1 1 1 1 G 1 1 1 
1 0 0 0 0 1 0 1 
1 F 0 0 1 0 F S 
1 0 0 0 0 0 0 1 
1 0 0 0 0 F 0 1 
1 F 0 F 0 0 0 1 
1 0 H 0 1 0 0 1 
1 1 1 1 1 1 1 1 
l63 D61 T6

Map8
1 1 1 1 1 S 1 1 
1 # 0 H 0 0 # 1 
1 0 # 1 0 0 0 1 
1 0 # 0 0 0 0 1 
1 0 0 H # F 1 1 
1 0 0 0 0 0 0 1 
1 # 0 0 0 # F 1 
1 1 1 1 1 1 G 1 
r15 p13 T7

Map8
1 1 1 1 1 1 1 1 
S 0 0 # 0 0 # 1 
1 0 1 0 H 0 0 1 
1 0 0 0 H 0 0 G 
1 0 0 # # # F 1 
1 0 0 0 1 # 1 1 
1 0 0 0 0 0 0 1 
1 1 1 1 1 1 1 1 
r53 P66 T8

Map8
1 1 S 1 G 1 1 1 
1 # # 0 # H 1 1 
1 0 0 F 0 0 0 1 
1 0 0 0 F # 0 1 
1 0 0 0 0 0 0 1 
1 0 # # 0 0 # 1 
1 0 H # 0 0 0 1 
1 1 1 1 1 1 1 1 
u42 P24 T6

Map8
1 1 1 1 1 1 1 1 
1 0 1 0 0 0 0 G 
1 0 1 0 1 0 F 1 
1 0 0 1 0 # 0 1 
1 0 0 # # F 1 1 
1 # H # 0 1 0 1 
1 0 0 # 0 H H 1 
1 S 1 1 1 1 1 1 
r14 U45 T7

Map8
1 1 1 1 1 1 1 1 
1 0 1 0 0 0 0 1 
1 0 0 0 0 0 0 1 
1 0 0 1 0 0 1 1 
1 0 0 0 0 H 0 1 
1 0 # 0 0 0 0 1 
1 0 F 0 0 0 # 1 
1 S 1 G 1 1 1 1 
r16 p46 T6

Map8
1 1 1 1 1 1 1 1 
1 1 # 1 0 0 0 S 
1 F 0 0 H # # 1 
1 0 0 0 # 0 0 1 
1 0 F 0 # 0 1 1 
1 F 0 0 F 0 # 1 
1 # # 0 0 1 0 1 
1 1 1 G 1 1 1 1 
l53 p23 T8

Map8
1 1 1 1 1 1 1 1 
S 0 0 0 F 0 0 1 
1 1 0 0 0 0 0 1 
1 0 0 # 1 0 0 1 
1 0 0 0 0 1 0 1 
1 1 0 0 0 0 0 1 
1 F 1 0 0 1 0 1 
1 1 1 1 G 1 1 1 
d31 p61 T6

Map8
1 1 1 1 1 1 1 1 
1 H F 0 0 0 # 1 
1 0 0 # 0 0 0 1 
S 0 0 0 0 0 0 1 
1 0 H 0 0 0 0 1 
1 0 0 # 0 1 0 1 
1 0 0 # H 0 0 1 
1 1 G 1 1 1 1 1 
d25 p14 T8

Map8
1 1 1 1 1 1 G 1 
1 0 H 1 H 0 0 1 
1 0 0 0 0 0 0 1 
1 0 1 0 # 0 0 1 
1 0 1 0 0 1 0 1 
1 0 0 0 # 1 1 1 
1 0 0 0 0 0 0 1 
1 1 1 1 S 1 1 1 
u36 D44 T7

Map8
1 1 1 1 1 1 1 1 
1 # 0 0 0 0 0 1 
1 0 0 # 0 0 # 1 
1 0 H 0 0 F # 1 
1 0 0 0 1 0 0 G 
1 0 0 0 0 0 # 1 
1 0 0 0 0 0 # 1 
1 S 1 1 1 1 1 1 
r54 p41 T6

Map8
1 1 1 1 1 1 1 1 
1 H # 0 1 0 0 1 
1 0 0 0 0 0 F 1 
1 # # F 0 0 0 S 
1 F 0 0 0 0 0 1 
1 0 0 0 0 0 0 1 
1 # H 0 F 0 0 1 
1 1 1 1 G 1 1 1 
d45 U64 T9

Map8
1 1 1 1 1 1 1 1 
1 # 0 # 1 0 H 1 
1 # 0 0 0 0 0 1 
1 0 0 0 0 # # 1 
1 1 0 H H F # 1 
1 0 0 0 F F F 1 
1 1 F 0 1 0 0 S 
1 1 G 1 1 1 1 1 
d22 P51 T5

Map8
1 1 1 1 S 1 1 1 
1 0 0 0 # 0 0 1 
G 0 0 0 0 0 1 1 
1 0 1 0 # 0 0 1 
1 0 1 # 0 F 0 1 
1 # 0 0 # 0 0 1 
1 1 0 0 0 1 0 1 
1 1 1 1 1 1 1 1 
l42 T4

Map8
1 1 1 1 1 G 1 1 
1 0 H 0 0 0 0 1 
1 0 0 0 F 0 0 1 
S 0 1 0 0 H 0 1 
1 0 0 1 0 0 0 1 
1 0 H H # H 1 1 
1 F 0 0 0 0 0 1 
1 1 1 1 1 1 1 1 
u52 P11 T5

Map8
1 1 1 1 1 G 1 1 
1 0 0 0 1 0 0 1 
1 0 0 0 0 0 0 1 
1 0 0 0 H 0 0 1 
1 0 0 H 0 H 0 1 
1 1 0 0 0 0 0 1 
1 0 0 0 0 1 0 1 
1 1 S 1 1 1 1 1 
r22 T6

Map8
1 1 1 1 1 1 1 1 
1 0 0 0 1 0 0 1 
1 # # 0 1 # 0 1 
1 0 1 0 H 0 0 1 
1 1 # 0 H 0 F G 
1 F 0 1 0 0 0 S 
1 0 0 1 0 0 0 1 
1 1 1 1 1 1 1 1 
r54 U56 T3

Map8
1 1 1 1 1 1 S 1 
1 1 0 0 0 1 0 1 
1 0 0 0 0 H F 1 
1 0 0 0 0 0 0 1 
1 0 # 0 0 0 0 1 
1 0 0 0 # 0 0 1 
1 0 0 H 0 0 0 1 
1 1 1 1 1 G 1 1 
d55 p64 T6

Map8
1 1 1 1 1 1 G 1 
1 0 0 0 0 1 F 1 
1 F 0 0 0 0 # 1 
1 1 0 0 0 1 0 1 
1 0 0 0 0 H # 1 
1 0 0 0 1 1 1 1 
1 0 # 0 0 0 0 1 
1 S 1 1 1 1 1 1 
r32 P14 T6

Map8
1 1 1 1 1 1 1 1 
1 0 0 F 0 0 0 1 
1 0 0 0 0 # H 1 
1 # # # F # 0 1 
1 1 0 0 H F 0 1 
1 1 0 # 1 0 F 1 
1 F 0 0 # # 1 1 
1 1 1 G 1 S 1 1 
d32 P51 T4

Map8
1 1 1 S 1 1 1 1 
1 0 1 0 0 0 1 1 
1 H H 0 H 0 F 1 
1 0 1 0 F 0 0 1 
G 0 F 0 0 0 0 1 
1 0 0 F 1 H 0 1 
1 1 0 0 1 0 0 1 
1 1 1 1 1 1 1 1 
l34 T3

Map8
1 1 1 1 1 1 1 1 
1 0 1 0 1 0 0 1 
1 0 0 F 0 0 0 1 
1 0 0 0 0 F # 1 
1 0 # 0 H 0 0 1 
1 0 H F F H 0 1 
G 0 0 0 F 1 # 1 
1 1 1 1 1 1 S 1 
l62 T5

Map8
1 1 G 1 1 1 1 1 
1 # 0 # 1 0 0 1 
1 0 # 0 0 0 0 1 
1 # 0 1 0 F 0 1 
1 1 H H 0 1 0 S 
1 0 # H 0 H # 1 
1 1 0 0 1 0 1 1 
1 1 1 1 1 1 1 1 
l62 T7

Map8
1 1 1 1 1 1 1 1 
1 0 0 1 0 1 # 1 
1 1 1 0 H 0 0 1 
1 0 # # 1 0 # G 
1 F 0 1 F # 0 1 
1 0 1 0 0 # H 1 
1 0 H # 0 # 0 1 
1 1 1 S 1 1 1 1 
r53 p46 T7

Map8
1 1 1 1 1 1 1 1 
1 0 0 1 0 0 0 G 
1 0 0 0 # 0 1 1 
1 0 F F H 0 0 S 
1 # 0 0 1 # 0 1 
1 0 # 1 0 0 H 1 
1 0 0 0 # 0 0 1 
1 1 1 1 1 1 1 1 
r12 D52 T7

Map8
1 1 1 1 1 1 1 1 
1 0 0 0 0 1 # 1 
1 0 # 0 0 0 0 1 
1 0 1 0 0 0 0 G 
1 0 0 0 0 0 # 1 
S 0 0 0 0 H 0 1 
1 0 0 1 0 0 0 1 
1 1 1 1 1 1 1 1 
r33 P45 T4

Map8
1 S 1 1 1 1 1 1 
1 # F 1 1 # 0 1 
1 0 0 0 1 0 F 1 
1 1 0 1 0 # F 1 
1 0 # 1 0 H 0 1 
G 0 0 0 F 1 0 1 
1 0 # 0 0 0 # 1 
1 1 1 1 1 1 1 1 
l25 P32 T5

Map8
1 1 1 1 1 1 1 1 
1 0 0 0 H 0 0 1 
1 0 0 0 # 0 H 1 
1 # 0 # F 0 0 1 
1 # 0 1 H F 0 1 
1 0 F # 0 # 0 1 
1 F # 0 0 0 0 1 
1 1 S 1 G 1 1 1 
d45 R15 T3

Map8
1 1 1 1 1 G S 1 
1 1 # 0 0 # 0 1 
1 0 1 0 # 0 # 1 
1 0 0 0 # 1 0 1 
1 H 0 0 0 0 H 1 
1 0 0 # 0 0 0 1 
1 0 # 0 # 0 0 1 
1 1 1 1 1 1 1 1 
u52 P63 T4

Map8
1 1 1 G 1 1 1 1 
1 0 0 0 0 0 # 1 
1 0 F 0 # 1 0 1 
1 1 F 0 0 0 H 1 
1 0 0 # H 0 0 1 
1 0 0 0 0 0 0 1 
1 0 0 0 F 0 # 1 
1 1 1 1 S 1 1 1 
u35 L55 T3

Map8
1 1 G 1 1 1 1 1 
1 0 0 0 H H 0 1 
1 0 0 0 0 H 0 1 
1 H 0 # 1 0 0 1 
1 0 0 0 0 0 1 1 
1 # 0 # 0 0 0 1 
1 # 0 0 # # # 1 
1 S 1 1 1 1 1 1 
u26 P14 T5

Map8
1 1 1 1 1 1 1 1 
1 # 1 # 0 # 0 1 
1 0 0 F 0 0 0 1 
1 0 0 0 0 0 0 1 
1 0 0 0 F # 0 1 
1 0 H 0 # H F 1 
G 0 0 H F 0 1 1 
1 1 1 1 S 1 1 1 
l42 T5

Map8
1 1 1 1 1 1 1 1 
1 # 0 1 H 0 # 1 
1 1 0 0 1 0 0 G 
1 0 0 0 H 0 1 1 
1 0 0 0 H 0 0 1 
1 0 0 0 # 0 0 1 
1 H 0 0 0 1 H 1 
1 1 S 1 1 1 1 1 
u55 P24 T7

Map8
1 1 1 1 1 1 1 1 
1 0 H 0 F H 0 1 
1 # 0 0 0 0 0 1 
1 0 0 0 0 0 0 S 
1 0 0 H 0 H # G 
1 1 F 0 0 0 F 1 
1 F 0 0 0 0 0 1 
1 1 1 1 1 1 1 1 
l63 p13 T6

Map8
1 1 1 1 1 1 S 1 
1 1 0 0 0 1 # 1 
1 # 0 1 0 0 0 1 
G 0 0 0 1 0 # 1 
1 0 0 0 # H 0 1 
1 0 # 0 H 0 0 1 
1 0 0 1 1 0 1 1 
1 1 1 1 1 1 1 1 
l62 P24 T8

Map8
1 1 G 1 1 S 1 1 
1 1 0 0 1 0 0 1 
1 0 F 0 0 0 0 1 
1 0 F 0 0 0 1 1 
1 F 0 0 0 0 0 1 
1 1 0 1 0 0 # 1 
1 0 H 1 # H 0 1 
1 1 1 1 1 1 1 1 
u33 P54 T6

Map8
1 S 1 1 1 1 1 1 
1 0 # 0 0 0 0 1 
1 1 0 0 0 0 1 1 
1 # H 0 1 # F 1 
1 # H 0 0 0 0 1 
1 0 F 0 0 0 1 1 
G 0 1 0 0 # 0 1 
1 1 1 1 1 1 1 1 
d31 L45 T7

Map8
1 1 1 1 1 1 1 1 
1 0 0 0 F 0 0 1 
1 0 0 1 0 # 0 1 
1 0 F 0 0 0 0 1 
1 0 F 0 H # # 1 
1 0 0 0 0 # 0 1 
1 0 # F # 0 # 1 
1 1 1 S G 1 1 1 
d45 p14 T7

Map8
1 1 1 G 1 1 1 1 
1 0 0 F F 0 0 1 
1 0 0 0 0 0 1 1 
1 0 0 0 0 H 0 1 
1 # 0 0 0 0 0 1 
1 0 0 0 0 0 0 1 
S 0 0 1 F 0 0 1 
1 1 1 1 1 1 1 1 
u32 p23 T6

Map8
1 1 1 1 1 1 1 1 
1 0 0 F 0 0 0 1 
1 1 1 0 F 0 F 1 
1 # 0 0 1 F 0 1 
1 1 # 0 F 0 0 G 
1 0 1 0 1 0 0 1 
1 0 0 0 0 0 0 1 
1 1 S 1 1 1 1 1 
r54 p46 T6

Map8
1 1 1 1 1 1 1 1 
1 0 0 0 F 0 F 1 
1 0 0 # 0 0 1 1 
1 1 # 1 H 0 F 1 
G 0 0 1 0 0 # 1 
1 F # 0 0 0 # 1 
1 # 0 1 0 0 0 S 
1 1 1 1 1 1 1 1 
d21 p66 T9

Map8
1 1 1 1 1 1 1 1 
1 0 F 0 0 1 0 1 
1 0 1 F 0 F # 1 
1 0 0 # 1 0 0 1 
S # 0 # # 0 F 1 
1 0 # 0 0 0 0 1 
1 0 0 F 0 1 1 1 
1 1 G 1 1 1 1 1 
d24 P54 T8
