Map8
1 1 1 1 1 1 1 1 
1 0 0 # 0 1 0 1 
1 F 0 0 0 0 0 1 
1 0 # 0 0 0 0 G 
1 0 0 0 0 0 F 1 
1 0 H F 0 0 0 S 
1 # H 0 0 0 0 1 
1 1 1 1 1 1 1 1 
r53 P45 T4

Map8
1 1 1 1 1 1 1 1 
1 0 0 0 0 0 H 1 
1 H 0 0 # 1 0 1 
1 0 0 # H 0 0 1 
1 0 # 0 0 0 F 1 
1 0 0 F 0 F 0 1 
1 0 0 F # 0 # 1 
1 S 1 1 G 1 1 1 
d45 P14 T4

Map8
1 1 S 1 1 1 1 1 
1 0 0 0 0 F 0 1 
1 1 0 0 0 0 0 1 
1 1 0 0 F H 1 1 
1 0 1 0 0 0 F 1 
1 0 0 0 0 0 0 1 
G 0 0 0 0 1 H 1 
1 1 1 1 1 1 1 1 
d31 T6

Map8
1 1 1 1 1 1 1 1 
1 0 1 1 0 0 F 1 
1 H 0 1 0 0 0 1 
1 # 0 0 0 0 0 G 
1 0 F 0 F 0 0 S 
1 0 0 H F 0 0 1 
1 1 0 0 1 F 1 1 
1 1 1 1 1 1 1 1 
r53 U55 T4

Map8
1 1 1 G 1 1 1 1 
1 0 0 F # 1 F 1 
1 0 0 0 # # 0 1 
1 0 H H 1 0 0 1 
1 1 0 # 0 0 0 1 
1 1 0 0 0 1 # 1 
1 # 0 0 0 0 0 1 
1 1 1 1 1 S 1 1 
u32 P62 T8

Map8
1 1 1 1 1 1 1 1 
1 0 F 1 0 # H 1 
1 # 0 0 F 0 0 1 
1 0 0 H 0 0 0 1 
1 0 1 0 F 1 0 1 
G # H # 0 H 0 1 
1 # 0 0 0 0 0 1 
1 S 1 1 1 1 1 1 
u14 p11 T7

Map8
1 1 1 1 1 1 1 1 
1 0 0 1 0 # 0 1 
1 0 0 0 # 0 1 1 
1 H H 1 0 0 # G 
1 0 # 1 # 1 0 1 
1 0 0 # 0 1 0 1 
1 0 0 0 # 1 0 1 
1 1 S 1 1 1 1 1 
r43 R15 T5

Map8
1 1 1 G 1 1 1 1 
1 0 0 0 H # 1 1 
1 0 0 0 0 0 0 1 
1 0 0 1 1 # H 1 
1 1 # 0 0 0 1 1 
1 # # 0 0 0 0 1 
1 1 0 0 H 0 H 1 
1 1 1 S 1 1 1 1 
u32 L62 T5

Map8
1 1 1 1 1 S 1 1 
1 0 H 0 0 0 1 1 
1 # 0 0 0 F F 1 
1 0 0 0 0 0 0 1 
1 0 1 0 F 1 0 1 
1 0 0 0 0 0 0 1 
1 0 0 F F 1 0 1 
1 1 G 1 1 1 1 1 
d25 p64 T7

Map8
1 1 1 G 1 1 1 1 
1 0 0 0 H 1 F 1 
1 0 0 0 0 0 1 1 
1 0 0 F 0 0 F 1 
1 0 0 0 H 0 0 1 
1 0 0 H 1 0 H 1 
1 0 0 0 0 0 # 1 
1 1 S 1 1 1 1 1 
u32 p23 T7

Map8
1 1 1 1 S 1 1 1 
1 F 0 0 0 F 0 1 
1 0 0 0 0 0 F 1 
1 0 # 0 F H F 1 
1 0 0 0 0 0 H 1 
G 0 0 1 0 0 1 1 
1 0 0 0 0 0 0 1 
1 1 1 1 1 1 1 1 
l25 p36 T7

Map8
1 1 1 S 1 1 1 1 
1 0 1 F 0 1 0 1 
1 0 0 0 0 0 0 1 
1 0 0 0 0 0 1 1 
1 0 0 F 0 0 0 1 
G 0 1 0 F 0 0 1 
1 0 1 # 0 1 0 1 
1 1 1 1 1 1 1 1 
r33 p14 T8

Map8
1 1 1 G 1 1 1 1 
1 0 # 0 H 0 H 1 
1 1 0 0 1 1 0 1 
S 0 1 # 0 H 0 1 
1 0 0 # # 0 F 1 
1 0 1 0 # 0 # 1 
1 0 F 0 # 0 0 1 
1 1 1 1 1 1 1 1 
u36 T7

Map8
1 1 1 1 1 1 1 1 
1 1 # # F H # 1 
G F 0 0 0 0 1 1 
1 # # 0 0 0 F S 
1 F 0 0 0 0 0 1 
1 # 1 0 0 0 # 1 
1 0 H 0 0 1 1 1 
1 1 1 1 1 1 1 1 
l32 p43 T5

Map8
1 1 1 1 1 G 1 1 
1 # 0 1 0 0 # 1 
1 0 0 0 0 0 0 1 
1 1 # F 0 0 0 1 
1 1 # 1 0 0 0 1 
1 # # 1 F 1 # 1 
S 0 F F 0 0 0 1 
1 1 1 1 1 1 1 1 
u52 p63 T7

Map8
1 1 1 1 1 1 1 1 
1 0 0 0 0 0 1 1 
1 0 0 1 0 0 F 1 
G 0 0 H 0 1 0 1 
1 0 0 0 1 0 0 1 
1 H 0 0 0 # 0 1 
S 0 0 0 0 0 0 1 
1 1 1 1 1 1 1 1 
l23 p16 T5

Map8
1 1 1 1 1 1 1 1 
1 0 0 0 0 0 0 1 
1 # 0 0 0 0 0 1 
1 0 0 0 F 1 0 G 
1 0 0 H # 0 # 1 
1 0 0 # 0 F 0 S 
1 0 0 # 1 0 H 1 
1 1 1 1 1 1 1 1 
u65 p62 T5

Map8
1 1 1 1 1 1 1 1 
1 0 0 0 1 0 0 1 
1 0 0 0 1 0 0 1 
1 0 1 0 # 0 0 G 
1 0 0 # 0 0 # 1 
1 # 0 0 0 0 1 1 
1 0 F # 0 0 # 1 
1 1 1 S 1 1 1 1 
r53 p46 T7

Map8
1 1 1 1 1 1 1 1 
1 0 0 0 F 0 H 1 
1 0 0 # 1 0 0 G 
1 F 0 0 0 0 F 1 
1 0 0 0 0 0 # S 
1 H 0 0 0 0 # 1 
1 0 H 1 F H 0 1 
1 1 1 1 1 1 1 1 
u54 P51 T5

Map8
1 1 1 1 1 1 1 1 
1 0 # 0 # 0 0 S 
1 # 0 0 0 0 # 1 
1 1 0 0 0 0 1 1 
1 0 0 0 # 0 0 1 
1 # 1 0 0 0 # 1 
1 0 0 0 0 0 1 1 
1 1 G 1 1 1 1 1 
d31 p36 T6

Map8
1 1 1 1 1 1 1 1 
1 0 H H 0 0 # 1 
1 0 0 0 # 0 0 S 
1 # 0 0 0 # H 1 
1 # 1 0 0 0 1 1 
1 0 0 # 0 0 0 1 
1 1 0 0 0 0 1 1 
1 1 1 G 1 1 1 1 
d32 T4

Map8
1 S 1 1 1 1 1 1 
1 # 0 # 1 0 0 1 
1 1 1 0 0 F 0 1 
G 0 0 F 1 0 0 1 
1 0 0 0 F 0 0 1 
1 H F 0 F 0 0 1 
1 # 0 # 0 0 0 1 
1 1 1 1 1 1 1 1 
l64 T9

Map8
1 1 1 1 1 1 1 1 
1 H 0 # 0 0 F 1 
1 0 0 0 0 H 0 1 
1 0 0 1 0 F 0 1 
G 0 0 # # 0 # 1 
S 0 # # 0 0 0 1 
1 0 0 F 1 0 0 1 
1 1 1 1 1 1 1 1 
l24 p15 T6

Map8
1 1 1 1 G 1 1 1 
1 0 0 1 F 0 1 1 
S 0 0 # # 0 0 1 
1 F 0 0 0 # 0 1 
1 0 0 0 1 # 0 1 
1 0 0 0 0 # 1 1 
1 0 0 0 1 0 0 1 
1 1 1 1 1 1 1 1 
d12 p52 T9

Map8
1 1 1 1 1 1 1 1 
1 0 0 0 0 0 H 1 
1 H 0 F 0 0 1 1 
G F 0 1 1 0 0 1 
1 0 F 0 1 0 0 S 
1 0 F 0 H 0 0 1 
1 0 0 0 1 0 0 1 
1 1 1 1 1 1 1 1 
l23 p31 T7

Map8
1 1 1 1 1 1 1 1 
1 0 0 0 0 F H 1 
1 F 0 0 1 0 H 1 
1 0 0 0 1 1 0 1 
G 0 0 H 0 0 0 S 
1 0 0 0 0 0 H 1 
1 1 0 0 F 0 0 1 
1 1 1 1 1 1 1 1 
l24 P44 T6

Map8
1 1 1 1 1 1 1 1 
1 0 0 0 0 0 0 1 
1 F 1 0 0 1 0 1 
1 0 0 1 0 0 F 1 
1 F 0 0 0 0 0 1 
1 0 0 0 0 0 0 1 
1 0 F 0 0 0 0 1 
1 1 G 1 S 1 1 1 
d25 p46 T5

Map8
1 1 1 1 1 S 1 1 
1 # # 0 0 0 0 1 
G 0 0 0 H # # 1 
1 # 0 F 0 # 0 1 
1 1 0 # 0 F 1 1 
1 0 0 0 0 F # 1 
1 0 0 0 0 0 0 1 
1 1 1 1 1 1 1 1 
u26 L32 T4

Map8
1 S 1 1 1 1 1 1 
1 # H 0 0 0 1 1 
1 0 0 # 0 0 H 1 
1 # 0 0 F 0 0 1 
1 0 0 0 # 1 0 1 
1 0 0 1 0 H H 1 
1 1 0 1 0 1 1 1 
1 1 1 1 G 1 1 1 
r14 T4

Map8
1 1 1 1 1 1 1 1 
1 H 0 0 0 # # 1 
G 0 0 1 0 # 0 S 
1 0 0 0 # 0 0 1 
1 # 0 0 F 0 0 1 
1 H 0 0 1 0 # 1 
1 0 0 0 0 # 1 1 
1 1 1 1 1 1 1 1 
l63 L22 T6

Map8
1 1 1 1 1 1 1 1 
1 0 1 H 0 0 0 1 
1 F 0 0 0 0 1 1 
1 F 0 0 0 0 0 1 
1 0 0 0 0 0 0 1 
1 1 0 0 0 0 0 G 
1 0 0 0 0 0 0 S 
1 1 1 1 1 1 1 1 
l56 p16 T6

Map8
1 1 1 1 1 1 1 1 
1 0 0 1 0 0 0 1 
1 0 0 0 0 # 0 1 
1 0 0 0 H 0 0 1 
1 0 0 0 0 0 0 G 
1 0 0 # F F 0 1 
1 F 0 0 0 0 0 1 
1 S 1 1 1 1 1 1 
r14 T3

Map8
1 1 1 1 1 S 1 1 
1 0 0 0 F 0 H 1 
1 0 0 0 H 1 0 1 
1 0 1 0 0 F F 1 
1 0 F 0 0 0 H 1 
1 1 0 0 0 0 0 1 
1 0 0 1 1 0 # G 
1 1 1 1 1 1 1 1 
d31 T8

Map8
1 1 1 1 1 1 1 1 
1 0 0 0 0 0 H 1 
1 0 0 0 0 H 0 1 
1 0 0 F H 0 F 1 
1 0 0 0 0 0 1 1 
1 0 0 0 0 0 0 1 
1 0 0 0 0 0 0 1 
1 1 1 S G 1 1 1 
d35 T8

Map8
1 G 1 1 1 1 1 1 
1 F # 1 # 1 0 1 
1 # 0 H 1 0 0 1 
1 0 0 # 0 0 0 1 
1 H 1 # 0 0 # 1 
1 0 1 0 1 1 # 1 
1 # H 0 0 0 0 1 
1 1 1 1 S 1 1 1 
l63 T7

Map8
1 1 1 1 1 1 1 1 
1 0 0 0 0 1 F 1 
1 0 # 1 # 0 H 1 
1 # # 0 0 0 0 1 
1 0 1 0 # 0 # S 
1 # F 1 0 0 0 1 
1 0 0 0 0 0 H 1 
1 1 G 1 1 1 1 1 
u16 T9

Map8
1 1 1 1 1 G 1 1 
S 0 0 1 0 0 1 1 
1 0 F # 0 0 1 1 
1 0 0 1 1 0 0 1 
1 0 0 0 0 0 0 1 
1 0 0 1 0 0 1 1 
1 0 F 0 # 0 0 1 
1 1 1 1 1 1 1 1 
r12 T7

Map8
1 1 G 1 1 1 1 1 
1 # 0 1 0 0 0 1 
1 0 0 0 0 0 0 1 
1 # 0 0 0 0 0 1 
1 F 0 # 0 0 0 1 
1 1 1 0 1 0 0 S 
1 0 0 0 0 0 0 1 
1 1 1 1 1 1 1 1 
l52 T7

Map8
1 1 1 1 1 1 1 1 
1 0 0 F 0 0 # 1 
1 0 # 0 1 0 1 1 
1 1 0 0 0 1 H 1 
G 0 # 1 0 0 0 1 
1 1 1 0 0 F F 1 
1 H # # 0 0 0 1 
1 1 1 S 1 1 1 1 
u46 T10

Map8
1 1 1 1 1 1 1 1 
1 0 1 0 1 0 0 1 
1 0 0 0 0 0 0 S 
1 0 # 0 0 0 1 1 
1 1 0 0 H 1 0 1 
1 0 0 F 0 0 0 1 
1 0 0 0 1 0 0 G 
1 1 1 1 1 1 1 1 
d22 T8

Map8
1 1 1 1 1 1 1 1 
1 0 0 0 F 0 0 1 
1 F 0 0 0 1 0 S 
1 0 0 0 0 0 1 1 
1 0 0 0 0 F 1 1 
1 0 0 0 1 0 H 1 
1 1 0 0 F 0 F 1 
1 1 1 1 1 G 1 1 
r13 T9

Map8
1 1 1 1 G 1 1 1 
1 1 0 0 0 0 F 1 
1 0 1 0 0 0 H 1 
1 1 0 0 0 0 0 1 
1 0 0 0 0 0 1 1 
1 0 0 0 0 0 0 1 
1 0 0 0 1 0 0 1 
1 1 1 S 1 1 1 1 
d31 T8

Map8
1 1 1 1 1 1 S 1 
1 0 0 0 0 F 0 1 
1 0 0 F 0 0 1 1 
1 0 0 H 0 0 0 1 
1 0 0 0 1 0 0 1 
1 F 0 H 0 0 0 1 
1 0 0 1 F 0 0 1 
1 1 1 1 1 1 G 1 
r12 T8

Map8
1 1 1 1 S 1 1 1 
1 F # 1 # 0 0 1 
1 H F # # # 0 1 
1 0 0 0 F 0 0 1 
G 0 0 F 0 1 1 1 
1 F 1 0 0 0 0 1 
1 0 0 0 0 0 0 1 
1 1 1 1 1 1 1 1 
l44 T4

Map8
1 1 1 1 1 1 1 1 
1 0 0 1 F # 0 G 
1 F F 0 0 0 0 1 
1 0 0 0 0 # 0 1 
1 0 0 H # F 0 1 
S 0 1 H 0 # 0 1 
1 0 1 0 0 H F 1 
1 1 1 1 1 1 1 1 
r13 T6

Map8
1 1 1 1 1 1 1 1 
1 0 0 1 1 0 F 1 
1 1 # # H # 0 1 
1 0 0 0 1 0 0 1 
1 # 0 0 0 1 0 1 
1 # F 0 0 F # 1 
1 F 0 0 1 0 0 1 
1 1 S 1 1 1 G 1 
r24 T7

Map8
1 1 1 1 1 1 1 1 
1 1 # 0 # 0 # 1 
1 0 1 F 0 1 1 1 
1 F # 0 1 # 0 1 
G 0 F 0 # 0 0 1 
1 0 1 0 0 F # 1 
1 0 0 0 0 0 # S 
1 1 1 1 1 1 1 1 
l64 T5

Map8
1 1 1 1 1 1 1 1 
1 0 0 0 H 0 0 1 
1 0 0 0 0 0 0 1 
1 0 0 0 0 F 1 1 
1 1 0 0 0 0 0 G 
1 0 0 0 0 0 0 1 
1 0 0 0 0 0 1 1 
1 1 1 1 1 S 1 1 
d22 T11

Map8
1 1 1 1 G 1 1 1 
1 0 H 0 0 0 # 1 
1 0 # 0 0 F H 1 
1 0 0 0 0 # H 1 
1 1 0 0 0 1 0 1 
1 # 0 0 0 # 0 1 
S 0 # F 0 0 0 1 
1 1 1 1 1 1 1 1 
u46 T4

Map8
1 1 1 1 1 1 1 1 
1 1 0 0 # 0 0 1 
1 1 0 0 F 0 1 1 
1 H 0 0 H # # 1 
1 # 0 0 0 F F 1 
G 0 F 0 0 0 0 1 
1 0 1 # 0 1 # 1 
1 1 1 S 1 1 1 1 
l35 T3

Map8
1 G 1 1 1 1 1 1 
1 0 0 0 0 F 1 1 
1 0 0 0 F # 0 1 
1 F H 0 0 # 0 1 
1 H 0 # 1 1 H 1 
1 0 1 # 0 H F 1 
1 H # 0 0 # 0 1 
1 1 S 1 1 1 1 1 
u36 T7

Map8
1 1 1 1 1 1 1 1 
1 0 0 0 0 H 0 1 
1 H 1 0 0 # # 1 
1 0 H 1 1 H 0 1 
1 # 0 0 0 F 0 S 
1 # 0 F H 0 0 1 
1 1 0 0 0 0 0 1 
1 1 G 1 1 1 1 1 
d24 T3

Map8
1 1 G 1 1 1 1 1 
1 0 F 0 0 # 1 1 
1 1 # 0 0 F 0 1 
1 H 0 H 0 0 H 1 
1 F # 1 H 0 0 1 
1 1 0 0 F 1 1 1 
S # 0 0 0 0 0 1 
1 1 1 1 1 1 1 1 
u26 T4

Map8
1 1 1 1 1 1 1 1 
1 0 0 0 0 0 0 S 
1 0 0 F 0 0 0 1 
1 1 F 0 0 1 0 1 
1 0 0 H 0 0 0 G 
1 F 0 H 1 0 0 1 
1 0 0 0 0 0 0 1 
1 1 1 1 1 1 1 1 
d41 T4

Map8
1 1 1 S 1 1 1 1 
1 0 0 F 0 0 0 1 
1 0 H 0 F 0 0 G 
1 0 # 0 0 1 F 1 
1 # # # 0 0 # 1 
1 0 0 0 0 0 1 1 
1 1 F # 1 H F 1 
1 1 1 1 1 1 1 1 
r32 T4

Map8
1 1 S 1 1 1 1 1 
1 0 0 0 0 0 0 1 
1 1 0 # H 0 0 1 
1 0 0 0 1 0 0 1 
1 0 0 0 0 0 0 G 
1 0 F 0 0 0 0 1 
1 0 0 0 0 0 0 1 
1 1 1 1 1 1 1 1 
r24 T5

Map8
1 1 1 1 1 1 1 1 
1 # 0 1 1 0 # 1 
1 F 0 0 0 0 0 1 
1 # 0 F H # 0 1 
1 # 0 1 # F 0 1 
1 0 F 0 1 0 0 1 
S 0 1 0 0 F 1 1 
1 1 1 G 1 1 1 1 
r15 T5

Map8
1 G 1 1 1 1 1 1 
1 F # 0 H 1 F 1 
1 # 1 0 1 # 0 1 
1 0 H 1 0 0 # 1 
1 # 0 0 # 1 0 1 
1 0 H 0 0 0 0 1 
S 0 0 0 F # 1 1 
1 1 1 1 1 1 1 1 
u36 T5

Map8
1 1 1 1 1 1 1 1 
1 0 0 0 1 0 0 1 
1 F 0 0 0 0 0 G 
1 0 0 F 1 0 0 1 
1 0 0 0 F 0 0 1 
1 0 0 0 0 0 0 1 
1 0 0 0 1 0 0 1 
1 1 S 1 1 1 1 1 
r22 T3

Map8
1 1 1 1 1 1 1 1 
1 0 0 1 1 0 1 1 
1 0 0 0 0 0 0 G 
1 0 F 0 0 F 0 1 
1 0 F 0 1 0 1 1 
1 0 0 0 0 0 0 S 
1 0 0 0 0 0 0 1 
1 1 1 1 1 1 1 1 
r12 T4

Map8
1 1 1 1 1 1 G 1 
1 0 0 0 0 0 0 1 
1 1 0 0 0 0 1 1 
1 0 0 0 H 0 0 1 
1 1 0 0 0 1 0 S 
1 # 0 0 0 0 0 1 
1 0 0 0 0 0 0 1 
1 1 1 1 1 1 1 1 
u26 T7

Map8
1 1 1 1 1 G 1 1 
1 0 0 # 0 # 0 1 
1 0 0 1 0 # 1 1 
1 0 0 0 0 0 # 1 
1 # 0 # H 0 # 1 
S 0 1 0 0 F 0 1 
1 # H 0 1 0 0 1 
1 1 1 1 1 1 1 1 
r13 T8

Map8
1 G 1 1 1 1 1 1 
1 0 0 0 1 0 0 1 
1 1 0 0 0 0 0 1 
1 0 0 0 0 0 F 1 
1 0 1 1 0 0 0 1 
1 0 0 0 1 F F 1 
1 0 F 0 # 0 0 1 
1 1 1 1 S 1 1 1 
l62 T8

Map8
1 1 1 1 1 1 1 1 
1 0 0 1 0 1 0 1 
1 # 0 0 0 0 0 1 
1 0 0 F 0 F 0 1 
1 # # 0 F F 0 1 
G 0 0 0 1 0 0 1 
S F 0 0 1 # H 1 
1 1 1 1 1 1 1 1 
l35 T6

Map8
1 1 1 1 1 1 S 1 
1 # 0 0 0 0 0 1 
1 0 0 0 0 0 0 1 
1 0 0 0 0 0 1 1 
1 1 0 0 0 0 0 1 
1 0 1 0 0 0 0 1 
1 1 0 0 0 0 0 1 
1 1 1 G 1 1 1 1 
d32 T4

Map8
1 1 1 S 1 1 1 1 
G 0 H 0 F 0 0 1 
1 0 0 1 0 0 0 1 
1 # 0 0 1 0 1 1 
1 0 0 H 0 0 0 1 
1 0 # 1 # 0 1 1 
1 # # 0 0 0 1 1 
1 1 1 1 1 1 1 1 
d51 T7

Map8
1 1 1 1 1 1 1 1 
1 0 0 0 0 F 0 S 
1 0 0 0 0 0 H 1 
1 1 F 0 F 0 0 1 
1 0 0 H 0 0 0 1 
1 0 0 0 0 0 0 1 
1 0 0 0 0 0 0 1 
1 G 1 1 1 1 1 1 
d21 T5

Map8
1 1 1 1 1 1 1 1 
1 1 0 0 0 1 1 1 
1 0 0 F 0 0 0 1 
G 0 F 0 # 0 0 1 
1 0 0 0 0 0 0 1 
1 0 1 0 0 0 0 1 
1 0 # F 0 0 0 1 
1 1 1 S 1 1 1 1 
l33 T3

Map8
1 1 1 1 1 1 1 1 
1 0 1 0 0 1 0 1 
G 0 0 0 0 0 F 1 
1 1 0 F 0 1 0 1 
1 0 0 F 0 F 0 1 
1 0 # 0 0 0 1 1 
1 0 0 0 0 0 # 1 
1 1 1 1 S 1 1 1 
l42 T3

Map8
1 1 1 1 1 1 1 1 
1 0 0 0 0 0 0 S 
1 0 0 # 0 0 0 1 
1 1 0 0 1 0 0 1 
1 0 0 0 0 # # 1 
1 # F # 0 # # G 
1 0 0 1 # 0 0 1 
1 1 1 1 1 1 1 1 
d31 T4

Map8
1 1 1 G 1 1 1 1 
1 1 0 0 0 0 0 1 
1 0 0 0 0 0 0 1 
1 0 0 0 0 F F S 
1 1 0 0 1 0 0 1 
1 F 0 F 0 1 F 1 
1 0 0 0 0 0 0 1 
1 1 1 1 1 1 1 1 
u33 T3

Map8
1 1 1 1 1 1 1 1 
1 0 F 0 1 # # 1 
1 0 0 1 1 F 0 1 
1 0 0 0 1 H 1 1 
1 # H 0 0 F 0 1 
1 0 0 0 # 1 0 1 
1 0 # 0 0 0 # 1 
1 S 1 G 1 1 1 1 
r13 T5

Map8
1 1 1 1 1 1 1 1 
1 1 1 # 0 0 0 1 
1 F 0 0 0 # # 1 
G 0 # 0 0 # 1 1 
1 0 F 0 0 0 # S 
1 0 0 # 0 1 0 1 
1 0 # 0 0 1 0 1 
1 1 1 1 1 1 1 1 
l43 T6

Map8
1 1 1 1 1 1 S 1 
1 # # 0 0 1 0 1 
1 1 H 0 0 0 F 1 
1 # # 0 0 0 0 1 
1 0 0 0 0 0 1 1 
1 1 0 F 1 # 0 1 
1 0 F 0 0 # 0 1 
1 1 1 G 1 1 1 1 
d33 T4

Map8
1 1 1 1 1 1 1 1 
1 0 1 0 0 0 # 1 
1 0 0 0 1 F 1 1 
1 0 0 1 1 0 0 1 
1 1 0 0 0 0 0 S 
1 # # 0 0 0 F 1 
1 H 1 0 # F 0 1 
1 1 1 1 G 1 1 1 
d44 T3

Map8
1 1 1 1 1 1 1 1 
1 0 0 F 1 0 0 1 
S 0 0 0 0 F 0 1 
1 1 1 F # 0 0 1 
1 # 0 0 0 1 1 1 
1 H 0 0 0 0 0 G 
1 0 1 0 0 0 1 1 
1 1 1 1 1 1 1 1 
d32 T6

Map8
1 1 1 1 1 1 1 1 
1 0 1 1 # 0 H 1 
1 0 0 H # 1 0 1 
S 0 0 F 0 0 0 1 
1 # 0 0 F # H 1 
1 0 0 # 0 1 0 1 
1 # # F 0 0 0 1 
1 1 1 1 G 1 1 1 
d43 T4

Map8
1 1 1 1 1 1 1 1 
1 0 F 0 0 0 F S 
1 # 0 0 # H 1 1 
1 1 H 1 0 0 # G 
1 H 1 0 0 # # 1 
1 F H # 0 F 0 1 
1 0 # 0 # F 0 1 
1 1 1 1 1 1 1 1 
d41 T6

Map8
1 1 1 1 1 1 1 1 
1 H 1 0 0 0 0 S 
1 0 0 0 F 0 0 1 
1 0 H 1 0 0 0 1 
1 H 0 F # 0 H 1 
1 0 0 0 0 0 0 1 
1 # 0 F 0 1 0 1 
1 G 1 1 1 1 1 1 
d41 T5

Map8
1 1 1 1 1 1 1 1 
1 0 0 1 0 0 1 1 
1 0 0 # 0 # 0 1 
1 0 F F 0 0 0 G 
1 0 F 0 1 1 0 1 
1 # F 0 0 0 0 S 
1 0 0 1 0 1 0 1 
1 1 1 1 1 1 1 1 
r13 T4

Map8
1 1 1 1 G 1 1 1 
1 # 1 0 0 0 # 1 
1 1 # 1 # 0 0 1 
1 0 0 0 0 1 0 1 
1 0 0 0 0 0 # 1 
1 1 0 # 0 0 1 1 
1 # 0 # 0 0 0 1 
1 1 S 1 1 1 1 1 
u46 T9

Map8
1 1 1 1 S 1 1 1 
1 # 0 0 0 0 # 1 
1 1 0 0 # 0 0 1 
1 0 1 0 0 0 # 1 
1 1 1 0 0 0 0 1 
1 0 0 # 0 1 # 1 
G 0 # 1 # F 0 1 
1 1 1 1 1 1 1 1 
d31 T9

Map8
1 1 1 1 1 1 1 1 
1 0 1 1 0 # 0 1 
1 0 0 0 0 0 # 1 
1 0 # 0 0 # 0 G 
1 1 0 0 0 1 0 1 
1 0 0 0 0 1 1 1 
1 0 0 0 # 0 0 1 
1 1 1 1 1 S 1 1 
u26 T7

Map8
1 1 1 1 1 1 1 1 
1 0 0 # # 0 0 1 
1 1 0 # 1 0 1 1 
1 0 # 0 F 0 1 1 
S 0 0 # 0 0 0 1 
1 0 0 0 # 0 0 1 
1 H 0 0 # # 1 1 
1 1 1 1 G 1 1 1 
d44 T3

Map8
1 1 1 1 1 1 1 1 
1 0 0 0 0 0 1 1 
1 1 F # 0 0 0 1 
G F 0 # 0 0 0 1 
1 0 0 0 # F 0 1 
1 0 # 1 0 0 0 1 
1 1 1 0 0 0 1 1 
1 1 1 1 1 S 1 1 
l53 T6

Map8
1 G 1 1 1 1 1 1 
1 0 0 1 1 0 0 1 
1 0 0 0 1 0 F 1 
1 0 0 0 0 0 0 1 
1 0 0 0 0 F 0 1 
1 0 0 1 F H F 1 
1 0 0 # 0 0 0 1 
1 1 1 1 1 1 S 1 
l63 T4

Map8
1 1 1 1 1 1 1 1 
G 0 0 0 F 0 0 1 
1 1 0 0 0 H 0 1 
1 0 0 0 F H 1 1 
1 0 0 F 0 0 0 1 
1 0 0 0 0 0 0 1 
1 1 H 0 H 0 0 1 
1 1 1 1 1 1 S 1 
u24 T5

Map8
1 1 1 1 1 1 1 1 
1 0 0 0 # 1 0 1 
1 1 0 0 0 0 0 1 
1 0 0 0 F 0 1 1 
S F 0 F 0 1 1 1 
1 0 0 0 0 # 1 1 
1 0 0 0 1 0 0 1 
1 1 G 1 1 1 1 1 
d24 T3

Map8
1 1 1 1 1 1 1 1 
1 1 0 # F 0 0 1 
1 0 # 0 0 0 F 1 
1 # 0 F 0 0 0 1 
1 0 0 0 0 F 0 G 
1 # 0 1 0 0 0 1 
1 0 1 0 0 1 0 1 
1 S 1 1 1 1 1 1 
r14 T6

Map8
1 1 1 1 1 1 G 1 
1 H F 0 0 0 0 1 
1 H 1 0 0 0 0 1 
1 0 0 0 0 # F 1 
1 # # 1 0 0 1 1 
1 # 0 # 0 F 0 1 
1 H 1 0 0 # 0 S 
1 1 1 1 1 1 1 1 
u46 T5

Map8
1 1 1 1 1 1 1 1 
1 0 1 # 1 0 0 1 
1 H 0 0 H # 0 1 
G F # 0 F F 0 1 
1 0 0 0 H 1 F 1 
1 0 # 0 F # 0 1 
1 0 # 0 0 0 0 S 
1 1 1 1 1 1 1 1 
l63 T5

Map8
1 1 S 1 1 1 1 1 
1 # # 1 0 0 1 1 
1 H 0 F 0 0 F G 
1 0 # # 1 0 0 1 
1 0 1 1 0 # 1 1 
1 0 0 # F 0 0 1 
1 F # 0 1 0 F 1 
1 1 1 1 1 1 1 1 
r22 T3

Map8
1 1 1 1 1 1 1 1 
1 F F 0 # 1 0 1 
1 0 0 # 0 0 F S 
1 0 # 0 0 0 0 1 
1 0 # 0 1 0 0 1 
1 # 0 1 F # 0 1 
1 # F 0 0 1 0 1 
1 1 1 1 1 1 G 1 
d52 T6

Map8
1 1 1 1 1 1 1 1 
1 0 0 0 1 0 0 1 
G # 0 0 0 0 0 1 
1 # 0 0 0 # 0 S 
1 0 0 0 0 0 0 1 
1 F 0 0 1 0 0 1 
1 0 0 0 0 1 F 1 
1 1 1 1 1 1 1 1 
l62 T5

Map8
1 1 1 1 1 1 1 1 
1 # F 0 0 0 0 1 
1 # 0 0 # 0 0 1 
1 0 0 # 0 0 H 1 
1 0 0 0 0 0 0 1 
1 # 0 F H 0 1 1 
1 H H # # 0 # 1 
1 1 1 G 1 S 1 1 
d31 P13 T4

Map8
1 1 1 1 1 1 1 1 
1 1 0 0 0 1 # S 
G F 0 0 0 0 0 1 
1 1 0 F 0 F 0 1 
1 H # 1 0 0 0 1 
1 0 0 H 0 0 # 1 
1 1 1 F 0 H # 1 
1 1 1 1 1 1 1 1 
l62 p23 T7

Map8
1 1 1 1 S 1 1 1 
1 H F 0 0 # 0 1 
1 0 F 0 0 # 0 G 
1 0 0 0 0 0 F 1 
1 0 0 1 F 0 # 1 
1 0 0 H 0 H 0 1 
1 0 H 0 0 0 0 1 
1 1 1 1 1 1 1 1 
r42 p41 T5

Map8
1 1 1 1 1 1 1 1 
1 0 0 0 0 H 0 1 
1 1 H H 1 0 F 1 
1 F 0 0 H 1 0 1 
1 0 1 F 0 # 0 S 
1 0 0 1 0 0 0 G 
1 0 0 0 0 # 0 1 
1 1 1 1 1 1 1 1 
r55 P44 T4

Map8
1 1 1 1 1 S 1 1 
1 0 0 0 1 0 F 1 
1 0 0 1 0 F 0 1 
1 0 H 0 0 0 0 G 
1 0 0 0 F F 0 1 
1 0 0 H 0 0 0 1 
1 F 0 0 0 0 1 1 
1 1 1 1 1 1 1 1 
r53 P56 T3

Map8
1 1 1 G 1 1 S 1 
1 # 0 0 # 0 0 1 
1 0 0 0 0 0 0 1 
1 0 0 0 0 0 0 1 
1 0 0 0 0 0 0 1 
1 0 1 0 1 0 H 1 
1 0 # 0 0 0 # 1 
1 1 1 1 1 1 1 1 
u32 P63 T4

Map8
1 1 1 1 1 1 1 1 
G 0 0 0 1 0 0 1 
1 F 0 # # # 0 1 
S 0 F 0 H 0 0 1 
1 0 F # 1 0 F 1 
1 0 # # 0 0 0 1 
1 F # 0 # 0 0 1 
1 1 1 1 1 1 1 1 
u36 D22 T6

Map8
1 G 1 1 1 1 1 1 
1 0 0 0 0 0 1 1 
1 0 0 1 H 0 0 1 
1 1 1 0 0 0 H 1 
1 0 0 0 F 0 # 1 
1 H 0 0 0 0 0 1 
1 # 0 H 0 F 1 1 
1 1 S 1 1 1 1 1 
r25 p65 T7

Map8
1 1 1 G 1 1 1 1 
1 # 0 0 1 0 0 1 
1 H 0 0 0 0 0 1 
1 # 0 0 # 0 0 1 
1 0 0 0 0 # 0 1 
1 0 0 # 0 # 0 1 
1 0 0 0 0 H 0 1 
1 1 1 1 1 1 S 1 
l62 U33 T3

Map8
1 1 1 1 1 1 1 1 
1 0 0 0 F 0 0 1 
1 0 0 0 0 # 0 1 
1 0 # 0 F 0 0 1 
1 0 0 # 0 0 0 1 
1 # 1 0 # 1 # 1 
1 1 0 0 1 0 0 S 
1 1 1 G 1 1 1 1 
d31 p11 T7

Map8
1 1 1 1 1 1 1 1 
1 F F 0 0 # 0 1 
1 0 # 0 0 # # 1 
1 0 0 # 0 1 # 1 
1 0 0 1 0 0 # 1 
1 0 0 0 0 # 0 1 
1 F H 0 0 0 0 S 
1 G 1 1 1 1 1 1 
l65 R46 T7

Map8
1 1 1 1 1 1 1 1 
S 0 0 F F 0 0 1 
1 0 1 0 0 0 0 1 
1 0 0 0 0 0 F 1 
1 0 0 0 0 # 0 1 
1 0 0 0 0 0 0 1 
1 F 0 0 1 0 0 1 
1 1 1 G 1 1 1 1 
l62 T5

Map8
1 1 1 1 1 1 1 1 
1 0 0 0 0 # 0 1 
1 F 0 0 0 0 1 1 
G 0 0 0 F F # 1 
1 # 0 0 0 0 F S 
1 0 0 0 F # # 1 
1 0 0 # 0 0 0 1 
1 1 1 1 1 1 1 1 
l23 U25 T3

Map8
1 1 1 1 1 1 1 1 
1 0 # 1 0 0 0 1 
1 0 F 0 0 0 F 1 
S 0 1 H H F 0 1 
1 0 1 H 0 0 0 1 
1 # 0 # 0 0 0 1 
1 # # 0 1 0 1 1 
1 1 G 1 1 1 1 1 
d25 p14 T7

Map8
1 1 1 1 1 1 1 1 
1 1 0 0 1 0 H 1 
1 0 0 # # 0 0 1 
1 # 0 # 0 0 0 1 
S 0 0 0 H 0 1 1 
1 0 0 H 0 0 0 1 
1 0 # 0 1 1 0 1 
1 1 1 1 1 1 G 1 
d52 P24 T7

Map8
1 1 S 1 1 1 1 1 
G 0 0 H 0 1 0 1 
1 H 0 0 0 0 0 1 
1 0 0 F 0 F 0 1 
1 0 0 0 H F 0 1 
1 0 F 1 0 0 0 1 
1 0 0 0 0 0 0 1 
1 1 1 1 1 1 1 1 
u23 p63 T6

Map8
1 1 1 1 1 1 1 1 
1 1 0 0 0 0 0 1 
1 0 H # 0 0 0 1 
S 0 H 0 0 0 0 1 
1 F 0 0 1 0 1 1 
1 0 0 0 0 0 0 G 
1 0 0 1 0 0 0 1 
1 1 1 1 1 1 1 1 
r15 D12 T3

Map8
1 1 G 1 1 S 1 1 
1 0 0 0 F F 0 1 
1 0 0 0 0 0 0 1 
1 # 0 0 1 0 1 1 
1 0 0 1 # 1 0 1 
1 0 0 0 1 0 0 1 
1 0 H # F 0 0 1 
1 1 1 1 1 1 1 1 
u22 P53 T4

Map8
1 1 G 1 1 1 1 1 
1 # 0 H 1 # # 1 
1 0 0 0 0 H 1 1 
1 H 0 1 0 1 0 1 
1 0 H 0 0 0 # 1 
1 # 0 1 0 0 0 1 
1 H # 0 # 0 # 1 
1 1 1 1 1 S 1 1 
u22 p56 T7

Map8
1 1 1 1 1 1 1 1 
S 0 F 0 0 0 0 1 
1 F 0 0 0 0 0 1 
1 0 # 0 0 F 1 1 
1 0 # 0 0 0 # 1 
G 0 0 0 0 0 0 1 
1 # 1 0 0 F # 1 
1 1 1 1 1 1 1 1 
d11 L25 T3

Map8
1 1 1 1 1 1 S 1 
1 0 1 # 0 0 0 1 
1 F 0 0 0 0 0 1 
1 # 0 1 0 1 0 G 
1 0 0 0 0 0 # 1 
1 0 0 0 0 # 0 1 
1 0 # 0 # 0 0 1 
1 1 1 1 1 1 1 1 
d41 P62 T7

Map8
1 1 1 G 1 1 1 1 
1 0 0 0 0 H 0 1 
1 0 # 0 0 0 0 1 
1 0 1 H # 0 0 1 
1 0 0 0 0 0 0 1 
1 0 0 0 0 0 F 1 
1 0 1 0 # 0 0 1 
1 1 1 1 1 S 1 1 
u32 L62 T3

Map8
1 1 1 G 1 1 1 1 
1 0 0 0 0 0 1 1 
1 0 0 0 0 F 0 1 
1 0 0 H 0 0 0 1 
1 0 0 F 0 0 0 1 
1 0 0 0 0 0 0 1 
1 1 0 0 0 0 0 1 
1 1 1 S 1 1 1 1 
u32 R24 T5

Map8
1 1 1 1 1 1 1 1 
1 1 0 H 1 0 0 1 
1 0 0 # 0 # # 1 
G 0 0 0 F 0 0 1 
1 H H H # 0 0 S 
1 H 0 1 # 0 0 1 
1 1 0 0 0 0 0 1 
1 1 1 1 1 1 1 1 
l63 U65 T3

Map8
1 1 1 1 1 1 1 1 
1 0 H 0 0 0 1 1 
1 0 0 0 0 0 # 1 
S # 0 0 0 0 # 1 
1 1 0 0 H # F 1 
G F 0 H # F # 1 
1 0 # # 0 0 1 1 
1 1 1 1 1 1 1 1 
d22 p24 T7

Map8
1 1 1 1 1 1 1 1 
S 0 0 # 0 0 1 1 
1 0 F 0 0 # 0 G 
1 0 0 1 0 # 1 1 
1 1 1 0 # 0 0 1 
1 0 F 0 0 F # 1 
1 0 0 # # 0 0 1 
1 1 1 1 1 1 1 1 
r12 T5

Map8
1 1 1 1 G 1 1 1 
1 0 0 0 # F 0 1 
1 0 0 F 0 0 0 1 
1 0 0 # 0 F 0 1 
1 0 # # 0 0 H 1 
1 # 0 0 1 0 0 S 
1 0 F 0 0 0 # 1 
1 1 1 1 1 1 1 1 
u42 P11 T7

Map8
1 1 1 1 1 1 S 1 
1 H 0 H 0 1 0 1 
1 1 0 0 # 0 # 1 
1 # 0 0 0 H 0 1 
1 0 0 0 0 0 0 1 
1 # 0 # 0 # 1 1 
1 1 0 0 0 H # 1 
1 1 1 1 G 1 1 1 
d44 T4

Map8
1 1 1 1 1 1 1 1 
1 0 0 0 0 0 1 1 
1 0 F 1 # # 0 1 
G 0 0 F F 0 0 1 
1 H 0 H 0 0 F 1 
1 0 0 1 1 0 0 1 
1 0 H 0 F 0 0 1 
1 1 1 1 S 1 1 1 
l63 R36 T6

Map8
1 1 1 1 1 1 1 1 
1 H 0 1 0 1 # 1 
1 1 # 0 0 0 0 S 
1 H 0 0 0 0 0 1 
1 0 0 1 H 0 0 1 
1 0 F 0 0 0 # 1 
1 # 0 F 0 H 0 1 
1 1 1 1 G 1 1 1 
d45 P66 T6

Map8
1 1 1 1 1 1 1 1 
1 0 F 0 0 0 0 1 
1 0 1 H 0 0 0 1 
1 0 0 0 H 0 0 1 
1 # F 0 0 0 0 1 
1 0 0 0 0 0 0 1 
1 # 0 F # 0 0 1 
1 1 1 G 1 S 1 1 
d35 L65 T3

Map8
1 1 1 1 1 1 1 1 
1 # # # 0 0 0 1 
1 0 0 0 0 0 # 1 
1 1 1 F 0 0 0 1 
1 0 0 F 0 1 0 1 
1 0 F 0 0 0 0 S 
1 # F 1 # F # 1 
1 1 1 1 1 G 1 1 
r35 p65 T5

Map8
1 1 1 1 1 1 1 1 
S 0 0 0 0 0 0 1 
G F 0 0 0 0 1 1 
1 0 0 0 F 0 1 1 
1 H 0 # 0 0 0 1 
1 0 1 1 0 0 0 1 
1 0 F 0 0 0 # 1 
1 1 1 1 1 1 1 1 
l22 p11 T6

Map8
1 1 1 1 1 1 1 1 
1 1 0 H # 0 0 1 
1 0 H 0 H 0 H 1 
1 0 0 # H 0 0 1 
1 # 0 0 0 # 0 1 
1 # 0 F F 0 # 1 
1 0 0 0 F 0 # 1 
1 S 1 1 1 G 1 1 
d55 p16 T5

Map8
1 1 G 1 1 1 1 1 
1 1 0 H 0 0 0 1 
S 0 # F 0 0 0 1 
1 0 0 0 0 0 # 1 
1 1 0 0 0 0 0 1 
1 0 0 F 1 # # 1 
1 H 0 F 0 H 0 1 
1 1 1 1 1 1 1 1 
l64 T6

Map8
1 1 1 1 G 1 1 1 
1 1 1 0 0 # 0 1 
1 0 # # 0 F 0 1 
1 0 # # 0 0 0 S 
1 F 0 1 # 0 0 1 
1 0 1 0 1 0 0 1 
1 0 1 0 0 # # 1 
1 1 1 1 1 1 1 1 
l64 T7

Map8
1 1 1 1 G 1 1 1 
1 H 0 1 0 1 0 1 
1 0 0 0 0 1 0 1 
1 1 0 0 0 F 0 1 
1 F 0 0 0 0 0 1 
1 0 0 1 1 1 0 S 
1 0 0 0 0 0 F 1 
1 1 1 1 1 1 1 1 
u43 P62 T6

Map8
1 1 1 1 1 1 1 1 
1 F 0 1 0 0 # G 
1 0 0 F 0 H 0 1 
1 0 0 0 0 0 1 1 
1 0 F F 0 # 0 1 
1 0 1 0 0 # 0 1 
1 F 0 0 1 0 0 S 
1 1 1 1 1 1 1 1 
u44 P12 T7

Map8
1 1 1 1 1 1 1 1 
1 0 0 1 1 0 H 1 
1 1 0 F 1 1 H 1 
1 0 # 0 0 0 1 1 
1 0 H 0 0 0 # 1 
1 0 0 0 F 0 0 G 
1 0 H # 0 # # 1 
1 1 1 1 1 1 S 1 
r55 D53 T4

Map8
1 1 1 1 1 1 1 1 
1 H 0 0 1 0 0 1 
1 1 0 0 0 0 0 1 
1 1 0 0 1 H 0 1 
1 # F 0 0 0 0 G 
1 # # 0 # 0 1 1 
1 1 0 0 0 # 0 1 
1 1 1 1 1 S 1 1 
r22 L66 T6

Map8
1 1 1 1 1 1 1 1 
S F F # 0 # # 1 
1 0 1 0 # # 0 1 
1 1 0 0 0 0 H 1 
1 1 H 0 0 0 # 1 
1 1 1 # # 0 H 1 
1 0 F F 0 F 0 G 
1 1 1 1 1 1 1 1 
d41 L62 T4

Map8
1 1 1 1 S 1 1 1 
1 # 0 0 # # 1 1 
1 0 1 0 # 0 1 1 
1 0 0 0 0 0 0 G 
1 0 0 0 0 0 0 1 
1 0 0 0 0 H 1 1 
1 0 0 # 0 0 0 1 
1 1 1 1 1 1 1 1 
r43 T5

Map8
1 1 1 1 1 1 1 1 
1 0 0 0 # 0 0 1 
1 # F 0 0 0 0 S 
1 0 0 0 0 0 F 1 
1 1 # # F 0 0 1 
1 0 0 0 0 0 0 1 
1 0 0 0 0 0 F 1 
1 1 1 1 G 1 1 1 
d42 T3

Map8
1 1 1 1 1 1 1 1 
1 # H 0 # 0 0 1 
1 0 1 0 H 0 0 1 
1 0 # F 0 0 0 1 
1 0 H 0 F # 0 1 
1 0 # 0 F # 0 S 
1 H H 0 # 0 0 1 
1 1 1 G 1 1 1 1 
d35 P12 T5

Map8
1 1 1 1 1 1 1 1 
1 0 1 1 0 0 0 1 
1 H 1 # 0 0 1 1 
1 0 0 # 0 0 H 1 
1 # 0 1 # 0 0 1 
1 0 0 0 0 0 0 1 
1 0 F 1 0 # # 1 
1 G 1 1 1 S 1 1 
l53 T4

Map8
1 1 G 1 1 S 1 1 
1 # 0 F H 0 F 1 
1 0 0 0 F 0 0 1 
1 0 0 # 0 H 0 1 
1 0 F 1 0 0 F 1 
1 0 0 0 0 0 0 1 
1 0 0 0 0 0 0 1 
1 1 1 1 1 1 1 1 
u22 L62 T3

Map8
1 1 1 S G 1 1 1 
1 0 0 0 0 F 0 1 
1 H 0 F 0 0 0 1 
1 0 F H 0 H 0 1 
1 0 0 0 0 0 0 1 
1 F H 0 0 0 F 1 
1 1 0 0 0 0 H 1 
1 1 1 1 1 1 1 1 
u42 R22 T3

Map8
1 1 1 1 1 G 1 1 
1 H 1 1 0 0 0 1 
1 0 0 # # 0 # 1 
1 # # # H F H 1 
1 0 0 F H 1 0 1 
1 # 0 0 1 1 0 1 
1 0 0 1 H 0 1 1 
1 S 1 1 1 1 1 1 
u52 D12 T6

Map8
1 1 1 1 1 1 1 1 
1 1 0 0 0 0 0 1 
1 0 0 0 1 0 0 1 
1 F F 1 0 # 0 1 
1 0 0 0 0 1 0 1 
1 F H # # # H 1 
1 0 H F 0 0 F 1 
1 S 1 1 G 1 1 1 
r14 T6

Map8
1 1 1 1 1 1 1 1 
1 0 # 0 # 0 0 1 
1 F 0 0 # 0 0 1 
1 0 0 0 # 0 1 1 
1 0 1 0 F 0 0 1 
1 # H # 0 F F 1 
1 0 0 0 # F 0 1 
1 1 S 1 1 G 1 1 
d51 L36 T5

Map8
1 1 1 1 1 1 1 1 
1 # 1 H 0 0 0 1 
G # # H 0 1 0 1 
1 1 0 0 0 0 0 1 
1 # 0 H 1 0 1 1 
1 0 0 0 # 0 0 S 
1 0 H 1 0 0 0 1 
1 1 1 1 1 1 1 1 
u25 T4

Map8
1 1 1 1 1 1 1 1 
1 1 H 0 0 0 1 1 
1 0 0 0 0 0 0 1 
1 0 0 # H 0 0 1 
1 # # H 0 # # 1 
1 0 0 0 0 1 H 1 
S 0 # 1 0 0 0 1 
1 1 1 1 G 1 1 1 
r15 P32 T6

Map8
1 1 1 1 1 G 1 1 
1 0 1 # 0 # # 1 
1 0 0 1 H 0 H 1 
1 0 H # 0 # 0 1 
1 1 1 # 0 0 0 S 
1 0 0 0 0 # 0 1 
1 H 0 1 0 0 H 1 
1 1 1 1 1 1 1 1 
u54 T3

Map8
1 1 1 1 1 1 1 1 
1 # 0 H 0 0 0 1 
1 0 0 # F # 0 1 
G # 0 # 0 0 H 1 
1 0 0 0 0 # 1 1 
1 0 0 0 0 F 0 1 
1 1 0 0 0 0 F 1 
1 1 1 1 S 1 1 1 
l23 P45 T5

Map8
1 1 1 1 1 1 1 1 
1 0 0 1 0 0 0 S 
1 0 0 # # # # 1 
1 F 1 0 1 0 0 1 
1 0 1 F 0 0 0 1 
1 F # 1 0 0 0 1 
1 0 0 1 F 0 0 1 
1 1 1 1 1 G 1 1 
d51 T3

Map8
1 1 1 1 1 1 1 1 
1 1 0 0 0 0 0 1 
G 0 0 0 0 0 0 1 
1 1 0 0 1 F 0 1 
1 0 0 0 1 1 H 1 
1 0 1 0 1 0 0 1 
1 # 0 0 0 0 0 1 
1 1 S 1 1 1 1 1 
l32 T7

Map8
1 1 1 1 1 1 1 1 
1 0 0 0 # H 0 1 
1 0 0 H 0 # 0 1 
1 0 0 0 F # # S 
1 0 0 # F 0 0 1 
1 H 1 0 H 0 0 1 
1 F 0 0 # 0 0 1 
1 1 1 1 1 G 1 1 
d33 D55 T5

Map8
1 1 1 1 1 1 1 1 
1 F 0 H 0 0 0 1 
1 # 0 1 1 F # 1 
1 0 1 F 0 0 0 G 
1 0 0 0 # 0 0 1 
1 1 0 0 0 0 0 1 
1 1 F 1 0 0 1 1 
1 1 1 1 1 S 1 1 
d54 T7

Map8
1 1 1 1 1 1 1 1 
1 F 1 0 0 0 0 1 
1 # 0 F 0 0 0 1 
1 0 F 0 H # H 1 
1 0 0 0 1 F F 1 
1 0 0 0 0 0 0 1 
1 1 0 0 # 0 0 1 
1 1 1 S G 1 1 1 
d45 R25 T3

Map8
1 1 1 G 1 1 S 1 
1 0 0 0 F # 0 1 
1 1 0 # F 0 0 1 
1 0 F 0 F 0 # 1 
1 0 0 0 0 0 0 1 
1 0 0 0 0 0 0 1 
1 # # 1 1 0 0 1 
1 1 1 1 1 1 1 1 
u34 l64 T5

Map8
1 1 1 1 1 G 1 1 
1 0 0 0 0 0 0 1 
1 0 1 0 1 0 H 1 
1 0 0 0 1 0 0 1 
1 1 0 H 0 0 1 1 
1 H 0 0 0 0 0 1 
1 0 0 0 0 0 0 1 
1 1 1 1 1 1 S 1 
u56 T7

Map8
1 1 1 1 1 1 1 1 
1 0 0 F 0 0 1 1 
1 0 0 1 F 0 0 1 
1 1 0 1 0 F 0 1 
1 # 1 # 0 0 0 G 
1 1 0 F 0 F 0 S 
1 0 0 0 0 0 0 1 
1 1 1 1 1 1 1 1 
r44 p36 T7

Map8
1 1 S 1 1 1 1 1 
1 0 0 F 0 F 0 1 
1 0 0 0 0 0 0 1 
1 0 0 1 0 0 1 1 
1 0 1 # 0 0 # 1 
1 0 0 0 0 # 0 1 
1 0 1 0 0 1 0 1 
1 1 1 1 G 1 1 1 
d41 T5

Map8
1 1 1 1 1 1 1 1 
S 0 0 1 H 0 0 1 
1 0 0 1 0 0 F G 
1 0 0 H 0 # 1 1 
1 0 # 0 0 # 0 1 
1 1 1 0 0 0 F 1 
1 H 0 0 0 F 0 1 
1 1 1 1 1 1 1 1 
r52 p44 T7

Map8
1 1 1 1 1 1 1 1 
1 0 0 0 0 1 0 1 
S # 0 0 0 F 0 1 
G 0 0 # 0 H F 1 
1 0 # H H # 1 1 
1 # 0 0 0 H 0 1 
1 0 0 # # H 0 1 
1 1 1 1 1 1 1 1 
l23 D21 T3

Map8
1 1 1 1 1 1 1 1 
1 F 1 0 0 0 0 1 
1 F 0 # 0 0 F 1 
1 0 1 1 F 0 0 1 
1 1 F 0 0 H 0 1 
G 0 # 0 0 H 0 1 
1 0 1 # 0 1 0 S 
1 1 1 1 1 1 1 1 
d41 p44 T7

Map8
1 1 1 1 1 1 1 1 
1 0 0 # 0 0 0 1 
1 0 0 H 0 0 0 S 
1 0 0 0 1 F 0 G 
1 1 0 # 0 0 0 1 
1 0 0 0 1 # # 1 
1 0 1 0 0 0 0 1 
1 1 1 1 1 1 1 1 
l64 R42 T9

Map8
1 1 1 1 1 G 1 1 
1 # 0 # 0 0 1 1 
1 # 0 0 H H 0 1 
1 # 0 0 1 # 0 1 
1 0 # 0 0 0 0 1 
1 0 0 0 1 0 F 1 
1 1 # 0 # 0 0 1 
1 1 1 1 1 1 S 1 
l64 T7

Map8
1 1 1 1 1 1 1 1 
1 F 0 0 # 0 0 1 
1 0 0 1 1 0 0 1 
1 0 0 H 0 1 0 1 
G F 0 1 1 0 0 1 
S 0 0 0 0 1 0 1 
1 0 0 H 0 F 0 1 
1 1 1 1 1 1 1 1 
l24 p15 T6

Map8
1 1 1 1 1 1 1 1 
1 0 0 1 0 # 0 1 
S 0 0 F 0 1 F 1 
1 1 F 0 # 0 1 1 
G # # 0 1 # 0 1 
1 F 0 0 0 0 0 1 
1 1 H F H 1 # 1 
1 1 1 1 1 1 1 1 
d22 L34 T3

Map8
1 1 1 1 1 1 1 1 
G F 0 0 1 0 1 1 
1 0 # # 0 0 0 1 
1 H # 0 0 1 0 1 
1 # 0 # 1 0 0 1 
1 1 H 0 0 0 0 1 
1 0 0 0 0 # 1 1 
1 1 S 1 1 1 1 1 
u36 R16 T5

Map8
1 1 1 1 1 1 1 1 
1 0 0 1 F 0 F 1 
1 0 0 0 0 0 0 G 
1 0 0 0 F 1 0 1 
S 0 F 0 0 0 0 1 
1 0 0 1 1 F 0 1 
1 0 0 0 0 0 0 1 
1 1 1 1 1 1 1 1 
r12 T6

Map8
1 1 1 1 1 1 S 1 
1 H 0 0 0 0 F 1 
1 0 1 # 0 0 # 1 
1 # 0 0 1 0 # 1 
1 H F 0 H 0 0 1 
1 0 # # 0 # 0 1 
1 0 H 0 0 F # 1 
1 1 1 1 G 1 1 1 
d45 p64 T6

Map8
1 1 1 1 1 1 1 1 
1 0 H 0 0 H 1 1 
1 1 0 0 0 F # 1 
1 0 1 0 0 0 0 1 
1 H 1 0 0 F 0 1 
1 0 F 0 0 0 H 1 
G 0 1 F F 0 0 1 
1 1 1 1 S 1 1 1 
l45 T6

Map8
1 1 1 1 1 1 1 1 
1 0 1 1 F 1 0 1 
1 0 0 0 0 0 0 1 
1 0 0 # 0 0 0 S 
1 # F F 0 0 F 1 
1 1 0 1 0 0 0 1 
1 0 0 1 F # # 1 
1 1 1 1 G 1 1 1 
d43 T3

Map8
1 1 1 1 1 1 1 1 
1 0 0 F 0 0 0 1 
1 H 0 1 0 0 F S 
1 0 0 F H F 0 1 
1 0 0 0 H 0 0 G 
1 0 0 F 0 0 0 1 
1 0 0 1 0 0 # 1 
1 1 1 1 1 1 1 1 
r54 P42 T4

Map8
1 1 1 1 1 1 1 1 
1 # 0 0 0 0 0 1 
1 # 1 0 1 0 0 1 
G 0 1 0 0 0 H 1 
1 0 0 # 0 H F 1 
1 0 0 F 0 0 0 1 
1 0 0 0 0 # 0 S 
1 1 1 1 1 1 1 1 
u36 P14 T6

Map8
1 1 1 S G 1 1 1 
1 0 0 0 0 # # 1 
1 # 0 0 0 0 0 1 
1 1 0 0 0 0 0 1 
1 # 0 0 0 # 0 1 
1 0 0 # # 0 0 1 
1 0 # H 0 0 0 1 
1 1 1 1 1 1 1 1 
u42 R22 T3

Map8
1 1 1 1 1 1 1 1 
1 0 0 H # 0 0 1 
1 1 1 0 H # 0 1 
1 H # 1 0 1 1 1 
1 # H 0 F 1 1 1 
1 F 0 0 F 0 # 1 
1 0 0 H 0 0 # 1 
1 1 1 1 S G 1 1 
d55 R35 T3

Map8
1 1 1 S 1 1 1 1 
1 # 0 0 0 0 0 1 
1 0 0 # H 0 0 1 
1 1 0 H F 1 0 1 
1 0 0 0 H H H 1 
1 0 0 0 0 0 0 1 
G 0 0 # # 0 0 1 
1 1 1 1 1 1 1 1 
d21 L41 T4

Map8
1 1 1 G 1 1 1 1 
1 # 0 0 F 0 0 1 
1 0 0 0 0 0 0 1 
1 0 1 F 0 0 0 1 
S 0 1 0 0 F 1 1 
1 0 0 0 0 F 0 1 
1 1 0 0 0 0 0 1 
1 1 1 1 1 1 1 1 
u36 T7

Map8
1 1 1 1 1 1 G 1 
1 0 0 0 1 0 0 1 
1 1 0 0 0 0 1 1 
1 0 0 0 0 0 0 1 
1 0 0 1 0 0 0 1 
1 0 0 0 0 0 H 1 
1 0 0 0 1 0 0 1 
1 1 S 1 1 1 1 1 
r22 T6

Map8
1 1 1 G 1 1 1 1 
1 0 0 F 0 0 0 1 
1 0 0 0 0 0 0 1 
1 0 1 0 H 0 0 1 
1 0 0 0 1 0 F S 
1 0 0 1 1 0 0 1 
1 H H 1 1 F 0 1 
1 1 1 1 1 1 1 1 
u32 p53 T6

Map8
1 1 1 G 1 1 1 1 
1 F 1 # # 0 F 1 
1 0 1 0 1 1 0 1 
1 # 0 0 # 0 0 1 
1 1 0 # # # 0 1 
1 0 0 0 0 F 0 1 
1 0 0 0 # 0 F S 
1 1 1 1 1 1 1 1 
u36 T3

Map8
1 S 1 1 1 1 1 1 
1 0 0 0 0 0 0 1 
1 0 0 0 0 0 0 G 
1 F 0 H 0 0 0 1 
1 0 0 # 0 0 0 1 
1 0 0 0 0 1 0 1 
1 1 # # # 0 F 1 
1 1 1 1 1 1 1 1 
r12 T5

Map8
1 1 1 1 1 1 1 1 
1 0 0 0 0 F 0 1 
1 0 0 0 0 0 0 1 
1 1 F 0 1 1 0 S 
G 0 F # 1 0 0 1 
1 0 0 0 0 1 F 1 
1 0 0 0 0 # F 1 
1 1 1 1 1 1 1 1 
d21 T8

Map8
1 1 1 1 1 S 1 1 
1 # 0 0 # # 0 1 
1 H 0 # 0 0 0 1 
1 0 1 0 1 0 H 1 
G 0 0 # 0 1 # 1 
1 # 1 H 0 0 0 1 
1 H 0 0 1 # 0 1 
1 1 1 1 1 1 1 1 
d31 L44 T6

Map8
1 1 1 1 1 1 G 1 
1 0 H # 0 1 0 1 
1 H 0 0 0 0 0 1 
1 0 0 0 0 1 0 1 
1 0 0 0 H 0 0 1 
1 0 0 0 1 0 0 1 
1 0 0 0 H 0 H 1 
1 1 1 S 1 1 1 1 
r32 T4

Map8
1 1 1 1 1 S 1 1 
1 F 0 # 0 0 0 1 
1 H # 0 0 # 0 1 
1 0 0 F # 0 F 1 
1 0 1 # H 0 H 1 
1 0 0 0 F 0 0 1 
1 0 0 F 0 0 0 1 
1 1 G 1 1 1 1 1 
d25 p54 T5

Map8
1 1 1 1 1 1 1 1 
1 0 0 F 0 0 0 1 
1 1 1 F 0 F 0 G 
1 0 # 0 0 H 1 1 
1 0 0 # 0 0 0 1 
1 H 0 0 H 0 0 1 
1 H F 0 0 # # 1 
1 1 1 S 1 1 1 1 
u44 P35 T9

Map8
1 1 1 1 1 S 1 1 
1 1 0 0 0 0 # 1 
1 1 H H 1 1 # 1 
1 0 0 1 # 0 0 1 
1 0 H 1 0 0 0 1 
1 0 0 0 0 # 0 1 
1 0 # 0 0 H 0 1 
1 1 1 G 1 1 1 1 
d35 P66 T6

Map8
1 G 1 1 1 1 1 1 
1 # 0 0 1 0 0 1 
1 H 1 0 0 0 0 1 
1 0 0 0 0 0 # 1 
1 0 0 # 1 0 F 1 
1 # 0 # 0 # 0 1 
S 0 F # 0 1 0 1 
1 1 1 1 1 1 1 1 
l62 T9

Map8
1 1 1 1 1 1 1 1 
1 0 0 0 F 0 F 1 
1 0 0 0 0 0 0 1 
1 0 0 1 # 0 # 1 
1 0 0 0 0 1 0 1 
1 F 0 0 # 0 0 1 
1 0 0 0 0 0 F 1 
1 1 1 G S 1 1 1 
r14 D44 T7

Map8
1 1 1 1 1 S 1 1 
1 1 # 1 1 0 # 1 
1 0 0 0 0 F # 1 
1 0 0 0 0 0 0 G 
1 1 0 0 0 F 0 1 
1 0 0 F 1 0 0 1 
1 0 0 0 # 0 0 1 
1 1 1 1 1 1 1 1 
u36 T7

Map8
1 1 1 1 1 1 G 1 
1 H 0 0 0 0 0 1 
1 # H 1 0 1 0 1 
1 0 0 1 # 0 1 1 
1 1 H 0 H 0 0 1 
1 1 0 0 # 0 0 1 
1 0 # 0 H # 0 1 
1 1 1 S 1 1 1 1 
u55 p36 T9

Map8
1 1 1 1 1 1 1 1 
1 0 0 1 0 0 0 1 
1 0 0 0 H F 1 1 
1 0 0 0 1 0 1 1 
1 0 0 0 F 0 1 1 
1 0 0 1 0 0 0 1 
1 0 0 0 0 1 F 1 
1 S 1 1 1 1 G 1 
r14 T6

Map8
1 1 1 1 1 1 1 1 
1 0 0 0 0 1 0 1 
1 # # 0 0 0 0 1 
1 # 0 0 F 0 0 1 
1 1 0 0 0 # 0 1 
1 # 0 F 0 F 0 S 
1 0 F 0 0 0 # 1 
1 1 1 G 1 1 1 1 
d32 U56 T4

Map8
1 S 1 1 G 1 1 1 
1 0 F 0 0 0 0 1 
1 F 0 F # F # 1 
1 0 F 0 # # 0 1 
1 0 # 1 0 # 0 1 
1 0 1 # 0 0 0 1 
1 0 # 1 0 0 0 1 
1 1 1 1 1 1 1 1 
r13 T7

Map8
1 1 1 1 1 1 1 1 
1 0 0 0 0 0 # 1 
1 # 0 F H 0 0 1 
1 1 H F F 0 # 1 
1 1 0 0 0 0 # 1 
1 0 0 0 0 F # 1 
1 1 # 0 # 0 F 1 
1 1 G 1 1 1 S 1 
d31 T6

Map8
1 1 1 1 1 1 1 1 
S 0 0 # 1 0 1 1 
1 0 0 0 F 0 0 1 
1 0 H 1 0 0 # 1 
1 F 0 0 H 0 1 1 
1 1 H F 1 0 0 1 
1 # 0 0 0 # 0 G 
1 1 1 1 1 1 1 1 
d52 T6

Map8
1 1 1 1 1 1 1 1 
1 0 0 0 0 # # 1 
1 0 # 0 0 0 0 S 
1 # # 0 0 0 # 1 
1 1 0 0 0 0 1 1 
1 0 0 1 H 0 0 1 
1 0 0 # 1 # 0 G 
1 1 1 1 1 1 1 1 
d52 T4

Map8
1 1 1 1 1 1 1 1 
1 F F 0 0 0 0 1 
1 0 0 0 0 # H 1 
S 0 0 0 # F 0 1 
G 0 0 0 0 0 1 1 
1 0 0 0 H # 0 1 
1 # 0 0 0 0 0 1 
1 1 1 1 1 1 1 1 
l24 D22 T3

Map8
1 1 1 1 1 1 1 1 
1 0 0 0 F 0 0 1 
1 0 # 1 0 0 # 1 
1 0 0 0 0 0 0 1 
1 F 0 0 0 0 0 G 
1 0 H F # 0 F S 
1 0 1 0 0 0 0 1 
1 1 1 1 1 1 1 1 
r54 U56 T3

Map8
1 1 G 1 1 1 1 1 
1 0 0 0 0 1 # 1 
1 H 0 1 1 F 0 1 
1 0 0 # 0 0 1 1 
1 0 0 0 0 0 0 1 
1 0 0 0 0 0 0 1 
1 0 0 0 0 0 1 1 
1 S 1 1 1 1 1 1 
u26 D13 T6

Map8
1 1 1 1 1 1 1 1 
1 # 0 1 0 0 1 1 
1 1 0 0 F F 1 1 
1 F 0 0 # 0 0 1 
1 1 0 0 0 F 0 G 
1 H 1 H 0 1 0 1 
1 H 0 0 0 # H 1 
1 1 1 1 1 S 1 1 
r44 P36 T5

Map8
1 1 1 1 1 1 1 1 
1 0 0 0 0 F 0 1 
1 0 0 F 0 0 1 1 
S 0 # 0 0 0 F 1 
1 0 # 0 # F F 1 
G 0 0 H 0 0 0 1 
1 0 0 H 0 # 0 1 
1 1 1 1 1 1 1 1 
l25 P33 T4

Map8
1 1 G 1 1 1 S 1 
1 F 0 0 0 0 0 1 
1 0 F F 0 0 1 1 
1 0 0 1 0 0 0 1 
1 1 0 0 F 0 0 1 
1 0 0 0 0 F 0 1 
1 0 0 0 0 0 0 1 
1 1 1 1 1 1 1 1 
u26 P31 T6

Map8
1 1 1 1 1 1 1 1 
1 0 0 0 1 0 0 1 
1 0 0 1 0 0 0 1 
1 1 0 0 0 0 0 1 
1 0 1 0 0 F 0 1 
1 0 F 0 0 0 0 G 
1 0 0 F 1 0 F 1 
1 1 1 1 1 1 S 1 
l62 T5

Map8
1 S 1 1 1 1 1 1 
1 0 # F 1 0 0 1 
1 0 0 0 0 0 0 G 
1 F 0 0 0 0 H 1 
1 0 0 0 0 0 H 1 
1 0 0 0 0 0 0 1 
1 0 0 F 0 0 0 1 
1 1 1 1 1 1 1 1 
r52 p46 T6

Map8
1 1 1 1 1 1 1 1 
1 0 # 0 0 0 0 1 
1 H 0 0 # 0 F G 
S F 0 0 0 0 # 1 
1 0 0 # 0 0 0 1 
1 F F F 0 H # 1 
1 0 0 0 0 0 1 1 
1 1 1 1 1 1 1 1 
r52 p43 T5

Map8
1 1 1 1 1 1 1 1 
1 0 0 0 0 0 0 1 
G # 0 0 0 0 H 1 
1 0 0 0 0 1 0 1 
1 0 0 0 0 0 0 1 
1 H 0 0 0 0 0 1 
S 0 0 0 0 0 0 1 
1 1 1 1 1 1 1 1 
l22 P36 T4

Map8
1 1 1 1 1 1 1 1 
1 1 0 # 0 1 F 1 
1 0 # 0 0 0 0 1 
1 0 0 0 0 0 0 1 
1 1 0 F 0 H 0 1 
S 0 0 0 H 1 0 1 
1 0 1 0 0 # # 1 
1 1 1 1 G 1 1 1 
r32 U36 T6

Map8
1 1 G 1 1 1 1 1 
1 0 F 0 0 F 0 S 
1 0 0 0 0 0 0 1 
1 0 0 0 0 0 1 1 
1 # 0 F H 0 0 1 
1 # H 0 0 0 0 1 
1 0 F 0 0 0 F 1 
1 1 1 1 1 1 1 1 
u22 R41 T5

Map8
1 1 1 1 1 1 1 1 
1 H 0 0 F 0 0 1 
1 0 # 0 0 0 F G 
1 1 0 1 0 0 0 S 
1 1 # 0 0 0 0 1 
1 0 0 0 0 0 0 1 
1 0 # H # H 0 1 
1 1 1 1 1 1 1 1 
r52 p63 T5

Map8
1 1 1 1 1 1 1 1 
1 F 0 # 0 0 0 1 
1 # 0 F 1 0 0 G 
1 0 0 0 0 0 H 1 
1 # # 0 # # 0 1 
1 0 0 0 0 0 # 1 
1 0 0 0 # 0 0 1 
1 1 1 1 S 1 1 1 
r52 P66 T6

Map8
1 S 1 1 1 1 1 1 
1 0 0 0 H 0 1 1 
1 0 H 0 0 1 0 1 
1 F 0 H 0 0 0 G 
1 F 0 0 0 0 0 1 
1 0 0 0 0 F 0 1 
1 0 0 1 H H 0 1 
1 1 1 1 1 1 1 1 
r15 R53 T4

Map8
1 1 1 1 1 1 S 1 
1 F F 0 0 0 0 1 
1 # 0 1 0 0 0 1 
1 H H 0 0 H 0 1 
1 0 1 0 H 0 0 1 
1 F 1 0 0 0 0 1 
1 0 0 0 0 F 0 1 
1 1 1 1 1 G 1 1 
d55 p64 T5

Map8
1 1 1 1 1 1 1 1 
1 0 0 H 0 1 0 1 
1 0 0 1 0 0 0 G 
1 0 0 F 0 0 0 1 
1 # 1 0 F # 0 1 
1 0 0 0 0 0 0 1 
1 1 # F 0 0 0 S 
1 1 1 1 1 1 1 1 
u56 T4

Map8
1 S 1 1 1 1 1 1 
1 0 F 0 0 1 # 1 
1 0 # 0 1 F H 1 
1 0 # # 0 0 H 1 
1 F 0 0 # 0 1 1 
1 # # 0 H 0 0 1 
1 0 0 1 F # F G 
1 1 1 1 1 1 1 1 
r12 r24 T6

Map8
1 1 1 S 1 1 1 1 
1 0 0 # 0 H 0 1 
1 0 0 0 0 0 0 1 
1 # F 1 0 # 0 1 
G # 0 F 1 0 0 1 
1 H 0 0 0 0 0 1 
1 0 0 0 0 # 0 1 
1 1 1 1 1 1 1 1 
l24 p36 T8

Map8
1 1 1 G 1 S 1 1 
1 # 1 0 H 0 1 1 
1 # H # 0 # H 1 
1 0 0 # 0 0 1 1 
1 F # 0 0 # H 1 
1 0 0 1 # 0 0 1 
1 F 0 1 0 1 0 1 
1 1 1 1 1 1 1 1 
l53 U34 T3

Map8
1 1 1 1 1 1 1 1 
S 0 0 F 0 0 # 1 
1 0 # # # 0 1 1 
1 0 0 0 0 1 H 1 
1 0 0 1 0 # F G 
1 0 0 H 0 0 0 1 
1 0 F 0 0 F 0 1 
1 1 1 1 1 1 1 1 
d41 P45 T5

Map8
1 1 1 1 1 1 1 1 
1 0 0 0 0 0 H 1 
1 0 # 0 0 0 0 1 
1 0 H 0 0 0 0 1 
1 F 0 1 F 0 1 1 
1 0 0 0 0 0 0 1 
1 F 0 0 0 0 0 1 
1 1 S G 1 1 1 1 
d35 R15 T3

Map8
1 1 1 1 G 1 1 1 
1 1 H 0 0 0 0 1 
1 # 0 # 0 0 # 1 
1 0 0 0 0 0 0 1 
1 0 1 # 0 0 0 1 
1 0 H H H 0 # 1 
1 # 0 0 0 # 0 1 
1 1 1 S 1 1 1 1 
u42 L46 T5

Map8
1 1 1 1 1 S 1 1 
1 0 0 0 0 0 # 1 
1 0 1 0 0 0 1 1 
1 0 1 0 H # 0 1 
1 1 0 H 0 0 0 1 
1 # 0 0 0 0 0 1 
1 H 0 # 0 0 1 1 
1 1 1 1 G 1 1 1 
d45 p54 T6

Map8
1 1 G 1 S 1 1 1 
1 0 0 0 F 0 0 1 
1 0 0 F 0 1 0 1 
1 0 0 H 0 0 0 1 
1 # # F 0 0 0 1 
1 0 0 0 0 0 0 1 
1 0 0 0 F 0 0 1 
1 1 1 1 1 1 1 1 
u22 P43 T4

Map8
1 1 1 1 1 1 1 1 
1 1 0 # F 1 0 1 
1 0 0 0 # H 1 1 
S 0 0 0 H 0 # 1 
1 0 0 0 0 # 0 G 
1 # # 0 0 1 H 1 
1 0 1 0 0 1 0 1 
1 1 1 1 1 1 1 1 
r34 D32 T3

Map8
1 1 1 G 1 1 1 1 
1 0 # F 1 F 1 1 
1 1 0 0 0 1 1 1 
1 # 0 F # 0 H 1 
1 F 0 # 1 0 0 1 
1 0 1 0 0 H F 1 
S 0 # 0 # 0 0 1 
1 1 1 1 1 1 1 1 
u36 T4

Map8
1 1 1 1 1 1 S 1 
1 0 0 # # 0 0 1 
1 0 0 0 0 0 0 1 
1 0 0 0 0 0 0 1 
1 0 0 0 0 0 F 1 
1 1 0 0 0 0 0 1 
1 0 0 0 1 # 0 1 
1 1 1 G 1 1 1 1 
l65 T6

Map8
1 S 1 1 1 1 1 1 
1 0 0 1 1 0 0 1 
1 0 0 1 # 0 0 1 
1 0 0 0 0 F 0 1 
1 1 1 0 0 F F 1 
1 0 0 0 0 0 1 1 
G 0 1 H 0 F F 1 
1 1 1 1 1 1 1 1 
l62 P46 T9

Map8
1 1 1 1 1 1 1 1 
1 0 0 # 0 F 0 S 
1 # 1 # # # 1 1 
1 F F 0 # 0 0 G 
1 0 0 H 0 0 # 1 
1 0 0 H 0 0 0 1 
1 F 0 0 1 0 H 1 
1 1 1 1 1 1 1 1 
d41 P33 T7

Map8
1 1 1 1 1 1 S 1 
1 # 0 F 0 1 0 1 
1 F 0 # 0 # 0 1 
G 0 0 0 1 # 0 1 
1 # 1 0 0 0 1 1 
1 # 0 0 0 0 H 1 
1 0 1 0 # 1 0 1 
1 1 1 1 1 1 1 1 
d21 T9

Map8
1 1 1 1 G 1 1 1 
1 0 0 0 F 0 0 1 
1 0 0 0 0 0 0 1 
1 0 0 F 0 0 0 1 
1 F 0 0 # 0 0 1 
1 0 0 0 1 0 0 1 
1 0 0 0 0 0 0 1 
1 1 1 1 1 S 1 1 
u42 L62 T3

Map8
1 1 1 G 1 1 1 1 
1 0 0 0 H # 1 1 
1 0 0 0 0 0 0 1 
1 H H 0 0 F 0 1 
1 0 0 H 0 F 0 1 
1 0 1 0 # 0 0 1 
1 0 0 # 0 1 1 1 
1 1 S 1 1 1 1 1 
u32 L52 T5

Map8
1 1 1 1 G 1 1 1 
1 # 0 0 0 F 0 1 
1 0 0 # 0 0 # 1 
1 F 0 0 0 0 H 1 
1 0 0 H 1 0 H 1 
S # 0 # 0 0 0 1 
1 H 0 0 0 F 1 1 
1 1 1 1 1 1 1 1 
r12 P31 T8

Map8
1 1 1 1 1 1 1 1 
1 1 H 0 1 0 # 1 
1 0 0 0 F 0 0 S 
1 0 # 0 0 0 H 1 
1 F 1 0 F 0 0 1 
1 1 0 1 F 1 # G 
1 1 0 0 0 # 0 1 
1 1 1 1 1 1 1 1 
d32 P66 T7

Map8
1 1 1 1 1 1 1 1 
1 0 0 0 0 0 F 1 
1 F 1 # 0 1 0 S 
1 0 0 0 1 1 0 1 
G 0 0 1 0 0 0 1 
1 H 0 0 H 0 0 1 
1 0 0 0 0 0 0 1 
1 1 1 1 1 1 1 1 
l24 P16 T6

Map8
1 1 1 1 1 1 1 1 
1 0 H 0 0 0 0 1 
S 0 0 F H 0 # 1 
1 # 0 0 0 0 0 1 
1 1 # # # 0 # 1 
1 0 0 1 # H 0 1 
1 0 0 0 H 0 0 1 
1 G 1 1 1 1 1 1 
d23 P22 T8

Map8
1 1 1 1 1 1 1 1 
1 0 0 0 # 0 0 1 
1 0 0 0 1 1 0 1 
1 0 0 F 0 0 0 1 
1 1 0 # 0 0 H 1 
G F 0 0 F 0 0 1 
1 0 # # 0 0 0 1 
1 1 S 1 1 1 1 1 
l25 p21 T6

Map8
1 S 1 1 1 1 1 1 
1 0 0 F 0 0 0 1 
1 0 0 0 0 1 1 1 
1 F 0 0 0 0 0 1 
1 0 0 0 0 0 0 1 
1 # # 0 0 0 0 1 
1 0 # 1 0 F 0 1 
1 1 1 1 1 G 1 1 
r14 p44 T5

Map8
1 1 1 S 1 1 1 1 
1 0 0 0 0 0 H 1 
1 H 0 0 0 # 0 1 
1 0 0 1 0 0 F 1 
G F 0 0 0 0 0 1 
1 0 0 F 0 0 0 1 
1 1 # # 1 0 # 1 
1 1 1 1 1 1 1 1 
l64 T5

Map8
1 1 1 1 1 1 1 1 
1 1 0 H 0 0 F 1 
1 0 0 0 0 # 0 1 
1 0 0 H 0 # 0 S 
1 # 0 0 0 0 0 G 
1 0 0 1 0 0 0 1 
1 0 0 0 0 0 0 1 
1 1 1 1 1 1 1 1 
r54 P43 T4

Map8
1 1 1 1 1 1 1 1 
1 F 0 F 0 # 0 1 
1 0 0 1 0 F 0 1 
1 0 0 # # F 0 1 
1 # 0 0 1 0 # 1 
G 0 H 0 0 0 0 1 
1 0 F 1 0 1 0 1 
1 1 1 1 S 1 1 1 
l63 P16 T9

Map8
1 1 1 1 1 1 1 1 
1 0 0 0 0 1 H 1 
S 0 0 0 0 F 0 1 
1 0 H 0 0 0 F 1 
1 F 1 0 0 0 0 1 
1 0 1 0 1 0 0 1 
1 F 0 0 0 F 0 1 
1 G 1 1 1 1 1 1 
l64 T8

Map8
1 1 1 1 S 1 1 1 
1 0 0 0 0 0 0 1 
1 # 0 0 0 1 0 1 
1 1 0 H 0 1 0 1 
1 1 0 0 0 H 0 1 
1 H 0 # # 0 0 1 
G 0 0 0 1 # 0 1 
1 1 1 1 1 1 1 1 
d21 T6

Map8
1 1 G 1 1 1 1 1 
1 0 0 # F 0 1 1 
1 0 0 # 0 0 0 1 
S 0 0 F H 0 0 1 
1 F 0 0 0 F 0 1 
1 0 0 0 0 0 0 1 
1 0 0 0 0 0 0 1 
1 1 1 1 1 1 1 1 
u22 P23 T7

Map8
1 1 1 1 S 1 1 1 
1 1 0 0 F 0 0 1 
G # 1 0 F 0 0 1 
1 0 0 0 0 0 0 1 
1 1 0 # # 0 1 1 
1 0 1 0 0 0 0 1 
1 0 0 0 # 1 0 1 
1 1 1 1 1 1 1 1 
l43 T7

Map8
1 1 1 1 1 1 1 1 
1 # 1 0 F 0 0 1 
S 0 0 0 0 1 0 1 
1 0 0 0 0 0 0 1 
1 0 # 0 0 0 0 1 
G F 0 1 0 0 0 1 
1 0 # 0 0 1 0 1 
1 1 1 1 1 1 1 1 
l25 p12 T5

Map8
1 1 1 1 1 1 1 1 
1 0 0 0 0 0 0 1 
1 F 0 0 0 0 0 1 
G 0 0 0 0 0 0 1 
1 0 F 0 0 1 0 1 
S 0 0 0 0 F F 1 
1 1 0 0 0 0 0 1 
1 1 1 1 1 1 1 1 
l23 U26 T3

Map8
1 1 1 1 S 1 G 1 
1 # H H # 0 # 1 
1 # 0 0 0 # H 1 
1 0 0 0 0 0 0 1 
1 0 0 0 0 H # 1 
1 0 0 1 F 0 0 1 
1 0 0 0 0 0 0 1 
1 1 1 1 1 1 1 1 
u43 p13 T7

Map8
1 1 G 1 1 1 1 1 
1 # 0 H 0 0 0 1 
1 0 0 0 0 0 0 1 
1 1 1 # 0 0 0 1 
1 1 H 0 # 1 0 1 
1 # 0 0 0 0 0 1 
1 F 0 0 1 0 1 1 
1 1 1 1 1 S 1 1 
u22 P61 T6

Map8
1 1 1 G 1 1 1 1 
1 0 0 0 0 0 F 1 
1 0 0 0 0 1 1 1 
1 0 0 H 0 0 0 1 
1 0 F 0 F 0 0 1 
1 1 0 0 F 0 0 S 
1 1 0 1 1 1 0 1 
1 1 1 1 1 1 1 1 
u32 p23 T6

Map8
1 1 1 1 1 1 1 1 
1 0 0 0 0 F 0 S 
1 # 1 F # 0 0 1 
1 F H F 0 1 # 1 
G 0 F 0 0 H 0 1 
1 0 0 0 1 0 # 1 
1 1 0 # 0 0 # 1 
1 1 1 1 1 1 1 1 
d41 p61 T7

Map8
1 1 1 1 1 1 1 1 
1 0 0 H 0 0 # 1 
1 0 0 # 0 # 0 1 
1 0 1 0 0 0 # 1 
1 H 0 # # 0 F 1 
1 0 # 0 0 0 0 1 
1 0 0 0 0 0 0 1 
1 1 1 1 G 1 S 1 
l62 D41 T3

Map8
1 1 1 1 1 G 1 1 
1 1 0 # 0 0 1 1 
1 0 0 0 0 0 0 1 
S 0 0 # # 0 0 1 
1 # 0 0 0 0 # 1 
1 0 0 1 0 H 0 1 
1 0 1 0 0 0 0 1 
1 1 1 1 1 1 1 1 
u53 T3

Map8
1 1 G 1 1 1 1 1 
1 # # 0 0 1 F 1 
1 # 0 0 # 0 0 1 
1 1 F 0 # 0 0 1 
1 1 0 0 1 0 0 1 
1 0 0 0 0 1 0 S 
1 0 # 0 1 0 0 1 
1 1 1 1 1 1 1 1 
u22 P63 T7

Map8
1 1 1 1 1 1 1 1 
1 F F # 0 0 # 1 
1 0 0 # 0 # 0 1 
G 0 0 0 0 0 0 1 
1 0 0 F 0 0 0 S 
1 0 1 F 0 F 0 1 
1 # 0 # 0 # 0 1 
1 1 1 1 1 1 1 1 
l63 d14 T8

Map8
1 1 1 1 1 1 1 1 
1 0 0 0 0 1 0 1 
1 0 0 1 1 0 0 1 
G # 0 0 1 # 0 S 
1 # 0 0 # 0 0 1 
1 1 0 # 0 0 0 1 
1 0 0 # # 0 0 1 
1 1 1 1 1 1 1 1 
l23 p54 T7

Map8
1 1 1 S 1 1 1 1 
1 0 F 0 0 1 0 1 
1 0 # 0 # 0 0 G 
1 # 0 F # 0 F 1 
1 1 1 0 0 H # 1 
1 H 0 # 0 1 0 1 
1 0 F 0 0 0 H 1 
1 1 1 1 1 1 1 1 
r32 P36 T3

Map8
1 1 1 S 1 1 1 1 
1 0 0 # 0 F 0 1 
1 H # 0 0 F # 1 
1 H 0 0 F # 0 1 
1 0 0 0 0 0 # 1 
1 # 1 0 F 0 0 1 
1 0 0 # 0 F 1 1 
1 1 1 1 G 1 1 1 
d44 p33 T5

Map8
1 1 1 1 1 1 1 1 
1 0 0 0 H 0 0 1 
G 0 0 0 0 0 0 1 
1 0 # H 0 F H 1 
1 1 0 0 0 0 0 1 
1 0 0 0 0 0 0 S 
1 0 0 F 0 0 H 1 
1 1 1 1 1 1 1 1 
l22 P15 T4

Map8
1 1 1 1 G 1 S 1 
1 0 1 0 0 # F 1 
1 0 0 0 0 0 0 1 
1 0 H H 1 0 0 1 
1 1 F 0 0 0 0 1 
1 1 1 0 0 1 0 1 
1 0 0 0 0 0 0 1 
1 1 1 1 1 1 1 1 
u42 l62 T7

Map8
1 1 1 1 1 1 1 1 
1 0 0 0 1 0 0 1 
1 0 0 1 0 F 0 1 
1 0 0 0 1 0 0 G 
1 H 0 0 0 0 0 S 
1 0 0 0 0 0 0 1 
1 0 0 1 0 0 0 1 
1 1 1 1 1 1 1 1 
r53 U55 T3

Map8
1 1 1 1 G 1 1 1 
1 0 0 F 0 0 # 1 
1 # 0 F 0 0 0 1 
1 # 0 0 0 F 0 1 
1 0 # 0 1 # 0 1 
1 0 # 0 0 0 0 1 
1 0 1 # # 0 0 S 
1 1 1 1 1 1 1 1 
u42 R22 T4

Map8
1 1 1 1 1 1 1 1 
1 0 0 0 # 0 0 1 
1 0 H 0 0 0 0 1 
S # 0 # 0 0 # 1 
1 H 0 # # H H 1 
G 0 0 1 H 0 0 1 
1 0 0 0 0 0 1 1 
1 1 1 1 1 1 1 1 
d23 P26 T5

Map8
1 1 1 1 1 1 1 1 
1 H 0 1 F # 0 1 
1 # 0 0 0 0 F G 
1 1 0 0 0 0 H 1 
1 1 0 # # 0 H 1 
1 0 0 0 0 0 0 1 
1 0 0 0 0 0 # 1 
1 1 1 1 1 S 1 1 
u36 T6

Map8
1 1 G 1 1 1 1 1 
1 0 F H 0 0 # 1 
1 0 0 0 0 # H 1 
1 F 0 0 # 0 0 1 
1 1 0 H 0 0 F 1 
S 0 0 0 F 0 0 1 
1 0 0 H 1 0 0 1 
1 1 1 1 1 1 1 1 
u22 p53 T8

Map8
1 1 G 1 1 1 1 1 
1 0 0 H 0 0 0 1 
1 0 0 H 0 0 0 1 
1 0 0 0 1 0 0 1 
1 0 0 0 0 0 0 1 
1 0 H 0 0 0 # 1 
1 H 0 0 0 0 0 1 
1 1 1 1 1 1 S 1 
l64 p14 T6

Map8
1 1 1 1 1 1 1 1 
S # # 0 H # 0 1 
1 0 # 0 0 0 0 G 
1 0 0 1 0 0 0 1 
1 0 0 0 # 0 0 1 
1 0 # 0 0 0 0 1 
1 0 0 0 0 0 # 1 
1 1 1 1 1 1 1 1 
r12 L31 T5

Map8
1 1 1 1 1 S 1 1 
1 1 0 H 1 0 # 1 
G 0 0 0 F 0 0 1 
1 0 0 H 0 # 0 1 
1 0 0 F 0 F F 1 
1 0 0 0 0 0 0 1 
1 # H 0 0 H H 1 
1 1 1 1 1 1 1 1 
l62 R43 T4

Map8
1 1 1 1 1 1 1 1 
1 0 # 0 0 F H 1 
G 0 0 0 0 0 0 1 
1 F 0 0 1 0 0 S 
1 F 0 0 0 0 0 1 
1 0 0 0 F 0 0 1 
1 0 0 0 0 0 0 1 
1 1 1 1 1 1 1 1 
l22 p36 T7

Map8
1 1 1 G 1 1 1 1 
1 # 1 0 1 1 0 1 
1 0 F 0 0 0 0 1 
1 0 # # 0 0 0 1 
1 0 0 0 0 0 # 1 
1 0 0 H 0 0 0 1 
1 0 0 0 0 0 # 1 
1 1 S 1 1 1 1 1 
u34 R14 T6

Map8
1 1 1 1 1 1 1 1 
1 H 1 1 0 1 # 1 
1 0 0 1 0 0 1 1 
1 0 # 1 0 0 0 1 
1 0 H 0 0 0 # G 
1 0 0 H 0 # 0 S 
1 0 H 0 1 0 # 1 
1 1 1 1 1 1 1 1 
r44 U56 T4

Map8
1 1 1 1 1 1 1 1 
1 1 0 0 # H 0 1 
1 F 0 0 0 0 H 1 
1 F 0 H # # 0 1 
1 1 0 0 1 0 # G 
1 0 F # 0 # 1 1 
1 1 F # F 0 0 1 
1 1 1 1 S 1 1 1 
r54 D52 T5

Map8
1 1 1 1 1 1 1 1 
1 F 0 0 F 0 # 1 
1 0 0 # 0 # 0 1 
1 0 1 0 0 0 0 1 
1 0 0 1 1 1 F 1 
1 0 0 F 0 0 # 1 
1 F 0 0 0 0 0 1 
1 S 1 1 G 1 1 1 
d45 P14 T4

Map8
1 1 1 1 1 1 1 1 
1 H 0 0 1 0 0 1 
1 H 0 0 H 0 0 S 
1 1 F 0 H 0 0 1 
1 0 1 1 0 H 0 1 
1 1 # 0 0 0 0 1 
1 0 0 0 0 1 1 1 
1 1 1 G 1 1 1 1 
d35 P52 T5

Map8
1 1 1 1 1 1 1 1 
1 1 0 1 1 0 H 1 
1 H 0 H 0 1 0 1 
1 0 0 0 0 0 0 1 
1 1 0 1 0 0 F G 
1 0 0 0 0 0 0 S 
1 # # 1 0 0 H 1 
1 1 1 1 1 1 1 1 
r54 p65 T5

Map8
1 1 1 1 1 1 S 1 
1 0 0 0 0 0 # 1 
1 0 0 0 0 0 # 1 
1 1 0 0 0 0 # 1 
1 # 0 # 0 0 0 1 
1 0 # H 0 0 0 1 
G # 0 0 H H H 1 
1 1 1 1 1 1 1 1 
d21 U64 T5

Map8
1 1 1 1 1 1 1 1 
1 # # F 0 0 0 S 
1 0 0 0 0 0 1 1 
1 0 0 0 F 1 # 1 
G 0 0 0 0 # 0 1 
1 # F 0 # 1 1 1 
1 # # 0 0 F 0 1 
1 1 1 1 1 1 1 1 
d41 P13 T6

Map8
1 1 1 1 1 1 1 1 
1 0 0 0 0 0 H 1 
1 0 0 0 0 0 # 1 
1 1 0 0 F # 0 1 
1 0 # H # 0 0 G 
S 0 F 0 0 0 0 1 
1 0 F 0 0 # 0 1 
1 1 1 1 1 1 1 1 
r54 p45 T6

Map8
1 1 1 1 1 G 1 1 
1 0 1 0 1 0 0 1 
1 0 F 0 0 1 0 1 
1 # # 0 0 0 # 1 
S 0 0 F 0 H # 1 
1 F 0 0 F 0 1 1 
1 H 0 H 0 0 0 1 
1 1 1 1 1 1 1 1 
r33 U35 T7

Map8
1 1 1 1 1 S 1 1 
1 0 H F 1 # 0 1 
G F 0 # 0 # 0 1 
1 1 0 0 H # 0 1 
1 0 1 0 0 0 # 1 
1 0 0 # F 1 0 1 
1 0 0 1 0 0 0 1 
1 1 1 1 1 1 1 1 
l62 T5

Map8
1 1 1 1 1 1 1 1 
1 0 0 1 H 0 0 1 
1 0 0 0 1 0 # 1 
1 1 # 0 0 1 0 1 
G F 0 # 0 1 0 1 
1 0 # 0 F 1 0 1 
1 0 H 0 0 0 H 1 
1 1 1 1 S 1 1 1 
l44 T7

Map8
1 1 1 1 1 1 1 1 
1 0 0 0 0 0 H 1 
1 0 0 0 0 0 0 1 
1 1 0 1 0 0 0 S 
G 0 0 0 0 0 F 1 
1 0 0 0 0 0 0 1 
1 0 0 1 F 0 0 1 
1 1 1 1 1 1 1 1 
d21 T8

Map8
1 1 1 1 1 1 1 1 
1 H 0 F 0 0 H 1 
1 0 1 1 0 0 0 1 
1 0 0 0 0 0 0 1 
1 0 0 # 0 1 # 1 
1 0 1 0 0 0 H 1 
1 H F 0 # H 0 1 
1 1 1 G S 1 1 1 
d33 p44 T6

Map8
1 1 1 1 S 1 1 1 
1 1 # 0 0 0 H 1 
G 0 0 0 H # # 1 
1 # 0 0 0 0 # 1 
1 1 0 H # 0 0 1 
1 F # H 0 0 1 1 
1 # 0 H 0 0 0 1 
1 1 1 1 1 1 1 1 
l22 L51 T5

Map8
1 1 1 1 1 1 1 1 
1 F 0 0 0 0 0 1 
G 0 0 0 1 0 0 1 
1 1 0 # 0 1 0 1 
1 0 0 H # 1 1 1 
1 0 0 0 0 0 0 1 
1 # H F H 0 H 1 
1 1 1 1 1 S 1 1 
u25 r21 T6

Map8
1 1 1 1 1 1 1 1 
1 0 0 0 0 0 0 1 
1 0 0 0 0 0 # 1 
1 0 0 0 0 1 0 1 
1 0 1 0 0 F 0 1 
1 0 0 0 0 # 0 1 
1 0 0 H 0 0 0 1 
1 1 G 1 1 1 S 1 
d25 p66 T5

Map8
1 1 1 1 1 1 G 1 
1 F 0 # 0 H 0 1 
1 0 1 F 0 0 0 1 
1 0 H 0 0 0 H 1 
1 0 # 0 0 1 1 1 
1 0 0 F 0 0 0 1 
1 0 0 H 0 # 0 S 
1 1 1 1 1 1 1 1 
r41 U46 T6

Map8
1 1 1 1 1 1 1 1 
1 1 0 # 0 0 # 1 
1 0 F 0 0 0 H 1 
1 1 0 H 0 1 0 1 
1 0 # 0 # # 0 1 
1 F F 0 0 # 0 G 
1 0 0 0 0 H # 1 
1 1 S 1 1 1 1 1 
d41 R35 T5

Map8
1 S 1 1 1 1 1 1 
1 0 0 1 # 0 0 1 
1 # H # F F 0 1 
1 F 0 0 H 0 F G 
1 0 0 # 1 0 # 1 
1 0 0 H # 0 0 1 
1 0 0 # 0 0 0 1 
1 1 1 1 1 1 1 1 
r53 P66 T5

Map8
1 1 1 1 1 1 1 1 
1 0 # # 0 1 0 1 
1 0 0 0 0 0 # S 
1 0 1 # H 0 # 1 
1 # 0 0 # 0 0 1 
1 0 0 0 0 0 0 1 
1 H H H 0 0 # 1 
1 1 1 1 1 G 1 1 
d55 p64 T8

Map8
1 1 1 1 1 1 1 1 
1 # 0 0 0 0 0 1 
1 H 0 0 0 0 # G 
1 F 0 1 0 0 0 1 
1 F # 0 0 # 1 1 
1 0 0 # 0 0 0 1 
1 0 # 0 0 # 0 S 
1 1 1 1 1 1 1 1 
r52 p66 T5

Map8
1 1 G 1 1 1 1 1 
1 0 0 F 0 F 0 1 
1 0 0 F 0 0 0 1 
1 0 0 0 0 0 0 1 
1 0 1 0 0 0 H 1 
1 0 0 1 F 1 1 1 
1 0 0 1 0 H 0 1 
1 1 1 1 S 1 1 1 
u22 p43 T5

Map8
1 S 1 1 1 1 1 1 
1 0 0 0 0 0 0 1 
1 0 0 0 0 0 0 1 
1 0 0 0 0 # 0 1 
1 0 0 1 0 0 0 1 
1 0 0 0 0 0 # 1 
1 H 0 0 0 H 0 1 
1 1 1 G 1 1 1 1 
d35 R15 T6

Map8
1 1 G 1 1 S 1 1 
1 0 0 F 0 # # 1 
1 # 0 # # # 0 1 
1 H 0 0 1 F 1 1 
1 0 F 0 H 0 0 1 
1 F 0 0 0 1 0 1 
1 H # 0 0 1 # 1 
1 1 1 1 1 1 1 1 
u22 U54 T6

Map8
1 1 1 1 1 1 S 1 
1 H 0 0 0 0 # 1 
1 0 0 F 0 0 # 1 
1 H 0 F 0 0 # 1 
1 0 0 0 0 0 0 1 
1 0 F 1 1 0 0 1 
1 # F 0 0 0 0 1 
1 1 1 G 1 1 1 1 
l64 P46 T6

Map8
1 1 1 1 1 1 1 1 
1 0 # 0 0 # 0 S 
1 0 F 0 0 0 0 1 
G 0 0 1 0 0 0 1 
1 # 0 0 0 0 # 1 
1 F 0 F 0 0 0 1 
1 0 0 # F 0 0 1 
1 1 1 1 1 1 1 1 
l23 p31 T5

Map8
1 1 1 1 1 1 1 1 
1 1 H 0 1 0 0 1 
1 0 # 0 0 0 0 1 
1 0 # 0 0 # 0 1 
1 F 0 1 0 0 0 G 
1 F 0 0 0 0 F 1 
S 0 F # 1 0 0 1 
1 1 1 1 1 1 1 1 
u16 p55 T9

Map8
1 1 1 1 G 1 1 1 
1 0 0 F 0 0 0 1 
1 1 1 0 0 # 0 1 
1 0 0 1 0 0 0 1 
1 0 0 0 0 1 0 1 
1 F 0 F 1 # # 1 
S 0 1 1 0 0 0 1 
1 1 1 1 1 1 1 1 
r14 T5

Map8
1 1 G 1 1 1 1 1 
1 1 0 0 1 # 0 1 
1 0 0 0 H # 0 1 
S 0 0 F 0 0 0 1 
1 0 1 1 0 0 1 1 
1 0 F 0 0 0 0 1 
1 1 0 0 # 1 H 1 
1 1 1 1 1 1 1 1 
u23 T7

Map8
1 1 1 1 1 1 S 1 
1 1 0 0 0 F 0 1 
1 0 0 0 0 # 0 1 
1 0 0 0 H 0 # 1 
1 0 1 1 # 0 0 1 
1 0 0 0 0 0 1 1 
1 0 F H F # 0 1 
1 1 G 1 1 1 1 1 
u15 L55 T5

Map8
1 1 1 1 1 1 1 1 
1 0 1 0 0 1 0 1 
1 # 0 0 1 0 0 1 
G 0 0 0 0 1 0 1 
1 1 1 0 # 1 0 1 
1 0 0 0 F 0 0 S 
1 0 0 0 0 0 0 1 
1 1 1 1 1 1 1 1 
u46 D64 T5

Map8
1 1 1 1 1 1 1 1 
1 1 0 0 0 0 0 1 
1 0 # 0 0 0 0 1 
1 F # F 0 # F S 
1 0 F 0 0 # 0 G 
1 0 # 0 0 0 H 1 
1 0 0 0 0 0 0 1 
1 1 1 1 1 1 1 1 
r14 D32 T5

Map8
1 1 G 1 1 S 1 1 
1 H 0 0 0 0 0 1 
1 0 0 1 0 0 0 1 
1 1 F 0 0 1 0 1 
1 0 0 0 0 0 0 1 
1 F 0 1 0 F 0 1 
1 F 0 0 0 0 0 1 
1 1 1 1 1 1 1 1 
d14 L54 T5

Map8
1 1 1 1 1 1 1 1 
S 0 0 F 0 0 0 1 
1 F 0 0 1 0 0 1 
1 0 0 F 0 H 0 1 
1 F 0 0 0 F 0 1 
1 0 0 0 0 0 0 1 
1 0 0 0 0 H 0 1 
1 1 1 G 1 1 1 1 
d35 P66 T5

Map8
1 1 1 1 1 1 1 1 
1 # 0 0 0 0 1 1 
1 # # 0 H # # 1 
1 0 F 0 0 0 0 S 
1 0 0 0 0 # 1 1 
1 1 # 0 0 1 0 1 
1 F 1 0 0 0 0 1 
1 1 1 1 1 1 G 1 
d33 T5

Map8
1 1 G 1 1 1 1 1 
1 1 # # 0 # H 1 
1 0 1 0 0 0 0 1 
1 0 0 0 H H 0 1 
1 0 0 0 1 # H 1 
1 H 0 # 1 1 1 1 
1 0 # 0 # 0 0 1 
1 1 1 1 S 1 1 1 
u36 P24 T7

Map8
1 1 1 1 1 G 1 1 
1 0 0 0 1 0 0 1 
1 1 0 0 0 H 0 1 
1 0 0 F 0 0 0 1 
S 0 F 1 F 0 F 1 
1 1 0 0 1 0 1 1 
1 0 0 0 H F 0 1 
1 1 1 1 1 1 1 1 
r23 U25 T6

Map8
1 1 1 1 1 1 1 1 
1 0 0 1 0 0 H 1 
S 0 0 0 0 0 0 1 
1 H 0 0 # 0 0 1 
1 0 H 0 1 H 0 1 
1 # 0 F 0 0 0 1 
1 0 F 0 0 0 0 1 
1 1 G 1 1 1 1 1 
d25 P66 T5

Map8
1 1 1 1 1 1 1 1 
1 # 0 1 H 0 0 1 
1 0 0 0 0 0 0 1 
1 0 0 0 0 0 0 1 
1 1 0 # H # 0 1 
1 H 0 0 1 0 # S 
1 0 0 0 0 H 0 1 
1 1 1 G 1 1 1 1 
d32 p53 T6

Map8
1 1 1 S 1 1 1 1 
1 0 1 0 0 0 0 1 
1 # 0 # 0 0 0 1 
1 0 # 0 F 0 1 1 
1 H # 0 0 H H 1 
1 0 0 0 0 # 0 1 
1 0 0 # 1 0 0 1 
1 1 1 1 1 1 G 1 
d41 T7

Map8
1 1 1 S 1 1 1 1 
1 H 0 0 0 0 0 1 
1 0 0 0 0 0 H 1 
1 F 0 1 0 1 0 1 
1 F F 0 # 0 0 G 
1 0 1 1 0 0 1 1 
1 0 0 0 H 0 0 1 
1 1 1 1 1 1 1 1 
d41 P45 T7

Map8
1 1 G 1 1 1 1 1 
1 # 0 0 0 0 0 1 
1 0 0 0 1 # 1 1 
1 0 # 1 0 0 0 1 
1 F 1 # 0 0 0 1 
1 0 0 0 0 0 # 1 
1 0 1 0 0 # 0 1 
1 S 1 1 1 1 1 1 
u22 p13 T5

Map8
1 1 1 1 1 1 1 1 
1 0 1 F F 1 0 1 
S 0 0 F 0 # 0 1 
1 1 0 0 0 0 0 G 
1 0 0 1 0 0 0 1 
1 H H H 0 0 0 1 
1 0 0 F 0 0 H 1 
1 1 1 1 1 1 1 1 
r53 p42 T6

Map8
1 1 S 1 1 1 1 1 
1 1 0 0 0 0 0 1 
1 0 F 0 0 1 0 1 
1 1 1 F 0 # 0 1 
1 H 1 F 1 0 # 1 
1 # 0 0 0 1 H 1 
1 0 0 0 F # 0 1 
1 1 1 1 1 1 G 1 
d32 R12 T5

Map8
1 1 1 S 1 1 1 1 
1 F 0 0 0 1 0 1 
1 # 1 0 0 # # 1 
1 0 F F # 1 0 G 
1 F # 0 0 0 0 1 
1 0 # 0 0 # 0 1 
1 0 F 0 0 1 0 1 
1 1 1 1 1 1 1 1 
r32 P64 T5

Map8
1 1 S 1 1 1 1 1 
1 # 0 0 0 0 1 1 
1 1 1 0 H # 0 1 
1 1 0 F 0 0 0 1 
1 0 # 0 0 # # 1 
G 0 0 1 # 0 H 1 
1 0 1 0 # 1 0 1 
1 1 1 1 1 1 1 1 
l53 T7

Map8
1 1 1 1 1 1 1 1 
1 # H 0 0 0 0 1 
1 0 0 # 0 0 1 1 
1 # 0 0 H 0 1 1 
1 1 0 0 0 0 1 1 
1 0 0 0 H 0 0 1 
1 0 0 0 0 # 1 1 
1 S 1 1 G 1 1 1 
r31 U36 T7

Map8
1 1 1 1 1 1 1 1 
1 0 # 0 0 1 # 1 
1 0 F # # F 0 1 
1 0 0 # 0 0 H 1 
1 0 0 H H 0 F 1 
1 # 0 # H 0 # 1 
1 1 0 0 0 0 0 1 
1 1 S 1 G 1 1 1 
d24 p36 T7

Map8
1 1 1 1 1 1 1 1 
1 # 0 # H 0 1 1 
S 0 0 1 0 F 0 1 
1 F 1 0 # 0 # G 
1 0 0 # F 0 1 1 
1 0 0 0 F 0 0 1 
1 F 0 0 0 0 # 1 
1 1 1 1 1 1 1 1 
u35 P15 T11

Map8
1 1 1 1 1 1 1 1 
1 0 # 0 1 0 0 1 
1 # 0 0 0 0 0 1 
1 0 # 0 # H 0 S 
1 # 0 0 # 0 0 1 
1 0 1 0 H 0 # 1 
G # 0 0 1 0 0 1 
1 1 1 1 1 1 1 1 
l64 D62 T5

Map8
1 1 1 1 1 1 1 1 
1 # 0 0 1 1 F 1 
1 0 0 0 0 0 0 1 
1 1 0 0 1 0 0 G 
1 0 1 H H 0 # 1 
1 0 F # H 0 0 1 
1 0 0 # 0 0 0 1 
1 S 1 1 1 1 1 1 
r53 p46 T7

Map8
1 1 1 1 1 1 1 1 
1 0 # 0 0 0 F 1 
1 0 1 0 0 0 0 1 
1 # 1 0 1 0 0 1 
1 1 0 0 0 0 0 1 
1 0 0 0 0 0 0 1 
1 0 F F 0 0 F 1 
1 G 1 S 1 1 1 1 
l35 T5

Map8
1 1 1 1 1 1 1 1 
1 0 0 1 # 0 0 1 
1 # # 1 0 0 0 1 
1 0 0 0 H 0 # 1 
1 # F 0 0 0 0 1 
1 0 # 0 0 # 0 1 
1 1 0 0 F H 0 1 
1 1 1 1 G 1 S 1 
d44 p65 T5

Map8
1 1 1 1 1 1 1 1 
1 0 # 0 0 0 0 1 
G F 0 0 0 1 0 1 
S 0 0 0 0 0 0 1 
1 1 0 0 H 1 H 1 
1 # F 0 0 0 1 1 
1 0 H 0 0 0 0 1 
1 1 1 1 1 1 1 1 
l22 p13 T5

Map8
1 1 S 1 1 1 1 1 
1 1 0 0 # 0 # 1 
1 0 0 # 0 0 F 1 
1 1 0 0 F 0 0 G 
1 0 F 0 0 # 0 1 
1 0 0 1 1 0 0 1 
1 0 1 # 1 0 1 1 
1 1 1 1 1 1 1 1 
r53 P22 T10

Map8
1 1 1 1 1 1 1 1 
1 0 0 1 1 0 0 G 
1 0 1 0 1 0 H 1 
1 0 0 0 1 0 F 1 
1 0 0 # H 0 0 1 
1 0 0 0 0 0 1 1 
1 0 0 0 0 0 0 1 
1 1 S 1 1 1 1 1 
r25 T5

Map8
1 1 1 1 1 1 1 1 
1 1 0 0 0 0 1 1 
1 # 1 1 0 0 0 1 
G 0 0 0 H # H 1 
1 # 0 0 0 0 0 1 
1 0 1 0 0 H H 1 
S 0 # 0 # 0 0 1 
1 1 1 1 1 1 1 1 
u36 P44 T5

Map8
1 1 1 1 1 1 1 1 
1 0 1 0 0 0 0 1 
1 0 0 0 F 0 # 1 
1 # # 0 0 0 # 1 
1 0 1 0 0 0 F 1 
S 0 0 0 H 0 0 1 
1 0 0 1 0 0 0 G 
1 1 1 1 1 1 1 1 
r11 U16 T5

Map8
1 1 1 1 G 1 1 1 
1 1 1 # F 0 # 1 
1 # 0 0 0 0 0 1 
1 0 0 0 0 0 1 1 
1 1 H # 1 0 # 1 
1 0 0 0 1 # 0 1 
1 # F 0 0 # 1 1 
1 1 S 1 1 1 1 1 
u42 R15 T10

Map8
1 1 G 1 1 1 1 1 
1 0 0 0 1 1 0 1 
1 0 F 1 0 0 0 1 
1 H 0 H 0 0 # 1 
1 0 # 0 0 0 0 1 
1 0 1 # 0 0 # 1 
1 1 # H # # 0 1 
1 1 1 1 1 S 1 1 
l54 u14 T5

Map8
1 1 1 1 1 G 1 1 
1 0 0 1 0 0 0 1 
1 0 0 0 0 0 # 1 
1 0 H 0 0 H 0 1 
1 0 0 0 0 0 0 1 
S # 1 1 0 0 1 1 
1 0 0 1 H 0 0 1 
1 1 1 1 1 1 1 1 
r12 p42 T6

Map8
1 1 1 1 1 1 1 1 
1 0 0 1 0 0 0 1 
1 H 0 H 0 0 0 1 
1 0 0 0 0 0 H 1 
G F 0 # 0 1 0 1 
1 0 0 0 0 0 0 1 
1 0 0 0 0 0 0 1 
1 1 1 1 1 S 1 1 
l24 p35 T7

Map8
1 1 1 1 1 1 1 1 
1 1 0 0 F F # 1 
1 # 0 1 # 1 0 1 
1 0 0 1 0 F F 1 
1 0 0 0 # 0 1 1 
1 0 F 0 0 0 0 1 
1 0 # # 0 # # 1 
1 S 1 1 G 1 1 1 
r14 p34 T5

Map8
1 1 1 1 1 1 1 1 
1 0 # 1 0 # 0 1 
1 0 0 0 0 0 0 1 
1 0 0 0 # 0 0 1 
1 # # # 0 H 0 G 
1 0 0 # 0 0 0 1 
1 # 0 H 0 0 0 1 
1 S 1 1 1 1 1 1 
r12 P65 T5

Map8
1 1 1 1 1 1 1 1 
1 0 0 0 0 0 0 1 
1 0 0 1 F H H 1 
G F 0 H 0 F 0 1 
1 0 0 0 1 1 F 1 
S 0 0 0 0 0 0 1 
1 0 1 H 0 0 0 1 
1 1 1 1 1 1 1 1 
l23 p15 T5

Map8
1 1 1 1 1 1 1 1 
1 0 0 1 0 0 0 1 
1 0 0 0 0 H 0 1 
1 0 0 F 1 0 0 1 
1 0 0 0 # 0 0 1 
1 0 0 0 0 0 0 1 
1 0 0 0 # F # 1 
1 S 1 1 G 1 1 1 
r14 p34 T5

Map8
1 G 1 1 1 1 1 1 
1 0 0 1 # H 0 1 
1 H 0 0 0 # 0 1 
1 0 # 0 0 0 H 1 
1 # 0 H 0 0 F 1 
1 0 # 0 0 # 1 1 
1 0 0 0 0 # 0 1 
1 1 1 1 1 S 1 1 
d16 L66 T5

Map8
1 1 S 1 1 1 1 1 
1 0 # F 0 1 # G 
1 0 0 0 # 0 F 1 
1 0 # 0 0 0 0 1 
1 0 0 0 0 F 0 1 
1 H F 0 0 0 H 1 
1 0 0 0 1 # # 1 
1 1 1 1 1 1 1 1 
r24 T5

Map8
1 1 1 1 1 1 1 1 
1 1 0 # 0 0 F 1 
1 1 0 F F 0 0 G 
1 0 0 H # 0 0 1 
1 0 0 0 0 0 0 S 
1 H 0 0 F H 1 1 
1 H 0 0 0 0 # 1 
1 1 1 1 1 1 1 1 
r21 u24 T5

Map8
1 1 1 G 1 1 1 1 
1 0 0 0 1 0 0 1 
1 F F 0 0 0 0 1 
1 1 0 1 0 0 0 1 
1 0 0 0 # 0 0 1 
1 1 1 0 F 0 0 1 
1 0 0 0 1 F 0 1 
1 1 1 1 1 1 S 1 
l64 p14 T7

Map8
1 1 1 1 1 1 1 1 
1 0 0 H H H 1 1 
1 1 0 0 0 0 0 G 
1 0 0 0 0 1 1 1 
1 0 0 0 0 0 0 1 
1 0 0 H 0 0 0 1 
1 0 0 0 0 0 0 1 
1 1 1 1 1 S 1 1 
u24 r21 T6

Map8
1 1 1 1 1 1 1 1 
1 0 0 # # 0 # 1 
1 # 0 0 0 # 0 S 
1 0 1 0 0 0 F G 
1 1 0 0 # # 1 1 
1 0 0 0 # F F 1 
1 0 0 H 1 F 0 1 
1 1 1 1 1 1 1 1 
r43 p51 T9

Map8
1 1 1 1 1 1 1 1 
1 F # # F 0 0 1 
1 0 0 1 # 0 1 1 
1 0 F 0 1 0 0 1 
1 # 0 # 0 F 0 1 
1 0 0 1 0 1 0 1 
G 0 0 1 0 1 0 1 
1 1 1 1 1 1 S 1 
l64 T5

Map8
1 1 1 1 1 1 1 1 
1 0 1 0 0 0 1 1 
1 0 0 0 0 0 0 1 
1 0 F H F H # 1 
1 0 1 F F 0 0 G 
1 F 0 0 0 0 1 1 
1 H 0 H 0 0 1 1 
1 1 S 1 1 1 1 1 
r42 U46 T6

Map8
1 1 1 G 1 1 1 1 
1 0 1 0 1 F F 1 
1 0 0 F 0 # 0 1 
1 0 0 0 0 F 0 1 
1 0 0 1 0 1 1 1 
1 1 0 # 0 0 # 1 
S 0 0 0 # 0 0 1 
1 1 1 1 1 1 1 1 
d23 p56 T13

Map8
1 1 1 G 1 1 1 1 
1 0 H 0 1 0 0 1 
1 0 F 0 H 0 # 1 
1 H H 0 1 0 0 1 
1 0 0 0 0 0 0 1 
1 0 0 0 0 0 0 1 
1 0 0 0 0 0 0 1 
1 1 S 1 1 1 1 1 
u36 D24 T6

Map8
1 1 1 1 1 1 1 1 
1 0 # 0 1 0 1 1 
1 1 # 0 0 # 0 1 
1 0 0 0 0 0 # 1 
1 1 0 # F 0 0 G 
1 0 0 F 0 F H 1 
1 # 0 0 0 # 0 1 
1 S 1 1 1 1 1 1 
r24 P36 T6

Map8
1 1 1 1 1 1 1 1 
1 0 0 1 0 # 0 1 
1 0 0 0 1 1 0 1 
1 H 1 0 1 0 0 1 
1 0 0 1 0 F 0 1 
1 0 0 0 0 0 0 1 
1 0 F # 0 0 0 1 
1 1 G 1 1 S 1 1 
d25 P66 T6

Map8
1 1 1 1 1 1 1 1 
G 0 # 0 1 0 1 1 
1 # 0 F 0 0 0 1 
1 0 1 0 0 0 # 1 
1 0 F # 1 0 1 1 
1 1 F 0 0 0 0 1 
1 0 0 1 0 0 0 1 
1 1 1 1 S 1 1 1 
l51 U56 T6

Map8
1 1 1 1 1 1 S 1 
1 H 0 1 0 0 0 1 
1 1 0 # 0 1 0 1 
G 0 0 0 H 0 0 1 
1 H 0 F 0 0 0 1 
1 1 0 0 0 H 0 1 
1 H 0 0 0 0 0 1 
1 1 1 1 1 1 1 1 
l33 P26 T5

Map8
1 1 1 1 1 1 1 1 
1 0 0 F 0 H 0 1 
1 0 # # 0 # 1 1 
1 0 0 0 H 0 # 1 
1 0 F 0 0 0 0 S 
1 0 1 1 0 H F 1 
1 0 0 1 # H 0 1 
1 1 1 1 1 1 G 1 
r44 p13 T6

Map8
1 1 1 1 1 1 1 1 
1 0 1 0 F 0 0 1 
G F 0 1 0 0 0 1 
1 0 0 0 0 0 F 1 
1 1 1 0 0 1 1 1 
1 0 H 1 0 0 0 1 
1 0 F 0 H 0 0 1 
1 1 1 1 1 S 1 1 
d13 L53 T6

Map8
1 1 1 1 1 G 1 1 
1 0 0 0 0 0 # 1 
1 0 0 # # 0 # 1 
1 0 0 0 0 0 0 1 
1 H 0 1 0 0 0 1 
1 0 0 0 0 0 0 1 
1 H 0 0 0 0 0 1 
1 1 1 1 1 1 S 1 
u52 p63 T5

Map8
1 1 1 1 1 1 1 1 
1 F # 0 0 0 0 1 
1 0 0 1 0 F H 1 
1 # F # 0 0 0 1 
1 0 0 0 0 # # 1 
G 0 # # 0 0 0 1 
1 0 0 0 0 F 0 S 
1 1 1 1 1 1 1 1 
r16 p46 T6

Map8
1 1 S 1 1 1 1 1 
1 0 F 0 0 # # 1 
1 0 # 0 1 0 # G 
1 0 1 0 0 # # 1 
1 0 0 1 0 0 0 1 
1 F 0 0 0 F F 1 
1 # 0 # 0 F 0 1 
1 1 1 1 1 1 1 1 
r52 U54 T6

Map8
1 1 G 1 1 1 1 1 
1 1 F 1 0 0 0 1 
1 0 0 0 0 0 0 1 
1 H 1 1 0 0 0 1 
1 F H 0 0 0 0 1 
1 # 1 0 0 # 0 S 
1 0 0 0 0 0 1 1 
1 1 1 1 1 1 1 1 
d12 L62 T6

Map8
1 1 1 1 1 S 1 1 
G # 0 # 0 F 0 1 
1 0 0 0 0 0 F 1 
1 0 H 0 F H 0 1 
1 0 0 0 0 0 F 1 
1 # 0 # 0 0 0 1 
1 0 0 0 1 0 0 1 
1 1 1 1 1 1 1 1 
l65 R41 T6

Map8
1 1 1 1 1 1 1 1 
1 # 0 H 0 # 0 1 
1 0 0 0 0 0 F G 
1 F 0 0 1 F 0 1 
1 0 1 0 H 0 0 1 
1 0 0 1 # 0 0 1 
1 F F # 0 0 0 1 
1 1 1 S 1 1 1 1 
r52 p46 T6

Map8
1 S 1 1 1 1 1 1 
1 0 F 0 0 1 1 1 
1 1 H # F 0 0 1 
1 0 # 0 0 0 0 1 
1 0 0 0 0 0 H 1 
1 0 0 0 0 H 0 1 
1 F 0 F F 0 0 G 
1 1 1 1 1 1 1 1 
d13 L53 T6

Map8
1 1 1 1 1 1 1 1 
1 0 0 0 0 0 1 1 
1 0 0 0 H 0 0 1 
1 0 0 0 F 0 0 1 
1 F 0 F 0 F 0 S 
1 0 0 0 0 0 # 1 
1 0 0 0 0 F 1 1 
1 1 1 1 G 1 1 1 
d45 R44 T5

Map8
1 1 1 1 1 1 1 1 
G 0 0 H 0 0 0 1 
1 0 1 1 0 H 0 1 
1 0 0 # 0 0 0 1 
1 F 0 0 1 0 0 1 
1 H 0 H H 0 0 1 
1 0 0 0 0 0 0 1 
1 1 1 1 S 1 1 1 
u16 L56 T6

Map8
1 S 1 1 1 1 1 1 
1 # 0 0 # 0 F 1 
1 0 0 0 0 F 0 1 
1 0 0 # # F 0 1 
G 0 0 F 1 1 # 1 
1 F # 0 H 0 0 1 
1 0 0 0 H 0 # 1 
1 1 1 1 1 1 1 1 
l24 P36 T5

Map8
1 1 1 1 1 1 1 1 
1 0 # 0 0 1 H 1 
1 0 0 H 0 1 1 1 
1 H 0 0 0 0 0 1 
1 0 0 0 0 0 0 1 
1 0 0 0 # 0 0 1 
1 F H F 0 0 0 1 
1 1 1 1 1 G S 1 
d55 p66 T6

Map8
1 1 1 1 1 1 S 1 
1 0 0 0 0 0 0 1 
G 0 0 0 0 F 0 1 
1 0 0 # # 0 0 1 
1 1 0 0 1 F # 1 
1 0 0 F 0 1 F 1 
1 0 0 0 0 0 # 1 
1 1 1 1 1 1 1 1 
u26 l21 T6

Map8
1 1 1 1 1 1 S 1 
1 0 0 1 F 0 0 1 
1 0 0 0 # 0 F 1 
1 0 0 0 0 0 0 1 
G 0 0 0 1 0 # 1 
1 0 0 1 0 0 # 1 
1 H # 0 F 0 # 1 
1 1 1 1 1 1 1 1 
l63 P23 T6

Map8
1 1 1 S 1 1 1 1 
1 # # F 0 0 0 1 
G 0 0 0 0 0 1 1 
1 0 0 0 0 0 0 1 
1 0 0 0 0 0 1 1 
1 1 1 0 0 0 0 1 
1 0 1 0 1 F 0 1 
1 1 1 1 1 1 1 1 
l32 p13 T6

Map8
1 1 1 1 1 1 1 1 
1 0 0 0 1 0 # 1 
1 0 0 1 # 0 0 1 
G 0 0 1 # 0 F 1 
1 0 0 0 0 0 F 1 
1 0 # # 0 F 0 1 
1 0 0 0 0 1 0 1 
1 1 1 1 1 1 S 1 
l65 p14 T6

Map8
1 1 1 1 1 1 1 1 
1 0 0 0 0 F F S 
1 0 0 0 0 0 F 1 
1 1 F 0 0 0 0 1 
1 0 0 F 0 0 0 1 
1 0 0 0 0 1 0 1 
1 1 0 0 0 # 0 1 
1 1 1 1 1 G 1 1 
d21 p46 T6

Map8
1 1 1 1 1 1 G 1 
1 # 0 0 0 0 0 1 
1 0 0 0 0 0 # 1 
1 # H 1 0 0 0 1 
1 H 0 # # F 1 1 
1 0 0 0 F 0 0 1 
1 0 0 0 0 H # 1 
1 1 1 1 1 1 S 1 
u55 P25 T6

Map8
1 1 1 1 1 1 1 1 
1 0 0 0 # # 0 1 
1 0 0 0 0 0 1 1 
G 0 0 0 0 0 F 1 
1 # 0 # 0 H F 1 
1 0 # 0 0 1 1 1 
1 # 0 0 0 0 0 S 
1 1 1 1 1 1 1 1 
l23 p36 T5

Map8
1 1 1 1 1 1 1 1 
1 0 0 # 0 0 0 1 
1 # 0 0 0 1 # 1 
1 0 0 # 0 F # 1 
1 0 0 F 0 0 H 1 
S 0 0 H F 0 0 1 
1 0 H 0 0 0 1 1 
1 1 1 1 1 G 1 1 
r11 U16 T6

Map8
1 1 1 1 1 1 1 1 
1 0 F 0 # 0 0 1 
1 F 0 0 1 0 1 1 
G 0 1 # 0 1 1 1 
1 0 0 0 1 0 F 1 
1 0 0 0 0 0 F 1 
1 0 0 0 0 0 0 1 
1 1 1 1 1 S 1 1 
u36 P14 T8

Map8
1 1 1 1 1 1 1 1 
1 0 0 H # 1 H 1 
1 F H H 0 0 0 1 
1 0 0 0 0 0 0 G 
S 0 0 F 0 0 0 1 
1 0 0 0 0 0 0 1 
1 # 0 0 # 0 0 1 
1 1 1 1 1 1 1 1 
r53 p44 T5

Map8
1 1 1 1 1 1 1 1 
1 0 0 0 1 0 0 1 
1 0 0 0 0 0 0 1 
1 0 0 0 0 0 0 1 
1 0 0 0 1 0 0 1 
G 0 0 1 0 0 0 1 
1 0 1 0 0 0 0 1 
1 1 1 S 1 1 1 1 
l62 d12 T8

Map8
1 1 1 1 1 1 1 1 
G 0 0 0 1 0 F S 
1 H 0 0 0 0 H 1 
1 F 0 0 0 F 0 1 
1 0 0 0 0 0 H 1 
1 0 0 0 0 0 0 1 
1 H # 0 0 0 0 1 
1 1 1 1 1 1 1 1 
u15 L65 T5

Map8
1 1 1 1 1 1 1 1 
1 F 0 0 0 0 F 1 
1 1 0 0 0 0 F G 
1 1 0 0 0 0 H 1 
1 # # 0 F 0 0 1 
1 F 1 0 0 0 1 1 
S 0 1 1 0 H 0 1 
1 1 1 1 1 1 1 1 
r31 U35 T5

Map8
1 1 1 G 1 1 1 1 
1 0 # 0 0 1 0 1 
1 0 0 0 F 0 # 1 
1 0 0 0 0 0 0 1 
1 0 0 F # 0 0 1 
S # 0 0 # 0 # 1 
1 0 # 0 H 0 H 1 
1 1 1 1 1 1 1 1 
r11 r41 T6

Map8
1 1 1 1 1 1 1 1 
S 0 0 0 1 0 0 G 
1 0 0 0 0 F 0 1 
1 # 0 0 1 0 H 1 
1 0 0 F 0 F 0 1 
1 0 0 1 # 0 0 1 
1 0 F 0 F 1 0 1 
1 1 1 1 1 1 1 1 
r12 p14 T8

Map8
1 1 1 1 1 1 1 1 
1 0 # 0 0 H 0 1 
G 0 0 0 0 0 F 1 
1 H 0 0 0 1 0 1 
1 F 0 F # 0 1 1 
1 0 0 F 0 # 0 S 
1 0 0 0 0 0 0 1 
1 1 1 1 1 1 1 1 
l41 u46 T7

Map8
1 1 1 1 1 1 1 1 
1 0 0 0 0 1 # 1 
1 0 H # 0 0 F S 
G # F 0 0 0 1 1 
1 F 0 0 0 0 # 1 
1 # 0 0 0 0 F 1 
1 0 # 1 0 0 # 1 
1 1 1 1 1 1 1 1 
l33 D31 T5

Map8
1 G S 1 1 1 1 1 
1 0 0 0 0 0 0 1 
1 0 F 0 1 0 0 1 
1 0 0 0 0 1 0 1 
1 H F H 0 0 # 1 
1 H 0 0 0 0 H 1 
1 0 0 0 1 H 0 1 
1 1 1 1 1 1 1 1 
r25 P55 T6

Map8
1 1 1 1 1 1 1 1 
1 0 1 1 0 0 0 S 
1 F 0 0 0 0 # 1 
1 0 0 0 # 0 F 1 
1 F # 1 0 0 0 1 
1 H 0 0 1 0 0 1 
1 0 0 0 1 # 0 1 
1 G 1 1 1 1 1 1 
u13 L53 T6

Map8
1 1 1 1 1 1 G 1 
1 H 0 0 1 0 0 1 
1 0 0 0 0 1 0 1 
1 # 0 0 F 0 0 1 
1 1 1 0 # 0 1 1 
1 H H # F 1 0 1 
1 H # 0 0 # 0 1 
1 1 1 1 S 1 1 1 
r33 L54 T6

Map8
1 1 S 1 1 1 1 1 
1 0 0 0 0 0 0 1 
1 0 0 0 0 0 0 1 
1 0 0 1 0 0 0 1 
1 0 1 1 0 0 0 1 
1 0 0 0 0 0 0 1 
1 0 0 0 H 0 0 1 
1 1 G 1 1 1 1 1 
d25 p14 T8

Map8
1 1 1 1 1 1 1 1 
1 0 0 0 0 0 1 1 
1 H 0 0 0 0 0 1 
1 0 0 0 H 0 H 1 
1 H 0 H 0 0 0 G 
1 0 0 0 0 0 0 S 
1 0 0 # 0 F 0 1 
1 1 1 1 1 1 1 1 
l55 p15 T6

Map8
1 1 1 1 1 S 1 1 
1 0 0 0 1 F 0 1 
1 H 1 0 1 0 0 1 
1 F 0 0 0 1 0 1 
1 0 0 0 0 0 0 1 
1 0 F 0 F H 0 1 
1 1 0 0 0 0 1 1 
1 1 1 G 1 1 1 1 
d34 P65 T6

Map8
1 1 1 1 1 1 1 1 
1 0 0 0 0 0 0 1 
1 H 1 1 0 0 0 1 
1 1 H 1 0 0 1 1 
1 0 H 0 0 0 0 1 
1 0 0 0 0 1 1 1 
1 0 0 0 H 0 H 1 
1 S G 1 1 1 1 1 
d25 p16 T6

Map8
1 1 G 1 S 1 1 1 
1 0 0 0 0 0 1 1 
1 0 0 F H 0 0 1 
1 F 0 0 1 0 0 1 
1 0 0 0 0 F 0 1 
1 1 H 0 0 0 0 1 
1 0 1 0 0 # F 1 
1 1 1 1 1 1 1 1 
d11 L51 T3

Map8
1 1 G 1 S 1 1 1 
1 0 0 0 # 0 0 1 
1 0 1 0 H 0 0 1 
1 0 0 0 0 0 0 1 
1 0 # 0 0 0 H 1 
1 0 F # 0 # 0 1 
1 0 0 F 0 0 0 1 
1 1 1 1 1 1 1 1 
u11 L51 T3

Map8
1 1 1 1 1 1 1 1 
G F # 1 1 0 0 1 
1 H 0 0 # 0 0 1 
1 0 0 0 0 0 0 1 
1 0 F H 0 0 0 1 
1 0 1 H 0 0 0 1 
1 H F 0 0 0 0 1 
1 1 1 1 1 1 S 1 
l63 p13 T6

Map8
1 1 1 1 1 1 1 1 
1 H 0 0 H H 0 1 
G 0 0 0 0 0 H 1 
1 0 0 0 # 0 1 1 
1 0 H 0 0 0 F 1 
1 F 0 0 F 0 0 S 
1 0 0 0 0 0 F 1 
1 1 1 1 1 1 1 1 
r31 U36 T3

Map8
1 G 1 1 1 1 1 1 
1 0 1 0 0 # 0 1 
1 0 # # # 0 0 1 
1 1 1 0 1 0 0 1 
1 0 0 0 0 H 0 1 
1 0 0 0 # H 1 1 
1 0 0 # 0 # # 1 
1 1 S 1 1 1 1 1 
r31 U35 T5

Map8
1 S 1 1 1 G 1 1 
1 0 # H 0 0 0 1 
1 0 F 0 F 0 # 1 
1 0 0 # 0 # H 1 
1 0 0 H # 0 0 1 
1 0 # 1 F 0 0 1 
1 H H # F 0 # 1 
1 1 1 1 1 1 1 1 
u52 P13 T4

Map8
1 1 1 1 1 1 1 1 
1 # 0 0 # 1 0 1 
1 0 1 0 F 0 # 1 
G 0 0 F 1 1 # 1 
1 0 0 1 F F 0 1 
1 0 # 0 # 0 0 1 
1 # 0 0 0 0 F 1 
1 1 1 1 1 S 1 1 
u15 L65 T4

Map8
1 1 1 1 1 1 S 1 
1 0 # # 0 0 0 1 
1 H 0 0 0 0 0 1 
1 0 0 0 0 0 0 1 
1 0 F 0 F 0 0 1 
1 F # 0 0 0 0 1 
1 0 F F 1 0 1 1 
1 1 G 1 1 1 1 1 
l41 p11 T5

Map8
1 1 1 1 1 G 1 1 
1 0 1 # 0 0 0 1 
1 0 F F 0 0 0 1 
1 0 0 H 0 0 0 1 
1 0 0 # 0 0 H 1 
1 0 0 0 0 0 # 1 
1 0 F F F 0 0 S 
1 1 1 1 1 1 1 1 
u56 P14 T3

Map8
1 1 1 1 G 1 1 1 
1 0 0 F 0 F 0 1 
1 0 0 # 0 0 0 1 
1 1 0 0 1 # 0 1 
1 0 0 0 0 0 0 1 
S F 0 0 0 1 0 1 
1 0 H 0 0 1 0 1 
1 1 1 1 1 1 1 1 
u42 p63 T8

Map8
1 1 G 1 1 1 1 1 
1 H 0 H 0 F 0 1 
1 0 0 0 0 0 # 1 
1 # 0 0 0 0 0 1 
1 F 1 0 0 0 0 1 
1 H 0 0 0 0 0 1 
1 # 0 F # 0 0 1 
1 1 1 1 S 1 1 1 
d12 L52 T3

Map8
1 1 1 1 1 1 1 1 
1 0 # 0 0 1 1 1 
1 # 0 F 0 1 H 1 
1 # # 0 1 0 0 1 
G 0 0 0 1 0 0 S 
1 # F 0 # # 0 1 
1 1 F 0 0 0 F 1 
1 1 1 1 1 1 1 1 
r33 U36 T9

Map8
1 1 1 1 1 1 1 1 
1 0 # 0 0 0 0 1 
1 0 F # 0 0 0 1 
G 0 0 0 0 0 0 1 
1 # 0 # 0 0 F 1 
1 0 0 H 0 0 1 1 
S 0 0 0 F # 0 1 
1 1 1 1 1 1 1 1 
l23 P36 T4

Map8
1 1 1 1 1 1 1 1 
S 0 1 0 1 1 0 1 
1 F 0 H 0 0 0 1 
1 0 0 0 1 0 0 1 
1 # 0 0 1 0 F G 
1 # 0 0 0 0 0 1 
1 1 1 0 0 0 H 1 
1 1 1 1 1 1 1 1 
r54 p45 T7

Map8
1 1 1 1 1 1 S 1 
1 0 0 H F F 0 1 
1 0 0 1 0 H 0 1 
1 0 # 0 # H 0 1 
1 0 0 H 0 0 F 1 
1 0 0 0 0 0 # 1 
1 0 0 F 0 0 0 1 
1 1 1 1 G 1 1 1 
d45 P66 T4

Map8
1 1 1 1 1 1 1 1 
1 0 0 F 0 0 0 1 
1 1 F 0 0 0 F G 
1 1 0 # 0 F 0 1 
1 # # 0 # 0 # 1 
1 # 0 0 0 F # 1 
1 0 0 1 H 0 0 1 
1 1 S 1 1 1 1 1 
r52 p41 T6

Map8
1 1 G 1 1 S 1 1 
1 0 0 0 # 0 0 1 
1 0 # 0 0 H 0 1 
1 # 1 0 # 0 0 1 
1 0 0 # 0 H 0 1 
1 # 0 0 0 0 0 1 
1 0 0 F 0 H 0 1 
1 1 1 1 1 1 1 1 
d11 L61 T3

Map8
1 1 1 1 1 1 1 1 
1 0 0 0 0 0 F 1 
1 1 F # 1 0 0 S 
1 0 0 H 1 0 # 1 
1 1 0 1 1 0 0 1 
1 0 0 # 0 # 0 1 
1 0 0 0 0 # F 1 
1 1 1 1 G 1 1 1 
d45 p54 T6

Map8
1 1 1 1 1 1 1 1 
1 H 1 1 0 F 1 1 
1 0 0 0 0 1 0 1 
S 0 H 0 0 H H 1 
1 0 0 0 0 # 1 1 
1 0 0 0 # 0 0 1 
1 # 0 0 F 0 0 1 
1 1 1 G 1 1 1 1 
d35 D12 T7

Map8
1 G 1 1 1 1 1 1 
1 0 0 F F # 0 1 
1 1 0 1 H # 0 1 
1 0 0 H 0 1 1 1 
1 # 0 F 0 0 0 1 
1 0 1 H 0 H 0 1 
1 F 0 0 0 F 0 S 
1 1 1 1 1 1 1 1 
u24 R46 T7

Map8
1 1 1 1 1 1 1 1 
1 0 0 H 0 0 0 1 
S 0 0 0 1 F F 1 
1 0 0 0 1 0 0 G 
1 0 0 0 F 0 0 1 
1 0 0 1 F 0 F 1 
1 0 0 0 0 0 0 1 
1 1 1 1 1 1 1 1 
r53 p46 T8

Map8
1 1 G 1 S 1 1 1 
1 H 0 0 0 F 0 1 
1 0 0 0 1 0 0 1 
1 0 0 0 0 0 0 1 
1 0 0 F 1 0 F 1 
1 H 0 0 0 0 0 1 
1 0 0 0 1 0 0 1 
1 1 1 1 1 1 1 1 
d13 l63 T7

Map8
1 1 1 G 1 1 1 1 
1 0 F 0 0 0 0 1 
1 0 0 0 F # F 1 
1 1 0 0 H 0 0 S 
1 0 H # 0 0 0 1 
1 F 0 0 0 0 0 1 
1 0 0 H 0 0 0 1 
1 1 1 1 1 1 1 1 
u32 U53 T6

Map8
1 1 1 G 1 S 1 1 
1 0 F # 0 0 H 1 
1 F 0 0 H 0 0 1 
1 0 0 0 0 F 0 1 
1 0 0 0 0 0 0 1 
1 0 0 0 # 0 0 1 
1 H 0 0 0 1 0 1 
1 1 1 1 1 1 1 1 
u35 l54 T6

Map8
1 1 1 1 1 1 1 1 
1 # # 0 F 0 0 1 
1 0 0 0 0 0 H 1 
1 0 1 0 # 1 0 1 
1 0 # 0 0 0 0 1 
S 0 F F 1 F 0 1 
1 0 0 0 0 # 0 1 
1 1 1 1 G 1 1 1 
r34 U36 T7

Map8
1 1 1 1 G 1 1 1 
1 0 0 0 0 1 0 1 
1 F 0 0 1 0 F S 
1 0 0 0 0 0 0 1 
1 0 0 0 0 F 0 1 
1 F 0 F 0 0 0 1 
1 0 H 0 1 0 0 1 
1 1 1 1 1 1 1 1 
l63 D61 T6

Map8
1 1 1 1 1 S 1 1 
1 # 0 H 0 0 # 1 
1 0 # 1 0 0 0 1 
1 0 # 0 0 0 0 1 
1 0 0 H # F 1 1 
1 0 0 0 0 0 0 1 
1 # 0 0 0 # F 1 
1 1 1 1 1 1 G 1 
r15 p13 T7

Map8
1 1 1 1 1 1 1 1 
S 0 0 # 0 0 # 1 
1 0 1 0 H 0 0 1 
1 0 0 0 H 0 0 G 
1 0 0 # # # F 1 
1 0 0 0 1 # 1 1 
1 0 0 0 0 0 0 1 
1 1 1 1 1 1 1 1 
r53 P66 T8

Map8
1 1 S 1 G 1 1 1 
1 # # 0 # H 1 1 
1 0 0 F 0 0 0 1 
1 0 0 0 F # 0 1 
1 0 0 0 0 0 0 1 
1 0 # # 0 0 # 1 
1 0 H # 0 0 0 1 
1 1 1 1 1 1 1 1 
u42 P24 T6

Map8
1 1 1 1 1 1 1 1 
1 0 1 0 0 0 0 G 
1 0 1 0 1 0 F 1 
1 0 0 1 0 # 0 1 
1 0 0 # # F 1 1 
1 # H # 0 1 0 1 
1 0 0 # 0 H H 1 
1 S 1 1 1 1 1 1 
r14 U45 T7

Map8
1 1 1 1 1 1 1 1 
1 0 1 0 0 0 0 1 
1 0 0 0 0 0 0 1 
1 0 0 1 0 0 1 1 
1 0 0 0 0 H 0 1 
1 0 # 0 0 0 0 1 
1 0 F 0 0 0 # 1 
1 S 1 G 1 1 1 1 
r16 p46 T6

Map8
1 1 1 1 1 1 1 1 
1 1 # 1 0 0 0 S 
1 F 0 0 H # # 1 
1 0 0 0 # 0 0 1 
1 0 F 0 # 0 1 1 
1 F 0 0 F 0 # 1 
1 # # 0 0 1 0 1 
1 1 1 G 1 1 1 1 
l53 p23 T8

Map8
1 1 1 1 1 1 1 1 
S 0 0 0 F 0 0 1 
1 1 0 0 0 0 0 1 
1 0 0 # 1 0 0 1 
1 0 0 0 0 1 0 1 
1 1 0 0 0 0 0 1 
1 F 1 0 0 1 0 1 
1 1 1 1 G 1 1 1 
d31 p61 T6

Map8
1 1 1 1 1 1 1 1 
1 H F 0 0 0 # 1 
1 0 0 # 0 0 0 1 
S 0 0 0 0 0 0 1 
1 0 H 0 0 0 0 1 
1 0 0 # 0 1 0 1 
1 0 0 # H 0 0 1 
1 1 G 1 1 1 1 1 
d25 p14 T8

Map8
1 1 1 1 1 1 G 1 
1 0 H 1 H 0 0 1 
1 0 0 0 0 0 0 1 
1 0 1 0 # 0 0 1 
1 0 1 0 0 1 0 1 
1 0 0 0 # 1 1 1 
1 0 0 0 0 0 0 1 
1 1 1 1 S 1 1 1 
u36 D44 T7

Map8
1 1 1 1 1 1 1 1 
1 # 0 0 0 0 0 1 
1 0 0 # 0 0 # 1 
1 0 H 0 0 F # 1 
1 0 0 0 1 0 0 G 
1 0 0 0 0 0 # 1 
1 0 0 0 0 0 # 1 
1 S 1 1 1 1 1 1 
r54 p41 T6

Map8
1 1 1 1 1 1 1 1 
1 H # 0 1 0 0 1 
1 0 0 0 0 0 F 1 
1 # # F 0 0 0 S 
1 F 0 0 0 0 0 1 
1 0 0 0 0 0 0 1 
1 # H 0 F 0 0 1 
1 1 1 1 G 1 1 1 
d45 U64 T9

Map8
1 1 1 1 1 1 1 1 
1 # 0 # 1 0 H 1 
1 # 0 0 0 0 0 1 
1 0 0 0 0 # # 1 
1 1 0 H H F # 1 
1 0 0 0 F F F 1 
1 1 F 0 1 0 0 S 
1 1 G 1 1 1 1 1 
d22 P51 T5

Map8
1 1 1 1 S 1 1 1 
1 0 0 0 # 0 0 1 
G 0 0 0 0 0 1 1 
1 0 1 0 # 0 0 1 
1 0 1 # 0 F 0 1 
1 # 0 0 # 0 0 1 
1 1 0 0 0 1 0 1 
1 1 1 1 1 1 1 1 
l42 T4

Map8
1 1 1 1 1 G 1 1 
1 0 H 0 0 0 0 1 
1 0 0 0 F 0 0 1 
S 0 1 0 0 H 0 1 
1 0 0 1 0 0 0 1 
1 0 H H # H 1 1 
1 F 0 0 0 0 0 1 
1 1 1 1 1 1 1 1 
u52 P11 T5

Map8
1 1 1 1 1 G 1 1 
1 0 0 0 1 0 0 1 
1 0 0 0 0 0 0 1 
1 0 0 0 H 0 0 1 
1 0 0 H 0 H 0 1 
1 1 0 0 0 0 0 1 
1 0 0 0 0 1 0 1 
1 1 S 1 1 1 1 1 
r22 T6

Map8
1 1 1 1 1 1 1 1 
1 0 0 0 1 0 0 1 
1 # # 0 1 # 0 1 
1 0 1 0 H 0 0 1 
1 1 # 0 H 0 F G 
1 F 0 1 0 0 0 S 
1 0 0 1 0 0 0 1 
1 1 1 1 1 1 1 1 
r54 U56 T3

Map8
1 1 1 1 1 1 S 1 
1 1 0 0 0 1 0 1 
1 0 0 0 0 H F 1 
1 0 0 0 0 0 0 1 
1 0 # 0 0 0 0 1 
1 0 0 0 # 0 0 1 
1 0 0 H 0 0 0 1 
1 1 1 1 1 G 1 1 
d55 p64 T6

Map8
1 1 1 1 1 1 G 1 
1 0 0 0 0 1 F 1 
1 F 0 0 0 0 # 1 
1 1 0 0 0 1 0 1 
1 0 0 0 0 H # 1 
1 0 0 0 1 1 1 1 
1 0 # 0 0 0 0 1 
1 S 1 1 1 1 1 1 
r32 P14 T6

Map8
1 1 1 1 1 1 1 1 
1 0 0 F 0 0 0 1 
1 0 0 0 0 # H 1 
1 # # # F # 0 1 
1 1 0 0 H F 0 1 
1 1 0 # 1 0 F 1 
1 F 0 0 # # 1 1 
1 1 1 G 1 S 1 1 
d32 P51 T4

Map8
1 1 1 S 1 1 1 1 
1 0 1 0 0 0 1 1 
1 H H 0 H 0 F 1 
1 0 1 0 F 0 0 1 
G 0 F 0 0 0 0 1 
1 0 0 F 1 H 0 1 
1 1 0 0 1 0 0 1 
1 1 1 1 1 1 1 1 
l34 T3

Map8
1 1 1 1 1 1 1 1 
1 0 1 0 1 0 0 1 
1 0 0 F 0 0 0 1 
1 0 0 0 0 F # 1 
1 0 # 0 H 0 0 1 
1 0 H F F H 0 1 
G 0 0 0 F 1 # 1 
1 1 1 1 1 1 S 1 
l62 T5

Map8
1 1 G 1 1 1 1 1 
1 # 0 # 1 0 0 1 
1 0 # 0 0 0 0 1 
1 # 0 1 0 F 0 1 
1 1 H H 0 1 0 S 
1 0 # H 0 H # 1 
1 1 0 0 1 0 1 1 
1 1 1 1 1 1 1 1 
l62 T7

Map8
1 1 1 1 1 1 1 1 
1 0 0 1 0 1 # 1 
1 1 1 0 H 0 0 1 
1 0 # # 1 0 # G 
1 F 0 1 F # 0 1 
1 0 1 0 0 # H 1 
1 0 H # 0 # 0 1 
1 1 1 S 1 1 1 1 
r53 p46 T7

Map8
1 1 1 1 1 1 1 1 
1 0 0 1 0 0 0 G 
1 0 0 0 # 0 1 1 
1 0 F F H 0 0 S 
1 # 0 0 1 # 0 1 
1 0 # 1 0 0 H 1 
1 0 0 0 # 0 0 1 
1 1 1 1 1 1 1 1 
r12 D52 T7

Map8
1 1 1 1 1 1 1 1 
1 0 0 0 0 1 # 1 
1 0 # 0 0 0 0 1 
1 0 1 0 0 0 0 G 
1 0 0 0 0 0 # 1 
S 0 0 0 0 H 0 1 
1 0 0 1 0 0 0 1 
1 1 1 1 1 1 1 1 
r33 P45 T4

Map8
1 S 1 1 1 1 1 1 
1 # F 1 1 # 0 1 
1 0 0 0 1 0 F 1 
1 1 0 1 0 # F 1 
1 0 # 1 0 H 0 1 
G 0 0 0 F 1 0 1 
1 0 # 0 0 0 # 1 
1 1 1 1 1 1 1 1 
l25 P32 T5

Map8
1 1 1 1 1 1 1 1 
1 0 0 0 H 0 0 1 
1 0 0 0 # 0 H 1 
1 # 0 # F 0 0 1 
1 # 0 1 H F 0 1 
1 0 F # 0 # 0 1 
1 F # 0 0 0 0 1 
1 1 S 1 G 1 1 1 
d45 R15 T3

Map8
1 1 1 1 1 G S 1 
1 1 # 0 0 # 0 1 
1 0 1 0 # 0 # 1 
1 0 0 0 # 1 0 1 
1 H 0 0 0 0 H 1 
1 0 0 # 0 0 0 1 
1 0 # 0 # 0 0 1 
1 1 1 1 1 1 1 1 
u52 P63 T4

Map8
1 1 1 G 1 1 1 1 
1 0 0 0 0 0 # 1 
1 0 F 0 # 1 0 1 
1 1 F 0 0 0 H 1 
1 0 0 # H 0 0 1 
1 0 0 0 0 0 0 1 
1 0 0 0 F 0 # 1 
1 1 1 1 S 1 1 1 
u35 L55 T3

Map8
1 1 G 1 1 1 1 1 
1 0 0 0 H H 0 1 
1 0 0 0 0 H 0 1 
1 H 0 # 1 0 0 1 
1 0 0 0 0 0 1 1 
1 # 0 # 0 0 0 1 
1 # 0 0 # # # 1 
1 S 1 1 1 1 1 1 
u26 P14 T5

Map8
1 1 1 1 1 1 1 1 
1 # 1 # 0 # 0 1 
1 0 0 F 0 0 0 1 
1 0 0 0 0 0 0 1 
1 0 0 0 F # 0 1 
1 0 H 0 # H F 1 
G 0 0 H F 0 1 1 
1 1 1 1 S 1 1 1 
l42 T5

Map8
1 1 1 1 1 1 1 1 
1 # 0 1 H 0 # 1 
1 1 0 0 1 0 0 G 
1 0 0 0 H 0 1 1 
1 0 0 0 H 0 0 1 
1 0 0 0 # 0 0 1 
1 H 0 0 0 1 H 1 
1 1 S 1 1 1 1 1 
u55 P24 T7

Map8
1 1 1 1 1 1 1 1 
1 0 H 0 F H 0 1 
1 # 0 0 0 0 0 1 
1 0 0 0 0 0 0 S 
1 0 0 H 0 H # G 
1 1 F 0 0 0 F 1 
1 F 0 0 0 0 0 1 
1 1 1 1 1 1 1 1 
l63 p13 T6

Map8
1 1 1 1 1 1 S 1 
1 1 0 0 0 1 # 1 
1 # 0 1 0 0 0 1 
G 0 0 0 1 0 # 1 
1 0 0 0 # H 0 1 
1 0 # 0 H 0 0 1 
1 0 0 1 1 0 1 1 
1 1 1 1 1 1 1 1 
l62 P24 T8

Map8
1 1 G 1 1 S 1 1 
1 1 0 0 1 0 0 1 
1 0 F 0 0 0 0 1 
1 0 F 0 0 0 1 1 
1 F 0 0 0 0 0 1 
1 1 0 1 0 0 # 1 
1 0 H 1 # H 0 1 
1 1 1 1 1 1 1 1 
u33 P54 T6

Map8
1 S 1 1 1 1 1 1 
1 0 # 0 0 0 0 1 
1 1 0 0 0 0 1 1 
1 # H 0 1 # F 1 
1 # H 0 0 0 0 1 
1 0 F 0 0 0 1 1 
G 0 1 0 0 # 0 1 
1 1 1 1 1 1 1 1 
d31 L45 T7

Map8
1 1 1 1 1 1 1 1 
1 0 0 0 F 0 0 1 
1 0 0 1 0 # 0 1 
1 0 F 0 0 0 0 1 
1 0 F 0 H # # 1 
1 0 0 0 0 # 0 1 
1 0 # F # 0 # 1 
1 1 1 S G 1 1 1 
d45 p14 T7

Map8
1 1 1 G 1 1 1 1 
1 0 0 F F 0 0 1 
1 0 0 0 0 0 1 1 
1 0 0 0 0 H 0 1 
1 # 0 0 0 0 0 1 
1 0 0 0 0 0 0 1 
S 0 0 1 F 0 0 1 
1 1 1 1 1 1 1 1 
u32 p23 T6

Map8
1 1 1 1 1 1 1 1 
1 0 0 F 0 0 0 1 
1 1 1 0 F 0 F 1 
1 # 0 0 1 F 0 1 
1 1 # 0 F 0 0 G 
1 0 1 0 1 0 0 1 
1 0 0 0 0 0 0 1 
1 1 S 1 1 1 1 1 
r54 p46 T6

Map8
1 1 1 1 1 1 1 1 
1 0 0 0 F 0 F 1 
1 0 0 # 0 0 1 1 
1 1 # 1 H 0 F 1 
G 0 0 1 0 0 # 1 
1 F # 0 0 0 # 1 
1 # 0 1 0 0 0 S 
1 1 1 1 1 1 1 1 
d21 p66 T9

Map8
1 1 1 1 1 1 1 1 
1 0 F 0 0 1 0 1 
1 0 1 F 0 F # 1 
1 0 0 # 1 0 0 1 
S # 0 # # 0 F 1 
1 0 # 0 0 0 0 1 
1 0 0 F 0 1 1 1 
1 1 G 1 1 1 1 1 
d24 P54 T8
