Map8
1 1 1 1 1 1 1 1 
1 1 1 G 1 1 1 1 
1 1 0 0 H 0 1 1 
1 1 0 F 0 1 1 1 
1 1 0 0 F 0 1 1 
1 S F 0 0 0 1 1 
1 1 1 1 1 1 1 1 
1 1 1 1 1 1 1 1 
u35 T3

Map8
1 1 1 1 1 1 1 1 
1 1 1 1 1 1 1 1 
1 1 0 0 0 H 1 1 
1 1 0 0 1 0 1 1 
1 1 0 0 0 0 G 1 
1 1 F # 0 0 1 1 
1 1 S 1 1 1 1 1 
1 1 1 1 1 1 1 1 
r24 T4

Map8
1 1 1 1 1 1 1 1 
1 1 1 S 1 1 1 1 
1 1 0 # 1 0 1 1 
1 1 0 0 0 0 G 1 
1 1 0 0 0 0 1 1 
1 1 0 0 0 0 1 1 
1 1 1 1 1 1 1 1 
1 1 1 1 1 1 1 1 
r23 T5

Map8
1 1 1 1 1 1 1 1 
1 1 1 1 1 1 1 1 
1 1 0 0 F 0 1 1 
1 1 0 0 0 F S 1 
1 1 0 0 0 0 1 1 
1 1 0 1 0 0 G 1 
1 1 1 1 1 1 1 1 
1 1 1 1 1 1 1 1 
d43 T5

Map8
1 1 1 1 1 1 1 1 
1 1 1 1 1 1 1 1 
1 1 F 0 0 H 1 1 
1 1 1 0 0 0 1 1 
1 1 0 0 0 H 1 1 
1 G 0 0 F F 1 1 
1 1 1 1 S 1 1 1 
1 1 1 1 1 1 1 1 
l44 T6

Map8
1 1 1 1 1 1 1 1 
1 1 1 1 1 1 1 1 
1 1 F 0 0 1 1 1 
1 1 F 0 0 0 1 1 
1 1 0 F H 0 1 1 
1 1 0 0 1 0 G 1 
1 1 1 S 1 1 1 1 
1 1 1 1 1 1 1 1 
r33 T5

Map8
1 1 1 1 1 1 1 1 
1 1 1 1 1 1 1 1 
1 1 0 0 0 0 1 1 
1 S 0 F 0 0 1 1 
1 1 H F 0 0 1 1 
1 1 0 0 0 1 1 1 
1 1 G 1 1 1 1 1 
1 1 1 1 1 1 1 1 
d43 T5

Map8
1 1 1 1 1 1 1 1 
1 1 1 1 G 1 1 1 
1 1 F 0 0 1 1 1 
1 1 0 0 F 0 1 1 
1 S F F 0 0 1 1 
1 1 H H 0 0 1 1 
1 1 1 1 1 1 1 1 
1 1 1 1 1 1 1 1 
u44 T3

Map8
1 1 1 1 1 1 1 1 
1 1 1 1 1 1 1 1 
1 G 0 0 0 0 1 1 
1 1 H 0 F 1 1 1 
1 S 0 1 F 0 1 1 
1 1 # F 0 0 1 1 
1 1 1 1 1 1 1 1 
1 1 1 1 1 1 1 1 
u45 T6

Map8
1 1 1 1 1 1 1 1 
1 1 1 1 G 1 1 1 
1 1 1 0 0 0 1 1 
1 1 0 0 0 0 1 1 
1 1 0 # 0 0 S 1 
1 1 0 0 1 0 1 1 
1 1 1 1 1 1 1 1 
1 1 1 1 1 1 1 1 
u44 T3

Map8
1 1 1 1 1 1 1 1 
1 1 1 1 1 1 1 1 
1 1 0 0 0 F S 1 
1 1 0 0 0 0 1 1 
1 1 1 0 F 1 1 1 
1 1 1 0 F 0 1 1 
1 1 1 1 G 1 1 1 
1 1 1 1 1 1 1 1 
d42 T3

Map8
1 1 1 1 1 1 1 1 
1 1 1 1 1 1 1 1 
1 1 0 0 0 1 1 1 
1 1 0 0 F F 1 1 
1 1 1 0 0 F G 1 
1 1 0 F H # 1 1 
1 1 1 S 1 1 1 1 
1 1 1 1 1 1 1 1 
r34 T3

Map8
1 1 1 1 1 1 1 1 
1 1 1 1 1 1 1 1 
1 1 F 0 F 1 1 1 
1 1 0 0 0 1 1 1 
1 1 # 0 F 0 G 1 
1 1 1 F 0 0 1 1 
1 1 1 S 1 1 1 1 
1 1 1 1 1 1 1 1 
r34 T4

Map8
1 1 1 1 1 1 1 1 
1 1 1 1 1 1 1 1 
1 1 0 0 1 0 G 1 
1 1 0 F 0 0 1 1 
1 1 0 0 0 F 1 1 
1 1 0 0 H # 1 1 
1 1 S 1 1 1 1 1 
1 1 1 1 1 1 1 1 
r23 T5

Map8
1 1 1 1 1 1 1 1 
1 1 G 1 1 S 1 1 
1 1 0 # F F 1 1 
1 1 0 0 0 0 1 1 
1 1 0 1 0 0 1 1 
1 1 F 0 0 0 1 1 
1 1 1 1 1 1 1 1 
1 1 1 1 1 1 1 1 
l53 T5

Map8
1 1 1 1 1 1 1 1 
1 1 1 1 1 1 1 1 
1 1 0 F 0 0 S 1 
1 1 0 0 # H 1 1 
1 1 1 0 0 0 1 1 
1 1 0 0 0 0 1 1 
1 1 1 1 G 1 1 1 
1 1 1 1 1 1 1 1 
d42 T3

Map8
1 1 1 1 1 1 1 1 
1 1 1 G 1 1 1 1 
1 1 0 0 1 0 1 1 
1 1 # 0 0 0 1 1 
1 1 0 0 F 0 1 1 
1 S F 0 0 0 1 1 
1 1 1 1 1 1 1 1 
1 1 1 1 1 1 1 1 
u35 T7

Map8
1 1 1 1 1 1 1 1 
1 1 1 1 S 1 1 1 
1 1 0 1 F 0 1 1 
1 G 0 0 0 0 1 1 
1 1 1 0 0 0 1 1 
1 1 F # 0 1 1 1 
1 1 1 1 1 1 1 1 
1 1 1 1 1 1 1 1 
l43 T4

Map8
1 1 1 1 1 1 1 1 
1 1 1 1 1 1 1 1 
1 1 0 1 0 0 1 1 
1 G 0 0 F 0 1 1 
1 S 0 F 0 # 1 1 
1 1 0 F 0 0 1 1 
1 1 1 1 1 1 1 1 
1 1 1 1 1 1 1 1 
l53 T4

Map8
1 1 1 1 1 1 1 1 
1 1 1 1 1 1 1 1 
1 1 1 0 0 1 1 1 
1 1 H 0 # 0 1 1 
1 G 0 0 0 0 1 1 
1 1 0 0 0 1 1 1 
1 1 1 1 S 1 1 1 
1 1 1 1 1 1 1 1 
l44 T3

Map8
1 1 1 1 1 1 1 1 
1 1 1 1 1 1 1 1 
1 1 0 1 0 0 1 1 
1 G 0 0 0 0 1 1 
1 1 0 F 0 0 1 1 
1 S 0 0 0 0 1 1 
1 1 1 1 1 1 1 1 
1 1 1 1 1 1 1 1 
l53 T4

Map8
1 1 1 1 1 1 1 1 
1 1 1 1 1 1 1 1 
1 1 1 # 0 0 1 1 
1 1 0 F F 1 1 1 
1 G 0 0 0 H 1 1 
1 1 F 0 F 1 1 1 
1 1 1 1 S 1 1 1 
1 1 1 1 1 1 1 1 
l44 T3

Map8
1 1 1 1 1 1 1 1 
1 1 G 1 1 1 1 1 
1 1 0 1 0 0 S 1 
1 1 0 0 0 0 1 1 
1 1 0 1 0 0 1 1 
1 1 0 0 H 1 1 1 
1 1 1 1 1 1 1 1 
1 1 1 1 1 1 1 1 
l53 T6

Map8
1 1 1 1 1 1 1 1 
1 1 1 G 1 S 1 1 
1 1 F 0 0 0 1 1 
1 1 1 F 0 F 1 1 
1 1 0 0 0 0 1 1 
1 1 0 0 0 0 1 1 
1 1 1 1 1 1 1 1 
1 1 1 1 1 1 1 1 
u35 T4

Map8
1 1 1 1 1 1 1 1 
1 1 1 1 G 1 1 1 
1 1 0 0 0 1 1 1 
1 S 0 F F # 1 1 
1 1 0 0 0 0 1 1 
1 1 0 1 0 0 1 1 
1 1 1 1 1 1 1 1 
1 1 1 1 1 1 1 1 
l54 T7

Map8
1 1 1 1 1 1 1 1 
1 1 1 G 1 1 1 1 
1 1 F 0 0 F 1 1 
1 1 0 F 1 0 1 1 
1 1 0 0 0 1 1 1 
1 S F 0 0 0 1 1 
1 1 1 1 1 1 1 1 
1 1 1 1 1 1 1 1 
u35 T4

Map8
1 1 1 1 1 1 1 1 
1 1 1 1 1 1 1 1 
1 1 0 0 0 0 S 1 
1 G 0 0 0 0 1 1 
1 1 0 0 0 0 1 1 
1 1 H 0 0 1 1 1 
1 1 1 1 1 1 1 1 
1 1 1 1 1 1 1 1 
r22 T6

Map8
1 1 1 1 1 1 1 1 
1 1 1 1 1 1 1 1 
1 1 1 0 0 F 1 1 
1 S F 0 0 0 1 1 
1 1 0 0 0 0 1 1 
1 1 F F 0 1 1 1 
1 1 1 G 1 1 1 1 
1 1 1 1 1 1 1 1 
d33 T3

Map8
1 1 1 1 1 1 1 1 
1 1 1 1 1 1 1 1 
1 1 0 0 1 0 1 1 
1 1 0 # 0 0 G 1 
1 1 0 0 H 1 1 1 
1 1 0 0 1 0 1 1 
1 1 S 1 1 1 1 1 
1 1 1 1 1 1 1 1 
r23 T3

Map8
1 1 1 1 1 1 1 1 
1 1 1 1 1 1 1 1 
1 1 0 0 1 0 1 1 
1 1 0 0 0 0 1 1 
1 1 0 0 H F 1 1 
1 1 0 # 1 0 G 1 
1 1 S 1 1 1 1 1 
1 1 1 1 1 1 1 1 
r23 T5

Map8
1 1 1 1 1 1 1 1 
1 1 1 1 1 1 1 1 
1 1 0 F 0 0 S 1 
1 1 0 0 0 0 1 1 
1 1 1 0 0 1 1 1 
1 1 0 0 0 F G 1 
1 1 1 1 1 1 1 1 
1 1 1 1 1 1 1 1 
d42 T4

Map8
1 1 1 1 1 1 1 1 
1 1 1 1 1 S 1 1 
1 G 0 0 F 0 1 1 
1 1 0 F 0 # 1 1 
1 1 0 0 0 F 1 1 
1 1 1 1 0 0 1 1 
1 1 1 1 1 1 1 1 
1 1 1 1 1 1 1 1 
l52 T3

Map8
1 1 1 1 1 1 1 1 
1 1 1 1 1 1 1 1 
1 1 1 1 0 F 1 1 
1 S 0 F 0 0 1 1 
1 1 F 0 0 0 1 1 
1 G 0 0 0 1 1 1 
1 1 1 1 1 1 1 1 
1 1 1 1 1 1 1 1 
d23 T4

Map8
1 1 1 1 1 1 1 1 
1 1 S 1 G 1 1 1 
1 1 0 H F 0 1 1 
1 1 F 0 0 1 1 1 
1 1 0 0 0 0 1 1 
1 1 0 F 0 0 1 1 
1 1 1 1 1 1 1 1 
1 1 1 1 1 1 1 1 
u45 T4

Map8
1 1 1 1 1 1 1 1 
1 1 1 1 1 1 1 1 
1 1 0 H 0 0 1 1 
1 1 0 1 0 0 1 1 
1 1 0 0 0 0 1 1 
1 G 0 0 H F 1 1 
1 1 1 1 1 S 1 1 
1 1 1 1 1 1 1 1 
l54 T6

Map8
1 1 1 1 1 1 1 1 
1 1 1 1 1 1 1 1 
1 S 0 F 0 0 1 1 
1 1 H 0 0 0 1 1 
1 1 H F F 1 1 1 
1 1 0 0 0 0 1 1 
1 1 1 1 G 1 1 1 
1 1 1 1 1 1 1 1 
d42 T3

Map8
1 1 1 1 1 1 1 1 
1 1 1 1 1 1 1 1 
1 1 0 0 1 0 1 1 
1 1 0 F 0 0 1 1 
1 S 0 0 1 0 1 1 
1 1 0 1 0 # 1 1 
1 1 1 1 1 G 1 1 
1 1 1 1 1 1 1 1 
r23 T6

Map8
1 1 1 1 1 1 1 1 
1 1 1 1 1 1 1 1 
1 1 0 0 0 1 1 1 
1 1 F 0 0 F G 1 
1 1 # 0 H 0 1 1 
1 1 0 0 H 0 1 1 
1 1 1 S 1 1 1 1 
1 1 1 1 1 1 1 1 
r33 T3

Map8
1 1 1 1 1 1 1 1 
1 1 1 1 1 G 1 1 
1 1 0 1 0 0 1 1 
1 1 0 0 0 F 1 1 
1 1 1 0 0 F S 1 
1 1 F F 0 0 1 1 
1 1 1 1 1 1 1 1 
1 1 1 1 1 1 1 1 
u44 T5

Map8
1 1 1 1 1 1 1 1 
1 1 1 1 1 1 1 1 
1 1 0 0 F F S 1 
1 1 0 0 0 0 1 1 
1 1 1 # 0 H 1 1 
1 1 0 0 0 F 1 1 
1 1 1 G 1 1 1 1 
1 1 1 1 1 1 1 1 
d32 T3

Map8
1 1 1 1 1 1 1 1 
1 1 1 1 1 1 1 1 
1 1 0 0 0 0 S 1 
1 1 0 0 0 0 1 1 
1 1 1 0 0 0 1 1 
1 1 0 F 0 0 1 1 
1 1 1 G 1 1 1 1 
1 1 1 1 1 1 1 1 
d32 T3

Map8
1 1 1 1 1 1 1 1 
1 1 1 1 1 1 1 1 
1 1 1 1 0 0 1 1 
1 1 F 0 0 0 1 1 
1 G 0 0 0 0 1 1 
1 1 0 0 H 0 1 1 
1 1 1 1 1 S 1 1 
1 1 1 1 1 1 1 1 
l54 T3

Map8
1 1 1 1 1 1 1 1 
1 1 1 1 1 1 1 1 
1 1 1 0 0 H 1 1 
1 G 0 0 0 0 1 1 
1 1 1 0 0 0 1 1 
1 1 1 0 0 0 1 1 
1 1 1 1 S 1 1 1 
1 1 1 1 1 1 1 1 
l43 T3

Map8
1 1 1 1 1 1 1 1 
1 1 1 1 1 S 1 1 
1 1 0 0 0 F 1 1 
1 1 0 F 0 # 1 1 
1 G 0 0 F 0 1 1 
1 1 F 1 0 0 1 1 
1 1 1 1 1 1 1 1 
1 1 1 1 1 1 1 1 
l54 T3

Map8
1 1 1 1 1 1 1 1 
1 1 1 1 1 1 1 1 
1 1 0 0 0 0 1 1 
1 1 0 0 1 0 1 1 
1 1 0 0 F F G 1 
1 1 F 0 0 0 1 1 
1 1 S 1 1 1 1 1 
1 1 1 1 1 1 1 1 
r24 T4

Map8
1 1 1 1 1 1 1 1 
1 1 1 1 1 G 1 1 
1 1 1 0 0 0 1 1 
1 1 0 0 F 1 1 1 
1 1 # F 0 0 S 1 
1 1 F F 0 0 1 1 
1 1 1 1 1 1 1 1 
1 1 1 1 1 1 1 1 
u44 T5

Map8
1 1 1 1 1 1 1 1 
1 1 1 1 1 1 1 1 
1 1 0 0 0 0 1 1 
1 1 0 0 0 # 1 1 
1 1 1 0 0 0 1 1 
1 1 0 0 F 0 1 1 
1 1 1 G 1 S 1 1 
1 1 1 1 1 1 1 1 
d32 T4

Map8
1 1 1 1 1 1 1 1 
1 1 1 1 1 1 1 1 
1 1 0 0 0 1 1 1 
1 1 F F 0 0 1 1 
1 S 0 F 0 0 1 1 
1 G 0 0 0 1 1 1 
1 1 1 1 1 1 1 1 
1 1 1 1 1 1 1 1 
u24 T6

Map8
1 1 1 1 1 1 1 1 
1 1 1 1 1 1 1 1 
1 1 0 0 0 0 S 1 
1 1 0 # F 0 1 1 
1 1 1 F 0 0 1 1 
1 1 F F 1 0 1 1 
1 1 1 G 1 1 1 1 
1 1 1 1 1 1 1 1 
d32 T3

Map8
1 1 1 1 1 1 1 1 
1 1 1 1 1 1 1 1 
1 S 0 0 F 0 1 1 
1 1 F 0 0 0 1 1 
1 1 0 F 0 1 1 1 
1 1 0 0 0 0 G 1 
1 1 1 1 1 1 1 1 
1 1 1 1 1 1 1 1 
d22 T4

Map8
1 1 1 1 1 1 1 1 
1 1 1 1 S 1 1 1 
1 1 0 0 0 0 1 1 
1 1 0 0 0 0 1 1 
1 1 1 0 F F 1 1 
1 1 # F 0 0 1 1 
1 1 1 G 1 1 1 1 
1 1 1 1 1 1 1 1 
d32 T6

Map8
1 1 1 1 1 1 1 1 
1 1 1 1 1 1 1 1 
1 1 0 0 0 0 S 1 
1 1 0 0 0 # 1 1 
1 1 1 0 0 0 1 1 
1 1 0 0 0 F 1 1 
1 1 1 G 1 1 1 1 
1 1 1 1 1 1 1 1 
d32 T3

Map8
1 1 1 1 1 1 1 1 
1 1 1 1 1 1 1 1 
1 1 0 0 0 0 1 1 
1 1 0 0 0 0 S 1 
1 1 0 0 0 0 1 1 
1 1 1 0 H F 1 1 
1 1 1 G 1 1 1 1 
1 1 1 1 1 1 1 1 
d33 T3

Map8
1 1 1 1 1 1 1 1 
1 1 1 1 1 1 1 1 
1 1 0 0 1 0 1 1 
1 1 0 1 0 # 1 1 
1 G 0 F 0 0 1 1 
1 1 0 0 0 F 1 1 
1 1 1 1 1 S 1 1 
1 1 1 1 1 1 1 1 
l54 T4

Map8
1 1 1 1 1 1 1 1 
1 1 1 1 1 1 1 1 
1 1 1 0 0 1 1 1 
1 1 0 F F 1 1 1 
1 1 H 0 F 0 1 1 
1 1 0 0 H 0 G 1 
1 1 1 S 1 1 1 1 
1 1 1 1 1 1 1 1 
r34 T5

Map8
1 1 1 1 1 1 1 1 
1 1 1 1 1 S 1 1 
1 1 0 1 1 # 1 1 
1 1 0 0 F 0 1 1 
1 1 0 0 0 0 1 1 
1 1 0 1 0 0 1 1 
1 1 G 1 1 1 1 1 
1 1 1 1 1 1 1 1 
l53 T4

Map8
1 1 1 1 1 1 1 1 
1 1 1 1 1 1 1 1 
1 1 0 0 H 0 1 1 
1 1 0 0 1 1 1 1 
1 1 0 0 0 0 G 1 
1 1 F 0 1 0 1 1 
1 1 S 1 1 1 1 1 
1 1 1 1 1 1 1 1 
r24 T4

Map8
1 1 1 1 1 1 1 1 
1 1 1 1 1 1 1 1 
1 S F 0 0 0 1 1 
1 1 0 F # 0 1 1 
1 1 F 0 1 F 1 1 
1 1 0 0 0 0 1 1 
1 1 1 G 1 1 1 1 
1 1 1 1 1 1 1 1 
d32 T4

Map8
1 1 1 1 1 1 1 1 
1 1 1 1 1 1 1 1 
1 1 0 1 0 0 G 1 
1 1 0 0 0 0 1 1 
1 1 0 0 0 F S 1 
1 1 F 0 0 0 1 1 
1 1 1 1 1 1 1 1 
1 1 1 1 1 1 1 1 
u44 T5

Map8
1 1 1 1 1 1 1 1 
1 1 1 1 1 1 1 1 
1 S F 0 0 0 1 1 
1 1 1 0 0 H 1 1 
1 1 0 0 1 0 1 1 
1 1 0 1 0 0 1 1 
1 1 G 1 1 1 1 1 
1 1 1 1 1 1 1 1 
d32 T6

Map8
1 1 1 1 1 1 1 1 
1 1 1 1 1 1 1 1 
1 S 0 0 F 0 1 1 
1 1 0 0 0 0 1 1 
1 1 H 0 0 1 1 1 
1 1 1 0 H 0 1 1 
1 1 1 G 1 1 1 1 
1 1 1 1 1 1 1 1 
d32 T3

Map8
1 1 1 1 1 1 1 1 
1 1 1 1 1 1 1 1 
1 1 F 0 0 F 1 1 
1 1 0 0 0 0 S 1 
1 1 0 F 0 0 1 1 
1 1 1 0 0 0 1 1 
1 1 1 1 G 1 1 1 
1 1 1 1 1 1 1 1 
d43 T3

Map8
1 1 1 1 1 1 1 1 
1 1 1 1 1 1 1 1 
1 1 0 0 F H 1 1 
1 S F 0 0 0 1 1 
1 1 # 0 0 1 1 1 
1 1 0 0 1 H 1 1 
1 1 1 G 1 1 1 1 
1 1 1 1 1 1 1 1 
d33 T4

Map8
1 1 1 1 1 1 1 1 
1 1 1 G 1 1 1 1 
1 1 0 F 1 0 1 1 
1 1 0 0 0 1 1 1 
1 S F 0 0 0 1 1 
1 1 F 0 H 0 1 1 
1 1 1 1 1 1 1 1 
1 1 1 1 1 1 1 1 
u34 T4

Map8
1 1 1 1 1 1 1 1 
1 1 1 S 1 1 1 1 
1 1 0 F 1 0 1 1 
1 1 0 0 0 0 G 1 
1 1 0 0 0 1 1 1 
1 1 0 0 F 1 1 1 
1 1 1 1 1 1 1 1 
1 1 1 1 1 1 1 1 
r33 T4

Map8
1 1 1 1 1 1 1 1 
1 1 1 1 1 1 1 1 
1 1 0 0 1 0 1 1 
1 1 0 0 0 0 1 1 
1 1 0 # 0 0 G 1 
1 1 0 0 0 0 1 1 
1 1 S 1 1 1 1 1 
1 1 1 1 1 1 1 1 
r24 T3

Map8
1 1 1 1 1 1 1 1 
1 1 1 G 1 1 1 1 
1 1 0 0 0 1 1 1 
1 1 H 0 F 0 1 1 
1 S 0 0 F 0 1 1 
1 1 0 0 0 0 1 1 
1 1 1 1 1 1 1 1 
1 1 1 1 1 1 1 1 
u34 T3

Map8
1 1 1 1 1 1 1 1 
1 1 1 1 1 1 1 1 
1 1 0 0 0 0 1 1 
1 1 0 0 0 1 1 1 
1 1 0 0 0 0 1 1 
1 1 0 F 0 0 1 1 
1 1 1 S 1 G 1 1 
1 1 1 1 1 1 1 1 
r34 T5

Map8
1 1 1 1 1 1 1 1 
1 1 1 1 1 G 1 1 
1 1 0 0 1 0 1 1 
1 1 0 0 0 0 1 1 
1 1 0 0 1 0 1 1 
1 1 0 H 1 0 1 1 
1 1 S 1 1 1 1 1 
1 1 1 1 1 1 1 1 
r23 T4

Map8
1 1 1 1 1 1 1 1 
1 1 1 1 1 1 1 1 
1 1 0 0 1 # 1 1 
1 1 0 F 0 0 1 1 
1 1 0 0 0 0 1 1 
1 S 0 0 1 0 G 1 
1 1 1 1 1 1 1 1 
1 1 1 1 1 1 1 1 
r23 T7

Map8
1 1 1 1 1 1 1 1 
1 1 1 1 1 1 1 1 
1 1 0 0 H 0 1 1 
1 1 0 0 0 0 1 1 
1 G 0 0 0 0 1 1 
1 1 1 1 0 0 S 1 
1 1 1 1 1 1 1 1 
1 1 1 1 1 1 1 1 
l54 T7

Map8
1 1 1 1 1 1 1 1 
1 1 1 1 1 1 1 1 
1 1 0 0 0 F 1 1 
1 S F 0 0 0 1 1 
1 1 0 0 0 0 1 1 
1 1 F 0 0 1 1 1 
1 1 1 G 1 1 1 1 
1 1 1 1 1 1 1 1 
d33 T3

Map8
1 1 1 1 1 1 1 1 
1 1 1 1 1 1 1 1 
1 1 0 0 1 1 1 1 
1 1 0 1 0 0 1 1 
1 G F 0 0 0 1 1 
1 1 0 0 0 F 1 1 
1 1 1 1 1 S 1 1 
1 1 1 1 1 1 1 1 
l54 T3

Map8
1 1 1 1 1 1 1 1 
1 1 1 1 1 1 1 1 
1 1 0 0 1 0 1 1 
1 1 0 0 0 0 G 1 
1 1 F F 0 0 1 1 
1 1 0 0 0 0 1 1 
1 1 S 1 1 1 1 1 
1 1 1 1 1 1 1 1 
r23 T3

Map8
1 1 1 1 1 1 1 1 
1 1 1 1 1 1 1 1 
1 1 H 0 0 1 1 1 
1 1 0 0 0 H 1 1 
1 1 0 0 F 0 G 1 
1 1 1 F 0 0 1 1 
1 1 1 S 1 1 1 1 
1 1 1 1 1 1 1 1 
r34 T3

Map8
1 1 1 1 1 1 1 1 
1 1 1 1 S 1 1 1 
1 G 0 1 F 0 1 1 
1 1 0 0 0 0 1 1 
1 1 1 0 0 0 1 1 
1 1 0 # 0 1 1 1 
1 1 1 1 1 1 1 1 
1 1 1 1 1 1 1 1 
l43 T6

Map8
1 1 1 1 1 1 1 1 
1 1 1 1 1 1 1 1 
1 1 0 0 1 0 1 1 
1 1 0 F 0 F G 1 
1 1 0 0 1 0 1 1 
1 1 0 0 0 1 1 1 
1 1 S 1 1 1 1 1 
1 1 1 1 1 1 1 1 
r23 T3

Map8
1 1 1 1 1 1 1 1 
1 1 1 1 1 S 1 1 
1 1 0 0 0 0 1 1 
1 1 0 0 H 0 1 1 
1 1 1 F 0 0 1 1 
1 1 0 0 0 1 1 1 
1 1 G 1 1 1 1 1 
1 1 1 1 1 1 1 1 
d32 T7

Map8
1 1 1 1 1 1 1 1 
1 1 S 1 1 1 1 1 
1 1 0 F 0 0 1 1 
1 1 0 0 # 0 1 1 
1 1 0 1 F 1 1 1 
1 1 0 H F 0 1 1 
1 1 1 1 G 1 1 1 
1 1 1 1 1 1 1 1 
d42 T5

Map8
1 1 1 1 1 1 1 1 
1 1 1 1 1 G 1 1 
1 1 0 0 0 0 1 1 
1 1 1 0 0 1 1 1 
1 1 0 F 0 0 1 1 
1 S 0 0 F 0 1 1 
1 1 1 1 1 1 1 1 
1 1 1 1 1 1 1 1 
u35 T5

Map8
1 1 1 1 1 1 1 1 
1 1 1 1 1 1 1 1 
1 1 1 0 1 0 1 1 
1 1 0 0 0 1 1 1 
1 1 H 0 0 0 1 1 
1 1 F F H 0 1 1 
1 1 1 S 1 G 1 1 
1 1 1 1 1 1 1 1 
r34 T5

Map8
1 1 1 1 1 1 1 1 
1 1 1 G 1 1 1 1 
1 1 1 F 0 0 1 1 
1 1 0 F F 1 1 1 
1 1 0 0 # 0 S 1 
1 1 F H 0 0 1 1 
1 1 1 1 1 1 1 1 
1 1 1 1 1 1 1 1 
u34 T3

Map8
1 1 1 1 1 1 1 1 
1 1 1 1 1 1 1 1 
1 1 0 0 0 0 1 1 
1 S F 0 0 1 1 1 
1 1 F 0 0 0 1 1 
1 G 0 0 1 0 1 1 
1 1 1 1 1 1 1 1 
1 1 1 1 1 1 1 1 
d33 T4

Map8
1 1 1 1 1 1 1 1 
1 1 1 1 1 1 1 1 
1 S 0 0 1 F 1 1 
1 1 0 F 0 0 G 1 
1 1 0 0 0 0 1 1 
1 1 1 0 0 0 1 1 
1 1 1 1 1 1 1 1 
1 1 1 1 1 1 1 1 
r23 T7

Map8
1 1 1 1 1 1 1 1 
1 1 1 1 1 1 1 1 
1 1 0 0 F 0 S 1 
1 1 0 F F 0 1 1 
1 1 1 0 # 1 1 1 
1 G F 0 0 0 1 1 
1 1 1 1 1 1 1 1 
1 1 1 1 1 1 1 1 
d32 T4

Map8
1 1 1 1 1 1 1 1 
1 1 1 1 1 1 1 1 
1 1 0 0 0 1 1 1 
1 1 0 0 0 F 1 1 
1 1 0 0 0 F G 1 
1 1 F 0 F 0 1 1 
1 1 1 S 1 1 1 1 
1 1 1 1 1 1 1 1 
r34 T3

Map8
1 1 1 1 1 1 1 1 
1 1 1 1 1 1 1 1 
1 1 0 0 0 0 S 1 
1 1 0 0 # F 1 1 
1 1 1 0 F 0 1 1 
1 1 H 0 F F 1 1 
1 1 1 1 G 1 1 1 
1 1 1 1 1 1 1 1 
d42 T3

Map8
1 1 1 1 1 1 1 1 
1 1 1 1 1 1 1 1 
1 1 1 0 0 0 1 1 
1 G F 0 0 0 1 1 
1 1 0 # 0 0 1 1 
1 1 0 1 0 H 1 1 
1 1 1 1 S 1 1 1 
1 1 1 1 1 1 1 1 
l43 T3

Map8
1 1 1 1 1 1 1 1 
1 1 1 1 1 1 1 1 
1 1 1 0 F F G 1 
1 1 0 F F 1 1 1 
1 1 0 0 0 0 S 1 
1 1 0 0 0 0 1 1 
1 1 1 1 1 1 1 1 
1 1 1 1 1 1 1 1 
u34 T4

Map8
1 1 1 1 1 1 1 1 
1 1 G 1 1 1 1 1 
1 1 0 1 0 0 1 1 
1 1 0 0 0 0 1 1 
1 1 H 0 F # 1 1 
1 1 H 1 1 0 1 1 
1 1 1 1 1 S 1 1 
1 1 1 1 1 1 1 1 
l53 T4

Map8
1 1 1 1 1 1 1 1 
1 1 G 1 1 1 1 1 
1 1 0 0 0 H 1 1 
1 1 1 H 0 1 1 1 
1 1 0 0 0 0 1 1 
1 1 0 0 0 0 S 1 
1 1 1 1 1 1 1 1 
1 1 1 1 1 1 1 1 
u45 T5

Map8
1 1 1 1 1 1 1 1 
1 1 1 1 1 1 1 1 
1 1 F F 0 0 1 1 
1 1 # 0 0 F S 1 
1 1 0 0 0 0 1 1 
1 1 1 0 0 F 1 1 
1 1 1 1 G 1 1 1 
1 1 1 1 1 1 1 1 
d43 T3

Map8
1 1 1 1 1 1 1 1 
1 1 1 1 1 1 1 1 
1 1 1 0 0 1 1 1 
1 1 0 0 0 0 S 1 
1 1 0 0 0 H 1 1 
1 1 1 H 0 0 1 1 
1 1 1 1 1 G 1 1 
1 1 1 1 1 1 1 1 
d43 T5

Map8
1 1 1 1 1 1 1 1 
1 1 1 1 1 1 1 1 
1 1 0 0 0 1 1 1 
1 1 F 0 # 0 1 1 
1 1 H 0 H 0 1 1 
1 1 0 0 1 0 1 1 
1 1 1 S 1 G 1 1 
1 1 1 1 1 1 1 1 
r33 T4

Map8
1 1 1 1 1 1 1 1 
1 1 1 1 G 1 1 1 
1 1 F 1 0 0 1 1 
1 1 0 0 0 0 1 1 
1 1 0 0 0 0 1 1 
1 1 0 # 0 F S 1 
1 1 1 1 1 1 1 1 
1 1 1 1 1 1 1 1 
u45 T7

Map8
1 1 1 1 1 1 1 1 
1 1 1 1 1 1 1 1 
1 S 0 F 0 1 1 1 
1 1 F 0 # 0 1 1 
1 1 0 F 1 F 1 1 
1 1 0 1 0 H 1 1 
1 1 G 1 1 1 1 1 
1 1 1 1 1 1 1 1 
d22 T3

Map8
1 1 1 1 1 1 1 1 
1 1 1 1 1 1 1 1 
1 1 0 0 0 # 1 1 
1 1 0 0 0 0 1 1 
1 1 1 0 0 0 1 1 
1 1 0 0 0 0 1 1 
1 1 1 G 1 S 1 1 
1 1 1 1 1 1 1 1 
d32 T4

Map8
1 1 1 1 1 1 1 1 
1 1 1 1 1 1 1 1 
1 1 0 1 0 0 1 1 
1 G 0 0 0 0 1 1 
1 1 0 0 0 0 1 1 
1 1 0 F 0 F 1 1 
1 1 1 1 1 S 1 1 
1 1 1 1 1 1 1 1 
l53 T3

Map8
1 1 1 1 1 1 1 1 
1 1 1 1 G 1 1 1 
1 1 F 0 F 0 1 1 
1 1 1 1 0 F 1 1 
1 1 0 0 0 0 1 1 
1 1 1 0 0 0 S 1 
1 1 1 1 1 1 1 1 
1 1 1 1 1 1 1 1 
u45 T3

Map8
1 1 1 1 1 1 1 1 
1 1 1 1 1 1 1 1 
1 1 1 0 0 H 1 1 
1 1 F # 0 0 1 1 
1 1 0 F 0 1 1 1 
1 1 0 1 F 0 1 1 
1 1 G 1 S 1 1 1 
1 1 1 1 1 1 1 1 
l44 T4

Map8
1 1 1 1 1 1 1 1 
1 1 1 1 1 1 1 1 
1 1 0 0 0 0 1 1 
1 1 0 0 0 0 S 1 
1 1 0 0 0 0 1 1 
1 1 1 0 0 H 1 1 
1 1 1 G 1 1 1 1 
1 1 1 1 1 1 1 1 
d33 T3

Map8
1 1 1 1 1 1 1 1 
1 1 S 1 1 1 1 1 
1 1 F 0 0 # 1 1 
1 1 0 0 0 0 1 1 
1 1 0 0 1 0 1 1 
1 1 0 H 1 0 G 1 
1 1 1 1 1 1 1 1 
1 1 1 1 1 1 1 1 
r23 T6

Map8
1 1 1 1 1 1 1 1 
1 1 1 1 1 1 1 1 
1 1 0 0 F 0 S 1 
1 1 0 0 0 0 1 1 
1 1 1 0 0 1 1 1 
1 1 0 0 H 0 1 1 
1 1 1 G 1 1 1 1 
1 1 1 1 1 1 1 1 
d32 T3
