Map8
1 1 1 1 1 1 1 1 
1 1 0 0 1 F 0 1 
1 1 0 0 1 F 0 1 
1 1 0 0 0 H 0 1 
1 1 0 0 # F F G 
1 1 0 0 # F 0 1 
1 1 1 1 1 S 1 1 
1 1 1 1 1 1 1 1 
r24 L65 T4

Map8
1 1 1 1 1 1 1 1 
1 0 0 0 0 F 0 1 
1 0 0 0 0 0 0 1 
1 0 0 0 0 0 1 1 
S 0 0 0 0 F 0 1 
1 1 # 0 0 0 0 1 
1 # H F 0 H # 1 
1 1 1 1 G 1 1 1 
d41 P24 T5

Map8
1 1 1 1 1 1 S 1 
1 1 0 0 F 0 # 1 
1 1 # 0 0 0 0 1 
1 1 0 F F F 0 1 
1 1 0 0 0 0 0 1 
1 1 0 H 0 F # 1 
1 1 1 1 1 G 1 1 
1 1 1 1 1 1 1 1 
d51 p21 T6

Map8
1 1 1 1 G 1 1 1 
1 0 0 H 0 0 0 1 
1 1 1 0 0 1 1 1 
1 0 H 0 0 0 F 1 
1 0 0 0 0 0 # 1 
1 H 0 0 # 0 0 1 
1 F 0 F 0 F 0 1 
1 1 1 S 1 1 1 1 
u44 R24 T4

Map8
1 1 G 1 1 1 S 1 
1 0 0 0 0 1 F 1 
1 0 0 H 0 0 0 1 
1 0 0 # 0 1 F 1 
1 0 # 0 0 0 0 1 
1 1 0 0 1 0 0 1 
1 0 F 0 0 F 0 1 
1 1 1 1 1 1 1 1 
l64 U25 T4

Map8
1 1 1 1 1 1 1 1 
1 1 1 1 1 1 1 1 
1 1 0 H H 0 1 1 
1 1 0 0 F 0 1 1 
1 G 0 # 0 0 1 1 
1 1 1 1 0 0 1 1 
1 1 1 1 S 1 1 1 
1 1 1 1 1 1 1 1 
l54 R33 T4

Map8
1 1 1 1 1 1 1 1 
1 0 0 0 1 0 0 1 
S 0 0 0 0 F 0 1 
G F 0 0 F 1 F 1 
1 1 0 0 0 0 F 1 
1 0 0 0 0 0 0 1 
1 1 0 0 0 1 0 1 
1 1 1 1 1 1 1 1 
l33 D31 T3

Map8
1 1 1 1 1 1 1 1 
1 1 1 1 1 1 1 1 
1 1 # # 0 0 0 1 
1 1 0 F 0 0 0 S 
1 1 0 0 0 0 H 1 
1 1 F 0 0 0 # 1 
1 1 F 0 0 0 0 1 
1 1 1 1 G 1 1 1 
l63 d42 T5

Map8
1 1 1 1 1 1 1 1 
1 1 H 1 0 0 # 1 
1 1 0 # 0 0 0 1 
1 1 # 0 0 0 0 1 
1 1 H 0 0 0 1 1 
1 1 0 0 1 0 0 S 
1 1 1 G 1 1 1 1 
1 1 1 1 1 1 1 1 
l52 P22 T5

Map8
1 1 1 1 1 1 1 1 
1 0 0 0 1 0 0 1 
1 0 0 # 1 1 0 1 
1 0 # # 0 1 0 1 
1 # 1 # 0 0 0 1 
1 # 0 # F 1 0 1 
1 F # 1 F 0 0 1 
1 1 1 1 G 1 S 1 
d44 p65 T5

Map8
1 1 1 1 1 1 1 1 
1 1 1 1 S 1 1 1 
1 1 0 0 0 H 1 1 
1 1 0 0 F 0 1 1 
1 1 1 0 0 F 1 1 
1 1 H 0 0 0 1 1 
1 1 1 G 1 1 1 1 
1 1 1 1 1 1 1 1 
d32 U44 T4

Map8
1 1 1 1 1 G 1 1 
S # 0 H 1 0 0 1 
1 0 0 0 0 F 0 1 
1 0 0 1 H 0 0 1 
1 # 1 F H F F 1 
1 0 1 # 0 1 1 1 
1 0 1 0 0 0 0 1 
1 1 1 1 1 1 1 1 
r12 P21 T8

Map8
1 1 1 1 1 1 1 1 
1 1 1 1 1 1 1 1 
1 1 # 0 1 0 1 1 
1 1 0 0 0 0 G 1 
1 S 0 H H 0 1 1 
1 1 0 1 1 0 1 1 
1 1 1 1 1 1 1 1 
1 1 1 1 1 1 1 1 
r23 U25 T3

Map8
1 1 1 1 1 1 1 1 
1 0 # 0 0 0 0 1 
1 0 0 1 1 0 1 1 
1 1 1 H 0 0 0 1 
S F F 0 F 0 # 1 
1 0 0 0 0 0 1 1 
1 0 0 0 0 1 0 1 
1 1 1 G 1 1 1 1 
d34 P43 T5

Map8
1 1 1 1 1 1 1 1 
1 0 0 0 0 0 0 1 
1 1 0 0 0 F H 1 
G F 0 0 0 0 0 1 
1 0 0 F 1 0 0 1 
1 1 F 0 0 0 F 1 
1 0 1 0 0 0 0 1 
1 1 1 1 1 1 S 1 
l33 P63 T8

Map8
1 1 G 1 1 1 1 1 
1 0 0 0 # 0 0 1 
1 1 0 1 0 0 0 1 
1 0 0 F 1 0 1 1 
1 1 # 0 1 # H 1 
1 # 0 0 0 1 0 1 
S 0 0 F # 0 0 1 
1 1 1 1 1 1 1 1 
u26 P56 T3

Map8
1 1 1 1 1 1 1 1 
1 0 # 0 0 0 # 1 
1 0 # 1 0 0 0 1 
1 0 0 H 0 0 F 1 
1 # 0 0 F 0 0 1 
1 0 0 0 0 H 0 G 
1 1 1 0 0 0 0 S 
1 1 1 1 1 1 1 1 
l66 p36 T6

Map8
1 1 1 1 1 1 1 1 
1 1 1 G 1 1 1 1 
1 F 0 0 0 1 1 1 
1 F 0 0 0 1 1 1 
1 1 F 0 F 0 1 1 
1 1 0 0 F 0 1 1 
1 0 0 0 0 F 1 1 
1 1 1 1 1 S 1 1 
u35 L54 T5

Map8
1 1 1 1 1 1 1 1 
1 0 H 0 0 0 0 1 
1 0 0 0 0 0 1 1 
1 0 F 0 0 0 1 1 
G 0 0 # 1 H H 1 
1 0 F 1 F 1 0 1 
1 0 0 1 # 1 0 1 
1 1 S 1 1 1 1 1 
d32 R12 T5

Map8
1 1 1 1 G 1 1 1 
1 0 # 1 0 1 0 S 
1 0 0 1 0 0 0 1 
1 0 0 0 1 0 # 1 
1 F 0 F # 0 # 1 
1 F 0 0 0 0 F 1 
1 0 0 F 0 0 0 1 
1 1 1 1 1 1 1 1 
u56 p26 T9

Map8
1 1 1 1 1 1 1 1 
1 0 H 1 0 0 0 1 
1 0 H F 0 H 0 1 
S 0 0 F 0 0 0 1 
1 H 0 0 0 H 0 1 
G 0 0 1 1 0 1 1 
1 0 0 # 1 0 0 1 
1 1 1 1 1 1 1 1 
d23 P26 T6

Map8
1 1 1 1 1 1 1 1 
1 1 0 # 1 0 0 1 
1 0 0 0 0 1 1 1 
1 H 0 # 1 0 0 1 
1 0 0 0 F 0 0 1 
1 F 0 0 0 0 0 1 
1 0 0 F 1 # 0 1 
1 1 G 1 1 1 S 1 
l64 D23 T3

Map8
1 1 1 1 1 1 1 1 
1 1 1 1 1 1 1 1 
1 0 0 0 H 0 1 1 
1 0 F # # F 1 1 
1 0 F 0 0 0 1 1 
1 F # F # 0 1 1 
1 # 0 0 0 F 1 1 
1 1 1 S 1 G 1 1 
r14 p36 T6

Map8
1 1 1 1 1 1 1 1 
1 H 0 0 0 0 1 1 
1 F F 0 H F 1 1 
1 # 0 F 0 F G 1 
S 0 0 # 0 # 1 1 
1 # 0 1 0 F 1 1 
1 1 1 1 1 1 1 1 
1 1 1 1 1 1 1 1 
r23 P41 T7

Map8
1 1 1 1 S 1 1 1 
1 0 0 0 0 0 0 1 
1 1 0 H 0 0 0 1 
1 0 0 0 0 0 0 1 
1 0 0 0 # 0 0 1 
1 0 0 0 H 0 0 1 
1 1 0 0 1 0 H 1 
1 1 1 G 1 1 1 1 
d34 L54 T3

Map8
1 1 1 1 1 G 1 1 
1 0 0 0 H 0 0 1 
1 0 0 1 0 # H 1 
1 0 0 F 0 # # 1 
S 0 0 0 0 1 H 1 
1 0 0 0 H 1 0 1 
1 0 0 0 0 0 0 1 
1 1 1 1 1 1 1 1 
r13 p43 T8

Map8
1 1 1 1 1 1 1 1 
1 1 1 G 1 1 1 1 
1 1 0 0 0 0 0 1 
1 S 0 0 F 1 H 1 
1 1 1 0 # 0 1 1 
1 1 0 0 0 0 0 1 
1 1 0 0 0 # 0 1 
1 1 1 1 1 1 1 1 
u36 D42 T4

Map8
1 1 1 1 1 1 1 1 
1 0 0 1 0 1 0 1 
1 1 H 0 0 0 1 1 
1 H 0 F # 0 0 1 
1 0 0 F 0 0 0 G 
1 0 1 1 F 0 0 1 
S F 0 0 0 1 H 1 
1 1 1 1 1 1 1 1 
r44 P41 T4

Map8
1 1 1 1 1 1 1 1 
1 1 1 1 1 1 1 1 
1 0 0 F 0 0 1 1 
1 0 0 0 0 # 1 1 
1 1 0 0 H 0 1 1 
G 0 0 0 # 0 1 1 
1 0 0 1 0 F S 1 
1 1 1 1 1 1 1 1 
d22 R35 T9

Map8
1 1 1 1 1 1 1 1 
1 0 H 0 0 0 0 1 
1 0 0 0 F 0 1 1 
1 0 0 0 # 0 0 1 
1 # # 0 0 0 0 G 
1 0 0 H 0 H 0 1 
1 0 0 0 0 0 0 1 
1 1 1 1 S 1 1 1 
r44 P61 T3

Map8
1 1 1 1 1 1 1 1 
1 G 0 0 0 H 0 1 
1 1 0 1 1 0 0 1 
1 1 0 # # 0 0 1 
1 1 0 0 0 H # 1 
1 1 0 0 0 0 0 1 
1 1 1 1 1 S 1 1 
1 1 1 1 1 1 1 1 
l63 R45 T7

Map8
1 1 1 1 1 1 1 1 
1 1 1 1 1 1 1 1 
1 0 0 1 0 1 1 1 
1 0 0 0 # 0 1 1 
1 0 0 0 0 0 1 1 
1 0 H 1 0 H 1 1 
S 0 # 1 0 0 1 1 
1 1 1 1 G 1 1 1 
r13 P53 T6

Map8
1 1 1 1 1 1 1 1 
S 0 0 F F 0 1 1 
1 0 0 0 0 # 1 1 
1 F 0 0 0 0 1 1 
1 0 0 0 0 0 1 1 
1 0 F 0 0 H 1 1 
1 1 G 1 1 1 1 1 
1 1 1 1 1 1 1 1 
d21 P53 T3

Map8
1 1 1 1 1 1 1 1 
1 1 1 G 1 1 1 1 
1 1 0 0 1 0 1 1 
1 S 0 F 0 0 1 1 
1 1 0 0 0 0 1 1 
1 1 1 0 F F 1 1 
1 1 1 1 1 1 1 1 
1 1 1 1 1 1 1 1 
u34 D22 T5

Map8
1 1 1 1 1 1 1 1 
1 0 0 1 0 0 0 1 
1 0 0 H 0 1 0 1 
1 0 0 0 0 0 0 1 
1 0 0 0 1 0 0 1 
1 0 0 0 H 0 0 1 
S 0 F 0 0 1 0 1 
1 1 1 1 1 1 G 1 
r13 L36 T5

Map8
1 1 1 1 1 1 1 1 
1 1 0 0 0 0 0 1 
1 1 0 0 # # 0 1 
1 1 1 0 H H 0 S 
1 1 0 0 0 0 0 1 
1 1 H 0 0 0 0 1 
1 1 1 G 1 1 1 1 
1 1 1 1 1 1 1 1 
d31 U64 T4

Map8
1 1 1 1 1 1 1 1 
1 1 1 1 1 1 1 1 
1 0 0 0 0 1 1 1 
1 0 1 0 0 1 1 1 
1 0 H 0 0 0 S 1 
1 0 1 0 F 0 G 1 
1 0 0 # 0 H 1 1 
1 1 1 1 1 1 1 1 
r35 D33 T5

Map8
1 1 1 1 1 1 1 1 
1 1 1 1 1 1 1 1 
1 1 F 1 0 0 1 1 
1 1 0 0 0 0 1 1 
1 1 F 0 0 0 1 1 
1 S 0 0 F 0 1 1 
1 1 1 G 1 1 1 1 
1 1 1 1 1 1 1 1 
l53 p23 T6

Map8
1 1 1 1 1 1 1 1 
1 1 1 1 1 1 1 1 
1 # 0 # 0 0 S 1 
1 0 F 0 0 0 1 1 
1 0 0 # F 0 1 1 
1 # 0 0 H 0 1 1 
1 H 0 0 0 H 1 1 
1 1 G 1 1 1 1 1 
d22 P14 T3

Map8
1 1 1 1 1 1 1 1 
1 0 0 0 F 0 0 1 
G F 0 0 0 0 F 1 
1 0 0 F H 0 0 1 
1 1 0 F 0 0 H 1 
1 0 0 0 0 1 H 1 
1 # 0 0 0 0 0 S 
1 1 1 1 1 1 1 1 
u26 L32 T3

Map8
1 1 1 1 1 1 1 1 
1 1 1 1 1 1 1 1 
1 1 1 1 0 0 0 1 
1 1 0 0 0 0 0 1 
1 1 H F 0 F 0 S 
1 1 1 0 0 H 0 G 
1 1 0 0 0 0 0 1 
1 1 1 1 1 1 1 1 
u64 U35 T7

Map8
1 1 1 1 1 1 1 1 
1 F # F 0 0 0 1 
1 0 0 0 F 0 F 1 
1 F 0 0 0 0 0 1 
1 0 0 H 0 # # 1 
1 # 0 # 0 1 0 1 
G 0 0 # 0 1 0 1 
1 1 1 1 S 1 1 1 
d43 p41 T6

Map8
1 1 1 1 1 1 1 1 
1 F H 1 0 0 0 1 
S 0 0 0 0 F # 1 
1 # 0 0 0 0 0 1 
1 # F 0 0 0 # 1 
1 0 H 0 1 0 0 1 
1 0 # # F 0 # 1 
1 1 1 G 1 1 1 1 
d32 p12 T5

Map8
1 1 1 S 1 1 1 1 
1 1 0 0 0 0 0 1 
1 1 0 0 0 H # 1 
1 1 0 0 0 0 0 1 
1 1 0 F # 0 0 1 
1 1 0 0 0 0 H 1 
1 1 1 1 G 1 1 1 
1 1 1 1 1 1 1 1 
r23 d31 T8

Map8
1 1 1 1 1 1 1 1 
1 0 0 0 1 # 0 1 
1 # # 1 0 0 F 1 
1 1 0 F 0 0 0 1 
1 0 F # 1 0 0 1 
1 # # F # 1 0 S 
1 0 0 0 F # 0 1 
1 1 1 1 G 1 1 1 
l63 P26 T7

Map8
1 1 1 S 1 1 1 1 
1 F 0 F 0 0 0 1 
1 0 0 0 0 0 0 1 
1 0 0 0 0 0 0 1 
1 0 0 0 0 0 0 1 
1 F 0 0 0 0 # 1 
1 0 # F 0 0 1 1 
1 1 1 1 G 1 1 1 
d44 R24 T3

Map8
1 1 1 1 1 1 1 1 
1 1 1 1 1 1 1 1 
1 0 F 0 0 0 S 1 
1 0 0 0 0 0 G 1 
1 F 0 0 F 0 1 1 
1 F F 0 0 H 1 1 
1 0 0 0 F 0 1 1 
1 1 1 1 1 1 1 1 
r13 P36 T4

Map8
1 1 1 1 1 1 1 1 
1 1 S 1 1 1 1 1 
1 1 F 0 0 0 # 1 
1 1 # H 0 # 0 1 
1 1 0 0 0 0 0 G 
1 1 # 0 0 H 0 1 
1 1 0 1 0 0 # 1 
1 1 1 1 1 1 1 1 
r24 P45 T4

Map8
1 1 1 1 1 1 1 1 
1 1 0 H 0 0 # 1 
1 0 0 # 0 F 0 1 
1 # F H 0 0 F 1 
G # 0 # H 0 H 1 
S # 0 F 0 0 0 1 
1 0 0 0 0 0 0 1 
1 1 1 1 1 1 1 1 
l25 D21 T7

Map8
1 1 1 1 1 1 1 1 
1 0 1 # 0 0 0 1 
1 0 0 0 1 0 0 1 
1 # 0 0 0 F 0 1 
1 # 1 0 0 H # 1 
1 0 # F 0 0 0 1 
1 F H 0 0 0 0 1 
1 G 1 1 1 S 1 1 
l63 R45 T6

Map8
1 1 1 1 1 1 1 1 
1 1 0 0 0 F 1 1 
1 0 0 0 0 0 F 1 
G 0 0 0 0 0 0 1 
1 1 F 0 0 0 0 1 
1 0 0 0 0 0 # 1 
1 0 0 0 0 F 0 S 
1 1 1 1 1 1 1 1 
l33 p46 T5

Map8
1 1 1 1 1 1 1 1 
1 0 H 0 # 0 0 1 
1 0 0 0 # 0 0 1 
1 0 0 0 0 H 0 1 
1 1 0 0 H 1 0 1 
1 0 1 # 0 0 F 1 
1 1 F 0 0 0 0 1 
1 1 1 G 1 1 S 1 
d32 P61 T4

Map8
1 1 1 1 1 1 1 1 
1 0 F 0 F 0 1 1 
1 0 0 # 0 0 1 1 
1 H 0 0 0 0 1 1 
G 0 0 # F # 1 1 
S 0 0 0 # 1 1 1 
1 1 1 1 1 1 1 1 
1 1 1 1 1 1 1 1 
u25 P23 T7

Map8
1 1 1 1 1 1 1 1 
1 S 0 1 0 # # 1 
1 G 0 F # 0 0 1 
1 1 0 0 0 0 F 1 
1 1 F 0 0 0 1 1 
1 1 # F 0 0 0 1 
1 1 1 1 1 1 1 1 
1 1 1 1 1 1 1 1 
l52 p45 T7

Map8
1 1 1 1 1 1 1 1 
1 0 # 0 0 F H 1 
1 # 0 0 1 F 0 1 
1 1 1 0 0 0 0 1 
1 1 0 0 0 # 0 1 
1 F # # 0 0 0 1 
1 0 1 0 H F F 1 
1 1 1 G 1 S 1 1 
d34 P53 T4

Map8
1 1 1 1 1 1 S 1 
1 0 F 0 0 # # 1 
1 0 0 0 0 # # 1 
1 0 0 0 0 0 0 1 
1 1 0 0 0 0 0 1 
1 0 0 0 0 0 H 1 
G 0 0 H 0 0 F 1 
1 1 1 1 1 1 1 1 
d22 P63 T5

Map8
1 1 1 1 1 1 1 1 
1 1 1 1 1 1 1 1 
1 1 0 F 0 0 F S 
1 1 0 0 0 # 0 1 
1 1 0 H 0 0 0 1 
1 1 H 0 # 0 F 1 
1 1 0 0 0 # 0 1 
1 1 1 1 G 1 1 1 
d42 P24 T3

Map8
1 1 1 1 1 1 1 1 
1 1 1 1 1 1 1 1 
1 1 0 0 0 0 1 1 
G 0 0 0 # 1 1 1 
1 1 H 0 0 0 1 1 
S F 0 F H H 1 1 
1 0 0 0 1 0 1 1 
1 1 1 1 1 1 1 1 
l33 U36 T3

Map8
1 1 1 1 1 1 1 1 
G F 0 0 0 0 0 1 
1 0 0 H # # 1 1 
1 # 0 0 0 # 0 1 
1 0 H F 0 0 0 1 
1 0 0 # 0 0 # 1 
1 0 0 0 F 0 0 S 
1 1 1 1 1 1 1 1 
u56 P14 T4

Map8
1 1 1 1 1 1 1 1 
1 1 1 0 0 0 0 1 
G 0 0 0 0 F 1 1 
1 H 0 H 0 0 1 1 
1 0 1 0 0 0 1 1 
1 # # 0 0 0 H 1 
1 0 # # # F 1 1 
1 1 S 1 1 1 1 1 
l42 P55 T5

Map8
1 S 1 1 G 1 1 1 
1 F H 1 0 1 0 1 
1 0 0 0 0 0 # 1 
1 0 0 1 0 0 0 1 
1 1 0 1 0 0 F 1 
1 F 0 F 0 0 # 1 
1 0 # 0 0 # # 1 
1 1 1 1 1 1 1 1 
r12 P52 T4

Map8
1 1 1 1 1 1 1 1 
1 1 0 0 0 0 0 S 
1 1 0 0 0 0 0 1 
1 G 0 H 0 0 F 1 
1 1 # 0 0 0 0 1 
1 1 0 0 0 0 H 1 
1 1 1 1 1 1 1 1 
1 1 1 1 1 1 1 1 
d41 R22 T6

Map8
1 1 G 1 1 1 S 1 
1 0 0 1 # 0 0 1 
1 0 0 0 0 0 1 1 
1 H 0 0 0 0 1 1 
1 0 1 0 0 0 1 1 
1 0 # 0 0 F 0 1 
1 F 0 F 0 0 0 1 
1 1 1 1 1 1 1 1 
l42 U23 T6

Map8
1 1 1 1 S 1 1 1 
1 H 1 0 0 0 0 G 
1 0 0 0 0 0 H 1 
1 0 0 0 0 H 0 1 
1 0 0 0 0 0 # 1 
1 0 0 H F 0 0 1 
1 0 0 0 0 H 0 1 
1 1 1 1 1 1 1 1 
u43 p36 T6

Map8
1 1 1 1 1 1 1 1 
1 1 1 1 1 1 1 1 
1 1 0 1 0 0 1 1 
1 1 0 0 0 0 1 1 
1 1 H 0 0 0 1 1 
1 1 0 0 1 # 1 1 
1 1 1 G 1 S 1 1 
1 1 1 1 1 1 1 1 
l53 P23 T4

Map8
1 1 1 1 1 G 1 1 
1 H 0 0 1 F 1 1 
1 0 # 0 0 F 0 1 
1 0 0 0 0 # # 1 
1 0 0 0 1 # 0 1 
1 0 0 H H 0 H 1 
1 # 0 # F H 0 1 
1 1 S 1 1 1 1 1 
r23 p43 T5

Map8
1 1 1 1 1 S 1 1 
G 0 1 0 0 0 0 1 
1 0 0 H 0 0 0 1 
1 F # 0 # # H 1 
1 1 0 0 0 0 0 1 
1 # 0 0 # # # 1 
1 0 H 0 F 0 0 1 
1 1 1 1 1 1 1 1 
l54 P35 T8

Map8
1 1 1 1 1 1 1 1 
1 G 0 F 1 0 0 1 
1 1 0 F # 0 0 1 
1 1 # 0 H # 0 1 
1 1 0 0 0 0 0 1 
1 1 H F 0 # H 1 
1 1 1 1 S 1 1 1 
1 1 1 1 1 1 1 1 
l62 R34 T6

Map8
1 G 1 1 1 1 1 1 
1 0 0 # 1 0 0 1 
1 # 0 0 0 0 1 1 
1 H # 0 1 1 0 1 
1 0 F 0 # 0 0 1 
1 0 1 0 1 0 1 1 
1 # 0 0 F 0 0 1 
1 1 1 1 1 S 1 1 
l56 p26 T7

Map8
1 1 1 1 1 1 1 1 
1 1 1 1 1 1 1 1 
1 1 0 0 0 1 1 1 
1 1 1 0 0 0 1 1 
1 1 0 F 1 # G 1 
1 1 0 0 0 0 S 1 
1 1 1 1 1 1 1 1 
1 1 1 1 1 1 1 1 
l55 p25 T8

Map8
1 1 1 1 1 1 1 1 
1 0 # # 1 0 0 1 
1 0 0 1 0 # # 1 
1 0 0 F 0 # 0 1 
1 1 F 0 1 0 0 1 
1 0 # 0 0 F 0 1 
1 1 # 1 0 1 0 S 
1 1 G 1 1 1 1 1 
l63 D22 T4

Map8
1 1 1 1 1 1 1 1 
1 0 0 # 0 1 1 1 
1 0 # 0 # # 1 1 
1 H # 0 0 F G 1 
S 0 0 0 0 0 1 1 
1 0 0 0 0 0 1 1 
1 1 1 1 1 1 1 1 
1 1 1 1 1 1 1 1 
r33 U35 T3

Map8
1 1 1 1 1 1 1 1 
S 0 0 0 0 H 0 1 
1 0 0 0 0 0 0 1 
1 0 0 1 0 0 0 G 
1 0 0 H 0 0 0 1 
1 1 H 1 0 0 0 1 
1 0 0 H 0 0 1 1 
1 1 1 1 1 1 1 1 
r43 D41 T5

Map8
1 1 1 1 1 1 1 1 
1 1 1 1 1 1 1 1 
1 1 0 0 0 # 0 S 
1 1 0 0 0 0 0 1 
1 1 1 0 0 0 1 1 
1 1 # 0 0 0 1 1 
1 1 0 H H # 0 1 
1 1 G 1 1 1 1 1 
d32 L45 T4

Map8
1 1 1 G 1 1 1 1 
1 0 1 0 0 F 1 1 
1 0 F F # 0 1 1 
1 0 0 0 0 F 1 1 
1 0 0 0 0 F 1 1 
1 0 0 F 0 0 S 1 
1 1 1 1 1 1 1 1 
1 1 1 1 1 1 1 1 
u45 P13 T5

Map8
1 1 1 1 1 1 1 1 
1 1 1 1 1 1 1 1 
S 0 0 F 0 0 1 1 
1 0 0 0 F 0 1 1 
G 0 F 0 H 1 1 1 
1 F 0 0 0 0 1 1 
1 0 F 0 F 0 1 1 
1 1 1 1 1 1 1 1 
d22 L34 T3

Map8
1 1 1 1 1 1 1 1 
1 1 # 0 # 0 # S 
1 0 1 F 0 # # 1 
1 H # H 0 0 0 1 
1 0 F 0 F 0 0 1 
1 0 0 H 0 0 0 1 
1 # 1 1 0 F 0 1 
1 1 1 1 1 G 1 1 
d51 P43 T4

Map8
1 1 1 1 1 1 1 1 
1 # 0 0 H 0 # 1 
G 0 0 0 1 H 1 1 
1 0 0 # 0 1 0 1 
1 # F # 0 0 # 1 
1 0 # F F 0 # 1 
1 0 0 F 0 0 1 1 
1 S 1 1 1 1 1 1 
u26 D13 T9

Map8
1 1 1 1 1 1 1 1 
1 0 0 # H 0 0 G 
1 1 # # 0 0 0 1 
1 0 # 1 H # # 1 
1 0 0 # 0 # H 1 
1 0 F 0 0 0 0 1 
1 0 H 0 0 0 H 1 
1 S 1 1 1 1 1 1 
r15 p45 T6

Map8
1 S 1 1 1 1 1 1 
1 0 0 # 0 0 1 1 
1 F # F # H 1 1 
1 0 0 0 0 0 G 1 
1 # 0 0 # 0 1 1 
1 0 0 0 0 0 1 1 
1 1 1 1 1 1 1 1 
1 1 1 1 1 1 1 1 
r13 U25 T3

Map8
1 1 1 1 1 1 1 1 
1 1 0 # 0 0 1 1 
1 1 H 0 0 0 1 1 
S 0 0 F F 1 1 1 
1 F F 0 0 0 1 1 
1 1 0 0 0 0 1 1 
1 1 1 1 1 G 1 1 
1 1 1 1 1 1 1 1 
d41 U34 T6

Map8
1 1 1 1 1 1 1 1 
1 1 1 1 1 1 1 1 
1 1 0 0 0 1 1 1 
1 1 1 0 # F G 1 
1 S F F 0 H 1 1 
1 1 1 0 F H 1 1 
1 1 1 1 1 1 1 1 
1 1 1 1 1 1 1 1 
r33 U35 T3

Map8
1 1 1 1 1 1 1 1 
1 1 1 1 1 1 1 1 
1 1 H 0 0 F 1 1 
1 G 0 0 F 0 1 1 
1 1 1 # 0 0 1 1 
1 S 0 F 0 0 1 1 
1 1 1 1 1 1 1 1 
1 1 1 1 1 1 1 1 
u45 L53 T3

Map8
1 1 1 1 1 1 1 1 
1 1 F 1 0 0 0 G 
1 1 # F 0 1 0 1 
1 1 1 0 0 0 1 1 
1 1 # # 0 0 0 1 
1 1 F 0 0 0 H 1 
1 1 1 S 1 1 1 1 
1 1 1 1 1 1 1 1 
u44 P33 T6

Map8
1 1 1 1 1 1 1 1 
1 1 1 1 1 1 1 1 
1 1 0 0 0 0 1 1 
1 0 0 1 0 0 1 1 
1 0 0 0 0 1 1 1 
1 0 0 F F H 1 1 
1 0 # 0 F 0 S 1 
1 1 1 G 1 1 1 1 
r14 P44 T5

Map8
1 1 1 1 S 1 1 1 
1 0 # 0 # 1 0 G 
1 # 0 0 0 0 F 1 
1 1 0 0 F 0 # 1 
1 0 H 0 F 0 1 1 
1 0 0 1 0 0 0 1 
1 0 H # 0 F 1 1 
1 1 1 1 1 1 1 1 
d31 L52 T9

Map8
1 1 1 1 1 1 1 1 
1 1 G 1 1 1 1 1 
1 1 0 1 0 0 1 1 
1 1 0 0 F 0 1 1 
1 1 0 0 F 0 1 1 
1 1 F 1 0 0 1 1 
1 1 1 1 S 1 1 1 
1 1 1 1 1 1 1 1 
l53 R34 T5

Map8
1 1 1 1 1 1 1 1 
1 1 S 1 1 1 1 1 
1 0 F F 1 H 1 1 
1 0 0 0 F 0 1 1 
1 H # 0 1 0 1 1 
1 0 0 F 1 # 1 1 
1 0 0 0 0 # 1 1 
1 1 1 1 G 1 1 1 
r23 U36 T7

Map8
1 1 1 1 1 S 1 1 
1 0 F 0 0 0 0 1 
1 0 0 0 0 0 0 1 
1 0 1 0 1 0 0 1 
1 0 0 0 # F 0 1 
1 0 F F 0 F 0 1 
1 1 0 0 1 0 0 1 
1 1 1 G 1 1 1 1 
d31 p11 T7

Map8
1 1 1 1 1 1 1 1 
1 F 0 0 0 0 0 1 
S 0 0 H 0 0 0 1 
1 0 0 F 0 0 0 G 
1 0 0 0 0 0 H 1 
1 0 0 0 0 0 0 1 
1 0 0 0 1 F 0 1 
1 1 1 1 1 1 1 1 
r23 D21 T3

Map8
1 1 1 1 1 1 1 1 
1 1 1 1 1 1 1 1 
1 1 0 0 # 0 1 1 
1 1 0 0 H 0 S 1 
1 1 1 0 0 0 1 1 
1 1 0 0 1 1 1 1 
1 1 1 G 1 1 1 1 
1 1 1 1 1 1 1 1 
d32 U54 T4

Map8
1 1 1 1 S 1 1 1 
1 1 # F # 0 # 1 
1 1 1 0 F 0 0 1 
1 1 H H H 0 0 1 
1 1 0 0 0 0 1 1 
1 1 # 0 0 0 0 1 
1 1 G 1 1 1 1 1 
1 1 1 1 1 1 1 1 
d52 R32 T5

Map8
1 1 1 1 1 1 1 1 
1 0 0 0 0 # 0 1 
1 F # # 0 0 0 1 
1 1 0 0 0 0 1 1 
1 0 0 0 0 0 0 1 
S # 0 0 H 0 0 1 
1 1 0 F 0 0 0 1 
1 1 1 G 1 1 1 1 
d31 U26 T4

Map8
1 1 1 1 1 1 1 1 
1 # 0 0 1 0 0 1 
1 0 0 # 1 # F 1 
1 0 0 H 0 0 0 1 
1 0 F 1 # 0 # 1 
1 0 0 0 0 0 0 1 
1 # # F 0 # 0 1 
1 1 1 G 1 1 S 1 
l65 P25 T4

Map8
1 1 1 1 1 1 1 1 
1 1 0 0 # F F 1 
1 S 0 F 0 0 # 1 
1 1 0 0 0 0 0 1 
1 1 0 F 1 0 # 1 
1 1 F 0 # F 0 1 
1 1 1 G 1 1 1 1 
1 1 1 1 1 1 1 1 
l63 p23 T7

Map8
1 S 1 1 1 1 1 1 
1 0 F # 0 0 1 1 
1 F 0 0 0 0 H 1 
1 0 0 1 H 0 0 1 
1 1 0 0 0 0 0 1 
1 # F # 1 0 # G 
1 # H H 1 0 0 1 
1 1 1 1 1 1 1 1 
r11 P56 T5

Map8
1 1 S 1 G 1 1 1 
1 1 F 0 F 0 0 1 
1 1 0 # 0 0 0 1 
1 1 0 0 1 1 # 1 
1 1 # 1 F # # 1 
1 1 0 1 0 0 0 1 
1 1 1 1 1 1 1 1 
1 1 1 1 1 1 1 1 
r22 P52 T5

Map8
1 1 1 1 1 1 1 1 
1 # # 1 1 1 0 1 
1 H 1 # 0 H # 1 
G 0 0 0 0 0 0 1 
1 H 1 F # 0 H 1 
S 0 0 # 0 # 0 1 
1 0 # 0 0 0 0 1 
1 1 1 1 1 1 1 1 
l43 p56 T7

Map8
1 1 1 1 1 1 1 1 
1 0 0 0 # 0 S 1 
1 0 F F # F G 1 
1 F F # # 0 1 1 
1 0 0 0 0 # 1 1 
1 0 0 0 0 0 1 1 
1 1 1 1 1 1 1 1 
1 1 1 1 1 1 1 1 
r12 P35 T4

Map8
1 1 1 1 1 1 1 1 
1 1 1 S 1 1 1 1 
1 1 0 0 0 0 0 1 
1 1 0 H 0 0 0 1 
1 1 1 H 0 0 1 1 
1 1 0 0 0 1 1 1 
1 1 0 0 0 0 0 1 
1 1 G 1 1 1 1 1 
d42 R22 T5

Map8
1 1 1 1 1 G 1 1 
1 0 0 0 1 0 F 1 
1 0 0 0 0 0 0 1 
1 H 0 H 0 0 H 1 
1 1 0 0 0 # 0 1 
1 0 0 0 1 H 0 1 
1 1 0 0 0 1 0 1 
1 1 1 1 S 1 1 1 
r22 p42 T7

Map8
1 1 1 1 1 S 1 1 
1 0 0 # H 0 0 1 
1 0 0 0 0 0 0 G 
1 # # 0 0 0 H 1 
1 1 0 0 0 0 0 1 
1 0 0 0 0 F # 1 
1 0 0 0 0 0 0 1 
1 1 1 1 1 1 1 1 
u26 p21 T6

Map8
1 1 1 1 1 1 1 1 
1 1 0 0 0 0 0 1 
1 1 F 0 0 0 # 1 
1 1 0 0 0 0 0 1 
1 1 # # F 0 0 1 
1 1 F F 0 F F G 
1 1 1 1 S 1 1 1 
1 1 1 1 1 1 1 1 
r45 P61 T3

Map8
1 1 1 1 1 1 1 1 
1 1 0 1 0 1 0 1 
1 1 0 1 F 0 # 1 
1 1 0 0 F # 0 G 
1 0 0 0 # 0 0 1 
1 0 0 0 F 0 0 1 
1 H 0 0 0 1 0 1 
1 1 1 1 S 1 1 1 
u35 L55 T4

Map8
1 1 1 1 1 1 1 1 
1 1 1 1 1 1 1 1 
1 1 # 0 0 F 0 S 
1 1 0 0 # F H 1 
1 1 0 1 0 F # G 
1 1 0 1 0 0 0 1 
1 1 # 0 0 0 1 1 
1 1 1 1 1 1 1 1 
d42 r44 T6

Map8
1 1 1 1 1 1 1 1 
1 1 0 # F 1 0 1 
1 H 0 0 0 0 1 1 
1 0 0 0 0 1 0 1 
G 0 0 0 0 1 # S 
1 0 0 0 1 0 0 1 
1 # 0 # 0 0 1 1 
1 1 1 1 1 1 1 1 
l34 p46 T9

Map8
1 1 1 1 1 S 1 1 
1 H 0 0 0 0 1 1 
1 0 # 0 0 # 1 1 
G F F 0 F 0 1 1 
1 H 0 0 0 F 1 1 
1 H F 0 0 0 1 1 
1 1 1 1 1 1 1 1 
1 1 1 1 1 1 1 1 
l53 P35 T3

Map8
1 1 1 1 1 1 1 1 
1 0 0 0 0 1 0 1 
1 F # 1 F # 0 1 
G 0 0 F # 0 1 1 
1 0 0 0 0 0 1 1 
1 # 1 F 0 # 0 1 
S 0 0 0 F 0 0 1 
1 1 1 1 1 1 1 1 
u56 p54 T5

Map8
1 1 1 1 1 1 1 1 
1 0 # 0 1 0 0 G 
1 0 0 0 0 0 H 1 
1 0 1 0 H 0 0 1 
1 0 # 0 1 0 # 1 
1 1 H H 0 # # 1 
1 1 0 0 0 0 0 1 
1 1 1 1 1 1 S 1 
u56 D63 T6

Map8
1 1 1 1 1 1 1 1 
1 1 1 1 1 1 1 1 
1 S 0 0 F 0 1 1 
1 1 0 0 F 0 1 1 
1 1 H 0 # 0 1 1 
1 1 0 0 1 1 1 1 
1 1 1 G 1 1 1 1 
1 1 1 1 1 1 1 1 
d32 P54 T3

Map8
1 1 1 1 1 1 1 1 
1 # 0 0 0 # 1 1 
1 0 0 0 0 H 1 1 
1 1 # H 0 0 S 1 
1 0 F # 0 H 1 1 
1 0 0 1 0 1 1 1 
1 G 1 1 1 1 1 1 
1 1 1 1 1 1 1 1 
d21 U44 T6

Map8
1 1 1 1 1 1 1 1 
1 0 H F 0 # G 1 
1 0 0 0 0 H 1 1 
1 0 1 # 0 # S 1 
1 # H 0 0 # 1 1 
1 0 0 F 0 0 1 1 
1 1 1 1 1 1 1 1 
1 1 1 1 1 1 1 1 
u43 R22 T3

Map8
1 1 1 1 1 1 1 1 
1 0 1 F # 0 # 1 
1 0 1 0 0 F H 1 
1 1 # 0 1 # 0 1 
1 # 0 F F H 0 1 
1 F # 0 0 0 0 G 
1 0 0 0 0 1 1 1 
1 S 1 1 1 1 1 1 
r35 D33 T4

Map8
1 1 1 1 1 1 1 1 
1 # 0 0 0 # 0 1 
G 0 1 # # 0 F 1 
1 0 0 0 0 0 # 1 
1 0 0 0 F 0 # S 
1 0 0 0 F 0 1 1 
1 # 0 0 0 0 0 1 
1 1 1 1 1 1 1 1 
u34 R13 T6

Map8
1 1 1 1 1 1 1 1 
1 1 1 1 1 1 1 1 
1 1 0 1 0 0 1 1 
1 1 1 F 0 F 1 1 
1 1 0 0 # 0 1 1 
1 1 F F 0 0 1 1 
1 1 1 G 1 S 1 1 
1 1 1 1 1 1 1 1 
l54 P24 T4

Map8
1 1 S 1 1 1 1 1 
1 1 # H 0 1 0 1 
1 1 0 # 0 H 0 1 
1 1 0 # # 0 0 1 
1 1 0 1 # 0 0 1 
1 1 0 0 1 0 1 1 
1 1 1 1 1 G 1 1 
1 1 1 1 1 1 1 1 
d53 p22 T5

Map8
1 1 1 1 1 1 1 1 
1 0 0 0 0 0 1 1 
1 1 0 0 0 0 S 1 
1 0 0 1 0 0 1 1 
1 0 0 0 F 0 G 1 
1 # F 0 F F 1 1 
1 1 1 1 1 1 1 1 
1 1 1 1 1 1 1 1 
r14 L35 T5

Map8
1 1 1 1 1 1 1 1 
1 1 1 0 H H 1 1 
1 F 0 0 0 0 1 1 
1 F 0 0 0 0 G 1 
1 0 0 0 # 0 S 1 
1 0 F 1 0 # 1 1 
1 1 1 1 1 1 1 1 
1 1 1 1 1 1 1 1 
l54 p14 T6

Map8
1 1 G 1 1 1 1 1 
1 F 0 0 1 0 0 1 
1 1 0 1 1 0 0 1 
1 0 F 0 0 0 0 1 
1 0 0 # 0 0 0 1 
1 1 F 1 0 0 0 1 
1 0 0 F 0 1 0 1 
1 S 1 1 1 1 1 1 
u24 p45 T7

Map8
1 1 1 1 1 1 1 1 
1 # 0 # 0 F 1 1 
1 # 0 0 0 1 1 1 
1 0 0 0 F 0 1 1 
1 0 F 0 F 0 1 1 
S 0 F # # 0 1 1 
1 1 1 G 1 1 1 1 
1 1 1 1 1 1 1 1 
d33 p15 T5

Map8
1 1 1 1 1 1 1 1 
1 1 F # 0 0 1 1 
1 1 0 F F 0 0 1 
1 1 1 # 0 0 F G 
1 1 0 0 # 0 # 1 
1 S 0 1 F 1 # 1 
1 1 1 1 1 1 1 1 
1 1 1 1 1 1 1 1 
r43 p34 T7

Map8
1 1 1 1 1 1 1 1 
1 1 0 0 0 # # 1 
1 1 0 F H F 0 S 
1 1 1 0 0 0 1 1 
1 1 # 0 0 0 0 1 
1 G 0 1 0 0 0 1 
1 1 1 1 1 1 1 1 
1 1 1 1 1 1 1 1 
d31 U53 T7

Map8
1 1 1 1 1 1 1 1 
1 H 0 1 0 0 H 1 
1 0 0 # # # 0 1 
1 0 1 0 F H 0 1 
1 1 # 0 0 0 0 1 
1 0 0 H 0 # 0 G 
1 0 0 0 # 0 0 S 
1 1 1 1 1 1 1 1 
l66 p16 T6
