Map10
1 1 1 1 1 1 1 1 1 1 
1 1 1 1 1 1 1 1 1 1 
1 # 0 1 1 0 0 0 S 1 
1 0 0 1 0 0 1 0 1 1 
G 0 0 1 0 1 0 0 1 1 
1 # F F 0 0 0 1 1 1 
1 0 0 0 # 0 0 0 1 1 
1 1 0 0 0 1 0 0 1 1 
1 0 F 0 0 0 0 0 1 1 
1 1 1 1 1 1 1 1 1 1 
l24 p36 T11

Map10
1 1 1 S 1 1 1 1 1 1 
1 # H 0 0 H 0 0 1 1 
1 0 0 # H H H F 1 1 
1 1 1 0 0 0 0 F G 1 
1 0 0 0 # 0 # # 1 1 
1 # 0 0 0 0 1 0 1 1 
1 0 # 0 1 0 0 0 1 1 
1 H 0 0 0 1 # # 1 1 
1 1 1 1 1 1 1 1 1 1 
1 1 1 1 1 1 1 1 1 1 
r33 p54 T12

Map10
1 1 S 1 1 1 1 1 1 1 
1 1 0 0 0 1 0 0 1 1 
1 1 1 1 0 1 0 0 # 1 
1 1 0 0 0 0 0 F 0 1 
1 1 0 0 0 0 0 0 0 1 
1 1 F F 0 0 1 0 0 1 
1 1 0 0 0 F 0 H 1 1 
1 1 1 0 1 0 0 F 0 1 
1 1 1 1 1 1 G 1 1 1 
1 1 1 1 1 1 1 1 1 1 
d53 D66 T11

Map10
1 1 1 1 1 1 1 1 1 1 
1 0 0 0 # 0 0 0 0 1 
1 0 0 1 0 0 # 0 1 1 
1 0 F # # 0 0 0 # 1 
G 0 0 0 H 0 0 1 0 1 
1 # 0 0 0 0 0 F # 1 
S # 0 0 # 0 0 0 0 1 
1 F # 0 1 0 0 0 0 1 
1 0 # 0 0 0 0 # 1 1 
1 1 1 1 1 1 1 1 1 1 
r13 T12

Map10
1 1 1 1 1 1 1 1 1 1 
1 F 0 0 0 F 0 F 0 1 
1 0 0 0 0 0 H H 0 1 
1 0 0 0 0 0 F 0 0 1 
1 0 0 0 0 0 0 0 0 1 
G 0 0 0 F 0 F 0 1 1 
1 1 0 0 0 0 0 1 0 1 
S # 0 0 0 F 0 F 0 1 
1 0 0 0 0 0 0 F 0 1 
1 1 1 1 1 1 1 1 1 1 
u28 T10

Map10
1 1 1 1 S G 1 1 1 1 
1 0 0 0 0 # 0 0 0 1 
1 0 0 0 0 1 0 0 F 1 
1 # 0 0 1 0 0 1 0 1 
1 # F # 0 0 # 0 # 1 
1 0 0 0 0 0 0 H # 1 
1 0 0 0 0 # 1 0 1 1 
1 0 1 0 0 # 1 # 0 1 
1 1 0 # 1 H 0 0 0 1 
1 1 1 1 1 1 1 1 1 1 
d61 T10

Map10
1 1 G 1 1 1 1 1 1 1 
1 0 # 0 0 0 0 F F 1 
1 0 0 # 1 0 0 0 0 1 
1 0 0 F F F 0 F 0 1 
1 0 H F 0 0 0 0 1 1 
S 0 1 0 0 1 0 0 0 1 
1 0 0 0 H F 0 0 1 1 
1 0 0 0 0 1 0 0 0 1 
1 1 0 0 0 0 0 0 0 1 
1 1 1 1 1 1 1 1 1 1 
d11 T11

Map10
1 1 1 1 1 1 1 1 1 1 
1 0 0 0 0 1 1 # 0 1 
1 # 1 0 0 # 0 0 0 1 
S 0 0 0 0 0 0 0 # 1 
G 0 0 0 F 0 # 0 0 1 
1 0 0 0 0 0 1 0 0 1 
1 0 0 1 0 0 0 # # 1 
1 0 0 H 0 0 1 0 0 1 
1 # # 0 H 0 # 0 0 1 
1 1 1 1 1 1 1 1 1 1 
r15 T12

Map10
1 1 1 1 1 1 1 1 1 1 
1 1 0 0 0 0 1 0 0 1 
1 0 0 0 0 0 0 1 # 1 
1 0 # 0 0 # 0 0 0 1 
S 0 0 0 0 F 0 0 0 1 
G 0 0 0 0 0 0 1 1 1 
1 F 0 0 0 0 0 0 0 1 
1 # 0 0 # F 0 0 # 1 
1 0 0 1 0 0 0 0 0 1 
1 1 1 1 1 1 1 1 1 1 
u64 l24 T10

Map10
1 1 1 1 1 1 1 1 1 1 
1 1 1 G 1 1 1 1 1 1 
1 1 0 0 0 F 0 0 0 1 
1 S # 1 F 0 0 0 1 1 
1 1 F 0 0 F 0 0 F 1 
1 1 0 0 0 0 # F 0 1 
1 1 1 0 0 0 0 0 0 1 
1 1 0 0 0 0 0 0 0 1 
1 1 0 0 0 F 0 0 1 1 
1 1 1 1 1 1 1 1 1 1 
d22 p57 T10

Map10
1 1 1 1 1 1 1 1 1 1 
1 1 1 G 1 1 S 1 1 1 
1 0 0 0 1 H 0 0 1 1 
1 0 0 0 0 1 0 0 1 1 
1 0 1 1 0 0 H 0 1 1 
1 H 0 0 0 # 0 0 1 1 
1 0 1 0 0 0 0 0 1 1 
1 0 0 0 1 0 # 1 1 1 
1 H 0 0 0 0 0 1 1 1 
1 1 1 1 1 1 1 1 1 1 
u46 P63 T10

Map10
1 1 1 1 1 1 1 1 1 1 
1 1 1 1 1 1 G 1 1 1 
1 1 # 0 0 0 F 0 0 1 
1 1 # 0 F 1 0 0 0 1 
1 1 1 0 0 F 0 0 0 1 
1 S # 0 F 1 0 0 0 1 
1 1 0 0 0 1 0 # 0 1 
1 1 0 0 # 0 0 0 1 1 
1 1 0 1 0 1 1 F F 1 
1 1 1 1 1 1 1 1 1 1 
d32 U46 T10

Map10
1 1 1 1 1 G S 1 1 1 
1 0 0 1 F 0 0 0 H 1 
1 0 0 0 0 0 0 # # 1 
1 0 0 0 0 H 0 0 0 1 
1 0 F 0 0 0 1 0 0 1 
1 F 0 0 0 0 1 0 0 1 
1 0 H 0 0 0 0 0 1 1 
1 0 0 0 F 0 0 0 0 1 
1 F 0 0 # F 0 1 1 1 
1 1 1 1 1 1 1 1 1 1 
r12 p62 T10

Map10
1 1 1 1 1 1 1 S 1 1 
1 1 0 0 0 0 # 0 # 1 
1 # 1 0 0 0 0 # 0 1 
1 0 # 0 1 0 H 0 0 1 
1 # 1 1 1 0 0 F 0 1 
1 1 0 0 0 0 0 0 F 1 
G 0 0 1 # 0 0 F 0 1 
1 0 0 0 0 1 # 0 H 1 
1 0 0 0 0 H H 0 0 1 
1 1 1 1 1 1 1 1 1 1 
d51 U73 T10

Map10
1 1 S 1 1 1 1 1 1 1 
1 0 0 H F 0 0 0 0 1 
1 0 # 0 0 0 0 0 0 1 
1 0 0 H 0 0 0 0 H 1 
1 0 H # F 0 1 F 0 1 
1 0 0 0 1 0 0 H F 1 
G 0 0 0 0 0 0 0 0 1 
1 F 0 0 0 0 0 0 0 1 
1 0 0 1 0 0 0 0 0 1 
1 1 1 1 1 1 1 1 1 1 
r15 P23 T11

Map10
1 1 1 1 1 1 S 1 1 1 
1 H 0 1 0 0 # 0 0 1 
1 # 0 F 0 1 F H 0 1 
G 0 # 0 0 0 0 0 0 1 
1 0 0 # # 1 0 0 F 1 
1 0 0 0 0 # 0 1 1 1 
1 1 1 1 0 F 0 0 H 1 
1 # 0 0 0 0 0 0 0 1 
1 0 # # 0 0 0 0 1 1 
1 1 1 1 1 1 1 1 1 1 
l43 p45 T10

Map10
1 1 1 1 1 1 1 G 1 1 
1 1 0 0 0 0 1 0 0 1 
1 1 0 0 0 0 0 0 0 1 
1 1 0 # 0 0 0 1 H 1 
1 1 F 1 0 F 0 0 H 1 
1 1 1 0 1 1 1 0 0 1 
1 1 1 0 0 0 0 0 0 1 
1 1 H 0 # F 0 0 0 1 
1 1 1 1 S 1 1 1 1 1 
1 1 1 1 1 1 1 1 1 1 
r42 p66 T11

Map10
1 1 1 1 1 1 1 1 1 1 
1 1 G 1 1 1 1 1 1 1 
1 0 0 H 0 # # 0 1 1 
1 1 F # F 0 0 0 1 1 
S # 0 0 # 0 0 # 1 1 
1 0 0 0 # 0 0 0 1 1 
1 F 0 0 0 1 0 # 1 1 
1 1 0 1 0 0 0 0 1 1 
1 0 F 0 1 0 0 0 1 1 
1 1 1 1 1 1 1 1 1 1 
r34 p64 T11

Map10
1 1 1 1 1 1 1 1 1 1 
1 H 0 0 0 0 0 0 1 1 
1 0 0 0 0 # 0 0 1 1 
G 0 0 1 # 0 # 1 1 1 
1 0 1 F 0 0 0 # 1 1 
S 0 1 # 1 1 # 1 1 1 
1 0 1 # 0 0 0 0 1 1 
1 0 0 0 0 F 0 0 1 1 
1 1 1 1 1 1 1 1 1 1 
1 1 1 1 1 1 1 1 1 1 
u67 p32 T11

Map10
1 1 G 1 1 1 1 S 1 1 
1 0 0 1 H 0 0 0 0 1 
1 0 0 F 0 1 0 0 F 1 
1 0 0 0 0 0 H F # 1 
1 1 F H 0 0 0 0 0 1 
1 0 0 0 H H F 0 # 1 
1 0 1 0 0 0 0 0 0 1 
1 H 0 1 0 0 0 0 0 1 
1 F 0 # 0 0 0 1 0 1 
1 1 1 1 1 1 1 1 1 1 
l74 P44 T10

Map10
1 1 1 1 1 1 1 G 1 1 
1 0 0 1 0 # 0 0 0 1 
1 0 # 0 F 1 1 0 0 1 
1 0 0 1 # 0 1 0 0 1 
1 0 0 0 F 0 1 0 1 1 
1 0 0 F 0 F 0 0 0 1 
S 0 0 H 0 H 0 0 0 1 
1 0 H F 0 F 0 0 0 1 
1 F 0 0 0 0 F F 1 1 
1 1 1 1 1 1 1 1 1 1 
r14 P26 T11

Map10
1 1 G 1 1 1 1 1 1 1 
1 0 0 0 0 F 0 0 H 1 
S 0 F 0 0 F 0 F 0 1 
1 0 # 1 0 0 F F 0 1 
1 0 1 0 # 1 0 1 F 1 
1 0 0 0 0 0 # 0 F 1 
1 0 0 # 1 0 0 0 0 1 
1 1 # 0 0 0 1 0 # 1 
1 # 0 H 0 F 0 0 0 1 
1 1 1 1 1 1 1 1 1 1 
d11 l86 T15

Map10
1 1 1 1 S 1 G 1 1 1 
1 0 # 0 # 1 0 0 F 1 
1 1 # 1 0 0 0 0 0 1 
1 # # 0 0 F 0 0 0 1 
1 0 1 0 0 0 0 1 0 1 
1 0 0 0 0 0 F 0 0 1 
1 H # 0 F 0 0 0 0 1 
1 0 0 0 0 1 0 0 F 1 
1 0 # 0 # 0 F 0 F 1 
1 1 1 1 1 1 1 1 1 1 
u63 p38 T11

Map10
1 1 1 1 1 1 1 1 1 1 
1 1 # 0 0 0 0 F 0 1 
S 0 0 F F F 0 0 # 1 
1 # 0 # 0 1 1 F H 1 
1 F H # 0 H 0 F 0 1 
G 0 0 # # F 1 0 0 1 
1 0 0 0 1 # H 0 0 1 
1 0 0 0 # H F 0 0 1 
1 0 # 0 0 0 0 1 0 1 
1 1 1 1 1 1 1 1 1 1 
u38 R23 T12

Map10
1 1 1 1 1 1 1 S 1 1 
1 1 0 0 0 0 1 0 1 1 
1 0 0 0 F 1 # 0 0 1 
G 0 F 0 0 1 0 0 # 1 
1 F 1 0 0 0 0 0 F 1 
1 0 # 0 0 H F F 0 1 
1 0 0 0 0 0 0 0 0 1 
1 0 0 0 F 0 0 0 1 1 
1 0 0 0 F 0 0 1 1 1 
1 1 1 1 1 1 1 1 1 1 
u37 p34 T10

Map10
1 1 G 1 1 1 1 1 1 1 
1 1 0 F 0 H 0 0 H 1 
1 1 0 H 0 # F # 0 1 
1 1 1 1 0 # 0 H # 1 
1 1 F 0 1 # 0 0 0 1 
1 S # 0 # 1 0 # 0 1 
1 1 0 0 F 0 0 1 0 1 
1 1 0 0 1 F 0 0 0 1 
1 1 1 1 1 1 1 1 1 1 
1 1 1 1 1 1 1 1 1 1 
r26 L63 T11

Map10
1 1 1 1 S 1 1 1 1 1 
1 0 0 0 0 F 0 0 0 1 
G 0 H # 0 0 0 H 0 1 
1 0 0 0 1 0 # 0 0 1 
1 F 0 0 0 1 0 F 0 1 
1 F 0 1 # 0 F H 0 1 
1 0 0 0 0 # 0 1 0 1 
1 0 # 0 0 0 0 0 1 1 
1 H 0 0 # 0 1 0 # 1 
1 1 1 1 1 1 1 1 1 1 
r11 p83 T11

Map10
1 1 1 1 1 1 S G 1 1 
1 # 0 0 # 0 0 0 0 1 
1 0 # 1 0 0 # 1 F 1 
1 # 0 0 0 0 0 0 # 1 
1 0 0 0 1 H F 0 0 1 
1 1 # 0 0 0 0 0 0 1 
1 0 0 0 0 H H 0 0 1 
1 0 1 0 0 1 0 # 0 1 
1 0 H 0 F 1 0 0 # 1 
1 1 1 1 1 1 1 1 1 1 
l61 L75 T10

Map10
1 1 1 S G 1 1 1 1 1 
1 0 0 0 0 1 1 0 0 1 
1 0 0 0 H 1 1 F 0 1 
1 0 H 0 F 0 0 0 0 1 
1 1 0 0 0 0 0 0 0 1 
1 0 0 F 0 # 0 0 0 1 
1 0 0 0 0 0 F 0 F 1 
1 F 0 1 0 0 0 0 0 1 
1 0 # F 0 0 0 0 0 1 
1 1 1 1 1 1 1 1 1 1 
l84 p24 T11

Map10
1 1 1 1 1 1 S 1 1 1 
1 0 0 0 0 1 0 # 0 1 
1 F # F 0 0 0 0 F 1 
1 1 0 0 0 0 0 0 0 1 
1 0 1 0 1 1 F 0 # 1 
1 0 0 0 0 0 F 0 F 1 
G 0 0 # 0 H # 0 0 1 
1 1 0 0 0 1 0 # 0 1 
1 0 0 0 0 1 1 0 0 1 
1 1 1 1 1 1 1 1 1 1 
l73 p23 T14

Map10
1 1 1 S 1 1 1 1 1 1 
G 0 0 F F 0 0 1 F 1 
1 0 F F 0 F 0 # 1 1 
1 # 0 # # 0 0 0 # 1 
1 # 0 0 F 0 0 0 0 1 
1 0 0 F H 0 H 0 0 1 
1 0 0 0 0 0 # 0 1 1 
1 0 H 0 0 0 0 0 0 1 
1 H 1 0 1 0 0 0 0 1 
1 1 1 1 1 1 1 1 1 1 
r54 p36 T12

Map10
1 1 1 1 1 1 1 1 1 1 
1 1 1 1 1 S 1 1 1 1 
1 1 # # 0 0 0 0 1 1 
1 0 0 0 # # 0 0 1 1 
1 H 0 0 0 F 0 1 1 1 
1 0 # 1 0 1 0 0 G 1 
1 1 H 0 0 0 0 0 1 1 
1 # 0 # 0 0 0 0 1 1 
1 0 0 0 0 0 H 0 1 1 
1 1 1 1 1 1 1 1 1 1 
d42 L62 T11

Map10
1 1 1 1 1 1 1 1 1 1 
1 1 1 1 1 1 1 1 1 1 
1 0 F 0 1 0 0 0 1 1 
1 0 # F 0 0 0 F 1 1 
1 0 F 0 0 0 0 # 1 1 
1 1 0 0 # # H 0 1 1 
G # H 0 1 # # 0 S 1 
1 0 0 0 # F 0 1 1 1 
1 1 0 1 F F F 0 1 1 
1 1 1 1 1 1 1 1 1 1 
d34 p54 T11

Map10
1 1 G 1 1 1 1 1 1 1 
1 H F 1 0 0 # 0 1 1 
1 0 0 F 0 0 F 0 1 1 
1 0 0 1 F # 0 F 1 1 
1 # # F 0 H H 0 1 1 
1 H 0 0 # 1 0 0 S 1 
1 # 0 0 0 F 0 1 1 1 
1 1 1 0 0 0 0 1 1 1 
1 1 1 1 1 1 1 1 1 1 
1 1 1 1 1 1 1 1 1 1 
l44 P12 T10

Map10
1 1 1 1 1 1 1 1 1 1 
1 1 S 1 1 1 1 1 1 1 
1 1 0 0 0 F 0 0 0 1 
1 1 1 0 H 0 0 1 0 1 
1 1 0 0 0 1 0 0 0 1 
1 1 0 0 0 0 0 0 0 1 
1 G 0 0 F 0 1 0 0 1 
1 1 0 0 F F 1 F # 1 
1 1 F 0 1 0 0 0 1 1 
1 1 1 1 1 1 1 1 1 1 
l56 p85 T12

Map10
1 1 1 1 1 1 1 1 1 1 
1 1 0 F 0 0 0 0 0 1 
1 1 0 0 0 0 # 0 1 1 
1 1 F 0 0 1 0 0 0 1 
1 1 0 1 0 0 1 0 0 1 
1 1 0 H F 0 0 F 1 1 
1 1 0 0 0 1 0 0 0 1 
1 1 0 1 0 1 0 0 0 1 
1 1 1 1 G 1 S 1 1 1 
1 1 1 1 1 1 1 1 1 1 
u77 p25 T10

Map10
1 G 1 1 1 1 1 1 1 1 
1 0 0 # H 0 0 0 1 1 
1 1 1 0 H 1 # H 1 1 
1 1 0 0 F 1 0 0 1 1 
1 0 0 0 F 0 0 0 1 1 
1 0 0 0 0 0 H # 1 1 
S 0 0 1 F 0 0 0 1 1 
1 H 0 0 0 # 0 H 1 1 
1 1 1 1 1 1 1 1 1 1 
1 1 1 1 1 1 1 1 1 1 
u34 P67 T10

Map10
1 1 1 1 1 1 S 1 1 1 
1 F 0 0 1 H 0 F 0 1 
1 0 0 # F 0 # 0 0 1 
1 F 0 F H 1 0 0 0 1 
1 0 H 0 # 0 0 1 1 1 
1 0 1 F 0 F F 0 0 1 
G # 1 0 1 0 0 0 H 1 
1 1 F 0 0 # 0 0 0 1 
1 0 # # 0 0 # 0 0 1 
1 1 1 1 1 1 1 1 1 1 
u58 p61 T10

Map10
1 S 1 1 1 1 1 1 1 1 
1 0 F 1 0 0 0 0 0 1 
1 # F 0 0 0 F F 1 1 
1 0 # 0 0 # F 0 0 1 
1 0 0 0 0 0 # 0 0 1 
1 1 0 0 0 0 0 0 1 1 
G 0 F 0 1 0 0 0 0 1 
1 0 1 F 0 0 0 1 0 1 
1 1 # 0 # 0 0 F 0 1 
1 1 1 1 1 1 1 1 1 1 
l36 D33 T10

Map10
1 1 1 1 1 1 1 1 1 1 
1 0 1 H 0 0 0 F S 1 
1 1 1 0 F 0 1 0 1 1 
1 0 0 0 0 1 # 0 1 1 
1 0 H 0 0 0 F 1 1 1 
1 0 0 F # F # 0 G 1 
1 # F 0 0 0 0 0 1 1 
1 # # 0 H 1 0 1 1 1 
1 1 1 1 1 1 1 1 1 1 
1 1 1 1 1 1 1 1 1 1 
r36 P41 T10

Map10
1 1 1 1 1 1 1 1 1 1 
1 0 0 0 H 0 0 0 0 1 
S 0 1 0 0 0 # 0 0 1 
1 0 # F 0 1 # 0 F 1 
1 1 0 0 # 0 1 0 0 1 
G # 0 1 0 0 # 0 0 1 
1 0 0 0 1 0 F 0 0 1 
1 0 F 0 0 F 0 H 0 1 
1 0 H 0 1 0 0 1 0 1 
1 1 1 1 1 1 1 1 1 1 
l67 p55 T11

Map10
1 1 1 1 S 1 1 1 1 1 
1 0 0 0 0 0 0 0 0 1 
1 0 # F # 0 0 1 0 1 
1 0 0 0 # 0 1 F 1 1 
1 0 F 0 0 0 0 0 # 1 
G 0 0 0 # 0 0 0 0 1 
1 0 # # 0 0 0 0 1 1 
1 0 0 # 0 0 0 # 0 1 
1 # 1 1 F 0 0 1 0 1 
1 1 1 1 1 1 1 1 1 1 
d51 U44 T10

Map10
1 1 1 1 1 1 1 1 1 1 
S 0 0 0 0 F # 0 1 1 
1 0 0 0 0 0 0 0 0 1 
1 0 0 0 F H 0 0 0 1 
G 0 0 0 0 0 F F F 1 
1 0 0 0 0 F 0 0 # 1 
1 F 0 # 0 0 0 0 0 1 
1 0 F H 0 0 H 0 0 1 
1 0 1 0 # F 0 0 # 1 
1 1 1 1 1 1 1 1 1 1 
d41 l44 T10

Map10
1 1 S 1 1 1 1 1 1 1 
1 0 0 0 0 0 0 0 0 1 
1 0 F H 0 0 0 1 0 1 
1 0 0 0 0 F F 1 0 1 
1 H 1 H F F 0 0 # 1 
G 0 0 0 0 1 0 0 1 1 
1 F 1 0 F 0 0 0 0 1 
1 1 0 0 0 0 0 0 H 1 
1 H 0 0 1 0 0 0 0 1 
1 1 1 1 1 1 1 1 1 1 
l45 p31 T10

Map10
1 1 1 1 1 1 1 1 1 1 
1 1 1 1 1 1 1 1 1 1 
1 0 0 0 1 0 # 0 1 1 
1 0 0 0 1 0 # 0 1 1 
G 0 0 # 1 0 0 0 1 1 
1 1 0 0 H F 0 0 S 1 
1 0 0 H 0 # 0 0 1 1 
1 0 0 0 0 0 0 0 1 1 
1 1 1 0 1 1 0 0 1 1 
1 1 1 1 1 1 1 1 1 1 
u27 P65 T10

Map10
1 1 S 1 1 1 1 1 1 1 
1 0 F 0 # 0 0 H 0 1 
G 0 0 F 0 0 0 0 0 1 
1 H F 0 H 0 0 0 1 1 
1 0 0 0 H F 0 F 1 1 
1 0 0 0 1 0 0 0 0 1 
1 0 0 0 0 1 0 0 F 1 
1 0 0 1 0 0 0 0 0 1 
1 # 1 0 0 0 1 0 0 1 
1 1 1 1 1 1 1 1 1 1 
P51 p25 T11

Map10
1 1 1 1 1 1 1 1 1 1 
1 1 1 1 1 1 1 1 1 1 
G # # 0 0 0 H H 1 1 
1 0 0 1 0 0 0 0 1 1 
S # H 0 0 0 0 # 1 1 
1 0 0 0 1 0 0 0 1 1 
1 0 0 0 0 1 0 0 1 1 
1 # 1 0 0 0 0 # 1 1 
1 0 0 0 # 0 0 0 1 1 
1 1 1 1 1 1 1 1 1 1 
P76 D13 T10

Map10
1 1 1 1 1 1 1 1 1 1 
1 1 S 1 1 1 G 1 1 1 
1 0 0 0 1 # 0 0 1 1 
1 0 0 0 0 1 0 # 1 1 
1 0 1 0 0 0 0 0 1 1 
1 0 0 H F 0 1 0 1 1 
1 H F H 0 0 0 F 1 1 
1 0 1 F 0 0 0 1 1 1 
1 0 0 # 0 0 H 0 1 1 
1 1 1 1 1 1 1 1 1 1 
P74 p46 T10

Map10
1 1 1 1 1 1 1 1 1 1 
1 1 1 1 1 1 1 1 1 1 
1 0 0 0 0 0 0 # 1 1 
1 # 0 1 H F 0 0 S 1 
1 1 0 0 0 0 0 0 1 1 
G 0 1 0 F 0 0 F 1 1 
1 0 0 0 0 # 0 1 1 1 
1 # H H 0 0 H 0 1 1 
1 # 1 1 # 0 # 0 1 1 
1 1 1 1 1 1 1 1 1 1 
P47 U54 T10

Map10
1 1 1 1 1 1 1 1 1 1 
1 1 1 1 1 1 1 S 1 1 
1 G 0 H 0 # F F 0 1 
1 1 0 0 0 0 0 F 0 1 
1 1 0 0 H H H 0 0 1 
1 1 1 0 1 0 0 1 0 1 
1 1 0 0 1 0 0 1 0 1 
1 1 0 0 0 0 0 1 0 1 
1 1 0 0 1 0 0 0 # 1 
1 1 1 1 1 1 1 1 1 1 
P33 P56 T12

Map10
1 1 1 1 1 1 1 1 1 1 
1 0 0 1 H # F 0 0 1 
1 0 0 0 1 0 0 1 H 1 
1 0 0 0 0 0 0 0 0 1 
G 0 0 0 0 0 0 0 0 1 
1 # 1 1 # 0 0 1 0 1 
1 H 0 0 0 0 0 0 # 1 
S 0 0 0 H H 0 H 0 1 
1 0 0 # 0 0 0 0 # 1 
1 1 1 1 1 1 1 1 1 1 
P37 p36 T10

Map10
1 S 1 1 1 G 1 1 1 1 
1 0 0 1 0 0 0 1 0 1 
1 0 0 H 1 0 0 0 0 1 
1 H 0 0 0 0 F 0 H 1 
1 0 1 0 # 0 0 0 0 1 
1 F 0 1 0 1 0 0 0 1 
1 0 0 F 0 0 0 0 0 1 
1 0 1 0 0 0 0 0 # 1 
1 H 1 0 0 # 1 0 0 1 
1 1 1 1 1 1 1 1 1 1 
P12 P43 T11

Map10
1 1 1 1 1 G 1 1 1 1 
S 0 0 H 0 # 0 0 0 1 
1 0 0 0 0 0 0 0 0 1 
1 0 0 1 1 0 0 F 0 1 
1 F 0 0 0 0 0 0 0 1 
1 # 0 0 F H 0 0 0 1 
1 0 0 0 0 H 0 0 0 1 
1 0 0 H 0 1 0 # 0 1 
1 # 0 0 0 0 0 # 1 1 
1 1 1 1 1 1 1 1 1 1 
P21 p64 T11

Map10
1 1 1 1 1 1 1 1 1 1 
1 1 F 0 0 0 # 0 0 1 
1 0 F 0 0 0 0 1 0 1 
S 0 F H 0 0 F 1 F 1 
1 0 0 0 0 1 0 0 0 1 
1 0 0 0 0 1 # 0 1 1 
G 0 0 1 # 0 0 0 0 1 
1 1 0 0 0 0 0 0 0 1 
1 F 0 F 0 0 0 0 0 1 
1 1 1 1 1 1 1 1 1 1 
P44 U14 T10

Map10
1 1 1 1 1 1 1 1 1 1 
S # 0 0 1 0 0 # 0 1 
1 0 H H 0 0 0 0 0 1 
1 # 0 0 0 # 0 1 0 1 
1 0 0 # 0 0 1 0 0 1 
1 0 0 0 F 1 0 # 0 1 
G 0 0 F H 0 0 1 0 1 
1 F 0 0 H F 0 0 0 1 
1 0 H # 0 H 0 # 0 1 
1 1 1 1 1 1 1 1 1 1 
P14 P27 T10

Map10
1 1 1 1 1 1 1 1 1 1 
1 1 1 1 1 1 1 1 1 1 
1 1 H 0 # 0 0 0 1 1 
G 0 F 0 0 0 0 0 1 1 
1 0 0 0 0 0 0 0 1 1 
1 H 0 0 0 H H 1 1 1 
1 0 0 0 0 0 0 0 1 1 
S 0 0 0 H 0 0 0 1 1 
1 H 0 0 0 0 0 0 1 1 
1 1 1 1 1 1 1 1 1 1 
P37 p46 T12

Map10
1 1 1 1 1 1 G 1 1 1 
S 0 0 0 0 1 0 0 0 1 
1 0 0 0 0 F H 0 0 1 
1 0 0 0 F H 0 H 0 1 
1 0 # 0 0 H 0 0 0 1 
1 0 0 0 0 0 0 0 F 1 
1 0 0 0 0 0 0 0 1 1 
1 0 0 0 0 0 0 0 0 1 
1 0 0 0 0 0 0 F 0 1 
1 1 1 1 1 1 1 1 1 1 
P63 p77 T11

Map10
1 1 1 1 1 1 G 1 1 1 
1 1 0 0 0 H 0 # H 1 
1 1 1 F 0 1 0 0 # 1 
1 1 0 1 0 0 1 0 0 1 
1 1 0 0 0 0 1 # H 1 
1 1 0 # 0 0 0 0 0 1 
1 1 0 0 # 0 # 0 1 1 
1 S 0 0 0 0 0 0 H 1 
1 1 1 1 1 1 1 1 1 1 
1 1 1 1 1 1 1 1 1 1 
P47 p73 T11

Map10
1 1 1 1 G 1 1 1 1 1 
1 0 0 H # 1 0 1 0 1 
1 H H 0 0 H 0 1 0 1 
1 0 0 0 0 0 0 F 0 1 
S 0 # 1 0 0 0 0 # 1 
1 # 1 0 0 H 1 H 0 1 
1 # # 0 1 0 # 0 0 1 
1 0 0 0 F 0 0 0 1 1 
1 # 0 0 0 0 # # 0 1 
1 1 1 1 1 1 1 1 1 1 
P83 p58 T10

Map10
1 1 1 1 G 1 1 1 1 1 
1 1 # # 0 0 1 0 0 1 
1 1 0 0 0 0 0 # 0 1 
1 1 # H # F 0 F # 1 
1 1 0 F 0 F H 0 F 1 
1 1 0 1 0 0 0 H 0 1 
1 1 0 1 # 0 0 0 0 1 
1 1 F 0 0 1 F 0 0 1 
1 1 1 1 1 1 1 S 1 1 
1 1 1 1 1 1 1 1 1 1 
P76 l82 T10

Map10
1 1 1 G 1 1 1 1 1 1 
1 H F 0 F 0 0 1 0 1 
1 0 1 0 0 F 0 0 1 1 
1 # 0 1 0 # 1 0 0 1 
1 0 F 0 0 0 # # 0 1 
S 0 0 0 H H 0 0 0 1 
1 0 0 # 0 1 0 0 0 1 
1 0 1 0 0 0 0 0 # 1 
1 F 0 0 0 0 0 0 F 1 
1 1 1 1 1 1 1 1 1 1 
P35 P48 T10

Map10
1 1 1 1 1 1 1 1 1 1 
1 1 1 1 1 1 1 1 1 1 
1 1 0 # 0 H 0 F # 1 
1 G F 0 0 0 0 0 F 1 
1 1 F # 1 H 0 0 1 1 
1 1 F 0 0 0 # 0 0 1 
1 S 0 1 0 0 0 0 0 1 
1 1 0 F 0 F 1 1 0 1 
1 1 0 0 0 0 1 0 F 1 
1 1 1 1 1 1 1 1 1 1 
P55 p64 T10

Map10
1 1 1 1 1 G 1 1 1 1 
1 0 0 1 F F H F 1 1 
1 0 # 0 0 0 0 0 1 1 
1 1 0 0 H 0 # 0 1 1 
1 1 0 F 0 0 0 0 1 1 
1 1 F 1 0 1 1 0 1 1 
1 F H 0 # H 1 0 1 1 
1 # 0 H 0 H 0 0 1 1 
1 1 1 1 1 1 S 1 1 1 
1 1 1 1 1 1 1 1 1 1 
P73 p42 T10

Map10
1 1 1 1 1 G 1 1 1 1 
1 1 0 H F 0 0 0 0 1 
1 1 0 F 0 0 # 0 0 1 
1 H 0 0 F 0 H F 1 1 
S F 0 1 F 0 0 # 0 1 
1 0 0 1 0 0 H 0 0 1 
1 0 0 1 0 H 0 F # 1 
1 0 0 H H 0 0 0 0 1 
1 # 0 # 0 0 F # # 1 
1 1 1 1 1 1 1 1 1 1 
P42 P64 T10

Map10
1 1 1 1 S 1 1 1 1 1 
1 1 0 0 0 0 # 1 0 1 
1 1 1 1 1 0 # 0 F 1 
1 1 H H 0 F 0 0 0 1 
1 1 0 0 1 0 1 0 0 1 
1 1 0 0 0 1 0 0 F 1 
1 1 0 0 0 0 0 F 0 1 
1 G 0 0 0 1 0 0 H 1 
1 1 1 1 1 1 1 1 1 1 
1 1 1 1 1 1 1 1 1 1 
P83 P65 T10

Map10
1 1 1 S 1 1 G 1 1 1 
1 1 0 0 0 0 0 # 0 1 
1 0 0 0 0 0 H # H 1 
1 0 1 0 0 0 1 0 0 1 
1 0 0 0 0 0 0 0 0 1 
1 1 0 0 0 0 0 0 0 1 
1 H 0 0 0 0 1 H F 1 
1 1 1 0 H 0 0 0 0 1 
1 1 0 0 # 0 0 0 H 1 
1 1 1 1 1 1 1 1 1 1 
P84 L51 T10

Map10
1 1 1 1 1 G 1 S 1 1 
1 0 F 0 0 0 F # 0 1 
1 0 F 0 0 F 0 F H 1 
1 0 0 0 F # 0 0 0 1 
1 0 0 0 0 1 0 1 0 1 
1 0 # 0 F 0 0 0 0 1 
1 # 0 1 F 0 1 0 0 1 
1 # 1 # 0 H # 0 1 1 
1 1 H 0 0 H 0 1 1 1 
1 1 1 1 1 1 1 1 1 1 
P63 p14 T10

Map10
1 1 1 1 1 1 1 1 1 1 
1 1 1 1 1 1 1 1 1 1 
1 0 0 # 0 0 0 0 1 1 
1 0 0 H 0 1 0 0 1 1 
S 0 1 0 H 0 # 0 1 1 
1 1 0 1 0 1 0 0 1 1 
1 1 # 0 0 0 0 H 1 1 
G 0 0 H 0 1 # 0 1 1 
1 0 0 0 0 0 1 0 1 1 
1 1 1 1 1 1 1 1 1 1 
P72 p65 T10

Map10
1 1 1 1 1 1 1 1 1 1 
1 0 0 # 0 0 0 0 0 1 
1 1 # 0 0 0 F 0 0 1 
G 0 0 1 0 1 0 0 0 1 
1 0 0 0 1 0 0 0 F 1 
1 0 1 H 0 0 0 0 0 1 
S F 0 0 H 1 0 1 0 1 
1 F 0 0 H 0 0 H # 1 
1 # 0 0 0 # 0 0 0 1 
1 1 1 1 1 1 1 1 1 1 
P36 p83 T10

Map10
1 1 S 1 1 1 1 1 1 1 
1 # # 0 1 0 0 # 1 1 
1 0 0 0 H # 0 H 1 1 
1 0 0 1 0 0 H 1 1 1 
1 0 0 0 0 0 H 0 1 1 
1 0 1 1 # 0 # 0 1 1 
1 0 1 0 0 1 H 0 1 1 
1 0 0 0 0 0 # 0 1 1 
1 1 1 1 1 G 1 1 1 1 
1 1 1 1 1 1 1 1 1 1 
P44 U47 T10

Map10
1 G 1 1 1 1 1 1 1 1 
1 # 0 0 F # H # 0 1 
1 1 0 0 0 # 0 0 0 1 
1 F H 0 H 0 H 1 F 1 
1 0 F 1 0 # 0 F 1 1 
S 0 0 0 0 0 F # 0 1 
1 0 0 0 # 0 0 0 0 1 
1 # 0 F 0 1 1 0 # 1 
1 0 1 1 0 H # 0 0 1 
1 1 1 1 1 1 1 1 1 1 
P35 P45 T10

Map10
1 1 1 1 1 1 G 1 1 1 
1 0 0 0 0 1 0 0 0 1 
1 0 1 0 0 0 0 0 0 1 
1 0 0 1 0 0 0 0 0 1 
S F # 0 H 0 1 0 # 1 
1 0 0 0 0 0 H 1 0 1 
1 0 0 # 0 0 0 # 1 1 
1 H 0 1 0 0 F 0 H 1 
1 0 F 1 H # 0 # 0 1 
1 1 1 1 1 1 1 1 1 1 
P34 p21 T11

Map10
1 G 1 1 1 1 1 1 1 1 
1 0 0 0 0 1 0 0 0 1 
1 0 0 0 1 0 0 0 1 1 
1 0 F 0 1 0 0 0 0 1 
1 0 1 0 0 # 0 # 0 1 
1 1 # 0 0 # 0 0 0 1 
S 0 F 0 F H 0 0 0 1 
1 0 1 0 0 0 0 0 0 1 
1 0 0 0 1 H # F 0 1 
1 1 1 1 1 1 1 1 1 1 
P83 L36 T10

Map10
1 1 1 1 1 1 1 S 1 1 
1 0 F 0 0 0 0 0 1 1 
1 0 0 1 F H F 0 0 1 
1 H # 0 0 0 0 1 0 1 
G 0 # 0 1 1 0 H H 1 
1 # F 0 0 0 F F 0 1 
1 0 0 0 0 0 0 0 0 1 
1 H H 0 1 0 1 # 0 1 
1 0 1 0 0 0 0 0 1 1 
1 1 1 1 1 1 1 1 1 1 
P51 p35 T12

Map10
1 1 1 1 1 1 1 1 1 1 
1 H 0 0 0 F 1 0 0 1 
G 0 F 0 F 1 0 0 0 1 
1 0 0 0 F 0 F 0 0 1 
1 1 0 # F 0 0 0 # 1 
1 1 0 F 0 0 0 0 1 1 
S 0 0 1 0 0 0 0 0 1 
1 0 0 0 1 1 0 # F 1 
1 0 0 0 1 H 0 F 0 1 
1 1 1 1 1 1 1 1 1 1 
P24 p33 T10

Map10
1 1 1 1 1 1 1 1 1 1 
1 G 1 1 1 1 1 1 1 1 
1 0 0 0 0 H 1 0 1 1 
1 H 0 # 1 0 # 0 S 1 
1 H # 0 0 1 0 0 1 1 
1 0 0 0 1 0 0 0 1 1 
1 0 0 0 0 # 0 1 1 1 
1 F # H 0 0 0 0 1 1 
1 0 H 1 1 0 # 0 1 1 
1 1 1 1 1 1 1 1 1 1 
P16 p55 T10

Map10
1 1 1 1 1 1 1 1 1 1 
1 1 1 1 1 1 1 S 1 1 
1 0 0 1 F 0 0 0 1 1 
1 F 0 0 0 H 0 0 1 1 
G 0 0 1 0 F 1 # 1 1 
1 0 1 0 1 0 0 0 1 1 
1 # # 0 0 0 # 0 1 1 
1 1 # H 0 # 0 # 1 1 
1 0 0 0 F 0 1 H 1 1 
1 1 1 1 1 1 1 1 1 1 
P76 P18 T10

Map10
1 1 1 1 1 1 1 G 1 1 
S # 0 0 H 0 H # 0 1 
1 0 0 F 1 0 0 0 0 1 
1 0 0 0 0 0 1 0 0 1 
1 0 0 1 0 0 # 1 0 1 
1 F 1 0 # F 0 0 0 1 
1 F 0 0 0 0 0 0 # 1 
1 0 0 # F 0 0 0 0 1 
1 # 0 0 0 1 0 0 # 1 
1 1 1 1 1 1 1 1 1 1 
P21 p84 T11

Map10
1 1 1 1 1 1 1 1 1 1 
G # 1 # 0 0 0 F 1 1 
1 0 0 1 H 1 0 H # 1 
1 0 0 1 H 0 H 0 0 1 
1 1 F 0 # # # 0 0 1 
S 0 0 F 0 0 0 0 H 1 
1 0 0 0 0 H H 0 0 1 
1 0 0 0 0 0 0 0 0 1 
1 # 0 1 0 1 1 F 0 1 
1 1 1 1 1 1 1 1 1 1 
P55 p45 T10

Map10
1 1 1 1 1 1 1 1 1 1 
S 0 F 0 # # 0 0 H 1 
G # 0 0 0 H # 0 0 1 
1 1 0 0 0 0 0 0 H 1 
1 0 0 0 0 # 0 0 # 1 
1 1 0 # 0 0 1 0 # 1 
1 # 0 0 0 1 0 F 0 1 
1 0 0 F 0 0 # F 0 1 
1 0 0 0 0 0 0 0 0 1 
1 1 1 1 1 1 1 1 1 1 
P71 p43 T10

Map10
1 1 1 S 1 1 1 1 1 1 
1 0 0 0 0 0 F 0 0 1 
1 0 H H # 0 0 0 # 1 
1 0 0 0 0 0 0 H 1 1 
1 0 0 F # 0 1 # 0 1 
1 0 0 1 0 0 0 F 0 1 
G # 0 # 0 # 0 0 0 1 
1 0 0 H H F 0 1 F 1 
1 0 0 # 0 0 0 F 0 1 
1 1 1 1 1 1 1 1 1 1 
P52 R21 T11

Map10
1 1 1 1 G 1 1 1 1 1 
1 1 0 1 0 # 0 0 # 1 
1 1 0 0 0 0 # 0 1 1 
1 1 H 0 # 1 0 H 0 1 
1 1 0 0 0 0 0 # 0 1 
1 1 0 0 # 0 0 0 0 1 
1 1 1 H 0 0 0 0 0 1 
1 1 H 0 # 0 H 0 0 1 
1 1 1 1 1 1 1 S 1 1 
1 1 1 1 1 1 1 1 1 1 
P75 p85 T10

Map10
1 1 1 1 1 1 1 1 1 1 
1 G 0 1 0 0 0 F 0 1 
1 1 F H 0 0 H 0 0 1 
1 1 0 # 0 0 0 0 1 1 
1 1 H 0 F # F 0 0 1 
1 1 0 # 0 0 F 0 0 1 
1 1 0 0 0 0 0 0 0 1 
1 1 0 0 1 0 0 # 0 1 
1 1 1 1 1 1 S 1 1 1 
1 1 1 1 1 1 1 1 1 1 
P66 p52 T10

Map10
1 1 1 1 1 1 1 1 1 1 
1 # F H 0 0 # 1 1 1 
G 0 F 0 0 0 F 0 1 1 
1 0 0 0 0 0 0 1 1 1 
S 0 # 0 1 0 F 1 1 1 
1 0 0 1 # 0 0 0 1 1 
1 0 0 0 0 0 0 0 1 1 
1 0 0 0 0 0 F 0 1 1 
1 1 1 1 1 1 1 1 1 1 
1 1 1 1 1 1 1 1 1 1 
P51 P47 T10

Map10
1 1 G 1 1 1 1 1 1 1 
1 # 0 F H F # 0 1 1 
1 0 0 0 0 # 0 0 # 1 
1 1 1 0 F 0 0 0 0 1 
1 0 0 F 0 # F 1 1 1 
1 F 0 1 0 0 0 # 0 1 
1 1 1 0 H F 1 # 0 1 
S 0 0 0 0 0 0 # 0 1 
1 0 0 H 0 0 0 0 # 1 
1 1 1 1 1 1 1 1 1 1 
P55 p32 T11

Map10
1 1 1 1 1 1 1 1 1 1 
1 1 # 0 1 0 0 0 0 1 
1 1 0 0 0 0 0 0 0 1 
1 1 0 0 0 0 0 0 F 1 
1 1 1 0 0 1 # F 0 1 
1 G 0 0 1 0 1 0 0 1 
1 1 0 0 H H 0 0 0 1 
1 1 0 0 0 0 0 0 H 1 
1 1 1 1 S 1 1 1 1 1 
1 1 1 1 1 1 1 1 1 1 
P77 R37 T13

Map10
1 1 1 1 1 G 1 1 1 1 
1 F 0 # 0 0 0 1 H 1 
1 0 1 F 1 0 0 0 F 1 
1 0 F 0 H 1 0 0 0 1 
S 0 # 1 0 # 0 0 0 1 
1 0 F H F 0 H 0 0 1 
1 0 1 0 0 0 F 0 0 1 
1 0 0 F 0 0 0 F H 1 
1 1 0 1 0 # 0 0 # 1 
1 1 1 1 1 1 1 1 1 1 
P57 p68 T10

Map10
1 1 1 1 1 1 1 1 1 1 
G 0 # 1 0 0 0 0 1 1 
1 1 0 H 0 0 0 # 1 1 
1 0 0 0 0 0 0 0 1 1 
1 0 1 # 1 H F 0 1 1 
1 H # 0 0 0 0 H 1 1 
1 0 0 0 1 F 0 1 1 1 
1 0 0 0 0 0 # 0 1 1 
1 1 S 1 1 1 1 1 1 1 
1 1 1 1 1 1 1 1 1 1 
P13 p57 T10

Map10
1 1 1 1 S 1 1 1 1 1 
1 0 0 0 0 0 # 0 # 1 
1 0 F 0 0 0 0 0 1 1 
1 0 0 F 0 0 F F 0 1 
1 0 0 0 H 0 0 0 F 1 
G 0 0 0 0 1 # 0 F 1 
1 F 0 0 0 0 0 F 0 1 
1 0 0 1 0 0 0 0 0 1 
1 1 0 0 0 0 F 1 0 1 
1 1 1 1 1 1 1 1 1 1 
P43 p24 T12

Map10
1 1 1 1 1 1 1 1 1 1 
G 0 0 1 1 0 0 H 0 1 
1 0 0 0 0 0 0 0 H 1 
1 H 0 0 0 0 0 0 0 1 
1 # 0 0 0 0 0 0 # 1 
S 0 0 H 1 0 # # 0 1 
1 1 0 F # 1 0 0 0 1 
1 0 1 0 0 0 0 1 0 1 
1 0 0 1 # 0 # 0 # 1 
1 1 1 1 1 1 1 1 1 1 
P83 D24 T10

Map10
1 1 1 1 1 G 1 1 1 1 
1 0 # 0 1 # 0 0 1 1 
1 0 0 0 0 0 # 0 1 1 
1 0 1 0 H 0 # 0 1 1 
1 0 0 1 0 H 0 H 1 1 
1 0 0 0 H 0 0 1 1 1 
1 # 0 0 1 # 0 1 1 1 
1 H 0 0 0 H 0 0 1 1 
1 1 1 1 S 1 1 1 1 1 
1 1 1 1 1 1 1 1 1 1 
P27 p13 T10

Map10
1 1 1 1 1 1 1 G 1 1 
S 0 0 0 0 # 1 0 0 1 
1 1 0 1 0 1 0 0 # 1 
1 0 0 1 1 0 F F 0 1 
1 # 0 0 H F H H 0 1 
1 0 0 0 F # 1 0 0 1 
1 0 H H 0 F 1 0 0 1 
1 F F 0 F 0 0 # 0 1 
1 0 0 # 0 0 1 H 0 1 
1 1 1 1 1 1 1 1 1 1 
P31 P24 T10

Map10
1 1 1 1 1 1 1 1 1 1 
1 1 1 1 1 1 1 1 1 1 
1 S 0 0 0 H 0 0 0 1 
1 1 F 0 0 # H 0 0 1 
1 1 # 0 0 0 0 1 H 1 
1 1 # 1 0 0 0 0 0 1 
1 1 H 0 0 H 0 0 1 1 
1 G 0 0 # 1 # 0 1 1 
1 1 1 0 0 0 1 # H 1 
1 1 1 1 1 1 1 1 1 1 
P42 p46 T10

Map10
1 1 1 1 1 1 1 1 1 1 
1 1 1 1 G 1 1 1 1 1 
1 1 H 1 # 0 # 0 1 1 
1 1 F 0 H 0 H 0 # 1 
1 1 # 0 0 # 0 0 # 1 
1 1 0 0 1 # 0 1 0 1 
1 S 0 0 0 1 0 1 0 1 
1 1 F 0 0 1 0 0 0 1 
1 1 0 0 0 # 0 0 0 1 
1 1 1 1 1 1 1 1 1 1 
P64 u68 T10

Map10
1 1 1 1 S 1 G 1 1 1 
1 0 # 1 0 # F 0 0 1 
1 0 F F 0 0 0 0 0 1 
1 0 0 0 # 1 0 0 0 1 
1 0 F 1 F 0 H 0 1 1 
1 1 1 0 0 0 0 F 0 1 
1 0 0 0 # 1 0 0 0 1 
1 1 # H 1 # F 0 0 1 
1 H 0 F 0 0 0 0 # 1 
1 1 1 1 1 1 1 1 1 1 
P16 P68 T13

Map10
1 1 1 1 S 1 1 G 1 1 
1 0 0 0 0 0 # # # 1 
1 0 # # 0 0 F 0 0 1 
1 0 0 F 0 0 F 0 0 1 
1 0 # 0 0 1 0 0 0 1 
1 # 0 # 0 0 0 0 0 1 
1 0 0 # F 0 0 0 F 1 
1 0 0 F 0 0 0 0 0 1 
1 # 0 0 F 0 0 F 0 1 
1 1 1 1 1 1 1 1 1 1 
P42 p83 T10

Map10
1 1 1 1 1 1 1 1 1 1 
1 F F 0 0 0 0 0 0 1 
S 0 0 H 1 F 0 0 0 1 
1 0 0 # F # 0 1 0 1 
1 0 0 0 0 F 0 0 0 1 
1 0 0 0 0 0 0 0 F 1 
1 0 0 0 F 0 0 0 0 1 
G F 0 1 0 0 1 0 0 1 
1 0 1 0 1 0 1 0 0 1 
1 1 1 1 1 1 1 1 1 1 
P22 P14 T11

Map10
1 1 S 1 1 G 1 1 1 1 
1 # 0 H 0 F 1 F 0 1 
1 0 0 0 1 0 0 0 1 1 
1 F 0 H 1 F # 0 0 1 
1 F 0 0 1 1 0 0 0 1 
1 F 0 0 1 0 H 0 0 1 
1 0 1 F 0 0 0 0 0 1 
1 0 0 F 0 1 0 0 H 1 
1 0 0 0 F 0 0 0 H 1 
1 1 1 1 1 1 1 1 1 1 
P18 U64 T11

Map10
1 1 1 1 1 1 S 1 1 1 
G # 0 0 H 0 # 0 0 1 
1 0 1 H 0 0 0 0 0 1 
1 0 H # 1 1 0 H 0 1 
1 0 0 F 0 # 1 0 0 1 
1 1 0 0 F 0 0 # 0 1 
1 # 0 # 0 0 0 H # 1 
1 0 0 0 0 0 0 0 0 1 
1 0 H 0 0 H # 0 0 1 
1 1 1 1 1 1 1 1 1 1 
P88 u47 T10

Map10
1 1 1 1 1 1 1 G 1 1 
1 0 0 0 H F 0 0 1 1 
1 0 0 0 0 1 0 0 0 1 
S 0 0 1 1 0 0 0 0 1 
1 0 0 0 0 0 H 0 0 1 
1 0 0 0 0 0 0 H 0 1 
1 0 # 1 0 H 0 0 0 1 
1 H 1 0 1 0 1 0 0 1 
1 # 0 1 # 0 0 H 0 1 
1 1 1 1 1 1 1 1 1 1 
P65 P16 T11

Map10
1 1 1 1 S 1 1 G 1 1 
1 0 F 0 0 0 1 0 0 1 
1 0 0 0 1 0 H 0 0 1 
1 1 0 0 1 0 H # H 1 
1 0 0 F 0 # 0 0 # 1 
1 0 0 H 0 H 0 # 0 1 
1 0 0 0 0 1 0 0 1 1 
1 0 0 0 # 0 H H 0 1 
1 0 1 0 0 # 0 0 0 1 
1 1 1 1 1 1 1 1 1 1 
P32 p64 T10

Map10
1 1 1 1 1 1 1 1 1 1 
1 1 1 S 1 1 G 1 1 1 
1 1 1 0 0 1 0 0 0 1 
1 1 0 1 0 0 0 0 H 1 
1 1 0 0 0 0 H 0 H 1 
1 1 0 0 0 1 0 0 0 1 
1 1 0 0 0 0 0 0 0 1 
1 1 1 0 H 0 0 # 0 1 
1 1 H 0 0 # 0 0 0 1 
1 1 1 1 1 1 1 1 1 1 
P45 p66 T10

Map10
1 1 S 1 1 1 1 1 1 1 
1 0 0 0 # 1 0 H H 1 
1 F # 0 0 0 F 1 0 1 
1 0 1 0 1 # F 0 0 1 
1 F 0 0 0 0 0 0 0 1 
G 0 0 1 # # 0 F 0 1 
1 # 0 0 0 1 0 0 0 1 
1 0 # 0 0 0 0 0 0 1 
1 F 1 0 0 0 0 # 1 1 
1 1 1 1 1 1 1 1 1 1 
P24 P17 T11

Map10
1 1 G 1 1 1 S 1 1 1 
1 0 0 1 0 F 0 0 0 1 
1 # 0 0 F 0 1 # 0 1 
1 # H 0 1 # 0 0 0 1 
1 F 0 0 1 F 0 0 0 1 
1 0 1 0 0 0 0 H 1 1 
1 H 0 1 F 0 1 0 0 1 
1 0 0 H # H 0 0 0 1 
1 F 0 0 0 0 0 0 0 1 
1 1 1 1 1 1 1 1 1 1 
P56 U65 T12

Map10
1 1 1 1 G S 1 1 1 1 
1 1 H 0 0 0 H 0 0 1 
1 1 F 1 F 0 0 0 0 1 
1 1 1 0 # 0 0 0 0 1 
1 1 0 0 H H 1 0 0 1 
1 1 # 0 0 F 0 0 0 1 
1 1 0 0 0 0 0 0 0 1 
1 1 0 0 1 0 # 0 0 1 
1 1 1 1 1 1 1 1 1 1 
1 1 1 1 1 1 1 1 1 1 
P53 p84 T10

Map10
1 1 1 1 1 1 1 1 1 1 
1 0 0 H 0 0 1 0 0 1 
G 0 0 H 1 # 0 0 0 1 
1 0 0 0 1 0 H 1 # 1 
1 1 0 0 0 0 0 0 0 1 
1 0 H 0 0 0 0 0 0 1 
S 0 1 # 0 0 H 0 0 1 
1 0 1 0 1 0 F # 0 1 
1 0 0 0 0 0 0 0 # 1 
1 1 1 1 1 1 1 1 1 1 
P21 L64 T10

Map10
1 1 1 1 1 1 1 1 1 1 
1 1 1 1 1 1 1 1 1 1 
1 0 F 0 0 0 0 F 1 1 
G 0 # 0 0 0 F 0 1 1 
1 0 1 0 0 0 1 F 1 1 
1 1 0 0 0 0 0 0 1 1 
1 0 0 1 F 0 0 0 S 1 
1 0 0 0 0 1 0 0 1 1 
1 0 0 # 1 0 0 0 1 1 
1 1 1 1 1 1 1 1 1 1 
P56 p44 T10

Map10
1 1 1 1 1 1 S 1 1 1 
1 1 0 0 0 0 0 1 0 1 
1 0 0 # 0 0 0 # 0 1 
1 0 0 # H 0 H # # 1 
1 H 0 0 0 0 0 0 1 1 
G 0 0 0 # 0 0 0 0 1 
1 0 F 0 0 0 0 H 0 1 
1 0 0 H 0 0 0 0 0 1 
1 1 0 0 # # H 0 0 1 
1 1 1 1 1 1 1 1 1 1 
P62 P24 T10

Map10
1 1 1 G 1 1 1 1 1 1 
1 0 1 0 # 0 0 0 F 1 
1 0 1 0 0 0 0 F H 1 
1 F 0 0 F H 0 0 # 1 
S 0 0 1 0 0 1 0 F 1 
1 # 1 1 1 0 # 0 0 1 
1 F H 0 1 0 0 H 0 1 
1 0 0 1 0 0 0 # 0 1 
1 0 0 F 0 0 0 0 # 1 
1 1 1 1 1 1 1 1 1 1 
P85 p58 T10

Map10
1 1 1 1 1 1 1 1 1 1 
1 1 G 1 1 S 1 1 1 1 
1 1 0 0 H 0 0 0 0 1 
1 1 0 0 0 1 # 0 0 1 
1 1 1 0 0 H # 0 0 1 
1 1 0 H 0 0 0 0 0 1 
1 1 0 1 0 1 0 0 0 1 
1 1 0 1 0 0 0 0 1 1 
1 1 F 0 0 0 0 0 0 1 
1 1 1 1 1 1 1 1 1 1 
P43 L77 T10

Map10
1 1 1 1 1 1 S 1 1 1 
1 0 0 1 0 F 0 0 0 1 
1 F 0 0 0 0 0 0 0 1 
1 0 0 0 0 F H 0 0 1 
1 0 0 H 0 0 0 0 1 1 
G # 0 1 0 0 0 0 0 1 
1 0 0 0 0 H 0 H F 1 
1 0 F 0 0 0 0 1 1 1 
1 0 1 0 0 0 0 0 0 1 
1 1 1 1 1 1 1 1 1 1 
P62 p26 T10

Map10
1 1 1 1 S 1 G 1 1 1 
1 0 # 0 F F 0 0 0 1 
1 0 0 1 F 0 0 F # 1 
1 0 # H 0 0 1 0 0 1 
1 0 0 0 F 0 0 0 0 1 
1 0 0 0 # 0 1 0 0 1 
1 0 F 0 1 # # 0 0 1 
1 0 # 0 0 0 0 0 1 1 
1 F F F 0 1 0 0 0 1 
1 1 1 1 1 1 1 1 1 1 
P81 P52 T11

Map10
1 1 1 1 1 1 1 1 1 1 
1 1 1 1 1 1 1 S 1 1 
1 # # # 0 0 1 0 1 1 
1 0 H 0 0 1 0 0 1 1 
1 0 0 1 # 0 0 1 1 1 
1 1 # 0 F 0 0 0 1 1 
1 0 0 0 F 0 H 0 1 1 
G 0 0 0 # 0 0 0 1 1 
1 # 0 0 0 0 F 1 1 1 
1 1 1 1 1 1 1 1 1 1 
P65 p26 T11

Map10
1 1 1 1 1 1 1 1 1 1 
1 0 0 0 0 1 0 0 1 1 
1 0 1 0 0 0 0 0 1 1 
1 F 0 0 0 0 # 0 1 1 
1 F F H F 0 0 H 1 1 
G 0 0 0 0 # 0 1 1 1 
1 0 F 0 F 0 0 H 1 1 
1 0 0 0 H 0 0 0 1 1 
1 1 1 S 1 1 1 1 1 1 
1 1 1 1 1 1 1 1 1 1 
P66 R36 T11

Map10
1 1 G 1 1 1 1 S 1 1 
1 0 F 0 F 0 0 0 0 1 
1 0 0 0 0 0 0 1 1 1 
1 H 0 0 F 0 0 0 0 1 
1 F 0 0 0 0 0 0 0 1 
1 0 F F 0 0 1 # 0 1 
1 # 0 0 0 1 # 0 0 1 
1 # 0 0 0 0 F 0 # 1 
1 H H 0 1 0 0 0 # 1 
1 1 1 1 1 1 1 1 1 1 
P51 p37 T10

Map10
1 S 1 1 1 1 1 1 1 1 
1 0 0 1 0 0 0 F 0 1 
1 0 # # 0 0 F 0 0 1 
1 H 0 F 0 F 0 0 0 1 
1 0 1 0 0 0 0 F 0 1 
G 0 0 0 F 1 F 0 F 1 
1 0 0 0 0 0 0 H # 1 
1 0 F 0 # 0 0 0 0 1 
1 0 0 1 # 0 0 # 0 1 
1 1 1 1 1 1 1 1 1 1 
P12 p68 T13

Map10
1 S 1 1 1 1 1 1 1 1 
1 # F 0 0 H 1 0 0 1 
1 1 0 0 0 0 0 0 0 1 
G 0 0 0 0 H H 0 # 1 
1 0 0 0 H 0 F 0 0 1 
1 0 F F 1 0 H 0 F 1 
1 0 0 0 0 1 0 0 0 1 
1 0 1 F # 0 0 0 0 1 
1 0 H 0 0 0 F 0 1 1 
1 1 1 1 1 1 1 1 1 1 
P41 u48 T11

Map10
1 1 1 1 1 1 1 1 1 1 
1 1 1 G 1 1 1 1 1 1 
1 # 0 0 1 0 0 0 1 1 
1 1 0 # 0 0 0 # 1 1 
1 1 0 H 0 0 0 0 1 1 
S 0 0 H 0 0 0 # 1 1 
1 0 1 0 0 0 0 0 1 1 
1 0 # 1 1 0 # 0 1 1 
1 1 0 0 # # 0 0 1 1 
1 1 1 1 1 1 1 1 1 1 
P72 P25 T10

Map10
1 1 1 1 1 1 G 1 1 1 
1 1 0 # 0 0 0 1 0 1 
1 1 F H 1 0 # F 0 1 
1 1 0 F 0 0 1 0 0 1 
1 1 0 F H H 0 0 # 1 
1 1 H 0 # 1 H 0 1 1 
1 1 F # H 0 0 # 1 1 
1 1 F 0 1 0 0 F 0 1 
1 1 1 1 1 S 1 1 1 1 
1 1 1 1 1 1 1 1 1 1 
P73 p83 T10

Map10
1 1 1 1 1 1 1 G 1 1 
1 0 0 F 0 0 1 0 0 1 
1 0 0 F 0 0 1 1 0 1 
1 F F 0 1 0 0 # 0 1 
1 # 0 0 1 H 0 0 0 1 
S 0 1 0 0 0 0 0 F 1 
1 1 0 0 0 1 F 0 1 1 
1 F 0 0 # 0 0 0 F 1 
1 F 0 0 0 0 0 0 0 1 
1 1 1 1 1 1 1 1 1 1 
P11 p58 T15

Map10
1 1 1 1 1 1 1 1 1 1 
1 0 H 0 0 0 0 0 1 1 
G 0 0 # 0 0 1 0 1 1 
1 1 H 0 0 0 0 0 1 1 
1 0 1 0 # 1 # 0 1 1 
1 0 H H 1 1 0 H 1 1 
1 0 0 0 0 0 # 0 1 1 
1 0 0 0 0 1 0 0 1 1 
1 1 1 S 1 1 1 1 1 1 
1 1 1 1 1 1 1 1 1 1 
P31 P36 T14

Map10
1 1 1 1 1 1 1 1 1 1 
1 1 1 1 1 1 1 1 1 1 
1 G 0 1 0 0 0 1 F 1 
1 1 0 0 1 0 0 # 0 1 
1 1 0 0 0 0 1 1 0 1 
1 S F 1 0 0 F 0 0 1 
1 1 0 0 0 # 0 0 0 1 
1 1 0 0 1 0 0 0 0 1 
1 1 0 0 0 0 0 0 # 1 
1 1 1 1 1 1 1 1 1 1 
P84 D24 T10

Map10
1 1 1 1 1 1 1 1 1 1 
1 1 1 1 1 1 1 S 1 1 
1 1 # 0 0 0 1 0 0 1 
1 1 0 H 0 # 0 0 0 1 
1 1 0 0 0 0 0 0 0 1 
1 1 H 0 0 0 0 H 0 1 
1 G # 0 # 0 0 # # 1 
1 1 0 0 0 0 0 0 # 1 
1 1 0 0 0 # 0 0 0 1 
1 1 1 1 1 1 1 1 1 1 
P73 P85 T10

Map10
1 1 1 1 1 1 S 1 1 1 
G # 0 0 1 0 0 F 0 1 
1 1 # 0 0 1 0 0 0 1 
1 0 0 0 0 0 H 0 0 1 
1 # 0 0 0 0 0 0 0 1 
1 0 0 0 0 1 0 0 # 1 
1 0 1 0 H # 0 0 0 1 
1 0 0 0 0 0 # F 0 1 
1 0 F 0 0 F 0 # # 1 
1 1 1 1 1 1 1 1 1 1 
P62 p16 T11

Map10
1 1 1 1 S 1 1 1 1 1 
1 0 # # 0 0 1 # 0 1 
G 0 0 F 0 0 0 0 0 1 
1 F 0 0 F 0 0 0 0 1 
1 0 0 0 0 F 1 0 0 1 
1 0 H 0 0 0 0 F 0 1 
1 F 1 1 # 0 0 0 1 1 
1 0 0 0 F 0 0 F 1 1 
1 1 # 0 1 0 0 1 0 1 
1 1 1 1 1 1 1 1 1 1 
P45 l82 T11

Map10
1 1 1 S 1 G 1 1 1 1 
1 1 0 # 0 0 # 0 F 1 
1 F 0 1 0 0 0 0 0 1 
1 0 0 1 0 H H F 1 1 
1 0 0 F 1 1 0 # 0 1 
1 1 0 0 0 H 0 0 0 1 
1 0 0 # 0 0 0 0 0 1 
1 0 # 0 0 H F H 0 1 
1 1 0 0 0 0 0 1 0 1 
1 1 1 1 1 1 1 1 1 1 
P64 L41 T10

Map10
1 1 1 1 1 1 1 1 1 1 
1 1 1 1 1 G 1 1 1 1 
1 1 # 0 0 0 1 F 0 1 
1 1 F 0 # 0 0 F 0 1 
1 1 0 1 0 1 # 0 1 1 
1 S F 0 1 H 0 1 0 1 
1 1 0 0 0 0 0 0 0 1 
1 1 0 0 0 0 1 F 0 1 
1 1 0 1 0 # 0 0 0 1 
1 1 1 1 1 1 1 1 1 1 
P33 p56 T13

Map10
1 1 1 1 1 1 1 G 1 1 
S # 0 0 0 F 1 0 # 1 
1 0 0 0 0 1 0 0 0 1 
1 1 0 0 0 H 0 0 0 1 
1 0 0 1 0 0 0 1 H 1 
1 0 0 0 0 # 0 0 0 1 
1 # 0 0 1 F 0 0 0 1 
1 1 1 0 0 1 0 F 0 1 
1 0 F 0 0 0 # 0 # 1 
1 1 1 1 1 1 1 1 1 1 
P21 P45 T10

Map10
1 1 1 1 G 1 1 1 1 1 
1 F 0 F 0 0 F 0 0 1 
1 0 0 0 0 0 0 0 # 1 
1 0 1 F 0 0 0 0 0 1 
S 0 0 1 # 0 F 0 # 1 
1 # 0 0 1 0 0 0 1 1 
1 0 0 0 0 0 0 0 F 1 
1 0 0 0 0 0 0 F H 1 
1 0 H 0 0 0 0 1 0 1 
1 1 1 1 1 1 1 1 1 1 
P67 p16 T10

Map10
1 1 1 1 1 1 1 1 1 1 
1 1 S 1 1 1 1 1 1 1 
1 1 0 0 0 0 H 0 0 1 
1 1 1 0 0 0 0 0 F 1 
1 1 1 0 0 0 0 0 0 1 
1 G 0 1 0 0 0 1 0 1 
1 1 0 # 1 1 F F 1 1 
1 1 1 0 0 H 0 # 0 1 
1 1 0 # 0 0 0 0 F 1 
1 1 1 1 1 1 1 1 1 1 
P52 P28 T10

Map10
1 1 1 1 1 1 G 1 1 1 
1 0 F H 0 0 F 1 1 1 
1 0 0 0 1 0 0 0 1 1 
1 0 0 F 1 0 1 0 1 1 
1 # 0 0 0 H H 0 1 1 
1 0 0 0 0 1 0 F 1 1 
1 0 1 0 0 0 # 0 1 1 
S # 0 1 0 0 0 F 1 1 
1 1 1 1 1 1 1 1 1 1 
1 1 1 1 1 1 1 1 1 1 
P11 p72 T10

Map10
1 1 1 1 S 1 1 1 1 1 
1 0 # 0 0 0 0 0 0 1 
1 # # F 0 H F 0 # 1 
1 0 0 # # 0 0 0 0 1 
1 H 0 0 0 # 1 F H 1 
G F # 0 0 0 H # 0 1 
1 F # 0 F 0 0 0 0 1 
1 0 0 0 0 0 0 1 1 1 
1 0 0 1 0 0 0 0 0 1 
1 1 1 1 1 1 1 1 1 1 
P44 p41 T10

Map10
1 1 1 1 1 1 S 1 1 1 
1 0 0 0 1 0 0 0 F 1 
G 0 F # 1 0 0 0 0 1 
1 F 0 1 0 0 0 0 0 1 
1 0 0 0 F H 0 1 0 1 
1 0 0 0 0 0 F 0 0 1 
1 0 1 0 0 1 0 0 H 1 
1 H H 0 0 0 0 0 0 1 
1 0 F 0 0 0 H 1 0 1 
1 1 1 1 1 1 1 1 1 1 
P64 l45 T10

Map10
1 1 1 1 1 S 1 1 1 1 
1 1 # 0 F 0 0 F 0 1 
1 G F 0 0 1 # 0 0 1 
1 1 0 0 0 0 0 # 0 1 
1 1 # 0 F F 0 F F 1 
1 1 0 0 1 0 1 0 1 1 
1 1 0 0 0 0 1 0 # 1 
1 1 # 0 1 0 0 F 0 1 
1 1 1 1 1 1 1 1 1 1 
1 1 1 1 1 1 1 1 1 1 
P83 p33 T11

Map10
1 G 1 1 1 1 1 1 1 1 
1 0 0 # F 0 0 0 1 1 
1 0 # 1 0 0 1 # H 1 
1 1 1 0 1 # 0 0 0 1 
S 0 0 0 # 1 0 0 1 1 
1 0 0 0 0 0 0 0 H 1 
1 0 0 0 0 H 0 H H 1 
1 0 0 H 0 0 0 H 0 1 
1 0 0 0 0 1 0 0 # 1 
1 1 1 1 1 1 1 1 1 1 
P75 p14 T10

Map10
1 1 1 S 1 G 1 1 1 1 
1 0 F 0 0 0 H 0 0 1 
1 0 1 1 1 0 H 1 0 1 
1 # 0 # 0 0 0 # 0 1 
1 F 0 0 H 1 0 1 F 1 
1 0 # 0 0 0 1 0 0 1 
1 0 0 0 0 0 0 0 F 1 
1 0 F # 0 0 F 0 # 1 
1 0 1 0 0 0 1 0 # 1 
1 1 1 1 1 1 1 1 1 1 
P16 p43 T10

Map10
1 1 1 1 1 1 1 1 1 1 
1 1 1 1 1 1 G 1 1 1 
1 S 0 0 0 1 0 0 0 1 
1 1 0 H H 0 0 0 0 1 
1 1 0 0 0 0 H 0 1 1 
1 1 1 0 0 0 F 0 0 1 
1 1 F 0 # 0 H 1 H 1 
1 1 # F 1 0 F 0 0 1 
1 1 0 0 0 0 0 H 0 1 
1 1 1 1 1 1 1 1 1 1 
P44 P68 T11

Map10
1 1 1 1 1 1 1 1 1 1 
1 1 H 0 0 0 0 0 0 1 
1 1 1 H H 0 0 0 1 1 
1 1 1 F H 0 1 0 0 1 
1 1 H 0 0 # 0 F 0 1 
1 1 F 0 0 F # 0 0 1 
1 1 0 0 F 0 H 0 0 1 
1 1 0 # 0 0 # 0 # 1 
1 1 1 1 G 1 S 1 1 1 
1 1 1 1 1 1 1 1 1 1 
P41 R57 T10

Map10
1 G 1 1 1 1 1 1 1 1 
1 # 0 0 0 1 1 0 0 1 
1 F 0 0 1 0 0 0 # 1 
1 H 0 0 0 0 # 0 # 1 
1 0 F F 0 0 0 1 0 1 
1 # 1 0 1 0 1 0 0 1 
S 0 0 1 0 0 0 0 0 1 
1 0 # 0 0 0 H 0 0 1 
1 0 F 0 1 0 # 0 0 1 
1 1 1 1 1 1 1 1 1 1 
P23 P57 T15

Map10
1 1 1 1 1 1 1 1 1 1 
1 0 0 0 0 H 0 F F 1 
1 0 0 F 1 # 0 F 0 1 
G 0 1 0 0 F F 0 0 1 
1 1 H 0 F 1 0 0 0 1 
1 0 H 0 0 0 1 0 0 1 
S 0 0 0 F H 0 H 0 1 
1 0 0 1 0 0 0 1 0 1 
1 0 H 0 1 1 0 0 0 1 
1 1 1 1 1 1 1 1 1 1 
P82 D45 T10

Map10
1 1 1 1 1 1 1 1 1 1 
1 0 0 0 1 0 H 0 G 1 
1 1 0 0 0 1 0 0 1 1 
1 0 0 0 0 0 0 0 1 1 
1 0 0 1 0 0 1 0 1 1 
1 1 H 0 0 H H 0 S 1 
1 0 # 0 0 0 0 0 1 1 
1 0 F 0 0 0 0 0 1 1 
1 1 1 1 1 1 1 1 1 1 
1 1 1 1 1 1 1 1 1 1 
P37 D74 T10

Map10
1 1 1 1 1 1 1 1 1 1 
1 1 1 1 1 1 G 1 1 1 
1 # 0 0 0 0 0 F 1 1 
1 0 0 0 0 0 0 H 1 1 
1 F 0 0 0 0 0 H 1 1 
1 0 0 F 0 0 0 0 1 1 
1 0 0 0 0 0 1 0 S 1 
1 0 0 1 1 0 0 # 1 1 
1 0 0 0 0 0 F 0 1 1 
1 1 1 1 1 1 1 1 1 1 
P16 p55 T11

Map10
1 1 1 1 1 1 1 1 1 1 
1 0 F H 0 # 1 0 0 1 
1 0 H H 0 0 1 # 0 1 
G 0 0 0 0 0 0 1 H 1 
1 1 0 F 0 0 0 # 1 1 
S 0 # H F H 0 F 1 1 
1 0 0 0 1 1 0 0 0 1 
1 0 0 0 # 0 0 0 0 1 
1 0 0 1 H # 0 0 F 1 
1 1 1 1 1 1 1 1 1 1 
P24 U26 T10

Map10
1 1 1 1 1 1 1 1 1 1 
1 S 1 1 1 1 1 1 1 1 
1 F # H 0 0 0 0 1 1 
1 # F 0 # F 0 0 1 1 
G 0 F F 0 0 0 F 1 1 
1 F 0 0 0 1 1 0 1 1 
1 0 0 0 0 # 0 0 1 1 
1 F 0 0 0 0 # # 1 1 
1 0 # 0 1 0 0 0 1 1 
1 1 1 1 1 1 1 1 1 1 
P36 p45 T11

Map10
1 1 1 1 1 1 1 1 1 1 
1 1 1 1 G 1 1 1 1 1 
1 1 0 0 0 F # # # 1 
1 S 0 F 0 # 0 H F 1 
1 1 0 1 0 0 0 0 0 1 
1 1 # 0 0 0 0 0 0 1 
1 1 0 1 1 0 0 0 0 1 
1 1 F 1 0 0 0 0 0 1 
1 1 # 0 # # 0 0 0 1 
1 1 1 1 1 1 1 1 1 1 
P63 p78 T10

Map10
1 1 S 1 1 1 1 1 1 1 
1 1 0 0 H 0 0 0 0 1 
1 1 # 0 0 0 0 0 0 1 
1 1 0 0 1 H F 0 0 1 
1 1 H # 0 1 H 0 0 1 
1 1 1 0 # 0 0 0 1 1 
1 1 0 F 1 0 0 0 # 1 
1 1 0 F 0 1 1 0 0 1 
1 1 1 G 1 1 1 1 1 1 
1 1 1 1 1 1 1 1 1 1 
P23 p62 T10

Map10
1 1 1 1 1 G 1 1 1 1 
1 # 0 H 1 0 # 0 1 1 
1 0 # 0 F 0 0 # 1 1 
1 1 0 F 0 0 0 H 1 1 
1 0 F # 0 0 H 0 1 1 
1 0 1 0 0 # 0 H 1 1 
1 F H 0 H 0 # 0 1 1 
1 1 1 0 0 F 0 0 1 1 
1 1 1 1 1 1 1 S 1 1 
1 1 1 1 1 1 1 1 1 1 
P76 L43 T10

Map10
1 1 1 1 1 1 1 1 1 1 
G 0 1 H 0 0 0 0 0 1 
1 0 0 0 0 0 # 0 0 1 
1 0 0 0 0 0 0 H 1 1 
1 H 0 F 0 H 0 0 0 1 
1 H 0 0 H 0 0 # 0 1 
1 0 1 # # 0 0 0 # 1 
S F 0 0 F H 0 1 0 1 
1 0 0 0 0 0 0 0 1 1 
1 1 1 1 1 1 1 1 1 1 
P37 p58 T10

Map10
1 1 1 1 1 G 1 1 1 1 
1 0 H # 1 0 0 # 1 1 
1 1 F 0 1 0 1 F 0 1 
1 0 H F 0 H 0 0 0 1 
1 0 0 0 0 0 0 1 H 1 
1 0 0 0 1 0 H F 0 1 
1 0 0 0 H 0 F 1 0 1 
S 0 # F F 0 0 0 0 1 
1 0 0 0 0 0 0 0 0 1 
1 1 1 1 1 1 1 1 1 1 
P13 p63 T11

Map10
1 1 1 1 1 1 S 1 1 1 
1 0 0 1 0 0 0 F 0 1 
1 0 0 0 1 0 0 1 0 1 
1 0 0 0 0 H 0 0 0 1 
1 1 0 0 # F 0 0 F 1 
G 0 0 0 0 1 F 0 0 1 
1 0 0 0 1 1 F 0 H 1 
1 0 # 0 0 # 1 0 0 1 
1 0 1 0 0 F 0 0 H 1 
1 1 1 1 1 1 1 1 1 1 
P83 P64 T12

Map10
1 1 1 1 1 1 1 1 1 1 
1 # 0 0 1 # 0 0 F 1 
1 0 0 # 0 0 0 0 0 1 
S 0 1 1 1 0 0 0 0 1 
1 0 1 0 0 1 # 0 # 1 
1 0 0 0 0 0 0 0 # 1 
G 0 0 H 0 0 1 0 0 1 
1 H 1 0 0 # 1 0 0 1 
1 0 0 0 0 0 0 # F 1 
1 1 1 1 1 1 1 1 1 1 
P72 p35 T10

Map10
1 1 1 1 1 1 G 1 1 1 
1 0 H 0 F 0 0 H 0 1 
1 0 0 0 0 0 0 0 0 1 
1 1 0 0 0 0 0 0 0 1 
1 1 0 F 0 0 H 0 0 1 
S 0 1 0 0 0 H 0 1 1 
1 0 0 0 0 0 0 1 0 1 
1 0 0 0 # 0 0 0 F 1 
1 0 0 1 0 0 0 F 0 1 
1 1 1 1 1 1 1 1 1 1 
P42 p53 T11

Map10
1 1 G 1 1 1 1 1 1 1 
1 0 0 1 0 0 0 1 # 1 
1 0 # 0 0 1 0 0 # 1 
1 F 0 0 # 0 # 0 1 1 
1 # 0 0 0 0 # 0 0 1 
1 H H 0 1 0 0 0 1 1 
S # 0 H 0 # 0 0 F 1 
1 0 0 0 0 1 0 H H 1 
1 # 0 F 0 0 0 0 0 1 
1 1 1 1 1 1 1 1 1 1 
P26 p58 T11

Map10
1 1 1 1 S 1 1 1 1 1 
1 1 0 0 0 F 0 0 1 1 
1 0 0 1 0 1 0 # 1 1 
G 0 F 0 F H 0 0 1 1 
1 1 0 0 1 0 1 F 1 1 
1 0 # 1 0 F # F 1 1 
1 0 # 0 0 H F 0 1 1 
1 0 0 0 # 1 0 # 1 1 
1 1 1 1 1 1 1 1 1 1 
1 1 1 1 1 1 1 1 1 1 
P21 P42 T14

Map10
1 1 1 S 1 1 1 1 1 1 
1 0 0 0 1 0 0 F 0 1 
1 0 # 1 0 F H H 0 1 
G 0 0 # 0 0 0 F 0 1 
1 # F 1 H 1 0 0 1 1 
1 H # 0 H 0 1 0 0 1 
1 0 0 0 0 0 0 0 0 1 
1 0 0 0 0 F 0 F 0 1 
1 0 0 0 0 0 0 0 0 1 
1 1 1 1 1 1 1 1 1 1 
P11 R63 T11

Map10
1 1 1 1 1 1 1 1 1 1 
1 1 1 1 1 1 1 1 1 1 
1 0 1 1 0 0 0 # 1 1 
1 0 0 1 0 0 0 0 1 1 
1 F 0 0 0 0 F 0 1 1 
1 0 0 0 0 0 0 0 1 1 
S 0 1 # 0 0 0 F G 1 
1 0 0 H 0 # F 1 1 1 
1 0 0 0 1 0 0 0 1 1 
1 1 1 1 1 1 1 1 1 1 
P12 p55 T10

Map10
1 1 1 1 1 1 1 S 1 1 
1 0 0 0 0 0 0 0 0 1 
1 H 0 0 0 0 0 0 0 1 
G 0 0 0 0 H 1 H 0 1 
1 1 0 0 F 0 0 F H 1 
1 0 0 0 H 0 0 1 0 1 
1 1 0 # 0 0 0 0 0 1 
1 0 0 0 0 F 0 0 0 1 
1 0 0 0 F H 1 0 0 1 
1 1 1 1 1 1 1 1 1 1 
P22 L82 T11

Map10
1 1 1 1 1 1 1 1 1 1 
1 1 1 1 1 1 1 S 1 1 
1 F 0 H 0 0 0 0 1 1 
G 0 0 0 0 1 0 1 1 1 
1 # # # 0 1 0 0 1 1 
1 # 0 1 0 0 0 0 1 1 
1 0 # 0 0 1 F # 1 1 
1 0 0 0 0 0 0 0 1 1 
1 0 0 0 1 0 0 1 1 1 
1 1 1 1 1 1 1 1 1 1 
P42 P52 T12

Map10
1 1 1 1 1 1 1 1 1 1 
1 H 0 0 1 0 F 0 1 1 
1 0 # 0 0 0 # 0 1 1 
1 # F 1 0 0 1 0 1 1 
1 H 1 # 0 1 0 0 1 1 
1 0 0 1 0 0 1 0 1 1 
1 0 0 0 0 1 0 0 S 1 
1 H F 0 0 H 0 H 1 1 
1 1 G 1 1 1 1 1 1 1 
1 1 1 1 1 1 1 1 1 1 
P16 p45 T10

Map10
1 1 1 1 1 1 1 1 1 1 
1 1 1 F 0 # H 0 H 1 
1 1 0 # 0 # 0 0 0 1 
1 1 0 0 1 0 0 0 # 1 
1 S 0 F 0 0 0 0 1 1 
1 1 # # 0 0 0 0 0 1 
1 1 0 0 # 0 H 0 0 1 
1 1 H 0 # 0 0 1 0 1 
1 1 1 G 1 1 1 1 1 1 
1 1 1 1 1 1 1 1 1 1 
P57 U26 T11

Map10
1 1 1 1 1 1 1 1 1 1 
1 1 1 1 1 S 1 1 1 1 
1 1 0 0 1 # 0 0 0 1 
1 1 0 0 0 1 0 0 0 1 
1 1 0 0 0 0 0 1 1 1 
1 1 1 0 0 # 0 0 H 1 
1 G 0 0 H 0 0 0 0 1 
1 1 0 # 0 0 0 H # 1 
1 1 0 H 0 0 # 0 0 1 
1 1 1 1 1 1 1 1 1 1 
P56 P48 T10

Map10
1 1 1 1 S 1 1 1 1 1 
1 1 0 0 0 1 0 0 0 1 
1 0 0 F 0 # 0 0 0 1 
1 0 0 F F 0 0 0 1 1 
1 F 1 0 0 0 H # 0 1 
G 0 0 0 # 1 0 1 0 1 
1 H 0 0 F 0 0 0 0 1 
1 1 0 0 H 0 0 0 0 1 
1 0 F H H # F 0 0 1 
1 1 1 1 1 1 1 1 1 1 
P42 P36 T12

Map10
1 1 1 1 S 1 1 1 1 1 
1 1 0 0 0 0 # # 0 1 
1 1 H 0 0 1 0 # 0 1 
1 1 0 H 0 1 0 0 0 1 
1 1 H 0 1 0 0 0 0 1 
1 G 0 0 0 H 0 0 1 1 
1 1 H 0 # 0 0 # 0 1 
1 1 0 0 # 1 0 0 0 1 
1 1 1 1 1 1 1 1 1 1 
1 1 1 1 1 1 1 1 1 1 
P36 p51 T10

Map10
1 S 1 1 1 1 1 1 1 1 
1 0 0 F 0 0 F 0 1 1 
1 0 0 0 0 H 1 0 1 1 
1 0 0 0 0 F F 0 1 1 
1 F 0 0 1 0 F 0 1 1 
1 0 0 1 0 0 1 0 1 1 
1 1 0 1 F 0 0 0 1 1 
1 0 0 # 0 F 0 0 1 1 
1 1 1 1 G 1 1 1 1 1 
1 1 1 1 1 1 1 1 1 1 
P56 p73 T10

Map10
1 1 1 1 1 1 1 1 1 1 
1 1 1 1 1 1 1 1 1 1 
1 0 0 0 # 0 1 1 1 1 
S 0 H # 0 H 0 0 G 1 
1 0 0 0 0 1 0 0 1 1 
1 0 0 1 1 0 0 0 1 1 
1 0 1 1 0 0 0 0 1 1 
1 F 0 H 0 1 F F 1 1 
1 0 F 0 F 0 F 0 1 1 
1 1 1 1 1 1 1 1 1 1 
P52 U14 T10

Map10
1 1 1 1 1 1 S 1 1 1 
1 1 0 0 H 0 # 0 # 1 
1 1 0 1 0 0 F H 0 1 
1 1 1 # 0 0 F F 0 1 
1 1 0 0 0 # F 0 0 1 
1 G 0 0 H 0 0 0 H 1 
1 1 F 0 # 0 0 # # 1 
1 1 0 F 0 0 1 0 1 1 
1 1 1 1 1 1 1 1 1 1 
1 1 1 1 1 1 1 1 1 1 
P36 l53 T10

Map10
1 1 1 1 1 1 1 1 1 1 
1 G 0 0 H 0 1 0 0 1 
1 1 0 1 0 0 0 H 0 1 
1 1 # 0 0 1 0 0 0 1 
1 1 1 H 1 0 H 0 0 1 
1 1 0 0 0 0 0 F 0 1 
1 1 0 0 0 # 0 0 0 1 
1 1 0 0 1 1 # 0 0 1 
1 1 1 S 1 1 1 1 1 1 
1 1 1 1 1 1 1 1 1 1 
P82 P35 T10

Map10
1 1 1 1 1 1 1 1 1 1 
1 1 H 0 0 0 0 F 0 1 
1 0 F # 1 F 0 0 0 1 
S 0 0 1 0 0 1 0 0 1 
1 0 H 0 0 # 0 F 0 1 
1 F 0 0 0 0 0 # 0 1 
1 1 # # # 0 0 0 0 1 
G # 0 0 1 # F 0 0 1 
1 F 0 F 1 1 0 H 0 1 
1 1 1 1 1 1 1 1 1 1 
P87 P28 T10

Map10
1 1 1 1 1 1 1 1 1 1 
1 1 1 0 1 # 0 0 0 1 
1 1 0 F 0 0 0 # 0 1 
1 1 H 0 F 0 0 0 # 1 
1 1 1 0 F F # # 0 1 
1 1 F 0 # 0 # # 0 1 
1 1 0 0 1 0 0 F 0 1 
1 1 F 1 0 0 0 F 0 1 
1 1 G 1 S 1 1 1 1 1 
1 1 1 1 1 1 1 1 1 1 
P85 u67 T10

Map10
1 1 1 1 1 1 1 1 1 1 
1 1 F 0 0 # # 0 0 1 
1 G 0 0 0 0 H 0 0 1 
1 1 H 0 # H 0 1 0 1 
1 1 0 0 # # 0 0 0 1 
1 1 # 0 0 0 1 0 # 1 
1 1 0 0 0 0 0 0 0 1 
1 1 0 H 0 1 1 0 0 1 
1 1 S 1 1 1 1 1 1 1 
1 1 1 1 1 1 1 1 1 1 
P24 p33 T11

Map10
1 1 1 1 1 1 1 1 1 1 
1 1 1 1 1 S 1 1 1 1 
1 # 0 0 F 0 0 0 1 1 
1 H 0 0 0 0 1 0 1 1 
1 0 0 0 H H 1 0 1 1 
1 0 0 1 0 0 0 1 1 1 
1 1 0 0 0 0 0 0 1 1 
G 0 0 0 0 F 0 1 1 1 
1 0 0 F 0 0 0 H 1 1 
1 1 1 1 1 1 1 1 1 1 
P22 P53 T10

Map10
1 1 1 1 S 1 G 1 1 1 
1 0 0 0 0 1 0 # 0 1 
1 0 0 0 1 0 0 F 0 1 
1 0 0 0 0 0 0 F H 1 
1 0 0 H 0 0 0 F 0 1 
1 0 0 H F 0 1 0 F 1 
1 0 0 1 0 1 0 F 0 1 
1 0 0 0 F 0 H 0 F 1 
1 0 1 1 0 0 0 0 F 1 
1 1 1 1 1 1 1 1 1 1 
P63 p12 T10

Map10
1 1 1 1 1 1 1 1 1 1 
1 1 1 1 1 1 1 S 1 1 
1 1 0 0 0 1 0 0 F 1 
1 1 0 0 0 0 # 1 F 1 
1 1 F 0 # 0 0 0 0 1 
1 1 0 0 0 F 0 0 0 1 
1 1 F 0 0 F 0 # 0 1 
1 G # # 1 0 0 0 0 1 
1 1 # 0 0 0 # 0 # 1 
1 1 1 1 1 1 1 1 1 1 
P36 P48 T10

Map10
1 1 1 1 1 1 1 1 1 1 
1 G 0 # H H 0 H 0 1 
1 1 0 0 # 0 # 0 1 1 
1 1 0 1 0 0 0 # 0 1 
1 1 0 # 1 0 # 0 0 1 
1 1 H 1 1 0 0 0 0 1 
1 1 0 H 0 0 1 0 0 1 
1 1 0 1 # H # 0 0 1 
1 1 1 1 S 1 1 1 1 1 
1 1 1 1 1 1 1 1 1 1 
P61 P53 T10

Map10
1 1 1 1 1 1 1 G 1 1 
1 0 0 0 0 0 0 0 1 1 
1 0 0 0 0 0 0 1 1 1 
1 0 0 0 1 0 1 0 1 1 
1 0 H 0 # H 0 0 1 1 
1 F 1 0 F 0 0 0 1 1 
1 0 0 F 0 1 0 1 1 1 
1 0 0 1 0 0 0 0 1 1 
1 1 1 1 S 1 1 1 1 1 
1 1 1 1 1 1 1 1 1 1 
P46 p57 T10

Map10
1 1 1 1 1 S 1 1 1 1 
1 0 0 # 0 # 0 0 F 1 
1 1 F 0 0 0 0 0 0 1 
G 0 0 1 1 0 1 0 F 1 
1 0 # # 0 1 0 # F 1 
1 0 # 0 # 0 0 H 0 1 
1 1 H F 1 H 1 H 0 1 
1 0 0 0 0 0 0 0 0 1 
1 0 F 0 0 0 0 0 0 1 
1 1 1 1 1 1 1 1 1 1 
P53 P47 T10

Map10
1 1 1 1 1 1 G 1 1 1 
1 0 0 1 0 0 0 1 1 1 
1 0 # # 1 0 1 # 1 1 
1 0 0 0 0 0 F 0 1 1 
S 0 0 1 0 0 0 # 1 1 
1 0 0 1 0 F 0 1 1 1 
1 # # # 1 0 # 0 1 1 
1 0 0 0 H 0 0 0 1 1 
1 1 1 1 1 1 1 1 1 1 
1 1 1 1 1 1 1 1 1 1 
P12 u54 T10

Map10
1 1 1 1 1 S 1 1 1 1 
1 0 0 1 F 0 0 # 0 1 
1 0 0 0 F 0 1 0 0 1 
1 0 0 0 F 0 0 1 0 1 
1 0 F 0 # 0 # 0 0 1 
1 # F F 0 0 0 0 0 1 
G 0 0 1 0 0 F H 0 1 
1 # 0 0 F 0 0 0 1 1 
1 0 0 0 1 H 0 1 1 1 
1 1 1 1 1 1 1 1 1 1 
P53 p27 T10

Map10
1 1 1 1 1 1 1 S 1 1 
1 0 0 0 0 1 0 0 F 1 
1 0 0 1 0 0 0 0 0 1 
G F 0 0 H # 0 0 0 1 
1 1 F 0 H 0 0 0 0 1 
1 0 0 0 1 0 1 0 0 1 
1 0 F 0 0 0 0 H H 1 
1 F 0 # F 0 0 0 0 1 
1 1 0 1 0 0 F 0 0 1 
1 1 1 1 1 1 1 1 1 1 
P42 P73 T10

Map10
1 1 1 1 S 1 G 1 1 1 
1 0 # 0 F F 0 H 0 1 
1 0 0 F 0 H 0 # 0 1 
1 0 0 0 0 1 0 0 0 1 
1 0 1 0 0 # F 1 # 1 
1 0 0 0 1 H 1 0 0 1 
1 0 0 # # 0 0 0 1 1 
1 0 # # 0 0 0 0 H 1 
1 0 0 0 0 0 1 1 1 1 
1 1 1 1 1 1 1 1 1 1 
P82 P15 T11

Map10
1 1 1 1 1 G 1 1 1 1 
1 1 0 0 0 F 0 F 0 1 
1 1 1 0 1 0 # # F 1 
1 1 0 0 0 1 0 0 0 1 
1 1 0 1 # H F # 0 1 
1 1 # 0 0 0 0 # 0 1 
1 1 0 0 1 0 0 0 0 1 
1 S 0 0 0 0 0 F 0 1 
1 1 1 1 1 1 1 1 1 1 
1 1 1 1 1 1 1 1 1 1 
P57 p63 T12

Map10
1 1 1 G 1 1 1 1 1 1 
S 0 1 0 0 0 0 F 0 1 
1 0 # H 0 0 0 1 0 1 
1 0 0 0 H 0 H 0 0 1 
1 1 0 0 0 0 0 0 1 1 
1 0 0 0 0 # F 0 0 1 
1 H # 0 F 0 H H 0 1 
1 0 0 0 0 F 0 0 H 1 
1 0 0 1 F F # 0 1 1 
1 1 1 1 1 1 1 1 1 1 
P33 P25 T10

Map10
1 S 1 1 1 1 1 1 1 1 
1 0 0 0 0 F 0 F 0 1 
1 0 0 0 0 # F # # 1 
1 0 # 1 0 0 0 0 1 1 
1 1 1 0 0 H 0 0 1 1 
G # 1 1 0 0 0 F 0 1 
1 0 H 1 0 0 0 0 0 1 
1 0 F 0 0 F H 0 H 1 
1 H 0 F 0 0 1 0 0 1 
1 1 1 1 1 1 1 1 1 1 
P32 p46 T10

Map10
1 1 1 1 1 S 1 1 1 1 
1 # 0 0 0 0 H F 1 1 
1 0 H 1 0 0 F 0 1 1 
1 0 F 0 H 1 # 0 1 1 
1 0 0 0 0 # # F 1 1 
1 0 0 0 0 0 F 1 1 1 
1 # 1 F 1 0 0 0 1 1 
1 0 1 # 0 0 0 # 1 1 
1 1 1 1 1 G 1 1 1 1 
1 1 1 1 1 1 1 1 1 1 
P44 p13 T11

Map10
1 1 1 1 1 1 1 G 1 1 
1 H F 0 1 0 0 0 1 1 
1 0 0 H 0 0 1 H 1 1 
1 0 H 0 0 0 0 0 H 1 
S 0 0 0 0 H 0 0 0 1 
1 F # 1 0 0 0 1 0 1 
1 0 0 0 0 0 0 0 0 1 
1 0 0 0 0 F 1 1 0 1 
1 0 0 1 0 0 0 0 0 1 
1 1 1 1 1 1 1 1 1 1 
P24 r16 T11

Map10
1 1 1 1 1 1 1 1 1 1 
1 0 1 0 0 0 0 0 0 1 
1 0 0 0 0 1 0 H 0 1 
S 0 0 0 0 0 F F 0 1 
1 0 1 H 1 # F 0 1 1 
1 0 0 0 0 F H 1 0 1 
G F 0 # 0 0 0 0 0 1 
1 0 H 0 0 0 0 0 0 1 
1 0 0 1 1 # F 0 0 1 
1 1 1 1 1 1 1 1 1 1 
P43 p87 T10

Map10
1 1 1 1 1 1 1 1 1 1 
1 1 1 G 1 S 1 1 1 1 
1 0 F # 0 0 # 1 1 1 
1 0 0 1 0 F 0 # 1 1 
1 0 0 0 0 H 0 0 1 1 
1 0 0 1 0 H 0 0 1 1 
1 0 1 1 H F 1 # 1 1 
1 1 0 0 # F F 0 1 1 
1 # # F 0 0 F # 1 1 
1 1 1 1 1 1 1 1 1 1 
P45 R42 T10

Map10
1 1 G 1 1 1 1 1 1 1 
1 0 0 # H 0 F # # 1 
1 0 0 F 0 F # 0 0 1 
1 0 H # 1 0 1 F 1 1 
1 0 0 F # 0 0 0 0 1 
S 0 # 0 H F 0 0 0 1 
1 0 0 0 0 1 1 0 # 1 
1 H F # F 0 0 0 1 1 
1 # 0 F 0 0 0 1 0 1 
1 1 1 1 1 1 1 1 1 1 
P12 P35 T10

Map10
1 1 1 1 1 1 G 1 1 1 
S # 0 1 # H # # 0 1 
1 0 1 0 1 0 # 0 0 1 
1 0 F 0 0 # 1 0 0 1 
1 0 1 F 0 1 F 0 1 1 
1 0 0 0 F 0 1 # 0 1 
1 0 0 0 0 0 0 F 0 1 
1 # 0 1 0 0 0 0 0 1 
1 0 F 0 # 0 0 # 0 1 
1 1 1 1 1 1 1 1 1 1 
P52 P83 T11

Map10
1 1 G 1 1 1 1 1 1 1 
1 1 F 0 # # 0 # F 1 
1 1 0 F # # F 0 F 1 
1 1 F 0 0 1 0 H 0 1 
1 1 0 1 0 0 1 0 0 1 
1 1 # 0 1 0 0 1 # 1 
1 1 0 0 H 1 0 0 F 1 
1 1 1 H 1 0 F # 0 1 
1 1 1 1 1 S 1 1 1 1 
1 1 1 1 1 1 1 1 1 1 
P61 P87 T13

Map10
1 1 S 1 1 1 1 1 1 1 
1 H 0 F 0 0 0 F 0 1 
1 0 0 1 0 0 # 0 0 1 
1 # # # 0 0 0 0 H 1 
1 1 F 0 0 0 F 0 0 1 
1 1 1 0 0 0 0 0 0 1 
G 0 0 0 1 0 1 0 0 1 
1 0 0 H 1 0 0 # 1 1 
1 0 0 0 F F 0 0 0 1 
1 1 1 1 1 1 1 1 1 1 
P51 P22 T10

Map10
1 1 1 1 1 1 G 1 1 1 
1 1 0 0 0 # 0 0 0 1 
1 1 0 0 0 # 0 # 0 1 
1 1 0 0 # # 0 0 1 1 
1 1 1 0 0 0 0 0 F 1 
1 1 0 0 0 0 0 F 0 1 
1 1 # 1 0 0 H 0 1 1 
1 S 0 0 0 0 0 0 0 1 
1 1 1 1 1 1 1 1 1 1 
1 1 1 1 1 1 1 1 1 1 
P55 L85 T10

Map10
1 1 1 1 1 1 1 1 1 1 
1 0 1 H 0 # 0 0 1 1 
1 H 0 1 # 0 # H 1 1 
1 1 0 0 0 0 # 1 1 1 
1 # # 0 0 0 0 H 1 1 
1 0 0 H 1 1 0 H 1 1 
1 0 0 # 1 0 0 # 1 1 
1 0 0 0 0 F 0 0 1 1 
1 1 1 1 S G 1 1 1 1 
1 1 1 1 1 1 1 1 1 1 
P44 p65 T10

Map10
1 1 1 1 1 1 1 1 1 1 
1 1 1 1 1 1 1 1 1 1 
S 0 0 # 0 0 F 0 1 1 
1 0 0 0 H 0 0 0 1 1 
1 0 0 0 0 0 0 0 1 1 
G # 0 1 0 0 H 0 1 1 
1 0 0 0 0 0 0 0 1 1 
1 F 0 0 H 0 0 H 1 1 
1 0 0 0 0 # 0 0 1 1 
1 1 1 1 1 1 1 1 1 1 
P42 r14 T10

Map10
1 1 1 1 1 1 1 1 1 1 
1 1 # F 0 F 0 0 F 1 
1 1 0 0 H H 0 F 0 1 
1 1 0 # H 0 0 0 # 1 
1 S 0 0 1 0 0 0 F 1 
1 1 # H 0 # 1 0 0 1 
1 1 F 0 0 0 H 0 1 1 
1 1 0 H 0 1 0 # 0 1 
1 1 1 1 1 1 G 1 1 1 
1 1 1 1 1 1 1 1 1 1 
P71 R53 T10

Map10
1 1 1 1 1 1 1 G 1 1 
1 1 # 0 1 F 0 0 1 1 
1 1 0 0 F 0 0 0 0 1 
1 1 0 H # # 1 1 0 1 
1 1 1 0 0 0 0 0 0 1 
1 1 0 0 0 0 F 0 1 1 
1 1 1 0 H 0 0 0 0 1 
1 1 1 0 F 0 0 F 0 1 
1 1 1 1 1 S 1 1 1 1 
1 1 1 1 1 1 1 1 1 1 
P52 u67 T11

Map10
1 1 1 1 1 S 1 1 1 1 
1 0 0 0 0 0 0 1 0 1 
1 0 0 0 0 0 # # 0 1 
G F 0 0 1 F 0 1 F 1 
1 0 0 0 0 0 0 1 0 1 
1 F F F 0 # 1 0 0 1 
1 # 1 0 0 0 0 1 0 1 
1 F 0 0 # F 0 0 0 1 
1 0 0 0 1 0 # F # 1 
1 1 1 1 1 1 1 1 1 1 
P81 u32 T13

Map10
1 1 1 1 1 1 1 1 1 1 
1 1 1 1 1 1 1 S 1 1 
1 1 0 0 0 0 1 0 H 1 
1 1 0 1 0 F 0 0 0 1 
1 1 # # 0 0 0 0 0 1 
1 1 1 0 1 0 1 0 0 1 
1 1 # 0 0 1 0 0 0 1 
1 G 0 0 0 0 F H 0 1 
1 1 0 0 1 0 F 0 H 1 
1 1 1 1 1 1 1 1 1 1 
P44 P74 T12

Map10
1 1 1 1 1 1 1 1 1 1 
S 0 0 # # # 1 0 0 1 
1 0 0 0 0 0 # 0 0 1 
1 0 0 0 0 H 0 0 0 1 
1 0 0 0 # H 0 0 0 1 
1 0 0 H 0 0 0 0 0 1 
G 0 F # 0 0 0 0 0 1 
1 # 0 H H 0 H 0 0 1 
1 0 F 0 0 0 H 0 0 1 
1 1 1 1 1 1 1 1 1 1 
P13 U85 T10

Map10
1 1 1 1 1 1 1 1 1 1 
G 0 0 F 0 0 0 H 1 1 
1 0 F 0 H F # 0 F 1 
1 0 0 0 0 0 F H 0 1 
1 H 1 F 0 0 # 0 # 1 
1 F H 0 0 # F 0 0 1 
1 0 # # 1 H 0 0 0 1 
S 0 1 0 0 0 1 H 0 1 
1 0 F 0 # 0 0 # # 1 
1 1 1 1 1 1 1 1 1 1 
P32 p38 T10

Map10
1 1 1 1 1 1 G 1 1 1 
1 0 F 1 0 F 0 1 1 1 
1 0 F 0 0 0 0 F 1 1 
1 F 0 0 H 1 0 0 1 1 
1 1 0 0 0 0 F 0 1 1 
1 # 0 # # # 1 0 1 1 
1 # F 1 0 H 1 # 1 1 
1 0 # # 0 0 1 0 1 1 
1 1 1 S 1 1 1 1 1 1 
1 1 1 1 1 1 1 1 1 1 
P52 R12 T10

Map10
1 1 1 G 1 1 1 1 1 1 
1 0 0 F H 0 0 0 0 1 
1 0 0 # 0 0 # # 0 1 
1 1 0 0 0 0 0 0 0 1 
1 0 0 0 # 0 1 0 0 1 
S 0 H 0 0 F 0 F 0 1 
1 0 0 0 0 # H 0 0 1 
1 0 0 0 0 0 0 # 0 1 
1 # F 1 0 0 0 0 0 1 
1 1 1 1 1 1 1 1 1 1 
P42 U16 T11

Map10
1 1 1 1 1 1 1 1 1 1 
1 0 0 # 1 0 0 0 0 1 
1 0 # 0 F 0 0 0 F 1 
G F 0 F 0 1 # 0 0 1 
1 H 0 0 0 0 0 0 F 1 
1 H 1 # # # # 0 0 1 
1 # 0 0 0 0 0 0 0 1 
S 0 0 # F # 1 0 0 1 
1 F F 1 0 0 0 0 0 1 
1 1 1 1 1 1 1 1 1 1 
P24 p32 T10

Map10
1 1 1 1 1 G 1 S 1 1 
1 0 0 0 0 F # 0 0 1 
1 # 0 0 0 0 1 0 0 1 
1 # 0 # 0 # H 0 # 1 
1 # 0 H 0 H F 0 0 1 
1 0 0 0 0 # 0 1 F 1 
1 1 0 1 1 1 0 0 0 1 
1 0 # 0 0 0 0 F 0 1 
1 # 0 H F 1 1 0 0 1 
1 1 1 1 1 1 1 1 1 1 
P21 P17 T11

Map10
1 1 1 1 1 1 1 1 1 1 
S 0 1 0 0 0 0 H 1 1 
1 0 # 0 1 0 0 0 1 1 
1 0 0 0 0 1 F 1 1 1 
1 0 H 1 F 1 F 0 1 1 
1 1 0 F H 0 0 0 1 1 
1 0 0 0 0 H 1 0 1 1 
1 F 0 # H 0 0 0 G 1 
1 1 1 1 1 1 1 1 1 1 
1 1 1 1 1 1 1 1 1 1 
P13 D61 T10

Map10
1 1 G 1 1 1 1 S 1 1 
1 0 0 1 # 1 0 0 0 1 
1 1 0 0 1 0 0 # 0 1 
1 # 1 # # 0 0 F # 1 
1 1 H 0 0 0 H H # 1 
1 0 F 0 0 0 0 F 0 1 
1 0 F 0 0 0 0 0 0 1 
1 0 0 F F 0 H F 0 1 
1 0 0 H 0 1 0 0 0 1 
1 1 1 1 1 1 1 1 1 1 
P54 R63 T10

Map10
1 1 1 1 1 1 1 1 1 1 
1 0 F F 0 0 0 1 0 1 
G 0 0 0 0 0 F 1 1 1 
1 0 0 F 0 0 1 0 0 1 
1 0 # 0 0 # 0 0 0 1 
1 1 0 0 0 0 0 0 0 1 
S 0 0 F 1 0 0 1 0 1 
1 0 0 0 0 0 0 F 0 1 
1 1 F 0 H 0 0 F 0 1 
1 1 1 1 1 1 1 1 1 1 
P26 R13 T12

Map10
1 S 1 1 1 G 1 1 1 1 
1 0 0 0 0 0 H 0 0 1 
1 0 0 1 0 0 F 0 0 1 
1 0 0 # 0 F F 1 0 1 
1 0 0 0 # 0 0 F 0 1 
1 0 F 1 0 0 0 0 1 1 
1 0 1 F 0 0 0 F 1 1 
1 0 0 F 0 0 0 0 0 1 
1 H 0 0 1 0 0 0 0 1 
1 1 1 1 1 1 1 1 1 1 
P15 p83 T10

Map10
1 1 1 1 1 1 1 1 1 1 
1 1 S 1 1 1 G 1 1 1 
1 1 F 0 0 1 0 0 0 1 
1 1 0 # 0 F 1 0 0 1 
1 1 1 0 F 0 0 0 1 1 
1 1 F 0 0 F F 0 0 1 
1 1 0 0 F 0 0 1 F 1 
1 1 0 0 0 # 0 0 1 1 
1 1 1 0 # 1 0 0 0 1 
1 1 1 1 1 1 1 1 1 1 
P43 p35 T10

Map10
1 1 1 1 1 1 1 1 1 1 
1 0 0 0 H 0 0 0 1 1 
1 0 0 0 0 H F 0 0 1 
G 0 0 F 0 0 0 0 0 1 
1 1 0 1 0 F H 0 0 1 
S 0 1 # 0 0 0 0 0 1 
1 # 0 0 0 0 0 0 F 1 
1 0 # 1 1 1 0 H 0 1 
1 1 0 0 0 H 0 F 0 1 
1 1 1 1 1 1 1 1 1 1 
P46 p84 T10

Map10
1 1 1 1 1 1 1 1 1 1 
1 1 1 S 1 1 1 1 1 1 
1 1 0 0 H H 0 F 1 1 
1 1 0 0 0 0 0 0 0 1 
1 1 1 0 1 0 0 0 1 1 
1 G 0 1 0 H H 0 0 1 
1 1 0 0 F 0 0 0 0 1 
1 1 0 0 0 0 0 0 0 1 
1 1 0 F 0 # 0 H 0 1 
1 1 1 1 1 1 1 1 1 1 
P77 p63 T10

Map10
1 1 1 1 1 1 1 S 1 1 
G 0 1 # # 0 F 0 0 1 
1 # 0 H 0 0 0 0 0 1 
1 F 0 0 F 0 0 1 # 1 
1 1 0 0 0 0 F # # 1 
1 0 0 0 0 H 0 0 H 1 
1 0 0 0 1 # H 0 H 1 
1 0 0 H 0 H 0 1 0 1 
1 0 # F 1 1 F 0 1 1 
1 1 1 1 1 1 1 1 1 1 
P15 p51 T10

Map10
1 1 1 1 1 1 1 1 1 1 
1 1 1 G 1 1 1 1 1 1 
1 0 1 0 F # 1 0 1 1 
S 0 0 1 0 0 0 0 1 1 
1 # # 0 0 1 0 1 1 1 
1 1 0 0 # 0 0 0 1 1 
1 0 0 0 # 0 0 0 1 1 
1 F 0 0 1 0 0 # 1 1 
1 F 1 0 0 # 0 F 1 1 
1 1 1 1 1 1 1 1 1 1 
P76 D43 T10

Map10
1 1 1 1 1 1 S 1 1 1 
1 0 H 0 0 1 0 0 1 1 
1 0 H 0 0 0 0 H 1 1 
1 # 0 0 # 1 0 0 1 1 
1 0 # 1 0 0 H H 1 1 
1 1 0 0 0 0 1 # 1 1 
1 # 0 0 0 # 1 0 1 1 
1 0 0 H 0 0 0 # 1 1 
1 1 1 1 1 G 1 1 1 1 
1 1 1 1 1 1 1 1 1 1 
P63 D31 T10

Map10
1 1 1 1 1 1 1 1 1 1 
1 0 1 # 0 # F 0 1 1 
1 F F 0 0 F # 1 1 1 
1 0 0 0 0 0 0 H 1 1 
G 0 1 0 1 0 H 1 1 1 
1 1 0 F 0 F H # 1 1 
1 0 0 0 0 H 0 F 1 1 
1 0 0 H 1 1 H 0 1 1 
1 1 S 1 1 1 1 1 1 1 
1 1 1 1 1 1 1 1 1 1 
P46 p34 T10

Map10
1 1 1 1 G 1 S 1 1 1 
1 0 # 0 0 1 0 0 0 1 
1 0 0 0 0 0 0 F 0 1 
1 F 0 0 0 0 H H 0 1 
1 0 0 F # 0 1 0 # 1 
1 0 0 0 0 1 0 0 0 1 
1 # 0 0 0 # 0 0 H 1 
1 # 0 0 # # 1 0 0 1 
1 # H 0 0 1 F 0 0 1 
1 1 1 1 1 1 1 1 1 1 
P62 L85 T10

Map10
1 1 1 1 1 1 1 1 1 1 
1 1 1 1 1 1 1 1 1 1 
1 0 0 1 0 0 1 0 S 1 
1 0 0 1 0 # 1 # 1 1 
1 # 0 0 0 # H 0 1 1 
G F 0 0 1 0 0 0 1 1 
1 # 0 0 0 0 # 0 1 1 
1 F 0 1 0 0 0 0 1 1 
1 F 0 0 H 1 # # 1 1 
1 1 1 1 1 1 1 1 1 1 
P26 p75 T10

Map10
1 1 1 1 1 1 1 1 1 1 
G 0 H 0 # 0 0 0 H 1 
1 0 0 0 0 0 F 0 0 1 
1 0 0 0 0 0 0 0 0 1 
1 1 # 1 0 0 0 # H 1 
1 1 F 0 0 0 1 # 0 1 
S 0 0 F 1 0 0 H # 1 
1 0 0 H # # F 0 H 1 
1 0 0 F 0 F 0 1 # 1 
1 1 1 1 1 1 1 1 1 1 
P26 p53 T10

Map10
1 1 1 1 1 1 1 1 1 1 
1 1 1 1 1 G 1 1 1 1 
1 S 0 0 1 0 0 0 # 1 
1 1 0 0 1 1 H 0 F 1 
1 1 0 1 1 F 0 0 F 1 
1 1 0 1 0 0 H H F 1 
1 1 0 0 0 0 0 0 0 1 
1 1 F 1 0 F 1 0 F 1 
1 1 0 0 0 0 0 H 0 1 
1 1 1 1 1 1 1 1 1 1 
P58 p47 T10

Map10
1 1 1 1 1 1 1 1 1 1 
1 1 1 1 1 1 G 1 1 1 
1 S 0 0 1 0 0 # 0 1 
1 1 0 0 0 F F 1 F 1 
1 1 # 0 F 0 0 F 0 1 
1 1 0 0 1 0 0 0 1 1 
1 1 F 0 H 0 0 0 0 1 
1 1 H H H 0 F 0 0 1 
1 1 0 0 0 0 0 H 0 1 
1 1 1 1 1 1 1 1 1 1 
P35 p56 T11

Map10
1 1 1 1 1 1 S 1 1 1 
1 0 0 0 0 1 0 F 0 1 
1 1 0 0 1 0 # # F 1 
G 0 0 1 0 # 0 F 0 1 
1 F 0 0 0 F 0 0 F 1 
1 1 0 0 0 F 1 0 0 1 
1 # 1 # 0 F 0 F 0 1 
1 1 0 # 0 0 0 # 1 1 
1 0 0 # 0 0 0 0 # 1 
1 1 1 1 1 1 1 1 1 1 
P34 p24 T10

Map10
1 1 1 1 1 S 1 1 1 1 
1 1 0 1 1 # 0 0 0 1 
1 1 0 0 0 F H 0 1 1 
1 0 0 0 # 0 0 0 0 1 
1 0 0 0 0 # 0 0 0 1 
1 1 0 0 0 F # 1 0 1 
1 0 0 # 0 0 0 0 0 1 
G # 0 # 0 H # H # 1 
1 0 1 H # 0 0 0 0 1 
1 1 1 1 1 1 1 1 1 1 
P81 U53 T10

Map10
1 S 1 1 1 1 1 1 1 1 
1 0 0 H 0 # 0 0 1 1 
1 0 0 0 0 0 0 0 1 1 
1 0 0 0 0 0 0 0 1 1 
1 H 0 0 0 1 0 0 G 1 
1 1 0 0 0 0 0 0 1 1 
1 0 # 0 0 # 0 1 1 1 
1 0 0 0 0 H 0 H 1 1 
1 1 1 1 1 1 1 1 1 1 
1 1 1 1 1 1 1 1 1 1 
P13 U63 T11

Map10
1 1 1 1 1 G 1 1 1 1 
S 0 0 0 H F 1 0 0 1 
1 0 0 0 0 F 0 1 0 1 
1 0 0 0 0 0 0 1 0 1 
1 0 F 0 # 0 0 0 F 1 
1 F 0 0 0 0 # 0 0 1 
1 0 0 1 H 1 0 0 1 1 
1 0 0 0 F 0 1 0 0 1 
1 0 0 0 1 0 0 0 0 1 
1 1 1 1 1 1 1 1 1 1 
P21 U55 T11

Map10
1 1 1 1 1 1 1 1 1 1 
1 1 S 1 1 1 1 1 1 1 
1 1 0 H 0 0 # 1 0 1 
1 G 0 0 0 0 0 H H 1 
1 1 F 0 0 0 0 0 0 1 
1 1 # 0 1 0 0 # 0 1 
1 1 # 1 0 1 # 0 0 1 
1 1 0 1 0 0 0 0 0 1 
1 1 # 0 0 1 # 0 0 1 
1 1 1 1 1 1 1 1 1 1 
P64 P46 T12

Map10
1 1 1 1 1 1 1 1 1 1 
1 0 1 0 0 0 0 0 1 1 
1 1 F 1 0 F 0 0 0 1 
1 0 0 0 0 0 0 0 0 1 
1 1 0 F F 0 0 0 0 1 
1 0 0 0 0 0 0 0 0 1 
S 0 0 F F 0 1 F 0 1 
G F 0 0 0 0 1 1 0 1 
1 0 # 0 0 H 0 0 0 1 
1 1 1 1 1 1 1 1 1 1 
P26 p38 T10

Map10
1 1 1 1 1 1 G 1 1 1 
1 0 # 0 0 0 0 1 1 1 
1 1 0 1 0 0 1 1 1 1 
S 0 0 H 0 1 0 0 1 1 
1 0 0 0 0 0 0 0 1 1 
1 0 0 0 0 0 0 0 1 1 
1 0 0 F 1 0 0 0 1 1 
1 0 0 0 1 0 0 0 1 1 
1 1 1 1 1 1 1 1 1 1 
1 1 1 1 1 1 1 1 1 1 
P34 D22 T11

Map10
1 1 1 1 1 1 1 1 1 1 
1 0 0 0 0 F 0 # 1 1 
S 0 # H F # F 0 1 1 
1 0 1 0 0 0 # 0 1 1 
1 1 0 H 0 0 F 0 1 1 
1 1 H 1 0 0 1 1 1 1 
G 0 # 0 F 1 0 # 1 1 
1 0 0 0 0 # 0 0 1 1 
1 1 1 1 1 1 1 1 1 1 
1 1 1 1 1 1 1 1 1 1 
P44 U13 T10

Map10
1 1 1 1 1 1 1 1 1 1 
1 S G 1 1 1 1 1 1 1 
1 0 0 0 1 0 0 0 1 1 
1 F 0 F 0 0 0 0 1 1 
1 0 0 0 0 0 F 0 1 1 
1 0 0 # 0 0 H 0 1 1 
1 0 1 1 F H 0 0 1 1 
1 1 1 H H 0 0 0 1 1 
1 0 F 0 0 0 H 0 1 1 
1 1 1 1 1 1 1 1 1 1 
P55 p14 T10

Map10
1 G 1 1 1 1 1 1 1 1 
1 0 0 0 0 # H 0 0 1 
1 0 0 F F 0 H # 0 1 
1 0 # 0 0 F 0 0 0 1 
1 0 H 0 H 1 0 0 0 1 
1 0 0 H F # 0 0 0 1 
1 H 0 0 # 0 0 0 1 1 
S # F 0 0 1 # 0 0 1 
1 0 0 F 0 0 0 F 0 1 
1 1 1 1 1 1 1 1 1 1 
P64 p84 T11

Map10
1 1 1 1 1 1 S 1 1 1 
1 0 # 0 1 0 F 0 0 1 
1 # 0 0 0 0 0 1 0 1 
1 # F 0 0 0 0 0 1 1 
G 0 0 1 0 0 0 0 # 1 
1 F 0 1 0 0 0 1 0 1 
1 0 0 1 0 0 0 0 0 1 
1 0 0 0 F # 0 F 0 1 
1 1 F 0 0 0 # F 0 1 
1 1 1 1 1 1 1 1 1 1 
P31 P25 T10

Map10
1 1 1 1 1 1 1 1 1 1 
1 0 0 0 0 1 0 0 0 1 
1 0 # H 0 # 0 0 0 1 
S 0 0 H # 0 0 # 0 1 
G F F 0 0 0 0 0 0 1 
1 0 1 0 0 0 H H 0 1 
1 1 1 0 0 1 0 0 F 1 
1 0 H 0 1 0 # 0 0 1 
1 0 1 0 0 0 0 0 0 1 
1 1 1 1 1 1 1 1 1 1 
P23 p85 T10

Map10
1 1 1 1 1 1 1 1 1 1 
1 1 1 1 1 1 1 1 1 1 
1 0 F 0 0 0 0 0 1 1 
1 0 0 0 1 1 F 0 1 1 
1 1 0 # F 0 0 0 1 1 
1 0 0 0 0 0 F 0 1 1 
1 0 0 1 # 0 0 H 1 1 
S 0 1 0 F 0 0 F G 1 
1 0 1 0 0 0 0 F 1 1 
1 1 1 1 1 1 1 1 1 1 
P45 p52 T10

Map10
1 1 1 1 1 1 1 1 1 1 
1 0 1 0 # 0 0 1 1 1 
1 0 F 1 0 0 0 # 1 1 
1 0 0 F 0 0 1 # 1 1 
1 F 1 0 0 0 0 F 1 1 
1 0 0 # H 1 F # 1 1 
1 0 0 0 1 # 0 0 G 1 
1 0 # 1 0 # 0 0 1 1 
1 1 S 1 1 1 1 1 1 1 
1 1 1 1 1 1 1 1 1 1 
P12 p67 T13

Map10
1 1 1 1 1 1 1 1 1 1 
1 1 1 1 S 1 1 1 1 1 
1 1 0 # 0 0 0 0 1 1 
1 1 0 H 1 0 0 0 H 1 
1 1 F 0 H 0 1 0 H 1 
1 1 0 0 0 0 0 # 0 1 
1 1 # 0 1 # # # F 1 
1 G # 0 H 0 0 1 0 1 
1 1 H 0 0 1 0 0 # 1 
1 1 1 1 1 1 1 1 1 1 
P25 p36 T11

Map10
1 1 1 1 1 S 1 1 1 1 
1 0 0 F 0 0 0 0 1 1 
1 0 F 0 0 0 0 0 0 1 
1 F 0 1 0 H 0 0 0 1 
G F 0 0 1 0 0 1 0 1 
1 0 0 # 0 0 0 # 0 1 
1 0 0 0 0 0 1 1 0 1 
1 0 0 F # 1 # 0 0 1 
1 # 0 F 0 0 0 F # 1 
1 1 1 1 1 1 1 1 1 1 
P52 p45 T11

Map10
1 1 1 1 1 1 S 1 1 1 
1 1 0 0 0 # 0 1 H 1 
1 1 0 # 0 0 0 0 0 1 
1 1 1 # 0 0 H 0 0 1 
1 1 0 0 0 0 0 # # 1 
1 1 1 0 0 0 1 0 0 1 
1 1 # 0 0 1 H 0 # 1 
1 1 1 0 1 0 # 0 0 1 
1 1 1 1 1 G 1 1 1 1 
1 1 1 1 1 1 1 1 1 1 
P62 p53 T10

Map10
1 1 1 G 1 1 1 1 1 1 
1 0 0 F 0 0 0 1 0 1 
1 0 F 0 1 # F 0 0 1 
1 1 H 0 1 # 0 F 0 1 
1 # F 0 # 0 0 0 0 1 
1 0 0 0 0 0 0 F 1 1 
S 0 # 1 F 0 0 0 0 1 
1 0 H 0 0 0 0 0 1 1 
1 0 H # 0 0 0 1 0 1 
1 1 1 1 1 1 1 1 1 1 
P64 p45 T10

Map10
1 1 1 1 1 1 1 1 1 1 
1 0 0 0 1 1 0 0 1 1 
1 0 0 0 H 0 0 F 1 1 
1 H 0 0 1 # 0 0 1 1 
1 1 0 0 F 0 0 0 1 1 
G 0 1 0 0 0 0 0 1 1 
1 0 0 0 1 0 0 1 1 1 
1 1 H 0 0 0 0 0 1 1 
1 1 1 1 1 1 1 S 1 1 
1 1 1 1 1 1 1 1 1 1 
P37 P57 T10

Map10
1 1 1 1 1 1 1 1 1 1 
1 1 1 1 1 1 1 1 1 1 
1 0 0 1 0 0 H # G 1 
S 0 0 0 1 0 0 0 1 1 
1 H 0 0 0 1 0 F 1 1 
1 H 1 0 0 H 0 0 1 1 
1 0 0 0 0 H 0 0 1 1 
1 0 0 0 0 0 0 H 1 1 
1 0 0 0 1 0 0 1 1 1 
1 1 1 1 1 1 1 1 1 1 
P64 U68 T11

Map10
1 1 1 1 1 S 1 1 1 1 
1 0 # 0 0 # 0 0 0 1 
1 0 1 # F H # H 0 1 
1 0 # 0 0 0 0 0 F 1 
G 0 0 F 0 0 0 1 0 1 
1 1 0 1 0 1 0 1 0 1 
1 0 0 0 0 0 1 0 0 1 
1 # 1 0 0 H H F 1 1 
1 0 0 0 F 0 0 # F 1 
1 1 1 1 1 1 1 1 1 1 
P36 R41 T11

Map10
1 1 1 1 1 1 1 1 1 1 
1 1 1 1 1 S 1 1 1 1 
1 1 1 0 0 0 0 0 1 1 
1 1 0 0 0 0 H 0 1 1 
1 1 # F 0 0 F F 1 1 
1 # 0 # 1 1 0 0 1 1 
1 0 0 0 0 0 0 0 1 1 
1 # 0 # 0 0 1 0 G 1 
1 # F # 1 0 0 # 1 1 
1 1 1 1 1 1 1 1 1 1 
P46 L76 T10

Map10
1 1 1 1 1 1 1 1 1 1 
1 1 S 1 1 1 G 1 1 1 
1 1 0 H H 0 # 0 0 1 
1 1 # H 0 H 0 0 0 1 
1 1 0 0 0 1 0 0 0 1 
1 1 0 0 # 0 H # 1 1 
1 1 0 F 0 0 0 # # 1 
1 1 H F 1 0 # F 0 1 
1 1 F F 0 0 # 0 1 1 
1 1 1 1 1 1 1 1 1 1 
P25 P66 T11

Map10
1 S 1 1 1 1 1 1 1 1 
1 0 0 1 H 0 0 1 # 1 
1 0 0 # 0 0 0 0 F 1 
1 0 F 1 0 0 F 0 F 1 
G 0 0 0 1 0 0 0 # 1 
1 H 0 0 0 0 0 0 0 1 
1 0 # 0 # 0 0 # 1 1 
1 0 # 1 0 0 H 0 0 1 
1 0 # 1 0 0 0 0 0 1 
1 1 1 1 1 1 1 1 1 1 
P12 p25 T11

Map10
1 1 1 1 1 1 1 G 1 1 
1 0 F 0 0 0 1 0 0 1 
1 1 # 1 H # # # # 1 
1 1 F 0 H 0 # 0 1 1 
1 0 # 0 0 0 0 F 0 1 
1 0 0 1 0 F 0 0 0 1 
1 0 0 0 1 # # 0 0 1 
S F 1 0 0 0 0 0 0 1 
1 0 F 0 0 0 # F F 1 
1 1 1 1 1 1 1 1 1 1 
P54 U18 T11

Map10
1 1 1 1 1 1 1 1 1 1 
1 1 1 1 1 1 1 1 1 1 
1 1 # F 1 0 0 0 1 1 
1 S 0 0 1 F 0 # 0 1 
1 1 F 0 0 0 F 0 0 1 
1 1 1 0 0 0 0 F 0 1 
1 G 0 1 1 F 0 0 0 1 
1 1 # 0 # 0 0 0 F 1 
1 1 0 0 1 0 F 0 # 1 
1 1 1 1 1 1 1 1 1 1 
P65 p76 T10

Map10
1 1 1 1 1 1 1 G 1 1 
1 # 0 0 1 # 0 0 0 1 
1 F 0 # 0 # 1 0 0 1 
1 0 0 0 H 0 0 0 1 1 
1 0 0 0 0 F 0 # F 1 
1 0 0 # 0 0 0 # 0 1 
S 0 F 0 H 1 1 0 F 1 
1 0 # 0 1 F 0 F 0 1 
1 0 0 0 # H H 0 # 1 
1 1 1 1 1 1 1 1 1 1 
P33 D25 T11

Map10
1 1 1 1 1 1 1 1 1 1 
1 1 1 1 1 1 1 1 1 1 
1 H 0 0 0 1 0 0 1 1 
1 1 0 0 0 F 0 H 1 1 
1 # 0 H H F F 0 1 1 
1 H 0 # 0 0 0 F G 1 
1 F 1 # 0 0 0 F S 1 
1 0 0 0 0 0 0 0 1 1 
1 0 0 0 0 1 0 0 1 1 
1 1 1 1 1 1 1 1 1 1 
P62 p46 T11

Map10
1 1 1 1 1 1 1 S 1 1 
1 F 0 0 F 0 # 0 1 1 
G 0 0 0 H 1 0 # 0 1 
1 0 0 H F 0 H 1 # 1 
1 # 0 0 # 1 0 F 0 1 
1 F 0 0 F 0 0 F 0 1 
1 1 0 H 0 0 # # 0 1 
1 0 0 0 0 H 1 F 0 1 
1 # 0 1 0 0 0 0 # 1 
1 1 1 1 1 1 1 1 1 1 
P46 p23 T11

Map10
1 S 1 1 1 1 1 1 1 1 
1 # 0 F 1 0 0 0 # 1 
1 0 0 F 0 0 F 0 0 1 
1 0 0 F 0 0 0 0 0 1 
1 0 0 0 0 1 0 0 # 1 
1 H 0 # 0 H 0 0 0 1 
G 0 # 0 # 0 0 0 F 1 
1 0 0 # 0 0 0 # # 1 
1 # 0 0 0 0 0 0 1 1 
1 1 1 1 1 1 1 1 1 1 
P13 d27 T13

Map10
1 1 1 1 1 1 1 G 1 1 
S 0 0 0 0 0 H # 0 1 
1 0 0 1 0 0 0 0 0 1 
1 1 0 # F 0 0 1 F 1 
1 0 1 0 1 0 0 0 # 1 
1 0 0 # 0 0 1 0 # 1 
1 0 # 0 0 0 0 0 0 1 
1 0 0 0 # 0 # 0 F 1 
1 0 0 0 0 # # 0 0 1 
1 1 1 1 1 1 1 1 1 1 
P82 L51 T10

Map10
1 1 1 1 1 1 1 1 1 1 
G F 0 1 0 0 0 0 1 1 
1 F 0 0 0 0 0 0 1 1 
1 0 0 # 0 0 # 0 1 1 
1 # 0 0 # 0 # 0 1 1 
1 # 0 0 1 0 1 # 1 1 
1 0 0 # H 0 1 0 1 1 
1 F 0 0 0 0 0 0 1 1 
1 1 1 1 S 1 1 1 1 1 
1 1 1 1 1 1 1 1 1 1 
P16 R37 T11

Map10
1 1 1 1 1 1 S 1 1 1 
1 0 0 0 0 0 # 0 0 1 
1 1 # H 0 1 0 0 0 1 
1 0 0 # F 0 0 0 0 1 
1 0 # 0 # 0 H 0 # 1 
1 0 1 0 0 0 0 # H 1 
G 0 0 0 0 0 0 0 0 1 
1 0 0 # 0 1 0 0 0 1 
1 0 0 0 0 0 H 0 0 1 
1 1 1 1 1 1 1 1 1 1 
P63 p31 T10

Map10
1 1 1 1 1 1 1 1 1 1 
1 0 0 # 0 0 0 0 0 1 
1 H 0 0 0 0 0 0 H 1 
G 0 0 0 0 H 1 F F 1 
1 0 0 H F 0 0 0 0 1 
1 H 0 1 0 F 0 0 0 1 
1 0 0 F 0 0 0 0 1 1 
S 0 1 H 0 0 0 0 0 1 
1 0 F 0 F 0 0 F # 1 
1 1 1 1 1 1 1 1 1 1 
P42 P57 T11

Map10
1 1 1 1 1 1 1 1 1 1 
1 H 0 F F 0 0 F # 1 
G 0 0 H F H 0 0 0 1 
1 H 0 0 0 1 0 F 0 1 
1 # 0 0 0 0 0 0 # 1 
1 0 0 0 0 0 0 0 0 1 
1 1 H 0 1 0 0 0 0 1 
S 0 0 0 0 0 0 1 1 1 
1 0 0 0 0 # 0 0 1 1 
1 1 1 1 1 1 1 1 1 1 
P21 P35 T11

Map10
1 1 1 1 1 1 1 1 1 1 
1 1 G 1 S 1 1 1 1 1 
1 1 0 # F 0 0 # 0 1 
1 1 1 F # 0 0 0 0 1 
1 1 0 # 0 1 0 F 0 1 
1 1 # 1 # 0 F 0 0 1 
1 1 0 1 1 0 0 0 0 1 
1 1 0 0 0 0 F F F 1 
1 1 0 0 1 0 0 # 0 1 
1 1 1 1 1 1 1 1 1 1 
P56 p44 T11

Map10
1 1 1 1 1 1 1 G 1 1 
1 0 0 0 0 0 0 0 0 1 
1 H 0 0 0 0 0 F 0 1 
1 0 0 0 1 1 1 0 0 1 
S 0 1 0 0 0 0 0 F 1 
1 0 0 0 H F 1 0 0 1 
1 0 H 0 F # 0 F 1 1 
1 0 0 F 0 0 0 F 0 1 
1 0 0 H 0 1 H F 0 1 
1 1 1 1 1 1 1 1 1 1 
P67 P18 T10

Map10
1 1 1 1 1 1 1 1 1 1 
1 G 0 1 0 0 0 0 0 1 
1 1 0 0 0 0 0 1 0 1 
1 1 0 H F 0 1 H 0 1 
1 1 0 0 0 0 0 0 0 1 
1 1 1 H 0 0 # H 0 1 
1 1 0 # 0 1 0 0 0 1 
1 S 0 0 0 H 0 0 0 1 
1 1 1 1 1 1 1 1 1 1 
1 1 1 1 1 1 1 1 1 1 
P37 p51 T10

Map10
1 1 1 1 1 1 1 S 1 1 
G 0 0 H # H # 0 0 1 
1 H 0 0 0 1 0 1 0 1 
1 F 0 0 1 0 0 0 0 1 
1 0 # 1 0 # H 0 0 1 
1 0 0 0 0 1 0 0 # 1 
1 0 0 0 0 0 0 0 H 1 
1 0 0 0 0 0 0 0 0 1 
1 0 # # # 0 # 0 0 1 
1 1 1 1 1 1 1 1 1 1 
P84 P18 T10

Map10
1 1 1 1 G 1 1 1 1 1 
1 1 0 0 0 1 F # 1 1 
1 0 0 0 1 0 0 0 S 1 
1 0 H 0 0 1 H F 1 1 
1 0 0 0 0 F H # 1 1 
1 F H # 0 0 0 0 1 1 
1 0 H F 0 0 # 0 1 1 
1 0 H 0 0 F F 0 1 1 
1 1 1 1 1 1 1 1 1 1 
1 1 1 1 1 1 1 1 1 1 
P37 p45 T12

Map10
1 S 1 1 1 G 1 1 1 1 
1 0 0 0 1 0 # F 0 1 
1 0 1 0 1 0 0 0 0 1 
1 1 F 0 1 0 0 F H 1 
1 0 F # 0 1 F 0 H 1 
1 0 0 1 0 0 0 0 1 1 
1 F 0 F 0 0 0 0 0 1 
1 H 0 0 0 0 0 0 0 1 
1 0 0 0 F 0 0 H H 1 
1 1 1 1 1 1 1 1 1 1 
P46 p55 T11

Map10
1 1 1 1 1 1 1 1 1 1 
1 1 S 1 1 1 G 1 1 1 
1 H 0 0 0 0 0 F 1 1 
1 0 1 0 0 1 # 0 1 1 
1 0 F # 1 0 0 1 1 1 
1 0 # 0 0 0 0 0 1 1 
1 0 0 0 0 # 0 0 1 1 
1 1 0 0 0 0 0 # 1 1 
1 # 0 0 0 0 0 H 1 1 
1 1 1 1 1 1 1 1 1 1 
P42 L45 T10

Map10
1 1 1 1 1 1 1 1 1 1 
1 0 # 0 F F 0 0 1 1 
1 H 0 H 0 0 0 0 0 1 
G 0 0 0 0 0 H # 1 1 
S 0 0 H F 0 # 0 0 1 
1 0 F 0 F 0 1 0 # 1 
1 0 0 0 0 1 0 0 1 1 
1 0 1 0 0 0 1 0 0 1 
1 0 0 0 0 0 0 0 0 1 
1 1 1 1 1 1 1 1 1 1 
P24 p31 T10

Map10
1 1 1 S 1 1 1 1 1 1 
G 0 0 F F 0 0 0 0 1 
1 H F 0 0 F 0 0 0 1 
1 H # 0 0 1 0 1 1 1 
1 0 0 F 0 0 0 0 0 1 
1 0 0 H 0 0 0 0 1 1 
1 0 F 0 1 0 0 0 F 1 
1 F # 0 0 0 0 0 0 1 
1 0 0 1 F 1 0 # 1 1 
1 1 1 1 1 1 1 1 1 1 
P72 P33 T10

Map10
1 1 G 1 1 1 1 1 1 1 
1 1 F 0 0 0 0 0 1 1 
1 0 0 0 F 0 F 0 0 1 
S # F # F 0 0 0 H 1 
1 0 1 # 1 0 # F 0 1 
1 0 F 0 0 0 0 H 0 1 
1 1 0 0 # 0 0 H F 1 
1 0 0 0 0 0 0 0 1 1 
1 0 0 0 0 1 0 0 0 1 
1 1 1 1 1 1 1 1 1 1 
P32 P63 T10

Map10
1 1 1 1 1 1 1 1 1 1 
1 1 1 1 1 1 1 S 1 1 
1 1 0 0 H F 0 0 1 1 
1 1 0 0 F # # # 1 1 
1 1 1 0 0 0 0 0 0 1 
1 G # 1 F 0 0 0 0 1 
1 1 0 F 0 0 0 1 0 1 
1 1 1 0 0 H F 0 0 1 
1 1 0 0 # F F 1 0 1 
1 1 1 1 1 1 1 1 1 1 
P34 l46 T10

Map10
1 1 1 G 1 1 S 1 1 1 
1 0 0 0 1 0 0 0 # 1 
1 0 0 0 H 0 0 0 0 1 
1 0 0 0 1 0 F # 1 1 
1 H 0 0 H H 1 0 0 1 
1 0 0 # 0 0 0 0 1 1 
1 0 0 1 0 0 1 0 0 1 
1 0 H 1 # 0 1 F 0 1 
1 0 0 0 0 0 0 0 0 1 
1 1 1 1 1 1 1 1 1 1 
P62 P15 T11

Map10
1 1 1 1 S 1 1 1 1 1 
1 1 1 1 0 0 0 0 0 1 
1 1 0 0 0 0 0 0 0 1 
1 1 H 0 H 1 1 # 0 1 
1 1 0 0 0 # 0 0 1 1 
1 1 0 0 0 0 0 0 0 1 
1 1 0 F 0 0 1 0 0 1 
1 1 0 0 # 0 1 0 0 1 
1 1 1 1 G 1 1 1 1 1 
1 1 1 1 1 1 1 1 1 1 
P42 p55 T10

Map10
1 1 1 1 1 1 1 1 1 1 
S 0 1 0 0 0 H 0 1 1 
1 0 0 # 0 1 0 0 1 1 
1 0 # 0 0 1 # 0 1 1 
1 0 0 0 H # # 0 G 1 
1 H 0 0 # 0 1 0 1 1 
1 0 0 0 0 # 0 0 1 1 
1 1 0 0 # 0 0 0 1 1 
1 1 1 1 1 1 1 1 1 1 
1 1 1 1 1 1 1 1 1 1 
P13 p34 T10

Map10
1 1 1 1 1 1 1 1 1 1 
1 H F 1 1 # 0 0 1 1 
1 H 0 # 0 # # 1 1 1 
1 0 0 0 F 0 0 0 1 1 
1 0 H H 0 F 0 0 1 1 
1 # H 0 0 # 0 1 1 1 
1 0 0 # 0 0 1 1 1 1 
G 0 1 0 1 # 0 0 S 1 
1 1 1 1 1 1 1 1 1 1 
1 1 1 1 1 1 1 1 1 1 
P35 p53 T10

Map10
1 1 G 1 1 1 1 1 1 1 
1 1 0 # # 0 H H H 1 
1 1 1 H 0 H 0 0 F 1 
1 1 0 0 0 0 F 0 0 1 
1 1 0 0 F 0 0 F 0 1 
1 1 H 1 0 1 F 0 F 1 
1 1 0 0 1 F 0 0 0 1 
1 1 0 0 0 0 0 F 0 1 
1 1 1 S 1 1 1 1 1 1 
1 1 1 1 1 1 1 1 1 1 
P53 P83 T10

Map10
1 1 1 1 1 1 1 1 1 1 
1 1 1 1 1 1 1 S 1 1 
1 H # 0 0 1 0 0 1 1 
1 0 0 0 0 H 0 0 1 1 
1 0 0 0 0 0 0 0 1 1 
1 0 H 0 1 0 1 0 G 1 
1 1 H 0 0 1 0 # 1 1 
1 H 0 F 1 1 F 0 1 1 
1 H 0 0 0 0 0 1 1 1 
1 1 1 1 1 1 1 1 1 1 
P24 L74 T10

Map10
1 1 1 G 1 1 1 1 1 1 
1 F 0 0 0 # 0 0 # 1 
S 0 1 F 0 0 0 0 0 1 
1 0 0 0 0 0 0 0 0 1 
1 F F 0 F 0 F 0 0 1 
1 0 0 F 0 0 1 0 0 1 
1 0 F 0 0 0 # 0 0 1 
1 0 0 0 0 0 1 # 0 1 
1 F 0 0 1 0 0 # 0 1 
1 1 1 1 1 1 1 1 1 1 
P17 p56 T10

Map10
1 1 1 1 1 1 G 1 1 1 
1 0 0 H F 0 0 1 0 1 
1 # 0 0 0 0 0 0 0 1 
S 0 F 0 H 0 0 0 0 1 
1 0 0 0 F 0 # 0 0 1 
1 0 0 0 1 0 H H 0 1 
1 1 F 0 # 0 0 0 0 1 
1 0 0 0 0 0 0 0 0 1 
1 0 F 0 0 F 0 0 0 1 
1 1 1 1 1 1 1 1 1 1 
P67 U24 T11

Map10
1 1 1 1 1 1 1 1 1 1 
1 1 1 1 1 1 1 1 1 1 
1 0 0 0 0 H 0 0 G 1 
1 # 0 0 0 0 0 1 1 1 
1 1 0 0 0 0 1 0 S 1 
1 1 1 H 0 0 0 0 1 1 
1 # 0 H 0 1 0 # 1 1 
1 1 0 H 1 0 0 0 1 1 
1 # 0 0 0 0 H F 1 1 
1 1 1 1 1 1 1 1 1 1 
P77 U46 T10

Map10
1 1 1 1 1 1 1 1 1 1 
1 0 F 0 0 0 0 # F 1 
1 0 # 0 0 # F # 1 1 
S 0 0 # 1 # H 0 0 1 
1 0 0 0 F # 0 0 0 1 
1 # 1 0 0 0 0 1 0 1 
1 1 0 0 # 0 1 0 0 1 
G 0 0 H 0 0 1 F F 1 
1 0 0 H 0 0 0 1 0 1 
1 1 1 1 1 1 1 1 1 1 
P61 p55 T10

Map10
1 1 1 1 1 1 G 1 1 1 
S 0 0 F 0 1 0 F 1 1 
1 0 0 0 0 1 # 0 H 1 
1 0 0 F 1 0 0 0 1 1 
1 0 0 0 H 0 0 0 0 1 
1 # 0 0 0 H # 0 0 1 
1 0 0 0 0 # 0 H 0 1 
1 1 0 0 0 0 F H # 1 
1 0 F H # 0 0 0 0 1 
1 1 1 1 1 1 1 1 1 1 
P54 P66 T10

Map10
1 G 1 1 1 1 S 1 1 1 
1 0 # H 0 0 0 0 0 1 
1 1 0 # 0 0 0 0 0 1 
1 F 0 0 1 F H H 0 1 
1 H 0 0 1 # 0 # 0 1 
1 0 0 0 0 0 0 1 F 1 
1 1 0 0 0 0 0 1 0 1 
1 0 0 0 0 0 0 0 0 1 
1 F H 0 0 1 1 0 0 1 
1 1 1 1 1 1 1 1 1 1 
P62 p37 T10

Map10
1 1 1 1 1 1 G 1 1 1 
1 F 0 0 1 1 0 0 0 1 
1 0 1 H 0 0 # 0 0 1 
1 0 # F 1 F 1 0 F 1 
S 0 F 0 1 # 0 0 F 1 
1 0 0 0 0 H 0 H H 1 
1 1 0 0 # F 0 F # 1 
1 H 0 0 H # F H 0 1 
1 1 # 1 0 0 # 0 0 1 
1 1 1 1 1 1 1 1 1 1 
P58 R26 T11

Map10
1 1 1 1 1 1 1 1 1 1 
1 1 1 1 S 1 1 1 1 1 
1 1 # 0 0 0 0 0 0 1 
1 1 # 0 0 0 0 # 0 1 
1 G 0 0 F 1 0 0 0 1 
1 1 F 0 0 0 0 0 0 1 
1 1 1 0 1 0 # 0 0 1 
1 1 0 0 0 # 0 0 0 1 
1 1 0 H 0 0 0 0 0 1 
1 1 1 1 1 1 1 1 1 1 
P35 p42 T10

Map10
1 1 1 1 1 1 1 1 1 1 
1 0 # 0 0 F 0 F 1 1 
1 0 0 0 0 1 F 1 1 1 
1 0 0 0 # # # 1 1 1 
1 # 0 1 0 0 1 0 1 1 
S F # 0 1 0 # 0 1 1 
1 F 0 0 0 1 0 F 1 1 
1 0 0 F # 1 0 0 1 1 
1 1 1 1 1 1 G 1 1 1 
1 1 1 1 1 1 1 1 1 1 
P13 U26 T11

Map10
1 1 1 1 1 1 1 1 1 1 
1 # 0 1 0 0 0 1 0 1 
1 F # 0 0 0 0 0 0 1 
1 # 0 1 0 1 0 0 0 1 
1 0 0 0 1 1 0 0 F 1 
G 0 0 # 0 1 # F 0 1 
1 F 0 0 0 # F 0 F 1 
S 0 F 1 F 0 0 0 0 1 
1 F 0 0 # # 0 0 0 1 
1 1 1 1 1 1 1 1 1 1 
P68 D26 T10

Map10
1 1 1 1 1 1 G 1 1 1 
1 S # 1 H 0 0 1 0 1 
1 1 0 0 0 0 F 0 1 1 
1 1 0 1 0 0 0 0 0 1 
1 1 0 F 0 0 0 0 0 1 
1 1 H # 1 0 H 1 0 1 
1 1 0 0 0 0 1 0 H 1 
1 1 H 0 1 0 0 # H 1 
1 1 1 1 1 1 1 1 1 1 
1 1 1 1 1 1 1 1 1 1 
P23 p63 T11

Map10
1 1 1 1 1 1 S 1 1 1 
1 1 0 # 0 0 0 # F 1 
1 1 F 1 0 0 0 # 0 1 
1 1 0 H # 0 F 0 1 1 
1 1 1 0 0 1 0 # 0 1 
1 1 # 0 1 0 F 0 0 1 
1 1 0 0 # 1 F H 0 1 
1 1 0 0 0 F F 0 1 1 
1 1 G 1 1 1 1 1 1 1 
1 1 1 1 1 1 1 1 1 1 
P41 R53 T10

Map10
1 S 1 1 1 1 1 G 1 1 
1 0 0 1 H H F 0 1 1 
1 1 # # 1 0 0 0 0 1 
1 0 0 0 0 0 0 0 0 1 
1 1 # H 0 # 0 1 H 1 
1 # 0 0 0 0 1 0 0 1 
1 0 0 H 0 0 0 0 F 1 
1 0 0 0 H 0 # # 0 1 
1 # 0 0 0 0 0 F 0 1 
1 1 1 1 1 1 1 1 1 1 
P52 p63 T10

Map10
1 1 1 1 1 1 1 S 1 1 
G 0 F 1 F 0 F 0 # 1 
1 F # 0 0 0 0 0 # 1 
1 0 1 0 1 F 0 0 1 1 
1 F 0 0 0 0 0 1 F 1 
1 0 # 1 0 0 0 0 0 1 
1 0 0 # 0 0 0 0 # 1 
1 0 0 0 0 0 0 0 0 1 
1 F 0 0 0 0 F 1 0 1 
1 1 1 1 1 1 1 1 1 1 
P42 p55 T10

Map10
1 1 1 1 1 1 1 1 1 1 
1 1 1 1 1 1 1 1 1 1 
1 1 0 0 0 0 H 0 F 1 
1 G 0 F H 0 0 0 0 1 
1 1 1 0 0 F 0 0 1 1 
1 1 H H H 0 0 0 0 1 
1 S F 0 0 0 H 0 F 1 
1 1 0 1 0 0 0 0 0 1 
1 1 F 0 # 0 0 0 0 1 
1 1 1 1 1 1 1 1 1 1 
P63 D55 T10

Map10
1 G 1 1 1 1 1 S 1 1 
1 0 0 0 F F 1 0 0 1 
1 H 0 0 0 0 0 1 0 1 
1 # F # # 0 1 H 0 1 
1 0 0 0 0 1 # 0 0 1 
1 # 0 # H 0 0 F 0 1 
1 0 0 0 0 0 0 0 1 1 
1 F 0 0 0 0 1 0 # 1 
1 0 0 0 # # 0 0 0 1 
1 1 1 1 1 1 1 1 1 1 
P55 p36 T10

Map10
1 1 1 1 1 1 1 1 1 1 
1 1 G S 1 1 1 1 1 1 
1 1 F 0 0 0 0 0 1 1 
1 1 0 1 F 0 0 0 0 1 
1 1 # 0 1 # # 0 0 1 
1 1 1 0 0 H 1 1 0 1 
1 1 0 F F 0 # 0 # 1 
1 1 # F H 1 0 0 1 1 
1 1 0 0 0 0 # 0 # 1 
1 1 1 1 1 1 1 1 1 1 
P56 p48 T12

Map10
1 1 1 1 1 S G 1 1 1 
1 0 F 0 0 0 0 H 0 1 
1 0 0 F 0 1 0 0 0 1 
1 1 0 0 # 0 0 0 # 1 
1 1 1 0 F F 0 0 F 1 
1 0 0 0 0 0 1 H # 1 
1 0 0 # # 0 0 1 0 1 
1 0 # 0 0 0 0 0 0 1 
1 0 0 0 H 0 F 0 0 1 
1 1 1 1 1 1 1 1 1 1 
P73 L56 T10

Map10
1 1 1 1 1 1 1 1 1 1 
1 0 0 0 F 0 0 F 1 1 
1 0 0 1 0 0 0 0 1 1 
1 1 F 0 0 0 0 0 1 1 
1 1 0 0 0 0 0 0 1 1 
1 0 0 1 # 0 0 F 1 1 
1 0 0 1 F H 0 0 1 1 
1 0 F 0 1 1 0 0 1 1 
1 1 1 G 1 1 1 S 1 1 
1 1 1 1 1 1 1 1 1 1 
P26 D74 T11

Map10
1 1 1 1 G 1 1 1 1 1 
1 H 0 0 F 0 0 H 0 1 
1 H 0 0 F # 0 0 0 1 
1 0 # 0 0 0 H F 0 1 
1 0 1 0 H 0 H F 0 1 
1 1 0 0 1 0 0 0 0 1 
1 0 0 0 0 0 0 0 0 1 
S 0 0 0 0 0 0 0 0 1 
1 0 0 1 0 0 0 0 0 1 
1 1 1 1 1 1 1 1 1 1 
P53 p34 T10

Map10
1 1 1 S 1 1 1 1 1 1 
1 # 0 # 0 F 0 1 1 1 
1 0 0 F 0 0 0 # 1 1 
1 0 0 1 0 0 # 0 1 1 
1 # 1 1 1 0 0 0 1 1 
1 0 1 # F 0 0 0 1 1 
1 0 0 0 0 # 0 0 1 1 
1 0 F 0 F 1 # 0 1 1 
1 1 G 1 1 1 1 1 1 1 
1 1 1 1 1 1 1 1 1 1 
P16 L42 T10

Map10
1 1 1 1 1 1 1 1 1 1 
1 0 0 0 0 0 0 0 0 1 
G 0 0 0 0 0 0 F 0 1 
1 1 0 0 0 0 0 0 0 1 
S # 0 H 1 # 0 0 0 1 
1 0 1 0 0 1 F 0 0 1 
1 0 # 0 0 0 0 0 H 1 
1 0 # 0 0 # 0 F 0 1 
1 1 0 0 0 0 0 F 0 1 
1 1 1 1 1 1 1 1 1 1 
P24 u67 T10

Map10
1 1 1 1 1 1 1 1 1 1 
1 1 1 1 G 1 1 1 1 1 
1 1 0 1 0 0 0 0 0 1 
1 1 H 1 # 0 F 0 F 1 
1 S 0 1 0 0 H # 1 1 
1 1 0 0 0 # F 0 # 1 
1 1 0 0 0 0 0 0 # 1 
1 1 # 1 H 0 0 H 0 1 
1 1 1 F # 0 0 # F 1 
1 1 1 1 1 1 1 1 1 1 
P45 P26 T10

Map10
1 1 S 1 1 1 1 1 1 1 
1 0 0 F H 0 0 1 0 1 
1 # 0 0 0 H 0 0 0 1 
1 0 H 0 0 0 0 H 0 1 
1 0 0 # # 0 H 0 1 1 
1 1 0 0 0 H # 0 0 1 
G 0 0 0 1 0 1 1 0 1 
1 0 0 0 H 0 # 0 1 1 
1 0 0 # 0 0 0 0 0 1 
1 1 1 1 1 1 1 1 1 1 
P22 P54 T10

Map10
1 G 1 1 S 1 1 1 1 1 
1 F 0 0 0 0 0 0 1 1 
1 0 0 0 1 1 0 # F 1 
1 H 0 0 0 0 0 F 0 1 
1 F 0 0 0 0 1 0 0 1 
1 0 0 0 H 0 1 0 0 1 
1 0 0 # 0 0 0 0 0 1 
1 0 1 F 1 0 0 0 0 1 
1 0 0 0 0 0 H 1 0 1 
1 1 1 1 1 1 1 1 1 1 
P31 p48 T10

Map10
1 1 1 G 1 1 1 1 1 1 
1 # 1 # 0 F H 0 0 1 
1 0 0 1 0 # 0 0 0 1 
1 0 0 0 F 0 0 0 1 1 
1 # 1 0 1 0 0 0 1 1 
S # 0 H # 0 0 0 0 1 
1 F 0 # 1 0 # 0 0 1 
1 H 0 0 1 F # 0 0 1 
1 0 # H 0 0 0 0 1 1 
1 1 1 1 1 1 1 1 1 1 
P25 r13 T12

Map10
1 1 1 1 1 1 1 1 1 1 
1 1 1 1 1 G 1 1 1 1 
1 1 0 0 0 0 # 0 0 1 
1 1 0 0 1 F 0 0 0 1 
1 1 1 0 1 0 # 0 1 1 
1 S # F F 1 0 0 0 1 
1 1 0 0 # 0 0 0 0 1 
1 1 F 0 0 0 1 0 0 1 
1 1 0 0 0 1 0 # # 1 
1 1 1 1 1 1 1 1 1 1 
P63 U36 T11

Map10
1 1 G 1 1 1 S 1 1 1 
1 0 0 1 0 0 F 0 0 1 
1 # 0 0 0 0 1 # # 1 
1 H 0 0 0 0 0 0 0 1 
1 0 F 0 0 H 1 0 F 1 
1 0 # 0 F F 0 # 0 1 
1 0 # 0 1 0 0 0 0 1 
1 0 0 # 0 0 0 # 1 1 
1 0 # # 1 0 0 0 1 1 
1 1 1 1 1 1 1 1 1 1 
P86 R51 T10

Map10
1 1 1 1 1 G 1 S 1 1 
1 0 0 1 0 0 1 0 # 1 
1 0 0 F 0 0 # 0 # 1 
1 # 0 0 0 1 0 0 0 1 
1 0 0 0 0 # 0 0 F 1 
1 0 0 # 0 F 0 H 0 1 
1 F 0 0 0 1 0 # H 1 
1 0 0 0 0 0 0 F 0 1 
1 0 0 0 0 H 0 0 # 1 
1 1 1 1 1 1 1 1 1 1 
P73 p25 T10

Map10
1 1 1 1 1 G 1 1 1 1 
1 0 H 0 # # F 0 0 1 
1 0 0 0 0 F 0 0 0 1 
1 F F 0 0 0 1 0 0 1 
1 0 H 0 # 1 0 # F 1 
1 0 0 0 0 0 0 0 0 1 
1 0 0 1 0 0 0 0 F 1 
S 0 0 1 H # H 1 0 1 
1 0 0 F 0 0 # F 0 1 
1 1 1 1 1 1 1 1 1 1 
P42 P82 T10

Map10
1 1 1 1 G 1 1 1 1 1 
1 H 0 1 0 F 0 0 F 1 
1 0 0 0 1 # F F 0 1 
1 H 1 0 0 0 1 0 0 1 
1 0 0 0 1 H 0 0 0 1 
1 0 1 0 0 # H 0 0 1 
1 0 0 F 0 0 H 1 # 1 
S 0 0 F H F F 0 0 1 
1 0 0 0 0 F 0 0 1 1 
1 1 1 1 1 1 1 1 1 1 
P82 P27 T10

Map10
1 1 1 S 1 1 1 1 1 1 
1 0 0 0 0 # 0 0 0 1 
1 0 # 0 0 0 0 0 0 1 
1 0 1 0 0 0 0 0 1 1 
1 1 0 0 0 0 0 0 # 1 
G 0 0 H 0 0 0 0 0 1 
1 1 0 0 # # H 0 0 1 
1 0 0 0 0 0 H F 0 1 
1 0 0 0 0 0 0 0 0 1 
1 1 1 1 1 1 1 1 1 1 
P32 P26 T10

Map10
1 S 1 1 1 1 1 G 1 1 
1 0 # 0 0 # 0 0 H 1 
1 1 F F # 0 0 0 1 1 
1 0 H 0 0 # 0 F 0 1 
1 0 F 0 0 0 F # 0 1 
1 0 0 0 1 0 # H 0 1 
1 0 0 1 F 0 H # 0 1 
1 0 0 1 0 1 H H 0 1 
1 0 # 0 0 0 0 0 F 1 
1 1 1 1 1 1 1 1 1 1 
P41 p33 T10

Map10
1 S 1 1 1 1 1 1 1 1 
1 0 # 0 0 0 # 1 0 1 
1 0 # 0 0 0 0 0 0 1 
1 0 0 0 0 1 0 0 0 1 
1 0 0 0 H 1 0 0 0 1 
1 1 0 F 0 0 H 0 1 1 
G 0 F F 0 0 0 0 F 1 
1 # F 0 1 0 0 0 0 1 
1 F # F 0 0 0 1 0 1 
1 1 1 1 1 1 1 1 1 1 
P64 p75 T10

Map10
1 1 1 1 1 1 1 1 1 1 
1 1 1 1 1 G 1 S 1 1 
1 1 F 0 0 0 0 F 0 1 
1 1 0 0 0 1 1 1 0 1 
1 1 0 F 0 0 0 0 0 1 
1 1 1 0 0 0 0 0 1 1 
1 1 0 0 1 0 0 0 # 1 
1 1 0 1 0 F 0 0 # 1 
1 1 # 0 # 0 0 0 1 1 
1 1 1 1 1 1 1 1 1 1 
P44 R62 T10

Map10
1 1 1 1 1 1 1 S 1 1 
1 1 H 0 0 0 H 0 # 1 
1 G 0 0 0 1 # 0 0 1 
1 1 0 0 0 0 0 0 F 1 
1 1 0 0 1 0 0 H # 1 
1 1 1 H 0 0 H F 0 1 
1 1 F 0 1 0 0 0 0 1 
1 1 0 0 1 0 0 0 0 1 
1 1 1 1 1 1 1 1 1 1 
1 1 1 1 1 1 1 1 1 1 
P31 P72 T10

Map10
1 1 1 1 G 1 1 1 1 1 
1 0 0 1 0 0 H 1 # 1 
1 0 0 0 H 0 0 1 # 1 
1 0 0 0 0 0 0 0 1 1 
1 1 0 # # 0 # 0 0 1 
S # 0 F 1 0 H # 0 1 
1 0 # 0 0 # 0 F 0 1 
1 0 0 0 0 1 0 H 0 1 
1 0 0 0 1 0 0 0 # 1 
1 1 1 1 1 1 1 1 1 1 
P25 p43 T11

Map10
1 1 G 1 1 1 S 1 1 1 
1 1 F 0 0 0 0 F 0 1 
1 0 0 1 0 0 0 F 1 1 
1 0 1 0 0 1 0 0 0 1 
1 0 0 1 0 0 0 0 0 1 
1 0 0 F 1 # F 0 0 1 
1 0 0 1 H 0 H 0 0 1 
1 0 0 0 0 0 0 0 0 1 
1 0 0 0 0 0 0 F F 1 
1 1 1 1 1 1 1 1 1 1 
P63 p44 T10

Map10
1 1 1 1 1 1 1 1 1 1 
1 1 1 1 1 1 1 1 1 1 
1 0 1 0 0 0 0 0 1 1 
G 0 0 0 0 0 H 1 1 1 
1 0 0 H 0 1 0 0 S 1 
1 H 0 # 0 # 0 0 1 1 
1 0 0 0 H 0 0 1 1 1 
1 0 0 0 0 0 0 0 1 1 
1 0 H H 0 0 F 0 1 1 
1 1 1 1 1 1 1 1 1 1 
P45 p37 T11

Map10
1 1 1 1 1 1 1 1 1 1 
1 1 1 1 1 G 1 1 1 1 
1 F 0 H 1 0 0 0 1 1 
1 0 F 1 # 0 0 0 1 1 
1 0 0 0 F 0 H H 1 1 
S 0 0 1 F F 0 0 1 1 
1 F 0 0 0 # 0 0 1 1 
1 0 F 0 # # # 0 1 1 
1 0 H # H # 1 H 1 1 
1 1 1 1 1 1 1 1 1 1 
P18 p37 T10

Map10
1 1 1 1 1 1 S 1 1 1 
1 # F 0 0 F 0 0 H 1 
1 H 0 1 0 0 1 0 H 1 
1 0 0 # 0 0 1 0 0 1 
G 0 0 0 1 1 H 1 1 1 
1 F F 0 H 0 0 1 0 1 
1 0 F 0 0 # 0 0 0 1 
1 0 0 0 0 0 0 0 0 1 
1 1 0 0 0 0 0 F 0 1 
1 1 1 1 1 1 1 1 1 1 
P31 p23 T10

Map10
1 1 1 1 G 1 1 1 1 1 
1 0 H F 0 0 # 0 0 1 
1 0 F 0 0 0 0 0 0 1 
1 0 0 0 F 0 0 0 0 1 
1 F F 0 # 0 0 0 0 1 
S 0 F 0 0 H 0 0 1 1 
1 0 0 0 1 0 0 H 0 1 
1 0 0 0 0 F 0 0 0 1 
1 F 0 0 0 0 0 # 0 1 
1 1 1 1 1 1 1 1 1 1 
P58 D34 T11
