Map10
1 1 1 S 1 1 1 1 1 1 
1 F 0 0 0 1 0 0 0 1 
1 0 1 0 F 0 0 1 0 1 
1 0 F 0 0 F 0 0 F 1 
1 F 0 0 0 0 1 0 0 1 
1 0 1 0 0 0 0 0 0 1 
G F 0 0 0 0 0 H 1 1 
1 0 1 F 0 0 0 0 0 1 
1 0 0 0 0 0 # 0 0 1 
1 1 1 1 1 1 1 1 1 1 
P47 T14

Map10
1 1 1 1 1 S 1 1 1 1 
1 0 # # 0 0 0 1 0 1 
1 0 0 0 # F 0 # 0 1 
1 # 0 1 0 0 0 0 0 1 
1 0 0 0 0 F # 1 0 1 
G F 0 0 F 0 0 0 F 1 
1 0 F 0 0 F 0 0 H 1 
1 0 1 0 # 0 0 0 # 1 
1 0 0 0 1 0 # 1 0 1 
1 1 1 1 1 1 1 1 1 1 
P66 T10

Map10
1 1 1 1 1 1 1 1 1 1 
1 1 1 1 1 G 1 S 1 1 
1 1 F 0 0 0 0 F 0 1 
1 1 0 0 0 1 1 1 0 1 
1 1 0 F 0 0 0 F 0 1 
1 1 1 F 0 0 0 0 1 1 
1 1 0 0 1 1 0 0 # 1 
1 1 0 1 0 F 0 0 # 1 
1 1 # 0 # 0 F 0 1 1 
1 1 1 1 1 1 1 1 1 1 
P44 R62 T12

Map10
1 1 1 1 G 1 1 1 1 1 
1 1 0 0 0 0 # 0 1 1 
1 0 0 0 0 0 0 0 1 1 
1 0 0 0 1 0 0 1 1 1 
1 1 1 0 0 1 0 # 1 1 
1 0 0 0 0 0 0 0 1 1 
1 0 0 1 0 1 # 0 1 1 
1 0 0 0 0 0 0 0 S 1 
1 1 1 1 1 1 1 1 1 1 
1 1 1 1 1 1 1 1 1 1 
R51 T12