Map8
1 1 1 1 1 S 1 1 
1 0 H 0 0 0 1 1 
1 1 0 F 0 1 H 1 
1 0 0 H F 0 F 1 
1 H 0 1 0 0 H 1 
1 0 0 0 1 0 F 1 
1 F 0 0 0 0 1 1 
1 1 1 1 1 G 1 1 
PL54 PD31 l42 T7

Map8
1 1 1 S 1 1 1 1 
1 0 0 0 H 0 0 1 
1 H # 0 1 0 0 1 
1 0 0 H 1 1 0 1 
1 0 0 0 0 0 0 1 
1 # H 1 H # 0 1 
1 0 1 # # 0 0 1 
1 1 1 1 G 1 1 1 
PU31 PU52 p56 T6

Map8
1 1 1 1 1 1 1 1 
1 1 0 0 # 1 0 1 
1 0 0 F 0 0 H 1 
1 # 0 1 1 0 # 1 
1 H 0 0 0 0 0 1 
1 0 F 0 # # 0 1 
1 0 0 H 0 0 F G 
1 S 1 1 1 1 1 1 
PU35 PD15 p34 T5

Map8
1 1 1 1 1 1 1 1 
1 F 1 0 0 0 1 1 
1 F 1 1 0 0 0 1 
1 1 1 H 0 0 # 1 
1 H 0 0 F F # 1 
1 # 0 0 0 F 0 S 
1 0 0 H 0 0 H 1 
1 1 1 1 1 G 1 1 
PD24 PD56 p35 T3

Map8
1 1 1 1 1 1 1 1 
1 1 0 F 1 1 0 S 
1 # F 1 0 0 F 1 
1 # 1 0 # 0 0 1 
G 0 H 1 1 0 0 1 
1 0 F # 0 # # 1 
1 0 0 # 0 H # 1 
1 1 1 1 1 1 1 1 
PL14 PL26 p64 T6

Map8
1 1 1 1 1 1 1 1 
1 0 0 0 F 0 H 1 
1 1 1 0 0 0 0 G 
1 0 0 0 0 H 0 1 
1 0 0 0 0 H 0 1 
1 0 0 0 0 0 0 1 
1 0 H 0 0 0 0 S 
1 1 1 1 1 1 1 1 
PR66 PL44 p33 T5

Map8
1 1 1 1 1 1 1 1 
1 0 0 0 1 0 1 1 
1 0 F 0 1 0 1 1 
1 0 H 0 H F # 1 
S 0 0 1 0 0 0 1 
1 1 0 0 H 0 0 1 
1 0 H 0 1 0 0 G 
1 1 1 1 1 1 1 1 
PU25 PL64 p24 T5

Map8
1 S 1 G 1 1 1 1 
1 0 0 0 # # 0 1 
1 H 0 0 0 0 H 1 
1 # H 1 0 1 0 1 
1 0 0 0 0 1 0 1 
1 0 0 0 H 0 0 1 
1 # 0 1 0 0 1 1 
1 1 1 1 1 1 1 1 
PU11 PL61 p21 T4

Map8
1 1 1 1 1 1 1 1 
S 0 0 0 0 H 0 1 
1 0 0 0 1 0 H 1 
1 0 0 0 0 0 0 1 
1 0 1 0 0 0 0 1 
1 1 0 0 0 1 H 1 
G 0 1 1 0 1 0 1 
1 1 1 1 1 1 1 1 
PL16 PD31 p21 T5

Map8
1 G 1 1 1 1 1 1 
1 0 0 # 1 0 0 S 
1 0 0 1 0 0 0 1 
1 H F 1 0 # 0 1 
1 0 H 0 0 # 0 1 
1 0 0 0 0 0 0 1 
1 F 0 0 # 0 H 1 
1 1 1 1 1 1 1 1 
PL21 PL62 p51 T5

Map8
1 1 G 1 1 1 1 1 
1 # 0 F 0 0 0 1 
1 0 0 0 0 0 # 1 
1 0 0 0 0 0 0 1 
1 0 1 1 0 # F 1 
1 0 0 0 0 0 1 1 
1 F 0 0 0 F # S 
1 1 1 1 1 1 1 1 
PD32 PR26 p33 T4

Map8
1 1 1 1 1 1 1 1 
1 0 0 1 0 0 0 1 
1 0 F # 0 1 0 1 
1 1 0 0 0 0 0 G 
1 0 0 # 0 H 0 1 
1 1 0 0 1 0 0 1 
1 0 # 0 0 # F 1 
1 1 1 1 1 S 1 1 
PD41 PD55 p42 T3

Map8
1 1 G 1 1 1 1 1 
1 1 0 # 0 0 0 1 
1 1 0 0 # 0 0 1 
1 0 0 H # 0 H 1 
1 1 1 H H 1 0 S 
1 0 0 0 0 0 0 1 
1 1 # 0 H F 0 1 
1 1 1 1 1 1 1 1 
PD25 PL41 p64 T8

Map8
1 1 1 1 1 1 1 1 
1 0 H 0 0 0 0 1 
1 0 0 0 0 0 0 1 
1 0 0 # H # 0 1 
1 0 0 0 0 1 0 1 
1 H # 0 1 # H 1 
S 0 # 1 0 # # 1 
1 1 1 1 1 G 1 1 
PD22 PR46 p23 T4

Map8
1 1 1 1 1 S 1 1 
1 # H F H 0 0 1 
1 0 # H 0 F 1 1 
1 0 0 F 0 0 1 1 
1 0 F # 0 0 0 1 
1 0 0 1 0 H 0 1 
1 0 0 0 0 F 1 1 
1 1 1 G 1 1 1 1 
PU54 PU46 l53 T4

Map8
1 1 1 1 1 S 1 1 
1 0 0 F 0 # 0 1 
1 # # # H 1 1 1 
1 1 0 0 0 F # 1 
1 # 1 0 # 0 1 1 
1 1 0 F 0 # 0 1 
1 1 F F 0 0 0 1 
1 1 1 1 1 G 1 1 
PU23 PR34 d21 T5

Map8
1 1 S 1 1 1 1 1 
1 0 0 1 0 1 0 1 
1 0 0 0 0 0 0 1 
1 0 # 0 H 1 # 1 
1 0 0 0 0 F 1 1 
1 F 0 H F 1 # 1 
1 H 0 1 1 0 0 1 
1 1 1 1 1 G 1 1 
PL32 PD56 p21 T3

Map8
1 1 1 1 1 1 1 1 
1 0 0 F 0 0 0 1 
1 # 0 0 0 0 0 G 
1 H H F # 1 # 1 
1 F 1 1 0 0 0 1 
1 1 0 0 # 0 H 1 
1 0 1 H 0 0 0 1 
1 1 1 1 1 1 S 1 
PL54 PD66 p41 T5

Map8
1 1 1 1 1 1 S 1 
1 # 0 # 0 1 F 1 
G # 0 0 H 0 0 1 
1 0 1 0 0 0 1 1 
1 0 0 0 0 F # 1 
1 1 # 0 # 1 0 1 
1 0 0 1 0 0 1 1 
1 1 1 1 1 1 1 1 
PR52 PR16 p13 T7

Map8
1 1 1 1 1 S 1 1 
1 H 0 0 0 0 F 1 
1 1 0 H H 0 0 1 
1 0 1 H # 0 1 1 
1 1 0 0 0 F 0 1 
1 1 0 0 1 0 0 G 
1 0 0 H F F 0 1 
1 1 1 1 1 1 1 1 
PL35 PU51 p64 T6

Map8
1 1 1 1 1 1 1 1 
1 0 1 0 0 1 1 1 
1 H # 0 0 H 0 1 
1 # 0 # 0 0 1 1 
1 H 0 0 # H # 1 
S 0 1 # 0 0 # 1 
1 0 H 0 # 1 0 G 
1 1 1 1 1 1 1 1 
PU16 PU36 p15 T6

Map8
1 1 1 1 1 1 1 1 
1 1 1 # H 0 0 1 
1 1 1 # # F 0 1 
1 # 0 H F F 0 1 
1 0 0 0 0 # 1 1 
1 0 H F 0 F 0 1 
1 0 1 0 0 H 0 1 
1 S 1 1 1 1 G 1 
PL44 PU46 p15 T5

Map8
1 1 1 1 1 1 1 1 
1 1 0 # 1 0 0 1 
1 1 F # # 1 # S 
1 # # 0 0 0 0 1 
1 0 0 F 0 0 H 1 
1 H 0 0 H 1 0 1 
1 0 1 0 0 0 # G 
1 1 1 1 1 1 1 1 
PL43 PR51 p61 T6

Map8
1 1 1 1 1 1 1 1 
1 H 0 1 0 0 0 1 
1 1 0 0 0 0 1 1 
1 0 1 H 0 1 0 1 
1 # # 0 0 0 # 1 
1 1 # H # 0 0 S 
1 # 0 H 1 # 0 1 
1 G 1 1 1 1 1 1 
PR65 PU55 p34 T6

Map8
1 1 1 1 1 1 S 1 
1 # # 1 0 1 F 1 
G 0 0 1 0 0 0 1 
1 H 0 H H # 1 1 
1 F H 0 0 0 0 1 
1 0 F 0 0 0 # 1 
1 F # 0 F # 0 1 
1 1 1 1 1 1 1 1 
PU23 PD41 p42 T5

Map8
1 1 1 1 1 1 1 1 
S 0 0 H 0 0 0 1 
1 0 0 0 1 1 # 1 
1 H 0 0 1 0 # 1 
G 0 0 H 0 0 0 1 
1 0 0 0 # 0 0 1 
1 1 0 0 0 # 0 1 
1 1 1 1 1 1 1 1 
PL11 PR12 p23 T5

Map8
1 1 1 1 1 1 1 1 
1 0 H 0 0 0 0 1 
1 1 F 1 0 0 H 1 
1 1 0 0 1 0 0 G 
1 0 0 0 F 0 0 1 
1 0 0 0 H 0 0 1 
1 0 F 0 1 0 0 1 
1 1 S 1 1 1 1 1 
PU54 PD23 p24 T3

Map8
1 1 1 1 1 G 1 1 
1 0 # # 0 # 0 1 
1 # 0 F 0 0 0 1 
1 # H 0 0 1 1 1 
1 0 0 # H 1 0 1 
1 # H H 0 F 0 1 
1 0 0 0 1 1 0 1 
1 1 1 1 1 1 S 1 
PU52 PR45 p66 T3

Map8
1 1 1 1 1 1 1 1 
1 0 0 0 0 0 0 1 
1 H 0 0 H 0 F 1 
1 F 0 1 0 1 0 G 
1 0 0 F 0 1 H 1 
1 1 0 0 0 0 0 1 
1 1 0 0 0 0 0 1 
1 1 1 S 1 1 1 1 
PL35 PR63 p26 T5

Map8
1 1 1 1 1 1 1 1 
1 1 0 0 1 0 0 1 
1 F 0 # 0 0 0 S 
1 0 0 1 H 0 F 1 
1 0 0 0 1 H 0 1 
1 0 0 0 0 F 0 1 
1 # 0 0 0 0 F 1 
1 1 1 1 G 1 1 1 
PU22 PL65 d45 T6

Map8
1 1 1 1 1 1 1 1 
1 F 0 0 0 F 1 1 
1 0 1 0 0 0 F G 
1 0 0 0 0 0 0 1 
1 0 1 0 0 1 0 1 
1 0 0 0 1 0 # S 
1 0 H H 0 0 0 1 
1 1 1 1 1 1 1 1 
PD41 PD63 p64 T5

Map8
1 1 1 1 G 1 1 1 
1 # 1 F # 0 0 1 
1 # 0 H 0 1 0 1 
1 0 # 1 # F H 1 
1 1 0 1 0 1 F 1 
1 F 0 1 # 0 0 1 
1 0 0 H 0 H F 1 
1 1 S 1 1 1 1 1 
PL22 PL55 p13 T6

Map8
1 1 1 1 1 1 1 1 
1 0 0 0 # 0 0 1 
1 1 0 0 H 1 0 1 
1 0 H # # 0 # S 
1 0 0 0 0 1 0 1 
1 H 0 # # 0 0 1 
1 # 0 0 # 0 H 1 
1 1 1 G 1 1 1 1 
PR11 PR53 p21 T3

Map8
1 1 1 1 1 1 1 1 
1 0 # # 0 # 0 1 
1 1 # 0 F 1 1 1 
1 0 F F 0 1 # S 
1 1 1 0 0 # 0 1 
1 0 F H F 1 0 1 
1 0 0 0 H 0 0 1 
1 1 G 1 1 1 1 1 
PR56 PL36 p66 T5

Map8
1 1 1 1 G 1 1 1 
1 0 0 0 # 0 1 1 
1 # # 0 0 1 0 1 
1 1 F H # 0 0 1 
S # 1 0 # # 0 1 
1 # 0 H H 1 1 1 
1 0 0 0 0 0 0 1 
1 1 1 1 1 1 1 1 
PD25 PR32 p16 T6

Map8
1 1 G 1 1 1 1 1 
1 # # 0 0 0 # 1 
S 0 # H F 0 0 1 
1 F 0 0 0 # 0 1 
1 H 0 0 F 0 0 1 
1 0 F 0 F 0 # 1 
1 0 1 0 0 1 0 1 
1 1 1 1 1 1 1 1 
PL12 PR52 p31 T5

Map8
1 1 S 1 1 1 1 1 
1 0 0 1 0 0 0 1 
1 0 H 0 # 0 1 1 
1 0 0 0 H 0 F 1 
G 0 0 0 1 F 1 1 
1 1 0 0 F 0 0 1 
1 0 0 0 # 0 1 1 
1 1 1 1 1 1 1 1 
PU21 PR26 p35 T5

Map8
1 1 1 1 1 1 G 1 
1 0 0 # 0 F 0 1 
1 0 0 0 0 0 # 1 
1 H H 1 0 F 0 1 
S 0 0 0 H 0 0 1 
1 0 H 0 0 0 H 1 
1 0 0 0 0 # 0 1 
1 1 1 1 1 1 1 1 
PR11 PD34 p26 T7

Map8
1 1 1 1 1 1 1 1 
1 0 H 1 0 # 0 1 
1 0 0 # 1 0 0 1 
S 0 # H # 0 0 1 
G 0 0 H 1 0 # 1 
1 0 0 0 0 0 # 1 
1 1 # # H 0 H 1 
1 1 1 1 1 1 1 1 
PR12 PL13 l24 T6

Map8
1 1 1 1 1 1 1 1 
1 0 # 1 H 0 0 S 
1 # 0 0 F 0 H 1 
1 0 0 F 1 F H 1 
1 F 1 0 0 0 0 1 
1 F 0 # 0 1 # 1 
1 0 1 0 # # 0 1 
1 1 1 1 1 G 1 1 
PR51 PR36 p66 T4

Map8
1 1 1 1 1 1 1 1 
1 0 0 F 0 0 0 S 
1 0 0 0 0 0 H 1 
1 0 1 0 0 0 0 1 
1 0 # 0 0 H 0 1 
1 # 0 H 0 0 # 1 
1 0 H 0 1 0 0 1 
1 1 1 G 1 1 1 1 
PL22 PD36 p11 T4

Map8
1 1 1 1 1 1 1 1 
1 0 1 # 1 0 # 1 
1 0 # 0 # 1 0 1 
1 H 0 0 # 0 0 1 
1 0 H 0 0 1 0 G 
1 0 0 0 0 1 0 1 
1 1 0 0 0 # 1 1 
1 1 1 1 1 S 1 1 
PU65 PD25 p26 T5

Map8
1 1 G 1 1 1 1 1 
1 # # # 0 F 0 1 
1 F # 0 0 0 0 1 
1 0 0 0 1 0 0 1 
1 # 1 0 # 0 1 1 
S 0 0 1 0 F 1 1 
1 0 0 0 F # 1 1 
1 1 1 1 1 1 1 1 
PR13 PD52 p53 T6

Map8
1 1 G 1 1 1 1 1 
1 0 # F 1 0 # 1 
1 0 0 # # # 0 1 
1 0 H 1 1 F H 1 
1 H 0 1 1 0 0 1 
1 # 0 F 0 0 F 1 
1 1 0 0 # 1 H 1 
1 1 1 1 S 1 1 1 
PL62 PL55 u22 T4

Map8
1 1 1 1 1 1 1 1 
1 H H 0 1 1 0 1 
1 0 H 0 1 H 0 1 
1 0 0 0 0 F # 1 
S # 0 0 # H 0 G 
1 F 0 0 F 0 0 1 
1 F 0 1 0 0 1 1 
1 1 1 1 1 1 1 1 
PU65 PL34 p24 T3

Map8
1 1 1 1 1 1 1 1 
1 0 1 0 1 0 0 1 
1 0 # 1 0 F # 1 
1 0 0 0 1 0 F 1 
1 0 H 0 0 0 0 1 
G # F H 0 0 0 1 
1 0 H 0 1 # 0 1 
1 1 1 S 1 1 1 1 
PD36 PL23 p14 T4

Map8
1 S 1 1 1 1 1 1 
1 0 # 1 0 0 0 1 
1 H 0 F 0 0 0 1 
G 0 F 0 0 # # 1 
1 0 1 0 # 0 H 1 
1 0 0 # # 1 H 1 
1 0 F 0 1 F # 1 
1 1 1 1 1 1 1 1 
PU11 PR41 p52 T5

Map8
1 1 1 1 1 1 1 1 
1 # 0 0 # # 0 1 
1 0 F 0 0 0 0 1 
1 0 0 H H 0 0 1 
G 0 F 1 H F 0 S 
1 # 0 0 H 0 F 1 
1 # H 0 0 0 0 1 
1 1 1 1 1 1 1 1 
PU32 PR64 p13 T5

Map8
1 1 1 1 1 1 1 1 
1 0 0 0 0 0 0 1 
1 0 # 0 0 0 H 1 
1 0 0 1 0 0 0 1 
1 0 0 H # 0 # 1 
1 0 0 0 # 0 1 1 
1 0 # 0 H 0 0 1 
1 1 G 1 1 1 S 1 
PU12 PR56 p11 T5

Map8
1 1 1 1 1 1 1 1 
1 0 0 1 0 0 F G 
1 1 F F 0 0 0 1 
1 0 1 F 1 0 0 1 
1 F 0 0 0 0 0 1 
1 0 0 0 0 H 0 1 
S 0 1 0 0 1 0 1 
1 1 1 1 1 1 1 1 
PD41 PD13 p42 T6

Map8
1 1 S 1 1 1 1 1 
1 0 0 1 0 0 F 1 
1 0 H 1 F F F 1 
1 0 0 0 0 0 0 1 
1 H 0 # 0 0 0 1 
1 H 0 0 0 1 0 1 
1 # # 0 0 0 0 1 
1 1 1 G 1 1 1 1 
PU21 PU53 p46 T6

Map8
1 1 1 1 1 G 1 1 
S 0 0 H 0 0 H 1 
1 # 0 1 0 F 0 1 
1 0 # 1 0 0 0 1 
1 0 0 0 0 0 0 1 
1 H 0 0 0 0 F 1 
1 0 0 F 0 0 0 1 
1 1 1 1 1 1 1 1 
PD21 PL11 p46 T4

Map8
1 1 1 1 1 1 1 1 
1 0 0 0 H 0 0 1 
1 F 1 0 # 0 0 1 
1 0 0 1 1 0 # 1 
1 0 1 1 # 0 F G 
1 0 1 0 0 0 0 1 
S F 0 H # # F 1 
1 1 1 1 1 1 1 1 
PD51 PL26 p53 T3

Map8
1 1 1 1 1 1 1 1 
1 0 # 0 0 1 0 1 
1 0 1 0 # 0 0 1 
1 H 0 0 # 0 0 1 
1 0 0 0 0 0 # 1 
1 H F # 0 1 0 1 
G 0 H 0 1 0 # 1 
1 1 1 1 1 S 1 1 
PL41 PL16 p63 T7

Map8
1 G 1 1 1 1 1 1 
1 0 F 0 1 # 0 1 
1 0 0 0 0 0 1 1 
1 1 1 0 0 0 0 1 
S # 1 0 # 0 1 1 
1 0 0 F F 0 H 1 
1 1 0 # 0 # 0 1 
1 1 1 1 1 1 1 1 
PR12 PU15 p22 T6

Map8
1 1 1 1 1 1 1 1 
1 # 1 0 0 # # 1 
G 0 0 1 # 0 H 1 
1 1 1 0 H 0 0 1 
1 0 1 0 0 0 # 1 
1 1 # 0 0 0 1 1 
1 0 0 0 0 0 0 1 
1 S 1 1 1 1 1 1 
PL12 PU56 p16 T6

Map8
1 1 1 1 1 1 1 1 
1 0 H 0 0 0 0 1 
1 F 0 F F 0 H 1 
1 # H 0 0 0 # 1 
1 0 # 0 0 0 0 1 
1 F 0 0 0 0 0 1 
1 # F # 0 0 1 1 
1 S 1 1 1 G 1 1 
PL54 PD11 p44 T5

Map8
1 1 1 1 G 1 1 1 
1 0 1 F 0 0 0 1 
1 H 0 0 0 1 1 1 
1 0 0 0 0 0 1 1 
1 # 1 H 0 1 0 1 
S 0 H 0 0 0 1 1 
1 # H # 0 0 0 1 
1 1 1 1 1 1 1 1 
PD22 PL15 p33 T4

Map8
1 1 G 1 1 1 1 1 
1 0 0 0 0 1 0 1 
1 0 H 0 0 # # 1 
1 0 # 0 0 0 0 1 
1 0 0 H 0 0 0 S 
1 0 0 0 0 F 0 1 
1 H H 0 H 0 0 1 
1 1 1 1 1 1 1 1 
PU44 PD53 p31 T5

Map8
1 1 G 1 1 1 1 1 
1 H 0 0 0 0 0 1 
1 1 0 0 0 0 0 1 
1 0 0 0 0 0 0 1 
1 F H 1 H 1 1 1 
S 0 F 0 0 0 0 1 
1 0 H 0 1 H 0 1 
1 1 1 1 1 1 1 1 
PU66 PR13 p65 T4

Map8
1 1 1 1 1 1 1 1 
1 F 0 F 0 1 0 S 
1 1 1 0 0 0 0 1 
1 0 0 H 1 0 0 1 
1 1 0 0 0 H 0 1 
1 0 0 0 H H 1 1 
1 0 0 0 # 0 0 1 
1 1 1 1 1 1 G 1 
PL34 PD52 p62 T8

Map8
1 1 1 1 1 1 1 1 
1 0 0 H F 0 0 1 
1 # 0 0 1 0 0 1 
G # # 0 H F 1 1 
1 0 0 0 H F # 1 
1 # 0 # 0 0 H 1 
1 F 0 H 1 0 0 S 
1 1 1 1 1 1 1 1 
PU14 PD51 p52 T4

Map8
1 1 1 1 1 1 1 1 
1 0 0 0 # 0 0 1 
S 0 H F 0 # F 1 
1 0 F F # H # 1 
1 0 H 0 1 F # G 
1 1 1 0 0 # 0 1 
1 0 1 # 0 # 0 1 
1 1 1 1 1 1 1 1 
PU46 PL12 l65 T7

Map8
1 1 1 1 1 1 1 1 
1 1 0 H 0 0 0 1 
1 0 0 # 0 0 H 1 
G F 0 H # 0 # 1 
S # 1 F 0 0 # 1 
1 0 0 0 # 0 0 1 
1 0 0 H F F 0 1 
1 1 1 1 1 1 1 1 
PL23 PR16 p15 T6

Map8
1 1 1 G 1 1 1 1 
1 0 # 0 0 F 0 1 
1 1 0 0 # F 0 1 
1 H 0 0 H # 1 1 
1 0 # 0 0 0 0 1 
1 0 0 H 0 0 0 1 
1 0 0 F 0 # H 1 
1 1 1 1 S 1 1 1 
PL44 PR16 p26 T5

Map8
1 1 1 1 1 1 1 1 
1 # 0 0 H H 0 1 
1 H 0 F 0 H 1 1 
1 0 0 0 # # 0 1 
1 F 0 0 0 # 0 1 
1 0 0 0 0 F H 1 
1 0 1 0 0 0 0 1 
1 S 1 G 1 1 1 1 
PU64 PD13 p23 T5

Map8
1 1 1 1 1 1 1 1 
1 0 # 0 0 0 0 1 
G 0 0 H H 0 0 1 
1 0 0 0 0 0 0 1 
1 0 1 0 # 0 # 1 
1 0 0 0 H 0 0 1 
1 H 0 F 0 0 0 1 
1 1 1 1 S 1 1 1 
PD22 PD46 p13 T5

Map8
1 1 1 1 1 1 1 1 
1 0 0 0 0 # 0 1 
1 0 1 0 0 # 0 G 
1 F 0 0 0 0 0 1 
1 0 0 0 0 0 0 1 
1 0 0 0 0 0 0 1 
1 0 0 H H H 0 S 
1 1 1 1 1 1 1 1 
PR66 PL44 p33 T5

Map8
1 1 1 1 1 1 1 1 
1 H 0 0 H 0 1 1 
1 0 0 0 0 0 # 1 
G 0 0 # 0 H H 1 
1 0 1 0 0 # 0 1 
1 0 0 0 1 1 0 1 
1 0 H 0 0 0 0 1 
1 1 1 1 S 1 1 1 
PU34 PR36 p46 T4

Map8
1 1 1 1 1 S 1 1 
1 0 0 0 0 0 F 1 
1 # 0 0 0 0 0 1 
1 0 0 1 0 H H 1 
1 0 0 # 0 0 1 1 
1 H 0 0 0 # 0 1 
1 0 H 0 H 0 0 G 
1 1 1 1 1 1 1 1 
PD54 PL52 p41 T6

Map8
1 1 1 1 1 1 1 1 
1 0 0 F # 0 0 1 
G 0 0 0 # 0 0 1 
1 0 # 0 0 1 F 1 
1 1 0 0 F F # 1 
1 0 0 # # 0 1 1 
1 F 0 0 0 # 0 1 
1 1 1 1 1 S 1 1 
PD55 PU46 p43 T3

Map8
1 1 1 1 1 1 1 1 
1 0 0 0 0 0 # 1 
S 0 H 0 0 1 # 1 
1 0 0 # 0 # 0 1 
1 # 0 H 0 # # 1 
1 # H 0 0 H 0 G 
1 0 0 0 1 H 0 1 
1 1 1 1 1 1 1 1 
PD63 PL12 p66 T4

Map8
1 1 1 1 1 1 1 1 
1 1 0 F 0 H 0 1 
1 0 0 H # 1 0 1 
1 H 1 0 # 0 F 1 
1 0 # 0 # 0 F G 
1 0 F 0 # 1 0 S 
1 0 H 0 1 0 H 1 
1 1 1 1 1 1 1 1 
PR65 PL53 p33 T4

Map8
1 S 1 1 1 1 1 1 
1 0 0 0 0 H 0 1 
1 0 0 H 0 0 0 1 
1 F F 0 0 F H 1 
1 0 0 F 0 0 # 1 
1 F 0 # 1 H 0 G 
1 0 0 # # 0 0 1 
1 1 1 1 1 1 1 1 
PU25 PL66 r14 T4

Map8
1 1 1 S 1 1 1 1 
1 1 1 0 0 0 # 1 
1 0 # 0 # # 0 1 
1 # 0 1 0 0 1 1 
G 0 # 0 # H # 1 
1 H H 0 H 0 1 1 
1 0 0 H 0 0 0 1 
1 1 1 1 1 1 1 1 
PD41 PU35 p32 T5

Map8
1 1 1 1 G 1 1 1 
1 0 0 0 # 0 0 1 
1 0 0 0 H # # 1 
1 # 0 0 0 0 # 1 
1 0 0 F 0 0 0 1 
1 0 F 0 H # H 1 
1 0 1 H 0 # 0 1 
1 1 1 1 1 1 S 1 
PD66 PU12 p31 T4

Map8
1 1 1 1 1 1 1 1 
S 0 H 0 1 0 0 1 
1 0 0 0 0 F H 1 
1 0 H 0 0 0 0 1 
1 # H 0 0 0 F 1 
1 0 H 0 0 F 0 1 
1 0 0 0 F 0 0 1 
1 1 G 1 1 1 1 1 
PL11 PR33 p36 T5

Map8
1 S 1 1 1 1 1 1 
1 0 # 0 H 0 0 1 
1 # F 0 # H 0 G 
1 # 1 0 0 0 0 1 
1 0 0 1 H 0 H 1 
1 0 0 # H 0 0 1 
1 0 0 # # 1 0 1 
1 1 1 1 1 1 1 1 
PR62 PR15 p24 T5

Map8
1 1 1 1 1 1 1 1 
G 0 0 0 0 H 0 1 
1 H 0 # 0 0 0 1 
1 H H H 0 0 0 1 
1 0 0 0 0 0 0 1 
1 1 0 0 1 1 0 1 
1 1 0 0 1 0 1 1 
1 1 S 1 1 1 1 1 
PD52 PD24 p54 T5

Map8
1 1 1 1 1 1 1 1 
1 0 1 1 0 F 0 1 
1 # 0 H 0 0 F 1 
1 0 H 0 1 H 0 G 
1 F 0 H # H F 1 
1 # 1 0 0 0 0 1 
1 0 # 1 0 1 # 1 
1 S 1 1 1 1 1 1 
PR63 PL22 p13 T3

Map8
1 1 1 S 1 1 1 1 
1 0 0 0 H 0 0 1 
1 1 1 0 0 0 0 G 
1 0 # H 0 0 0 1 
1 1 0 0 0 0 H 1 
1 0 1 0 0 0 0 1 
1 1 0 1 0 0 0 1 
1 1 1 1 1 1 1 1 
PL65 PU31 r52 T5

Map8
1 1 1 1 1 1 1 1 
1 0 1 0 0 0 0 S 
1 1 0 0 0 1 0 1 
1 0 0 1 0 0 1 1 
1 F 0 1 H 0 0 1 
1 H 0 0 0 H 0 G 
1 0 1 H 0 0 0 1 
1 1 1 1 1 1 1 1 
PD64 PU32 p31 T4

Map8
1 1 1 1 1 1 1 1 
1 # 0 0 0 0 1 1 
1 H 0 0 0 0 0 1 
1 0 0 F F 1 F 1 
1 0 0 0 1 F 0 1 
1 0 H 1 # 0 0 G 
1 1 0 F 1 0 0 1 
1 1 S 1 1 1 1 1 
PD26 PL34 p64 T9

Map8
1 1 1 1 G 1 1 1 
1 1 # 0 F # F 1 
1 0 H 0 0 1 F 1 
1 0 0 1 1 F 0 1 
1 0 # 0 0 0 0 1 
1 0 1 1 0 0 0 1 
1 0 0 1 0 F 0 1 
1 1 S 1 1 1 1 1 
PU42 PL23 p14 T5

Map8
1 1 1 1 1 1 1 1 
1 0 0 0 0 0 0 1 
1 # F 0 0 0 0 1 
1 0 0 0 H 0 0 G 
1 1 0 0 0 1 F 1 
1 0 H 0 0 0 F S 
1 H H 0 0 0 0 1 
1 1 1 1 1 1 1 1 
PU32 PR35 p41 T5

Map8
1 1 1 S 1 1 1 1 
1 H 0 0 # 0 0 1 
1 1 0 1 F # 0 1 
1 0 0 F F 0 0 G 
1 F # 1 0 H # 1 
1 1 0 1 1 F H 1 
1 0 0 0 1 0 0 1 
1 1 1 1 1 1 1 1 
PL51 PD21 p22 T4

Map8
1 1 G 1 1 1 1 1 
1 0 0 0 1 H 0 1 
1 0 0 1 0 1 0 1 
1 0 0 1 H H 0 1 
1 0 0 F 0 1 0 1 
1 0 0 1 F 0 # S 
1 0 F 0 0 H 0 1 
1 1 1 1 1 1 1 1 
PD11 PR55 r12 T5

Map8
1 1 1 1 1 1 1 1 
1 0 # # # 0 # 1 
1 # 0 1 0 0 0 1 
1 1 1 1 0 0 0 1 
1 # 0 1 # # 0 1 
1 0 1 0 0 F 0 1 
1 0 0 0 H 0 1 1 
1 S 1 1 1 G 1 1 
PU43 PD15 p62 T6

Map8
1 1 1 G 1 1 1 1 
1 F 0 0 0 1 0 1 
1 0 0 0 1 F 0 S 
1 0 F 0 0 0 0 1 
1 0 0 0 0 0 H 1 
1 0 F 0 0 1 0 1 
1 0 0 F 0 0 0 1 
1 1 1 1 1 1 1 1 
PR62 PD53 p44 T4

Map8
1 1 1 1 1 1 1 1 
1 F 0 0 H 0 0 S 
1 0 0 0 0 0 0 1 
1 F 0 0 0 F 0 1 
1 1 0 H 0 # 0 1 
1 0 0 0 1 0 H 1 
G F 0 0 0 0 0 1 
1 1 1 1 1 1 1 1 
PU63 PR61 p32 T5

Map8
1 1 1 1 1 G 1 1 
1 0 0 1 0 F 0 1 
S 0 0 1 0 0 # 1 
1 # 0 H 0 1 0 1 
1 1 0 0 1 0 0 1 
1 # 0 0 0 F 1 1 
1 F 0 0 # 0 0 1 
1 1 1 1 1 1 1 1 
PL12 PD61 p42 T6

Map8
1 1 1 1 1 1 1 1 
1 # 0 # F 0 1 1 
S 0 0 1 0 0 0 1 
1 1 1 0 0 H 0 1 
1 0 0 H 0 1 0 1 
1 0 0 H 0 0 F 1 
1 0 0 0 0 1 0 1 
1 1 G 1 1 1 1 1 
PD21 PR16 p22 T4

Map8
1 1 1 1 G 1 1 1 
1 F 0 0 # 0 0 1 
1 0 H H 0 0 0 1 
1 1 0 0 H 0 0 1 
1 F 0 0 0 H H 1 
1 F 0 1 0 1 0 1 
1 0 0 0 0 0 0 1 
1 1 1 S 1 1 1 1 
PR21 PR16 p31 T4

Map8
1 1 1 1 1 1 1 1 
1 0 F H 0 0 0 1 
1 0 0 H 1 0 F S 
1 0 1 0 0 0 0 1 
1 0 0 0 H F F 1 
G 0 0 0 0 H 0 1 
1 0 0 H 0 0 0 1 
1 1 1 1 1 1 1 1 
PD11 PU53 p14 T4

Map8
1 1 1 S 1 1 1 1 
1 1 1 0 0 0 0 1 
1 0 # 0 F 0 1 1 
1 0 0 H 0 1 1 1 
1 0 0 0 H F 0 1 
1 0 0 0 1 1 0 1 
1 F 0 0 F 0 F 1 
1 1 1 G 1 1 1 1 
PR32 PR15 p41 T6

Map8
1 1 1 1 1 1 1 1 
1 F 0 0 0 1 1 1 
1 F F 0 0 # 0 1 
1 0 0 0 0 0 0 1 
1 # # 0 0 0 H 1 
S 0 1 0 # 0 0 1 
1 0 H F H F 0 1 
1 1 1 1 1 G 1 1 
PR32 PD13 p42 T4

Map8
1 1 S 1 1 1 1 1 
1 0 F 0 0 0 H 1 
1 1 0 0 0 0 0 1 
G 0 0 0 0 0 0 1 
1 1 H 0 0 1 0 1 
1 0 H 0 0 0 1 1 
1 F 1 0 0 F # 1 
1 1 1 1 1 1 1 1 
PU22 PR32 p42 T4

Map8
1 1 1 S 1 1 G 1 
1 0 # 0 H 0 0 1 
1 1 0 0 0 1 # 1 
1 1 1 # 1 0 0 1 
1 # 0 0 0 0 0 1 
1 0 0 # F 1 0 1 
1 H 0 H 1 # 0 1 
1 1 1 1 1 1 1 1 
PD53 PL32 p31 T7

Map8
1 1 1 1 1 1 1 1 
1 0 0 0 0 1 H 1 
1 0 0 1 1 0 H 1 
1 0 0 F 0 0 0 1 
1 0 0 # H H 0 1 
1 0 0 0 1 1 0 S 
1 H 0 # 0 0 F 1 
1 1 1 G 1 1 1 1 
PD63 PU26 p64 T5

Map8
1 1 1 G 1 1 1 1 
1 H 0 # H 0 0 S 
1 0 # 0 0 0 F 1 
1 1 0 1 0 # 0 1 
1 0 0 0 H 0 0 1 
1 # 0 0 0 0 1 1 
1 H # 0 0 # 0 1 
1 1 1 1 1 1 1 1 
PD51 PR61 p42 T5

Map8
1 1 1 1 1 1 1 1 
1 0 1 0 0 0 1 1 
G 0 H 0 1 # 0 1 
1 # 0 H 1 # 0 1 
1 0 0 0 # 0 1 1 
1 1 # 1 H 0 F 1 
1 H 0 0 0 0 F 1 
1 1 1 S 1 1 1 1 
PD36 PU14 p11 T4

Map8
1 1 1 1 1 1 1 1 
1 0 H 1 0 # 0 1 
G # # 1 0 0 0 1 
1 0 0 F 0 1 0 1 
1 1 0 0 # 0 0 1 
1 0 0 0 # 1 0 1 
1 0 0 F # 1 # 1 
1 1 S 1 1 1 1 1 
PL23 PD24 p13 T4

Map8
1 1 1 1 1 1 1 1 
1 H 0 F 0 0 F S 
1 F 0 0 0 0 0 1 
1 0 0 0 0 0 0 1 
1 0 0 0 # 0 0 1 
1 F 0 0 0 0 0 1 
1 0 0 H 0 0 1 1 
1 1 1 1 G 1 1 1 
PR21 PL63 p53 T3

Map8
1 1 1 1 1 1 1 1 
1 # 1 0 H 0 0 1 
1 0 # 1 0 0 0 S 
1 0 # H 0 0 # 1 
G 0 1 F 0 # 1 1 
1 0 0 F # 0 0 1 
1 1 0 1 H 0 1 1 
1 1 1 1 1 1 1 1 
PR12 PR42 p13 T6

Map8
1 1 1 1 1 1 1 1 
1 0 0 H # 0 0 1 
1 0 0 0 # F # 1 
S 0 # 0 0 # H 1 
1 0 1 1 0 # 0 1 
1 0 1 1 0 F 0 1 
1 F 0 # # H 0 1 
1 1 1 1 G 1 1 1 
PL13 PR44 p64 T5

Map8
1 1 G 1 1 1 1 1 
1 1 # # 0 0 1 1 
1 F 1 1 0 1 0 1 
1 0 F H 0 0 0 1 
1 0 H 0 F 0 0 1 
1 # 0 1 0 0 1 1 
1 # 0 # 0 # H 1 
1 1 1 S 1 1 1 1 
PR26 PD53 p54 T7

Map8
1 1 1 1 1 1 1 1 
1 0 # F 1 # 0 1 
1 0 0 0 H 0 0 1 
1 H 1 1 0 1 0 1 
1 0 1 0 0 0 0 1 
1 H F H H 0 0 S 
G 0 0 0 0 0 1 1 
1 1 1 1 1 1 1 1 
PR65 PU52 p64 T7

Map8
1 S 1 1 1 1 1 1 
1 0 0 # H 0 0 1 
1 # 0 # 0 F H 1 
1 1 0 # F 0 H 1 
1 H F 1 0 0 0 1 
1 0 0 F 0 F # 1 
1 H 0 1 0 0 0 1 
1 1 1 1 1 G 1 1 
PD42 PR21 p46 T7

Map8
1 1 1 1 1 1 1 1 
1 F 0 # 0 0 # 1 
G 0 1 0 0 0 # 1 
1 0 0 0 0 # 0 1 
1 0 0 0 # # 0 1 
1 # 0 0 0 0 0 1 
S 0 0 0 # H 1 1 
1 1 1 1 1 1 1 1 
PL12 PR26 p23 T6

Map8
1 1 1 1 1 1 1 1 
1 # 0 1 1 0 F 1 
1 F 0 H 1 F 1 1 
1 0 0 # 0 0 1 1 
1 1 0 0 0 # 0 G 
1 # F 0 1 0 # 1 
S 0 # # H F # 1 
1 1 1 1 1 1 1 1 
PU24 PL16 p53 T7

Map8
1 1 1 1 1 G 1 1 
1 0 H 0 0 0 0 S 
1 1 1 H 0 1 0 1 
1 1 0 0 0 H # 1 
1 0 0 0 0 0 0 1 
1 0 0 0 0 H 1 1 
1 0 0 0 0 0 0 1 
1 1 1 1 1 1 1 1 
PR11 PL31 u36 T0

Map8
1 1 1 1 1 1 1 1 
1 0 0 0 F 1 # 1 
1 0 F 1 0 0 # 1 
1 0 0 0 0 0 H 1 
1 1 1 0 # 0 0 1 
1 F # 0 0 1 0 1 
S 0 # 0 0 1 0 1 
1 1 G 1 1 1 1 1 
Map8
1 1 1 1 G 1 1 1 
1 H 1 1 0 1 0 1 
1 0 H 0 0 0 # 1 
1 # 0 # 0 H 0 1 
1 0 F 0 # 0 0 1 
1 0 0 0 1 # 1 1 
1 1 0 0 0 1 0 1 
1 1 1 1 1 1 S 1 
PD12 PD66 p32 T6

Map8
1 1 1 1 1 1 1 1 
1 1 0 F 0 0 0 1 
1 1 0 0 0 0 0 G 
1 1 0 H 0 0 0 1 
1 0 0 0 0 0 0 1 
1 0 0 H 0 H H 1 
1 H 0 F 1 0 # S 
1 1 1 1 1 1 1 1 
PR56 PD23 p26 T10

Map8
1 1 1 1 1 1 1 1 
1 1 H 0 # 0 0 1 
G 0 0 1 # # # 1 
1 0 0 # 0 0 0 1 
S 0 F 1 0 0 0 1 
1 0 0 0 H H # 1 
1 1 # 0 0 0 0 1 
1 1 1 1 1 1 1 1 
PR44 PL14 p64 T6

Map8
1 1 1 1 1 1 1 1 
1 F # H 0 0 H 1 
1 # # F H F F 1 
1 1 # 1 0 H 1 1 
S # 1 H 0 0 1 1 
1 # 1 1 0 0 0 1 
1 0 0 0 0 # F 1 
1 1 1 1 G 1 1 1 
PU16 PR44 p54 T6

Map8
1 1 S 1 1 1 1 1 
1 0 0 0 # 0 H 1 
1 H F F 0 F 0 G 
1 0 0 0 0 H 0 1 
1 1 F 0 0 F 0 1 
1 # # H # 0 0 1 
1 0 0 0 0 # # 1 
1 1 1 1 1 1 1 1 
PD63 PL36 p43 T6

Map8
1 1 1 1 1 1 1 1 
1 0 # # 0 1 # S 
1 1 1 # 0 0 0 1 
1 0 # F 1 1 1 1 
1 0 0 1 # 0 0 1 
1 0 # 0 0 0 0 1 
1 F 0 0 # 0 0 1 
1 1 1 G 1 1 1 1 
PU62 PR14 p26 T6

Map8
1 1 1 1 1 1 S 1 
1 0 1 0 0 H # 1 
1 H 0 F H 1 0 1 
1 1 0 0 0 0 0 1 
1 # H 0 # 0 0 1 
1 0 0 1 # 1 F 1 
1 0 0 1 0 H 0 1 
1 G 1 1 1 1 1 1 
PL64 PL25 p43 T6

Map8
1 1 S 1 1 G 1 1 
1 0 # 1 # # 0 1 
1 0 1 0 0 0 0 1 
1 0 F 0 0 1 0 1 
1 H 0 0 0 F 0 1 
1 0 0 0 1 0 0 1 
1 0 0 0 F 0 0 1 
1 1 1 1 1 1 1 1 
PR11 PL61 p42 T7

Map8
1 1 1 1 1 1 1 1 
1 0 0 0 0 0 0 G 
1 1 0 0 0 1 0 1 
S 0 0 H 1 0 1 1 
1 0 0 0 # 0 0 1 
1 0 0 0 # 0 # 1 
1 H 0 # 0 0 0 1 
1 1 1 1 1 1 1 1 
PU23 PR15 p64 T7

Map8
1 1 1 1 1 1 1 1 
1 0 1 # 0 F # 1 
1 0 1 0 F 1 0 1 
1 0 F 0 1 F 0 1 
1 0 F 0 H 0 # G 
1 H 0 0 1 H 0 S 
1 0 0 0 1 H 0 1 
1 1 1 1 1 1 1 1 
PR65 PL34 p14 T8

Map8
1 1 1 1 1 S 1 1 
1 0 0 0 1 0 0 1 
1 0 H 0 0 # # 1 
1 0 0 # # F 1 1 
1 H # 0 F F # G 
1 0 0 0 0 0 0 1 
1 # 0 0 F H 0 1 
1 1 1 1 1 1 1 1 
PU51 PL23 p34 T8

Map8
1 1 G 1 1 1 1 1 
1 F 0 # F 1 F 1 
1 # 1 0 1 0 # 1 
S 0 # 0 F 0 0 1 
1 0 0 0 0 0 1 1 
1 0 0 0 0 0 0 1 
1 0 0 0 0 0 0 1 
1 1 1 1 1 1 1 1 
PR33 PU21 p46 T8

Map8
1 1 1 1 1 S 1 1 
1 1 0 0 0 0 # 1 
1 F # 0 0 H 0 1 
1 0 1 # # 0 0 1 
1 1 H H # 1 0 1 
1 0 H 0 1 # 0 G 
1 # 0 H 0 1 1 1 
1 1 1 1 1 1 1 1 
PU51 PU32 p42 T7

Map8
1 1 1 1 1 1 1 1 
1 0 0 H 0 F # 1 
1 0 0 1 1 0 # 1 
1 0 0 0 # H H 1 
1 0 0 # 0 # 0 1 
1 0 1 H 0 0 0 1 
G # H 0 0 0 # 1 
1 1 1 1 1 S 1 1 
PR55 PR36 p56 T7

Map8
1 1 G 1 1 1 1 1 
1 0 0 F 0 0 0 1 
S 0 1 1 0 0 1 1 
1 0 # 1 0 0 0 1 
1 1 # # 1 0 F 1 
1 # 0 F 0 0 F 1 
1 0 0 0 0 0 F 1 
1 1 1 1 1 1 1 1 
PR42 PR16 p11 T9

Map8
1 1 1 S 1 1 1 1 
1 1 # 0 # 0 H 1 
1 0 H 0 0 0 1 1 
1 1 # H F 0 0 1 
1 0 H 0 0 1 # 1 
1 1 0 0 0 1 0 1 
1 0 0 1 0 0 0 1 
1 G 1 1 1 1 1 1 
PU31 PU52 p44 T8

Map8
1 1 1 1 1 S 1 1 
1 H 0 0 H 0 F 1 
1 0 0 0 H 0 0 1 
1 # 0 F 0 H # 1 
1 # # 0 H # 0 1 
1 0 0 1 1 0 0 1 
1 0 # 0 0 # 0 1 
1 1 1 1 G 1 1 1 
PU51 PU23 p36 T7

Map8
1 1 1 1 1 1 1 1 
1 0 1 # 0 0 0 1 
1 0 H 1 F 0 0 1 
1 0 0 H 0 0 0 1 
1 F H 0 0 1 0 1 
1 H 0 1 # 0 1 1 
G 0 F # 1 0 1 1 
1 1 1 1 1 S 1 1 
PR52 PL16 p61 T7

Map8
1 1 1 1 1 1 1 1 
1 0 H H 0 1 0 G 
1 0 1 0 # 0 0 1 
1 1 0 # 1 0 0 1 
1 0 0 0 0 H 1 1 
1 0 # 0 1 1 0 1 
S # 0 0 0 H 0 1 
1 1 1 1 1 1 1 1 
PD41 PR26 p14 T10

Map8
1 1 1 1 1 1 1 1 
1 0 0 0 1 1 # 1 
1 0 # 0 0 F # 1 
1 H 0 0 0 0 1 1 
G 0 0 0 0 0 H 1 
S 0 # F # # H 1 
1 0 # # 1 0 0 1 
1 1 1 1 1 1 1 1 
PU33 PL15 p31 T7

Map8
1 1 1 1 1 1 1 1 
1 H 0 F 0 0 H 1 
1 # 0 0 1 0 0 1 
1 0 0 0 0 F H 1 
1 0 0 0 1 1 F 1 
1 1 0 0 H 0 0 S 
1 0 0 0 1 0 0 1 
1 1 1 G 1 1 1 1 
PD55 PU23 p56 T7

Map8
1 S 1 1 1 1 1 1 
1 0 0 0 0 H 0 1 
1 H 0 0 0 # 0 1 
1 1 0 0 0 F H 1 
1 H 0 0 1 0 1 1 
1 0 0 0 1 0 1 1 
1 H 1 0 # 0 1 1 
1 1 1 1 G 1 1 1 
PU11 PU25 p36 T7

Map8
1 1 1 1 1 1 1 1 
1 H 1 0 # 1 H 1 
1 H 0 0 0 0 H 1 
1 # 0 0 1 0 0 1 
1 H # 1 0 # 0 S 
G 0 0 1 0 0 0 1 
1 # 1 # # 0 0 1 
1 1 1 1 1 1 1 1 
PU42 PR44 p33 T7

Map8
1 1 1 1 1 1 1 1 
1 0 H 1 F 1 F 1 
1 0 # 1 1 # 0 1 
1 0 0 H 0 0 1 1 
1 F F 0 0 0 1 1 
1 0 0 0 1 0 0 1 
1 0 0 # # 0 F 1 
1 1 S 1 1 G 1 1 
PU25 PL62 p13 T7

Map8
1 1 1 1 1 1 1 1 
1 H 0 0 1 0 1 1 
1 0 1 # 0 0 0 1 
S 0 0 0 H 0 0 1 
1 0 0 # 0 1 # 1 
1 0 0 0 0 1 0 1 
1 # 0 H 0 # # 1 
1 1 1 1 1 G 1 1 
PL13 PL25 p46 T7

Map8
1 1 1 1 G 1 1 1 
1 0 F 0 0 0 0 1 
1 1 0 0 # # H 1 
S 0 F 0 H 0 F 1 
1 H 0 0 # # # 1 
1 0 1 0 0 1 1 1 
1 F H 1 1 H 0 1 
1 1 1 1 1 1 1 1 
PL13 PD51 p24 T9

Map8
1 1 1 1 1 1 1 1 
1 0 F 0 0 0 H 1 
1 0 0 0 # 0 0 1 
S 0 1 0 0 1 0 1 
G 0 0 H 0 F 0 1 
1 H 0 0 0 0 1 1 
1 0 0 0 H 0 # 1 
1 1 1 1 1 1 1 1 
PR11 PL14 u32 T7

Map8
1 1 1 S 1 1 1 1 
1 # # 0 H 0 0 1 
1 0 0 1 F # 0 1 
1 0 1 1 0 F 0 G 
1 # F # 1 0 0 1 
1 0 # 1 0 0 0 1 
1 # 1 0 1 0 # 1 
1 1 1 1 1 1 1 1 
PR12 PD64 p31 T10

Map8
1 1 1 1 1 1 1 1 
1 1 0 0 # H 0 1 
1 0 0 0 0 0 0 1 
G 0 0 1 0 0 1 1 
1 F F # 1 F 0 S 
1 F 0 0 0 1 0 1 
1 0 0 0 0 F 0 1 
1 1 1 1 1 1 1 1 
PD31 PR64 p12 T8

Map8
1 1 1 1 1 S 1 1 
1 0 # 0 0 0 0 1 
1 0 0 # 1 1 0 1 
1 H 1 0 0 # H 1 
1 0 # 1 0 0 0 G 
1 1 0 0 0 # 0 1 
1 0 0 # H H 0 1 
1 1 1 1 1 1 1 1 
PU45 PD11 p12 T7

Map8
1 1 1 1 1 G 1 1 
1 0 F 0 F 0 # 1 
1 0 1 0 H 0 0 1 
S 0 0 0 H 0 0 1 
1 0 0 # 0 # 0 1 
1 # H 0 0 0 0 1 
1 # 0 H 0 H 0 1 
1 1 1 1 1 1 1 1 
PL13 PD44 p65 T7

Map8
1 1 1 1 1 S 1 1 
1 0 H 0 0 # # 1 
1 0 # 0 0 1 0 1 
1 0 0 F # 0 F 1 
1 0 0 1 0 0 0 1 
1 F 0 0 0 0 0 1 
1 0 # F H # 0 1 
1 1 G 1 1 1 1 1 
PD25 PL66 p65 T7

Map8
1 1 1 1 1 1 1 1 
1 F # 0 1 # 0 1 
1 0 # # 0 0 0 1 
G 0 1 F # 0 0 S 
1 0 F 1 0 0 # 1 
1 F 0 H 0 0 0 1 
1 H F 0 1 # # 1 
1 1 1 1 1 1 1 1 
PU53 PU14 p12 T10

Map8
1 1 1 G 1 1 1 1 
1 0 0 0 0 0 1 1 
1 # F 1 # H 0 1 
1 1 # 1 1 0 # 1 
1 0 0 0 H # 0 1 
1 0 0 0 F 1 0 1 
1 0 H 0 0 0 F S 
1 1 1 1 1 1 1 1 
PD34 PR36 p21 T8

Map8
1 1 1 1 1 1 G 1 
1 H 0 0 F 0 0 1 
1 0 0 F 0 0 H 1 
1 0 F H 0 0 # 1 
1 0 0 0 0 0 0 1 
1 H H 0 0 1 0 1 
1 0 0 0 1 F # 1 
1 1 1 S 1 1 1 1 
PR34 PR16 p44 T7

Map8
1 1 1 1 1 1 1 1 
1 0 0 0 0 0 0 1 
1 H 0 0 0 0 0 G 
1 H 0 F 0 F F 1 
S 0 H 0 0 1 0 1 
1 H 0 F F 0 0 1 
1 0 0 0 0 0 0 1 
1 1 1 1 1 1 1 1 
PL14 PD43 p51 T7

Map8
1 1 1 1 1 1 1 1 
1 F 0 F 0 1 0 G 
1 0 1 0 0 # 0 1 
1 0 0 1 0 F 1 1 
1 0 0 0 0 1 0 1 
1 0 0 H 0 0 0 S 
1 0 0 0 0 0 1 1 
1 1 1 1 1 1 1 1 
PL56 PR65 p43 T7

Map8
1 1 1 1 1 1 S 1 
1 H 1 0 # 1 # 1 
1 F # 0 0 0 0 1 
1 0 0 0 1 0 1 1 
1 0 H F # 0 0 1 
1 # 0 0 1 # 0 1 
1 0 0 # F 1 0 1 
1 1 G 1 1 1 1 1 
PL35 PU32 p31 T7

Map8
1 1 1 S 1 1 1 1 
1 0 H 0 0 0 0 1 
1 0 0 1 # 0 0 1 
1 0 H # H 0 # 1 
1 1 # 1 0 1 0 1 
G # H 0 0 0 0 1 
1 0 0 0 F 0 H 1 
1 1 1 1 1 1 1 1 
PD61 PR35 p45 T10

Map8
1 1 S 1 1 1 1 1 
1 0 0 0 F F 0 1 
G F 0 # 0 0 0 1 
1 # # 0 0 0 0 1 
1 # H 0 0 0 0 1 
1 0 # 0 # H 0 1 
1 # 0 0 1 0 0 1 
1 1 1 1 1 1 1 1 
PD63 PL22 p33 T8

Map8
1 S 1 1 1 1 1 1 
1 0 # F H 0 # 1 
1 0 1 0 0 0 # 1 
1 0 F 1 0 H 0 G 
1 0 0 F 0 # 0 1 
1 # 0 1 0 0 # 1 
1 1 1 0 # 0 0 1 
1 1 1 1 1 1 1 1 
PL25 PL55 p64 T7

Map8
1 1 1 1 1 1 1 1 
1 # H 1 # 0 1 1 
1 # H 1 H 0 0 G 
1 0 # # 0 H 0 1 
1 0 0 0 # 0 0 1 
1 0 F 0 0 F F 1 
1 H 0 F 0 # F S 
1 1 1 1 1 1 1 1 
PD43 PR46 p15 T7

Map8
1 G 1 1 1 1 1 1 
1 0 H 0 0 0 0 1 
1 H # H 0 0 # 1 
1 0 0 0 # 0 # 1 
1 0 1 0 0 0 1 1 
1 0 0 0 0 0 0 1 
1 # H 0 H 0 0 1 
1 S 1 1 1 1 1 1 
PU11 PU14 p35 T8

Map8
1 1 1 1 1 1 1 1 
1 0 # F 0 1 F 1 
1 H 0 0 0 F # 1 
1 # 1 0 0 0 0 1 
1 # 0 # 0 # 0 1 
1 # # 0 0 0 0 1 
1 0 0 H 0 0 0 1 
1 S G 1 1 1 1 1 
PD16 PR35 l44 T9

Map8
1 1 1 1 1 1 1 1 
1 H 0 0 1 0 H 1 
1 F 0 0 0 0 1 1 
1 0 0 F 0 # 0 1 
1 0 H 0 0 H 0 S 
1 F F H 0 0 0 1 
1 1 0 1 0 0 1 1 
1 1 1 1 1 G 1 1 
PU23 PR64 p32 T7

Map8
1 1 1 1 1 1 1 1 
1 H 0 1 0 # F S 
1 0 1 # H 1 # 1 
1 0 0 H 0 F F 1 
1 0 0 0 1 F 1 1 
1 0 # 0 0 0 1 1 
1 # H 0 1 0 0 1 
1 1 1 1 1 1 G 1 
PU24 PR41 p14 T8

Map8
1 1 1 1 1 1 1 1 
1 H 0 0 0 0 0 1 
1 0 0 0 F 0 0 S 
1 1 1 0 0 0 H 1 
1 0 0 0 0 1 1 1 
1 0 0 F 1 0 0 G 
1 1 1 H H 0 0 1 
1 1 1 1 1 1 1 1 
PL31 PD55 p32 T7

Map8
1 1 1 1 1 1 1 1 
1 0 # 0 0 F 0 1 
1 # 1 0 1 # H 1 
1 1 1 0 1 1 0 1 
1 # # 0 F 0 # 1 
1 # 1 0 0 0 0 1 
1 0 0 H # 0 H 1 
1 1 S 1 G 1 1 1 
PL54 PU56 p55 T7

Map8
1 1 1 1 1 G 1 1 
1 H H 0 # 0 H 1 
1 0 0 0 0 1 0 1 
1 1 # 0 0 H 1 1 
1 0 0 0 # 0 0 1 
S 0 0 0 F H 0 1 
1 0 0 0 0 F 0 1 
1 1 1 1 1 1 1 1 
PD25 PU51 p16 T7

Map8
1 1 1 1 1 1 1 1 
1 1 0 1 0 0 H 1 
1 0 1 0 0 H 0 1 
S 0 H 0 F 0 0 1 
1 0 # 0 0 F 0 1 
1 # 0 0 0 0 # 1 
1 1 0 F 0 0 # 1 
1 1 1 1 G 1 1 1 
PL13 PU34 p63 T7

Map8
1 1 1 1 1 1 1 1 
1 0 1 # # 0 F 1 
1 0 0 0 # 0 0 1 
1 0 H F # F 1 1 
1 0 0 0 1 # 0 1 
1 0 0 0 F 0 0 1 
1 0 0 0 0 H 0 1 
1 1 S 1 G 1 1 1 
PR24 PD46 p35 T8

Map8
1 G 1 1 1 1 1 1 
1 0 1 0 H 0 0 1 
1 0 0 0 1 # # S 
1 0 F H # 1 1 1 
1 # 0 # # 1 0 1 
1 H 0 F 0 1 H 1 
1 1 # 0 0 F F 1 
1 1 1 1 1 1 1 1 
PR51 PR25 p45 T8

Map8
1 1 1 1 G 1 1 1 
1 0 0 F # 0 0 1 
1 # 0 # 1 0 0 1 
1 0 F 0 F 0 0 1 
1 1 1 0 0 0 # 1 
1 # 0 # 0 1 0 1 
1 0 0 # 0 # 1 1 
1 1 S 1 1 1 1 1 
PD51 PL45 p52 T7

Map8
1 1 1 S 1 1 1 1 
1 0 F F 0 0 0 1 
1 # 0 # 1 0 1 1 
1 0 0 1 1 1 1 1 
1 H 0 0 1 0 0 1 
1 0 0 0 0 0 0 G 
1 0 0 0 0 F 0 1 
1 1 1 1 1 1 1 1 
PD11 PL25 p66 T8

Map8
1 1 1 1 1 1 1 1 
1 0 0 # 1 0 0 1 
G # 1 # F F 0 1 
1 0 0 0 0 H 0 1 
1 0 1 # H 0 0 1 
1 0 1 0 # 0 # 1 
1 0 0 H 0 0 0 1 
1 1 1 1 S 1 1 1 
PR54 PD46 p11 T10

Map8
1 1 1 1 1 1 S 1 
1 1 0 F H 1 F 1 
1 0 1 0 F 0 0 1 
1 0 H # 1 0 0 1 
1 # 0 F F 1 1 1 
1 # 0 H 0 0 H 1 
1 0 # # 1 0 H 1 
1 1 G 1 1 1 1 1 
PL24 PD52 p16 T7

Map8
1 1 S 1 1 1 1 1 
1 H 0 0 1 0 0 1 
1 0 1 1 0 0 0 1 
1 0 0 1 # 0 0 1 
1 F 0 0 1 0 0 G 
1 0 0 0 # F F 1 
1 # # F 1 0 0 1 
1 1 1 1 1 1 1 1 
PD42 PL31 p53 T7

Map8
1 1 1 1 1 1 1 1 
1 0 0 0 0 1 0 1 
1 H 0 0 0 0 0 1 
S 0 F F 1 0 F 1 
1 0 F H 0 0 0 G 
1 0 0 F # # 0 1 
1 1 0 H # 0 0 1 
1 1 1 1 1 1 1 1 
PL13 PL65 u25 T8

Map8
1 1 1 1 1 1 1 1 
1 0 0 0 0 0 H 1 
G 0 H 1 0 1 0 1 
1 1 0 1 0 0 0 1 
1 # 0 1 H 0 0 1 
1 0 0 0 0 1 # 1 
1 # 0 0 # 0 1 1 
1 1 1 1 S 1 1 1 
PU42 PL45 r15 T8

Map8
1 1 1 1 1 1 1 1 
S 0 H F 0 H 0 1 
1 0 0 1 0 0 F 1 
1 0 0 0 1 0 0 1 
G # H 1 0 0 0 1 
1 0 0 0 0 1 0 1 
1 1 0 0 0 0 0 1 
1 1 1 1 1 1 1 1 
PL11 PR26 p15 T7

Map10
1 1 1 1 1 S 1 1 1 1 
1 0 H 0 0 0 0 0 1 1 
1 0 1 1 F 0 0 0 1 1 
1 0 1 # 0 F 0 0 1 1 
1 0 H 0 H H F 0 1 1 
1 0 0 0 0 1 0 0 1 1 
G F 0 1 F 0 F 0 1 1 
1 F 1 1 H 0 0 0 1 1 
1 1 1 1 1 1 1 1 1 1 
1 1 1 1 1 1 1 1 1 1 
PR52 PD25 p71 T6

Map10
1 1 1 1 1 1 1 1 1 1 
1 # 0 0 0 0 0 H 1 1 
1 0 0 0 0 1 H 1 1 1 
1 0 0 0 H # 0 0 G 1 
1 # # 0 1 1 0 0 1 1 
1 0 0 F H H F 0 1 1 
S 0 0 0 0 0 0 H 1 1 
1 0 0 # 0 0 0 0 1 1 
1 1 1 1 1 1 1 1 1 1 
1 1 1 1 1 1 1 1 1 1 
PD26 PU74 p17 T6

Map10
1 1 1 1 1 1 1 1 1 1 
1 1 G 1 1 1 S 1 1 1 
1 1 # 0 H H 0 0 0 1 
1 1 1 0 0 0 0 0 # 1 
1 1 0 0 0 0 H # 1 1 
1 1 H 0 0 0 0 H 0 1 
1 1 0 0 H 0 0 0 0 1 
1 1 0 0 0 # 0 0 0 1 
1 1 # 0 # 0 0 0 0 1 
1 1 1 1 1 1 1 1 1 1 
PR63 PR27 p73 T8

Map10
1 1 1 1 1 1 1 1 1 1 
1 1 1 1 G 1 1 1 1 1 
1 0 1 0 F 0 F F 1 1 
1 0 # 0 # 1 0 0 1 1 
1 0 H 0 1 0 1 0 S 1 
1 0 0 F H F 0 0 1 1 
1 1 F H 0 0 0 1 1 1 
1 0 H 0 0 1 F H 1 1 
1 0 0 0 0 0 1 F 1 1 
1 1 1 1 1 1 1 1 1 1 
PD73 PL25 p14 T6

Map10
1 1 1 1 1 1 1 1 1 1 
1 F F 0 # 0 0 0 1 1 
1 0 F 0 0 0 H F 1 1 
1 H 0 H F 0 1 # 1 1 
1 1 1 1 0 0 F 0 1 1 
1 1 1 H 0 H 0 0 1 1 
1 # 0 1 # 0 0 0 1 1 
1 0 0 1 0 0 F H 1 1 
1 G 1 1 1 1 S 1 1 1 
1 1 1 1 1 1 1 1 1 1 
PR65 PD17 p76 T7

Map10
1 1 1 1 1 1 1 1 1 1 
1 G 0 0 0 0 1 # 1 1 
1 1 0 0 0 0 1 0 0 1 
1 1 H 0 0 0 0 0 0 1 
1 1 0 H 0 H 0 0 0 1 
1 1 0 1 1 1 0 H 0 1 
1 1 0 0 F 0 0 0 0 1 
1 1 0 0 0 # 0 # F 1 
1 1 1 1 1 1 1 S 1 1 
1 1 1 1 1 1 1 1 1 1 
PL76 PU22 p47 T6

Map10
1 1 1 1 1 1 1 1 1 1 
1 0 0 1 F # 0 0 1 1 
1 0 0 0 0 H 0 0 1 1 
1 F 0 0 F 1 0 0 G 1 
1 0 # 0 H 0 0 0 1 1 
S 0 F 1 1 0 1 # 1 1 
1 0 0 0 0 0 1 F 1 1 
1 0 H H 0 0 0 0 1 1 
1 1 1 1 1 1 1 1 1 1 
1 1 1 1 1 1 1 1 1 1 
PL15 PL56 p74 T7

Map10
1 1 1 1 1 1 1 G 1 1 
1 1 H 0 0 # 0 0 0 1 
1 1 0 # 0 F H 0 0 1 
1 1 F F 0 0 0 H 0 1 
1 1 0 0 # 0 # 0 0 1 
1 1 1 F H 0 H 0 0 1 
1 1 0 0 0 # F H F 1 
1 1 0 0 # # 0 0 0 1 
1 1 1 1 1 1 1 S 1 1 
1 1 1 1 1 1 1 1 1 1 
PL42 PD77 p61 T6

Map10
1 1 1 S 1 1 1 1 1 1 
1 F 0 0 1 0 0 # 1 1 
1 0 0 0 H 0 0 0 G 1 
1 0 0 1 H 0 # 0 1 1 
1 0 F 0 H 0 0 # 1 1 
1 0 # 0 0 0 0 0 1 1 
1 H F 0 # 0 0 0 1 1 
1 0 # 0 H 0 0 0 1 1 
1 1 1 1 1 1 1 1 1 1 
1 1 1 1 1 1 1 1 1 1 
PD21 PD53 p32 T9

Map10
1 1 1 1 1 1 1 1 1 1 
1 0 0 0 0 # 0 0 1 1 
G 0 0 0 0 F 0 1 1 1 
1 0 0 H 1 0 0 1 1 1 
1 0 0 0 F H 0 0 S 1 
1 0 0 1 1 1 0 0 1 1 
1 0 1 0 0 0 F 0 1 1 
1 0 1 0 0 0 0 0 1 1 
1 1 1 1 1 1 1 1 1 1 
1 1 1 1 1 1 1 1 1 1 
PL46 PU64 p63 T7

Map10
1 1 1 1 1 1 1 1 1 1 
1 1 1 1 1 1 1 1 1 1 
1 0 0 0 1 0 # # 1 1 
1 H 1 1 H 0 0 F 1 1 
1 0 # 0 1 1 # 0 1 1 
1 0 0 0 0 0 0 0 1 1 
S # # 0 H 0 0 0 G 1 
1 H 0 0 1 0 0 # 1 1 
1 0 0 1 H H 0 F 1 1 
1 1 1 1 1 1 1 1 1 1 
PU36 PU57 p35 T6

Map10
1 1 1 1 1 1 1 1 1 1 
1 1 # 0 H 1 0 F 1 1 
1 G 0 H H 0 1 0 0 1 
1 1 0 0 F 0 0 1 0 1 
1 1 1 0 0 0 0 0 0 1 
1 1 0 0 1 F 1 1 0 1 
1 1 0 0 0 H 0 0 0 1 
1 1 0 0 0 0 0 F 0 1 
1 1 S 1 1 1 1 1 1 1 
1 1 1 1 1 1 1 1 1 1 
PU23 PR72 p82 T7

Map10
1 1 1 1 1 1 1 1 1 1 
1 1 0 0 0 0 # # 1 1 
1 G 0 1 0 0 0 0 0 1 
1 1 # 0 # 1 0 0 1 1 
1 1 H 0 0 H F 1 F 1 
1 1 1 H 0 # 0 # 0 1 
1 1 0 1 F 0 # 1 0 1 
1 1 H F 0 0 # 0 0 1 
1 1 1 1 1 1 1 S 1 1 
1 1 1 1 1 1 1 1 1 1 
PL87 PU34 r21 T12

Map10
1 1 1 1 1 1 1 1 1 1 
1 1 1 G 1 1 1 1 1 1 
1 0 0 0 F 1 F H 1 1 
1 0 0 0 0 H # 0 1 1 
1 0 0 # 0 0 0 0 1 1 
1 F 0 H 0 0 0 H 1 1 
S F 0 # F 0 0 0 1 1 
1 0 0 H 0 0 0 0 1 1 
1 # 0 1 # 0 0 0 1 1 
1 1 1 1 1 1 1 1 1 1 
PL43 PD76 p77 T6

Map10
1 1 1 1 1 1 1 1 1 1 
1 0 F 0 H 0 0 0 1 1 
1 H 0 0 0 F 0 0 1 1 
1 0 0 0 0 # F 1 1 1 
1 0 0 0 # 0 0 # 1 1 
G 0 1 0 H # 0 0 1 1 
1 H 0 0 F 1 0 0 1 1 
1 H 1 0 0 0 H 0 1 1 
1 1 1 1 1 1 1 S 1 1 
1 1 1 1 1 1 1 1 1 1 
PL15 PU72 p64 T6

Map10
1 1 1 1 S 1 1 1 1 1 
1 1 1 0 0 0 1 0 0 1 
1 1 # 0 H 0 1 0 # 1 
1 1 1 1 F # # 0 # 1 
1 1 0 0 F 0 0 0 0 1 
1 1 0 0 0 1 0 0 0 1 
1 1 # 0 0 0 # 0 # 1 
1 1 0 0 H 0 0 0 F 1 
1 1 1 1 1 G 1 1 1 1 
1 1 1 1 1 1 1 1 1 1 
PU41 PL76 d56 T9

Map10
1 1 1 1 1 1 1 1 1 1 
1 1 1 1 1 1 S 1 1 1 
1 1 0 0 0 H 0 0 # 1 
1 1 0 0 1 1 0 0 0 1 
1 1 0 1 0 0 0 F 0 1 
1 1 0 # 0 1 0 F 0 1 
1 1 0 0 H 1 0 0 0 1 
1 G 0 1 0 H 0 0 0 1 
1 1 0 0 0 1 1 F 0 1 
1 1 1 1 1 1 1 1 1 1 
PU62 PR25 p26 T7

Map10
1 1 1 1 1 1 1 1 1 1 
1 0 0 1 0 # H 0 1 1 
1 F 0 0 0 F 0 0 1 1 
G 0 0 1 # 0 0 0 1 1 
1 0 F # 0 0 H F 1 1 
1 # 0 H 0 H # 0 1 1 
1 0 0 1 0 H 0 0 1 1 
1 # # 0 0 0 0 0 1 1 
1 1 1 1 1 1 1 S 1 1 
1 1 1 1 1 1 1 1 1 1 
PU22 PD75 p37 T6

Map10
1 1 1 1 1 1 1 1 1 1 
1 1 # 0 F 0 0 0 0 1 
1 S 0 1 F 0 0 0 0 1 
1 1 0 1 1 # H 0 1 1 
1 1 F 0 # 0 # 0 # 1 
1 G 0 H 0 0 0 1 1 1 
1 1 H 0 1 0 0 0 0 1 
1 1 0 # 0 0 # 0 0 1 
1 1 1 1 1 1 1 1 1 1 
1 1 1 1 1 1 1 1 1 1 
PD81 PL25 p71 T7

Map10
1 1 1 1 S 1 1 1 1 1 
1 0 H 0 0 0 0 H 1 1 
G 0 1 F H 0 # 1 1 1 
1 0 H 0 1 0 0 H 1 1 
1 0 0 0 0 # 0 0 1 1 
1 0 0 1 # # 0 0 1 1 
1 0 0 0 0 0 0 0 1 1 
1 # H 0 0 0 0 0 1 1 
1 1 1 1 1 1 1 1 1 1 
1 1 1 1 1 1 1 1 1 1 
PR36 PU41 p13 T7
