Map8
1 1 1 1 1 1 1 1 
1 1 1 G 1 1 1 1 
1 1 F 0 1 1 1 1 
1 1 # 0 0 0 1 1 
1 1 0 # F 0 1 1 
1 S # 1 H 0 1 1 
1 1 1 1 1 1 1 1 
1 1 1 1 1 1 1 1 
PD24 PR43 p53 T6

Map8
1 1 1 1 1 1 1 1 
1 1 1 1 1 S 1 1 
1 1 0 F 1 # 1 1 
1 1 H 0 0 0 1 1 
1 G # # 0 0 1 1 
1 1 0 1 0 F 1 1 
1 1 1 1 1 1 1 1 
1 1 1 1 1 1 1 1 
PR33 PU53 p43 T4

Map8
1 1 1 1 1 1 1 1 
1 1 1 1 1 1 1 1 
1 1 0 0 F 0 1 1 
1 G # F 1 # 1 1 
1 1 0 H 0 1 1 1 
1 1 0 0 # 0 1 1 
1 1 1 S 1 1 1 1 
1 1 1 1 1 1 1 1 
PL32 PD35 p22 T4

Map8
1 1 1 1 1 1 1 1 
1 1 G S 1 1 1 1 
1 1 0 0 F # 1 1 
1 1 # # 0 0 1 1 
1 1 F H 0 0 1 1 
1 1 0 1 1 0 1 1 
1 1 1 1 1 1 1 1 
1 1 1 1 1 1 1 1 
PR44 PU32 p54 T5

Map8
1 1 1 1 1 1 1 1 
1 1 1 1 1 1 1 1 
1 1 # 0 1 0 1 1 
1 1 0 F 0 # 1 1 
1 1 H 0 # F G 1 
1 1 0 0 0 0 1 1 
1 1 1 S 1 1 1 1 
1 1 1 1 1 1 1 1 
PU23 PU45 r34 T3

Map8
1 1 1 1 1 1 1 1 
1 1 1 1 G 1 1 1 
1 1 H 0 F 0 S 1 
1 1 # 0 # 0 1 1 
1 1 # 0 1 0 1 1 
1 1 0 0 F 1 1 1 
1 1 1 1 1 1 1 1 
1 1 1 1 1 1 1 1 
PR52 PD32 p53 T6

Map8
1 1 1 1 1 1 1 1 
1 1 1 1 1 1 1 1 
1 1 F 0 0 1 1 1 
1 1 # F 0 # 1 1 
1 1 1 0 0 0 1 1 
1 1 # H 0 0 S 1 
1 1 1 1 G 1 1 1 
1 1 1 1 1 1 1 1 
PD45 PL42 p55 T6

Map8
1 1 1 1 1 1 1 1 
1 1 1 S G 1 1 1 
1 1 0 # 0 0 1 1 
1 1 0 F 0 0 1 1 
1 1 # 0 1 # 1 1 
1 1 1 F H 0 1 1 
1 1 1 1 1 1 1 1 
1 1 1 1 1 1 1 1 
PU34 PR43 p52 T5

Map8
1 1 1 1 1 1 1 1 
1 1 S 1 1 1 1 1 
1 1 # F 1 # 1 1 
1 1 0 0 0 0 1 1 
1 1 H 0 0 0 1 1 
1 1 F # 0 0 1 1 
1 1 1 1 G 1 1 1 
1 1 1 1 1 1 1 1 
PU23 PU55 p54 T6

Map8
1 1 1 1 1 1 1 1 
1 1 1 1 1 1 1 1 
1 1 # 0 0 # 1 1 
1 1 1 # 0 0 1 1 
1 1 0 F H 1 1 1 
1 1 0 F 0 0 1 1 
1 1 S G 1 1 1 1 
1 1 1 1 1 1 1 1 
PD24 PU43 p42 T4

Map8
1 1 1 1 1 1 1 1 
1 1 1 1 1 1 1 1 
1 1 F H # 1 1 1 
1 G # 0 1 0 1 1 
1 1 0 0 # 0 1 1 
1 1 0 F 0 0 1 1 
1 1 1 1 1 S 1 1 
1 1 1 1 1 1 1 1 
PL33 PL45 p55 T5

Map8
1 1 1 1 1 1 1 1 
1 1 1 1 1 1 1 1 
1 1 1 # 0 H 1 1 
1 1 # 0 0 0 1 1 
1 1 F # 1 0 G 1 
1 1 0 F 0 0 1 1 
1 1 1 S 1 1 1 1 
1 1 1 1 1 1 1 1 
PL42 PD53 p55 T5

Map8
1 1 1 1 1 1 1 1 
1 1 1 1 1 1 1 1 
1 1 F 1 0 F S 1 
1 1 0 0 0 0 1 1 
1 1 # 1 H 0 1 1 
1 1 0 0 # # 1 1 
1 1 1 1 G 1 1 1 
1 1 1 1 1 1 1 1 
PL33 PR42 p35 T5

Map8
1 1 1 1 1 1 1 1 
1 1 1 1 1 1 1 1 
1 1 F 0 # 0 1 1 
1 G 0 0 1 0 S 1 
1 1 0 # # F 1 1 
1 1 0 1 1 H 1 1 
1 1 1 1 1 1 1 1 
1 1 1 1 1 1 1 1 
PD32 PD52 p53 T4

Map8
1 1 1 1 1 1 1 1 
1 1 1 1 G 1 1 1 
1 1 0 H 0 0 1 1 
1 S 0 1 F 0 1 1 
1 1 1 0 F 1 1 1 
1 1 # 0 # # 1 1 
1 1 1 1 1 1 1 1 
1 1 1 1 1 1 1 1 
PD22 PR35 p23 T4

Map8
1 1 1 1 1 1 1 1 
1 1 1 1 1 1 1 1 
1 1 0 0 # # 1 1 
1 1 1 0 0 F 1 1 
1 1 1 0 H 0 S 1 
1 1 # 0 F 0 G 1 
1 1 1 1 1 1 1 1 
1 1 1 1 1 1 1 1 
PU43 PR54 p22 T6

Map8
1 1 1 1 1 1 1 1 
1 1 1 G 1 1 1 1 
1 1 H 0 # 1 1 1 
1 1 0 0 0 # 1 1 
1 1 0 0 0 1 1 1 
1 S 0 F # F 1 1 
1 1 1 1 1 1 1 1 
1 1 1 1 1 1 1 1 
PL25 PD23 p24 T4

Map8
1 1 1 1 1 1 1 1 
1 1 1 1 1 1 1 1 
1 1 F 1 0 # 1 1 
1 1 0 # 1 # S 1 
1 1 0 F 0 0 G 1 
1 1 0 0 1 H 1 1 
1 1 1 1 1 1 1 1 
1 1 1 1 1 1 1 1 
PD23 PR42 p25 T6

Map8
1 1 1 1 1 1 1 1 
1 1 G 1 1 1 1 1 
1 1 0 1 # # S 1 
1 1 F 1 0 0 1 1 
1 1 0 F H 0 1 1 
1 1 0 0 # 1 1 1 
1 1 1 1 1 1 1 1 
1 1 1 1 1 1 1 1 
PR43 PL35 p54 T7

Map8
1 1 1 1 1 1 1 1 
1 1 1 1 1 1 1 1 
1 1 0 0 0 0 1 1 
1 S 0 0 F 1 1 1 
1 1 0 0 # # 1 1 
1 1 F # 0 H 1 1 
1 1 1 G 1 1 1 1 
1 1 1 1 1 1 1 1 
PU45 PL23 p42 T4

Map8
1 1 1 1 1 1 1 1 
1 1 1 G 1 1 1 1 
1 1 # F 0 0 1 1 
1 1 0 # # 1 1 1 
1 1 0 0 0 F 1 1 
1 1 0 H 0 0 S 1 
1 1 1 1 1 1 1 1 
1 1 1 1 1 1 1 1 
PR45 PD42 p44 T4

Map8
1 1 1 1 1 1 1 1 
1 1 1 1 1 1 1 1 
1 1 0 0 0 F 1 1 
1 G 0 1 # # 1 1 
1 1 # F 1 H 1 1 
1 1 0 0 0 1 1 1 
1 1 1 S 1 1 1 1 
1 1 1 1 1 1 1 1 
PU25 PD35 p22 T4

Map8
1 1 1 1 1 1 1 1 
1 1 1 1 1 1 1 1 
1 1 0 1 F 0 1 1 
1 S 0 H # # G 1 
1 1 0 0 1 0 1 1 
1 1 0 # F 0 1 1 
1 1 1 1 1 1 1 1 
1 1 1 1 1 1 1 1 
PR25 PL23 p54 T4

Map8
1 1 1 1 1 1 1 1 
1 1 1 G 1 1 1 1 
1 1 0 # 0 1 1 1 
1 1 # 0 1 0 1 1 
1 1 0 1 0 F 1 1 
1 1 F H # 0 1 1 
1 1 1 1 S 1 1 1 
1 1 1 1 1 1 1 1 
PD44 PR22 p42 T4

Map8
1 1 1 1 1 1 1 1 
1 1 S 1 G 1 1 1 
1 1 0 0 F # 1 1 
1 1 0 0 0 0 1 1 
1 1 H 0 1 0 1 1 
1 1 F # 1 # 1 1 
1 1 1 1 1 1 1 1 
1 1 1 1 1 1 1 1 
PU22 PD32 u43 T5

Map8
1 1 1 1 1 1 1 1 
1 1 1 1 1 1 1 1 
1 1 0 0 0 0 1 1 
1 S 0 F 0 F 1 1 
1 1 0 # 0 # G 1 
1 1 # 1 H 0 1 1 
1 1 1 1 1 1 1 1 
1 1 1 1 1 1 1 1 
PU43 PL23 p42 T5

Map8
1 1 1 1 1 1 1 1 
1 1 1 1 1 1 1 1 
1 1 0 F # 1 1 1 
1 1 # 0 H 0 1 1 
1 1 0 0 0 0 1 1 
1 S 0 F # 0 1 1 
1 1 1 G 1 1 1 1 
1 1 1 1 1 1 1 1 
PL25 PU55 p44 T5

Map8
1 1 1 1 1 1 1 1 
1 1 1 1 1 1 1 1 
1 1 H # 0 # 1 1 
1 1 0 0 0 F G 1 
1 1 0 0 1 1 1 1 
1 1 F 0 0 # 1 1 
1 1 1 1 S 1 1 1 
1 1 1 1 1 1 1 1 
PU34 PR35 p45 T4

Map8
1 1 1 1 1 1 1 1 
1 1 1 1 1 1 1 1 
1 S F 0 H 0 1 1 
1 1 F # # 0 1 1 
1 1 0 0 0 # G 1 
1 1 0 0 1 0 1 1 
1 1 1 1 1 1 1 1 
1 1 1 1 1 1 1 1 
PU34 PL32 p53 T5

Map8
1 1 1 1 1 1 1 1 
1 1 1 1 1 1 1 1 
1 1 F # 0 # S 1 
1 1 0 0 0 1 1 1 
1 1 0 0 0 # 1 1 
1 1 0 H 0 F 1 1 
1 1 1 1 1 G 1 1 
1 1 1 1 1 1 1 1 
PL33 PR42 p23 T5

Map8
1 1 1 1 1 1 1 1 
1 1 1 1 1 1 1 1 
1 1 F 1 0 0 1 1 
1 G 0 0 # 0 1 1 
1 1 0 0 # H 1 1 
1 1 F 0 # 0 1 1 
1 1 1 1 1 S 1 1 
1 1 1 1 1 1 1 1 
PR35 PD55 p42 T5

Map8
1 1 1 1 1 1 1 1 
1 1 1 1 S 1 1 1 
1 1 F 0 # H 1 1 
1 G 0 0 0 # 1 1 
1 1 F 0 # 1 1 1 
1 1 0 1 0 0 1 1 
1 1 1 1 1 1 1 1 
1 1 1 1 1 1 1 1 
PL55 PD32 p45 T4

Map8
1 1 1 1 1 1 1 1 
1 1 S 1 1 1 1 1 
1 1 # 0 0 F 1 1 
1 1 0 0 # F 1 1 
1 1 0 1 # 0 1 1 
1 1 H 1 0 0 1 1 
1 1 1 1 1 G 1 1 
1 1 1 1 1 1 1 1 
PU24 PU45 p23 T4

Map8
1 1 1 1 1 1 1 1 
1 1 1 1 1 1 1 1 
1 1 0 0 # 0 1 1 
1 S 0 0 H F 1 1 
1 1 0 1 1 # 1 1 
1 1 0 0 # F 1 1 
1 1 1 G 1 1 1 1 
1 1 1 1 1 1 1 1 
PD35 PU33 p22 T5

Map8
1 1 1 1 1 1 1 1 
1 1 G 1 S 1 1 1 
1 1 # # 0 F 1 1 
1 1 0 0 F 0 1 1 
1 1 1 0 H 0 1 1 
1 1 0 0 # 0 1 1 
1 1 1 1 1 1 1 1 
1 1 1 1 1 1 1 1 
PU42 PD53 p25 T7

Map8
1 1 1 1 1 1 1 1 
1 1 1 1 1 1 1 1 
1 1 0 0 0 F 1 1 
1 1 0 0 H 0 G 1 
1 1 1 0 # # 1 1 
1 1 # 0 0 F S 1 
1 1 1 1 1 1 1 1 
1 1 1 1 1 1 1 1 
PL42 PR53 p45 T4

Map8
1 1 1 1 1 1 1 1 
1 1 1 1 1 1 1 1 
1 S 0 # 0 F 1 1 
1 1 0 1 1 F 1 1 
1 1 0 0 # 0 1 1 
1 1 0 # 0 H 1 1 
1 1 1 1 G 1 1 1 
1 1 1 1 1 1 1 1 
PL22 PU25 p34 T5

Map8
1 1 1 1 1 1 1 1 
1 1 G 1 1 1 1 1 
1 1 0 0 H 0 1 1 
1 1 0 1 1 # 1 1 
1 1 F 0 0 # 1 1 
1 1 # F 0 1 1 1 
1 1 1 S 1 1 1 1 
1 1 1 1 1 1 1 1 
PU22 PU45 p34 T4

Map8
1 1 1 1 1 1 1 1 
1 1 1 1 1 1 1 1 
1 1 # 0 1 # 1 1 
1 1 0 F F 0 1 1 
1 G 0 1 0 0 1 1 
1 1 H 0 # 0 1 1 
1 1 1 1 S 1 1 1 
1 1 1 1 1 1 1 1 
PL24 PR44 p55 T5

Map8
1 1 1 1 1 1 1 1 
1 1 1 1 G 1 1 1 
1 1 1 # 0 0 1 1 
1 1 F # H 1 1 1 
1 1 0 0 1 # 1 1 
1 S 0 0 F 0 1 1 
1 1 1 1 1 1 1 1 
1 1 1 1 1 1 1 1 
PU35 PD24 p52 T6

Map8
1 1 1 1 1 1 1 1 
1 1 1 G 1 1 1 1 
1 1 0 0 # 0 1 1 
1 1 1 H F # 1 1 
1 1 F 0 # 0 1 1 
1 1 0 0 0 0 1 1 
1 1 S 1 1 1 1 1 
1 1 1 1 1 1 1 1 
PD25 PL52 p22 T4

Map8
1 1 1 1 1 1 1 1 
1 1 1 1 1 1 1 1 
1 1 # 0 1 0 S 1 
1 1 F F 0 H 1 1 
1 1 0 0 0 0 G 1 
1 1 0 # 0 # 1 1 
1 1 1 1 1 1 1 1 
1 1 1 1 1 1 1 1 
PR52 PL45 r24 T4

Map8
1 1 1 1 1 1 1 1 
1 1 1 G 1 1 1 1 
1 1 0 # 0 1 1 1 
1 1 # # 0 F 1 1 
1 1 0 0 0 0 1 1 
1 1 1 1 H F 1 1 
1 1 1 1 1 S 1 1 
1 1 1 1 1 1 1 1 
PL42 PD54 p24 T5

Map8
1 1 1 1 1 1 1 1 
1 1 1 1 1 S 1 1 
1 G F 0 H # 1 1 
1 1 0 1 # 0 1 1 
1 1 0 0 # 0 1 1 
1 1 F 0 0 0 1 1 
1 1 1 1 1 1 1 1 
1 1 1 1 1 1 1 1 
PL32 PL55 p54 T5

Map8
1 1 1 1 1 1 1 1 
1 1 1 1 1 1 1 1 
1 S 0 0 1 0 1 1 
1 G 0 H # 0 1 1 
1 1 # # 0 0 1 1 
1 1 F F 0 0 1 1 
1 1 1 1 1 1 1 1 
1 1 1 1 1 1 1 1 
PL22 PR45 p55 T6

Map8
1 1 1 1 1 1 1 1 
1 1 1 1 1 G 1 1 
1 1 H 1 1 0 1 1 
1 1 # F 0 1 1 1 
1 1 0 0 0 0 1 1 
1 1 F # # 0 1 1 
1 1 1 1 1 S 1 1 
1 1 1 1 1 1 1 1 
PU52 PU24 p54 T6

Map8
1 1 1 1 1 1 1 1 
1 1 1 1 1 1 1 1 
1 1 0 # 0 0 G 1 
1 1 H 0 1 0 1 1 
1 1 F 0 F # 1 1 
1 1 1 0 0 # 1 1 
1 1 1 1 S 1 1 1 
1 1 1 1 1 1 1 1 
PD45 PL42 p33 T7

Map8
1 1 1 1 1 1 1 1 
1 1 1 1 G 1 1 1 
1 1 0 0 F 0 1 1 
1 1 0 0 # 0 1 1 
1 1 # H # 0 1 1 
1 S 0 F 1 0 1 1 
1 1 1 1 1 1 1 1 
1 1 1 1 1 1 1 1 
PD22 PL25 p33 T5

Map8
1 1 1 1 1 1 1 1 
1 1 1 1 1 S 1 1 
1 1 # 0 # F 1 1 
1 1 H # 1 0 1 1 
1 1 0 0 F 1 1 1 
1 1 0 0 0 0 1 1 
1 1 1 1 G 1 1 1 
1 1 1 1 1 1 1 1 
PR25 PU53 p35 T3

Map8
1 1 1 1 1 1 1 1 
1 1 1 1 1 S 1 1 
1 1 # 0 F # 1 1 
1 1 0 0 F 1 1 1 
1 1 H 0 0 0 1 1 
1 1 # 0 0 0 1 1 
1 1 1 G 1 1 1 1 
1 1 1 1 1 1 1 1 
PR32 PR34 p45 T6

Map8
1 1 1 1 1 1 1 1 
1 1 1 1 S 1 1 1 
1 1 F 0 # 0 1 1 
1 1 0 0 0 H 1 1 
1 1 1 1 0 # 1 1 
1 1 0 # F 0 1 1 
1 1 1 1 1 G 1 1 
1 1 1 1 1 1 1 1 
PD32 PR44 p43 T5

Map8
1 1 1 1 1 1 1 1 
1 1 1 1 1 1 1 1 
1 1 0 # 1 0 1 1 
1 1 0 0 F 0 1 1 
1 G 0 # 0 # 1 1 
1 1 0 H F 0 1 1 
1 1 1 1 S 1 1 1 
1 1 1 1 1 1 1 1 
PD22 PD44 p23 T3

Map8
1 1 1 1 1 1 1 1 
1 1 1 1 G 1 1 1 
1 1 # F 0 # 1 1 
1 1 0 0 0 0 1 1 
1 1 1 0 0 H 1 1 
1 1 0 # 0 F 1 1 
1 1 1 S 1 1 1 1 
1 1 1 1 1 1 1 1 
PR23 PD34 p33 T3

Map8
1 1 1 1 1 1 1 1 
1 1 1 1 G 1 1 1 
1 1 F F 0 0 1 1 
1 1 0 1 # # 1 1 
1 1 0 0 1 0 1 1 
1 1 # 0 H 0 1 1 
1 1 1 S 1 1 1 1 
1 1 1 1 1 1 1 1 
PR24 PD52 p34 T5

Map8
1 1 1 1 1 1 1 1 
1 1 1 1 1 1 1 1 
1 1 1 0 0 # 1 1 
1 1 1 0 0 # 1 1 
1 1 0 0 F 0 1 1 
1 1 0 H # F 1 1 
1 1 S 1 G 1 1 1 
1 1 1 1 1 1 1 1 
PL42 PL34 p33 T6

Map8
1 1 1 1 1 1 1 1 
1 1 1 1 1 1 1 1 
1 1 0 F H 0 1 1 
1 1 0 0 0 # 1 1 
1 1 F # # 0 1 1 
1 G 0 1 0 1 1 1 
1 1 1 1 S 1 1 1 
1 1 1 1 1 1 1 1 
PL25 PR43 p54 T5

Map8
1 1 1 1 1 1 1 1 
1 1 1 1 1 1 1 1 
1 1 0 1 0 # G 1 
1 1 0 0 0 F 1 1 
1 1 # 0 # H 1 1 
1 1 0 F 0 0 1 1 
1 1 1 S 1 1 1 1 
1 1 1 1 1 1 1 1 
PL33 PU43 p22 T7

Map8
1 1 1 1 1 1 1 1 
1 1 1 1 1 1 1 1 
1 S 0 F H 0 1 1 
1 1 0 0 0 # G 1 
1 1 # 1 0 0 1 1 
1 1 0 1 # F 1 1 
1 1 1 1 1 1 1 1 
1 1 1 1 1 1 1 1 
PL22 PD43 p54 T6

Map8
1 1 1 1 1 1 1 1 
1 1 1 1 1 1 1 1 
1 1 # 0 0 H 1 1 
1 1 0 0 1 0 G 1 
1 1 0 F # F 1 1 
1 S # 0 0 1 1 1 
1 1 1 1 1 1 1 1 
1 1 1 1 1 1 1 1 
PR53 PU35 p24 T5

Map8
1 1 1 1 1 1 1 1 
1 1 1 1 1 1 1 1 
1 1 1 H 0 1 1 1 
1 1 0 0 0 # 1 1 
1 S # 0 # F 1 1 
1 G F 0 1 0 1 1 
1 1 1 1 1 1 1 1 
1 1 1 1 1 1 1 1 
PU34 PL35 p23 T5

Map8
1 1 1 1 1 1 1 1 
1 1 1 G 1 S 1 1 
1 1 # 0 0 0 1 1 
1 1 0 0 F F 1 1 
1 1 0 # 0 # 1 1 
1 1 0 1 0 H 1 1 
1 1 1 1 1 1 1 1 
1 1 1 1 1 1 1 1 
PD33 PU52 p42 T7

Map8
1 1 1 1 1 1 1 1 
1 1 1 S 1 1 1 1 
1 1 0 0 0 F 1 1 
1 1 0 0 # 0 1 1 
1 1 0 H F 1 1 1 
1 1 0 1 # # G 1 
1 1 1 1 1 1 1 1 
1 1 1 1 1 1 1 1 
PU32 PU24 p33 T6

Map8
1 1 1 1 1 1 1 1 
1 1 1 1 1 1 1 1 
1 1 0 0 1 F 1 1 
1 1 # # 0 # 1 1 
1 G 0 F H 0 S 1 
1 1 0 0 0 0 1 1 
1 1 1 1 1 1 1 1 
1 1 1 1 1 1 1 1 
PD22 PR54 p25 T4

Map8
1 1 1 1 1 1 1 1 
1 1 1 1 1 G 1 1 
1 1 0 # # F 1 1 
1 1 0 H 0 0 1 1 
1 1 F # 0 1 1 1 
1 1 0 0 0 0 1 1 
1 1 S 1 1 1 1 1 
1 1 1 1 1 1 1 1 
PL55 PD25 p44 T6

Map8
1 1 1 1 1 1 1 1 
1 1 1 1 1 1 1 1 
1 1 0 # 0 0 1 1 
1 S F # 0 # 1 1 
1 1 F 1 H 1 1 1 
1 1 0 0 0 0 1 1 
1 1 1 G 1 1 1 1 
1 1 1 1 1 1 1 1 
PL43 PL55 p45 T3

Map8
1 1 1 1 1 1 1 1 
1 1 1 1 1 1 1 1 
1 1 F # H 0 1 1 
1 1 0 # # 0 1 1 
1 S F 0 1 1 1 1 
1 G 0 1 0 0 1 1 
1 1 1 1 1 1 1 1 
1 1 1 1 1 1 1 1 
PD52 PL25 p34 T5

Map8
1 1 1 1 1 1 1 1 
1 1 1 1 1 1 1 1 
1 1 0 F 0 1 1 1 
1 1 0 0 0 # 1 1 
1 1 # 0 H # G 1 
1 1 0 F 0 1 1 1 
1 1 1 1 S 1 1 1 
1 1 1 1 1 1 1 1 
PD45 PU25 p22 T6

Map8
1 1 1 1 1 1 1 1 
1 1 1 1 1 1 1 1 
1 1 F # 0 0 S 1 
1 1 0 0 0 0 1 1 
1 1 # F 0 1 1 1 
1 1 0 # H 0 G 1 
1 1 1 1 1 1 1 1 
1 1 1 1 1 1 1 1 
PR55 PD42 p53 T5

Map8
1 1 1 1 1 1 1 1 
1 1 1 1 G 1 1 1 
1 1 0 1 0 H 1 1 
1 1 F 0 # 0 1 1 
1 1 # 0 1 0 1 1 
1 1 # F 0 0 1 1 
1 1 1 1 S 1 1 1 
1 1 1 1 1 1 1 1 
PL55 PR33 p45 T4

Map8
1 1 1 1 1 1 1 1 
1 1 1 1 1 1 1 1 
1 1 0 # 0 # S 1 
1 1 1 0 0 H 1 1 
1 1 0 F 0 # 1 1 
1 1 0 F 0 0 1 1 
1 1 1 1 G 1 1 1 
1 1 1 1 1 1 1 1 
PD43 PU33 p42 T3

Map8
1 1 1 1 1 1 1 1 
1 1 1 1 1 1 1 1 
1 1 # # 0 1 1 1 
1 G 0 0 0 1 1 1 
1 1 H 1 F 0 1 1 
1 1 0 F 0 # S 1 
1 1 1 1 1 1 1 1 
1 1 1 1 1 1 1 1 
PU45 PD54 p42 T6

Map8
1 1 1 1 1 1 1 1 
1 1 1 G 1 1 1 1 
1 1 H F 0 F 1 1 
1 1 0 # # 1 1 1 
1 S 0 1 0 0 1 1 
1 1 1 # 0 0 1 1 
1 1 1 1 1 1 1 1 
1 1 1 1 1 1 1 1 
PL24 PD42 p23 T6

Map8
1 1 1 1 1 1 1 1 
1 1 1 1 1 1 1 1 
1 1 1 1 F 0 S 1 
1 1 F 0 0 0 1 1 
1 1 0 0 0 # G 1 
1 1 # H 0 # 1 1 
1 1 1 1 1 1 1 1 
1 1 1 1 1 1 1 1 
PL44 PR52 p53 T7

Map8
1 1 1 1 1 1 1 1 
1 1 1 1 1 1 1 1 
1 1 0 0 F 0 1 1 
1 1 1 0 0 0 G 1 
1 S 0 # 0 F 1 1 
1 1 # H # 0 1 1 
1 1 1 1 1 1 1 1 
1 1 1 1 1 1 1 1 
PL32 PL44 p24 T4

Map8
1 1 1 1 1 1 1 1 
1 1 S 1 1 1 1 1 
1 1 0 0 H 0 1 1 
1 1 1 F # F 1 1 
1 1 0 # # 0 1 1 
1 1 1 0 0 0 1 1 
1 1 1 1 G 1 1 1 
1 1 1 1 1 1 1 1 
PL32 PL54 p22 T4

Map8
1 1 1 1 1 1 1 1 
1 1 1 1 1 1 1 1 
1 1 0 H # 0 1 1 
1 1 0 1 0 F G 1 
1 1 0 # 0 0 1 1 
1 S 0 # 0 F 1 1 
1 1 1 1 1 1 1 1 
1 1 1 1 1 1 1 1 
PR24 PU45 p44 T5

Map8
1 1 1 1 1 1 1 1 
1 1 S 1 1 1 1 1 
1 1 0 H 0 1 1 1 
1 1 0 # F 0 1 1 
1 1 F 0 1 # G 1 
1 1 0 1 0 # 1 1 
1 1 1 1 1 1 1 1 
1 1 1 1 1 1 1 1 
PU22 PR23 p53 T4

Map8
1 1 1 1 1 1 1 1 
1 1 1 1 G 1 1 1 
1 1 0 F 0 # 1 1 
1 1 # F 1 H 1 1 
1 1 1 0 0 0 S 1 
1 1 0 0 # 0 1 1 
1 1 1 1 1 1 1 1 
1 1 1 1 1 1 1 1 
PD44 PU42 p55 T5

Map8
1 1 1 1 1 1 1 1 
1 1 1 1 1 1 1 1 
1 1 0 0 0 F 1 1 
1 1 0 0 # 1 1 1 
1 G F 0 1 # S 1 
1 1 H # 0 0 1 1 
1 1 1 1 1 1 1 1 
1 1 1 1 1 1 1 1 
PD32 PR45 p33 T5

Map8
1 1 1 1 1 1 1 1 
1 1 1 1 1 1 1 1 
1 1 # # 0 1 1 1 
1 G 0 1 H # 1 1 
1 1 F 0 0 0 1 1 
1 S 0 0 F 0 1 1 
1 1 1 1 1 1 1 1 
1 1 1 1 1 1 1 1 
PL23 PR34 p55 T4

Map8
1 1 1 1 1 1 1 1 
1 1 1 1 1 1 1 1 
1 1 1 0 1 0 1 1 
1 1 # H F 0 G 1 
1 1 0 1 # 0 1 1 
1 1 F 0 # 0 1 1 
1 1 S 1 1 1 1 1 
1 1 1 1 1 1 1 1 
PD24 PU55 p54 T3

Map8
1 1 1 1 1 1 1 1 
1 1 1 S 1 1 1 1 
1 1 0 0 0 0 1 1 
1 1 H # 1 0 1 1 
1 1 0 # # 0 1 1 
1 1 F F 0 1 1 1 
1 1 1 1 G 1 1 1 
1 1 1 1 1 1 1 1 
PR24 PU32 p54 T4

Map8
1 1 1 1 1 1 1 1 
1 1 1 G 1 1 1 1 
1 1 # 0 H 0 S 1 
1 1 # 0 F 0 1 1 
1 1 F # 0 0 1 1 
1 1 0 0 0 1 1 1 
1 1 1 1 1 1 1 1 
1 1 1 1 1 1 1 1 
PR52 PD44 p45 T4

Map8
1 1 1 1 1 1 1 1 
1 1 1 1 1 1 1 1 
1 1 0 1 0 0 1 1 
1 G # 1 # 0 S 1 
1 1 0 0 0 F 1 1 
1 1 F # H 0 1 1 
1 1 1 1 1 1 1 1 
1 1 1 1 1 1 1 1 
PL52 PU24 p42 T5

Map8
1 1 1 1 1 1 1 1 
1 1 G S 1 1 1 1 
1 1 F # # 0 1 1 
1 1 0 0 0 0 1 1 
1 1 0 H 1 0 1 1 
1 1 F 1 # 0 1 1 
1 1 1 1 1 1 1 1 
1 1 1 1 1 1 1 1 
PR33 PU23 p52 T5

Map8
1 1 1 1 1 1 1 1 
1 1 1 1 1 1 1 1 
1 1 0 0 1 # 1 1 
1 1 1 0 0 # G 1 
1 1 0 0 F 0 1 1 
1 1 H 0 F # S 1 
1 1 1 1 1 1 1 1 
1 1 1 1 1 1 1 1 
PL43 PR35 p54 T6

Map8
1 1 1 1 1 1 1 1 
1 1 1 1 1 1 1 1 
1 1 F # 0 0 S 1 
1 1 # H # 0 1 1 
1 G 0 0 0 0 1 1 
1 1 1 0 0 F 1 1 
1 1 1 1 1 1 1 1 
1 1 1 1 1 1 1 1 
PR52 PD42 p45 T4

Map8
1 1 1 1 1 1 1 1 
1 1 1 G 1 1 1 1 
1 1 0 # 1 0 S 1 
1 1 # # 0 1 1 1 
1 1 1 F 0 0 1 1 
1 1 H F 0 0 1 1 
1 1 1 1 1 1 1 1 
1 1 1 1 1 1 1 1 
PD22 PR52 p43 T5

Map8
1 1 1 1 1 1 1 1 
1 1 1 1 1 1 1 1 
1 1 # 0 # H 1 1 
1 1 0 0 0 1 1 1 
1 1 # F 0 0 S 1 
1 1 F 0 0 0 1 1 
1 1 1 1 G 1 1 1 
1 1 1 1 1 1 1 1 
PU44 PR35 p55 T5

Map8
1 1 1 1 1 1 1 1 
1 1 1 1 1 1 1 1 
1 1 1 0 F 0 1 1 
1 1 H # # 1 1 1 
1 1 # 0 F 0 G 1 
1 1 1 0 0 0 1 1 
1 1 1 1 S 1 1 1 
1 1 1 1 1 1 1 1 
PD45 PL52 p35 T5

Map8
1 1 1 1 1 1 1 1 
1 1 1 S 1 1 1 1 
1 1 # 0 F # 1 1 
1 1 # F 0 0 1 1 
1 1 H 0 0 0 1 1 
1 1 0 1 0 1 1 1 
1 1 G 1 1 1 1 1 
1 1 1 1 1 1 1 1 
PR43 PD25 p54 T5

Map8
1 1 1 1 1 1 1 1 
1 1 1 S 1 1 1 1 
1 1 0 0 0 # 1 1 
1 1 F 1 # 0 1 1 
1 1 1 0 0 F G 1 
1 1 H 1 # 0 1 1 
1 1 1 1 1 1 1 1 
1 1 1 1 1 1 1 1 
PU32 PD42 r44 T3

Map8
1 1 1 1 1 1 1 1 
1 1 1 1 1 1 1 1 
1 1 1 0 1 # S 1 
1 1 0 0 0 # 1 1 
1 1 F F 1 # 1 1 
1 1 0 0 H 0 1 1 
1 1 G 1 1 1 1 1 
1 1 1 1 1 1 1 1 
PR23 PU55 p43 T6

Map8
1 1 1 1 1 1 1 1 
1 1 1 1 1 1 1 1 
1 1 # 0 0 0 1 1 
1 1 # F F 1 1 1 
1 1 0 # H 1 1 1 
1 1 1 0 0 0 1 1 
1 1 1 S G 1 1 1 
1 1 1 1 1 1 1 1 
PL42 PL55 p35 T3

Map8
1 1 1 1 1 1 1 1 
1 1 1 1 1 1 1 1 
1 1 1 0 1 # 1 1 
1 G # H 0 0 1 1 
1 S # F 0 0 1 1 
1 1 0 0 1 F 1 1 
1 1 1 1 1 1 1 1 
1 1 1 1 1 1 1 1 
PL35 PR43 p54 T6

Map8
1 1 1 1 1 1 1 1 
1 1 1 1 1 1 1 1 
1 1 0 0 # 0 S 1 
1 1 # 0 0 F 1 1 
1 1 1 0 1 H 1 1 
1 1 # 1 0 F 1 1 
1 1 1 1 G 1 1 1 
1 1 1 1 1 1 1 1 
PD45 PU43 p52 T3

Map8
1 1 1 1 1 1 1 1 
1 1 1 1 1 1 1 1 
1 1 0 0 F 1 1 1 
1 G 0 0 0 1 1 1 
1 S # # F 0 1 1 
1 1 0 0 # H 1 1 
1 1 1 1 1 1 1 1 
1 1 1 1 1 1 1 1 
PU33 PL54 p22 T5

Map8
1 1 1 1 1 1 1 1 
1 1 S 1 1 1 1 1 
1 1 0 0 # 0 1 1 
1 1 F 0 0 H 1 1 
1 1 0 1 # # 1 1 
1 1 0 0 F 0 1 1 
1 1 1 1 G 1 1 1 
1 1 1 1 1 1 1 1 
PL35 PR32 p25 T4

Map8
1 1 1 1 1 1 1 1 
1 1 1 1 1 1 1 1 
1 S # 0 F # 1 1 
1 1 0 0 0 # 1 1 
1 1 0 0 0 H 1 1 
1 1 1 0 0 F 1 1 
1 1 1 1 G 1 1 1 
1 1 1 1 1 1 1 1 
PU34 PL32 p33 T4

Map8
1 1 1 1 1 1 1 1 
1 1 1 1 1 1 1 1 
1 1 1 1 0 0 G 1 
1 1 0 H F 1 1 1 
1 1 0 F 0 0 S 1 
1 1 0 # # # 1 1 
1 1 1 1 1 1 1 1 
1 1 1 1 1 1 1 1 
PR42 PL44 p25 T6

Map8
1 1 1 1 1 1 1 1 
1 1 1 1 1 1 1 1 
1 1 # H 0 0 1 1 
1 S 0 0 1 0 1 1 
1 1 0 # 0 0 1 1 
1 1 # F 0 F 1 1 
1 1 1 1 G 1 1 1 
1 1 1 1 1 1 1 1 
PR24 PL23 p54 T4

Map8
1 1 1 1 1 1 1 1 
1 1 1 1 1 1 1 1 
1 S 0 0 # 1 1 1 
1 1 H 1 0 F 1 1 
1 1 0 0 # # 1 1 
1 1 0 0 F 0 1 1 
1 1 1 G 1 1 1 1 
1 1 1 1 1 1 1 1 
PU43 PR24 d34 T4

Map8
1 1 1 1 1 1 1 1 
1 1 1 1 1 1 1 1 
1 S 0 1 0 0 1 1 
1 1 0 0 # F 1 1 
1 1 0 # 0 # G 1 
1 1 F 0 0 H 1 1 
1 1 1 1 1 1 1 1 
1 1 1 1 1 1 1 1 
PL22 PL52 p45 T5

Map8
1 1 1 1 1 1 1 1 
1 1 1 1 1 1 1 1 
1 1 1 0 1 0 1 1 
1 1 0 0 F # 1 1 
1 S F 0 # H 1 1 
1 1 0 0 # 0 1 1 
1 1 1 1 G 1 1 1 
1 1 1 1 1 1 1 1 
PL34 PR25 p35 T3

Map8
1 1 1 1 1 1 1 1 
1 1 1 1 1 1 1 1 
1 1 0 1 0 0 1 1 
1 1 H 0 0 # 1 1 
1 S 0 # F 0 1 1 
1 1 # 0 0 F 1 1 
1 1 G 1 1 1 1 1 
1 1 1 1 1 1 1 1 
PR42 PU35 p52 T6

Map8
1 1 1 1 1 1 1 1 
1 1 1 1 1 1 1 1 
1 1 0 0 0 # 1 1 
1 G 0 1 H 0 1 1 
1 1 F 0 0 # 1 1 
1 S F # 0 0 1 1 
1 1 1 1 1 1 1 1 
1 1 1 1 1 1 1 1 
PL23 PU45 p34 T5

Map8
1 1 1 1 1 1 1 1 
1 1 1 1 1 S 1 1 
1 1 0 F 0 0 1 1 
1 1 # 0 # 1 1 1 
1 1 H F 0 0 1 1 
1 1 # 0 0 1 1 1 
1 1 1 G 1 1 1 1 
1 1 1 1 1 1 1 1 
PU52 PR22 p45 T5

Map8
1 1 1 1 1 1 1 1 
1 1 1 G 1 1 1 1 
1 1 0 # 0 F 1 1 
1 1 0 # 0 0 1 1 
1 1 F 0 0 # 1 1 
1 1 0 H 1 0 S 1 
1 1 1 1 1 1 1 1 
1 1 1 1 1 1 1 1 
PD42 PD53 r44 T8

Map8
1 1 1 1 1 1 1 1 
1 1 1 1 1 1 1 1 
1 1 0 F F 0 S 1 
1 1 0 1 0 0 G 1 
1 1 # H # 0 1 1 
1 1 0 1 0 # 1 1 
1 1 1 1 1 1 1 1 
1 1 1 1 1 1 1 1 
PU23 PU54 p52 T3

Map8
1 1 1 1 1 1 1 1 
1 1 1 1 1 1 1 1 
1 1 1 # 1 # 1 1 
1 1 0 H F 0 S 1 
1 1 # 0 0 0 1 1 
1 1 0 0 F 0 1 1 
1 1 1 G 1 1 1 1 
1 1 1 1 1 1 1 1 
PR53 PR25 p44 T5

