Map10
1 1 1 1 1 1 1 1 1 1 
1 1 0 0 H # 0 F 0 1 
1 1 0 1 0 H H 0 0 1 
1 1 0 1 1 0 0 0 0 1 
1 S 0 F 1 0 0 0 0 1 
1 1 0 0 1 0 0 1 0 1 
1 G 0 1 0 0 # 0 0 1 
1 1 0 0 0 0 # 0 H 1 
1 1 1 1 1 1 1 1 1 1 
1 1 1 1 1 1 1 1 1 1 
PL24 PR55 p27 T6

Map10
1 S 1 1 1 1 1 1 1 1 
1 0 1 0 F 0 0 1 1 1 
1 0 0 0 1 0 0 0 1 1 
1 0 0 0 0 H 1 0 1 1 
1 1 0 1 0 0 0 0 1 1 
1 0 H 0 0 0 # 0 1 1 
1 0 0 # 0 0 H H 1 1 
1 0 0 0 F 0 0 0 1 1 
1 1 G 1 1 1 1 1 1 1 
1 1 1 1 1 1 1 1 1 1 
PR44 PU11 p37 T6

Map10
1 1 1 1 1 1 1 1 1 1 
1 1 1 1 1 1 1 1 1 1 
1 0 F 0 0 0 H 0 1 1 
1 0 0 0 H # 0 F G 1 
1 0 F 0 0 1 0 1 1 1 
1 0 0 1 0 0 H H 1 1 
1 0 0 # 1 1 0 F 1 1 
1 F 0 0 1 H 1 0 S 1 
1 H 0 0 # 0 0 # 1 1 
1 1 1 1 1 1 1 1 1 1 
PU28 PR63 p16 T8

Map10
1 1 1 1 1 1 1 1 1 1 
1 0 0 1 H 0 0 F 1 1 
1 1 # 0 0 0 0 # 1 1 
1 0 # 0 # 0 0 0 1 1 
1 1 0 0 0 0 0 0 1 1 
S 0 0 # 0 0 H 0 1 1 
1 0 1 0 0 0 0 H 1 1 
1 0 # 0 0 # 0 # 1 1 
1 1 1 1 1 1 G 1 1 1 
1 1 1 1 1 1 1 1 1 1 
PD67 PR25 p56 T6

Map10
1 1 1 1 1 1 1 1 1 1 
1 1 1 1 1 1 1 1 1 1 
1 G 0 H 0 0 0 0 0 1 
1 1 0 1 0 0 0 0 0 1 
1 1 1 0 # 0 0 1 0 1 
1 1 0 0 H 0 0 0 1 1 
1 1 H 0 0 0 # 0 0 1 
1 S 0 0 0 0 0 H 1 1 
1 1 0 H H 1 0 0 0 1 
1 1 1 1 1 1 1 1 1 1 
PU23 PU67 p52 T6

Map10
1 1 1 1 1 1 1 1 1 1 
1 1 1 1 1 1 1 G 1 1 
1 S # 1 F F 0 0 0 1 
1 1 0 0 0 1 0 H F 1 
1 1 0 0 0 0 0 0 0 1 
1 1 0 0 0 0 0 0 # 1 
1 1 F 0 # # 0 1 0 1 
1 1 1 0 # F 1 1 0 1 
1 1 # 0 0 F 0 # # 1 
1 1 1 1 1 1 1 1 1 1 
PR62 PR25 p82 T7

Map10
1 1 1 1 1 1 1 1 1 1 
1 1 1 G 1 1 1 1 1 1 
1 F 0 F 0 0 F 0 1 1 
1 0 0 0 0 0 H 0 1 1 
1 H 0 1 0 F 0 0 1 1 
1 H # 0 0 F 0 0 S 1 
1 0 0 0 0 0 F F 1 1 
1 F 1 0 H 0 0 0 1 1 
1 0 0 0 0 # 0 1 1 1 
1 1 1 1 1 1 1 1 1 1 
PR42 PR75 p43 T7

Map10
1 1 1 1 1 1 1 1 1 1 
1 1 0 0 0 1 H 0 0 1 
1 1 1 # 0 0 0 F 0 1 
1 1 F 0 0 0 0 0 0 1 
1 S F F 0 H 0 F 0 1 
1 1 0 0 H 0 H 0 F 1 
1 1 0 0 0 0 # F 0 1 
1 1 H 0 0 0 0 0 0 1 
1 1 1 1 1 1 1 G 1 1 
1 1 1 1 1 1 1 1 1 1 
PU33 PL44 p63 T6

Map10
1 1 1 1 1 1 1 1 1 1 
1 0 1 F 0 0 0 0 S 1 
1 0 0 1 0 0 0 0 1 1 
1 0 0 0 0 F 1 0 1 1 
1 1 H 0 0 1 0 0 1 1 
1 0 F 0 0 0 H 1 1 1 
1 # 1 F 0 0 0 0 1 1 
1 0 0 F 0 0 0 F 1 1 
1 1 1 1 1 1 G 1 1 1 
1 1 1 1 1 1 1 1 1 1 
PL51 PR46 p56 T7

Map10
1 1 1 1 1 1 1 1 1 1 
1 1 H 1 0 0 0 0 0 1 
1 1 H 1 0 # F 0 0 1 
1 1 # 1 F F H 0 0 1 
1 1 0 0 0 0 1 0 0 1 
1 1 0 0 0 0 1 # H 1 
1 1 F H 1 0 0 0 F 1 
1 1 0 0 0 F 0 0 1 1 
1 1 S G 1 1 1 1 1 1 
1 1 1 1 1 1 1 1 1 1 
PD27 PU42 p61 T6

Map10
1 1 1 1 1 1 1 S 1 1 
1 1 F 0 0 1 0 # F 1 
1 1 # 1 0 F F 1 0 1 
1 1 0 0 0 0 1 0 0 1 
1 1 # 0 0 0 F 0 # 1 
1 1 0 0 0 1 F 0 0 1 
1 1 F 0 0 0 1 0 0 1 
1 1 0 0 0 0 0 0 # 1 
1 1 1 1 1 1 1 G 1 1 
1 1 1 1 1 1 1 1 1 1 
PR61 PU34 p67 T7

Map10
1 1 1 1 1 1 1 S 1 1 
1 0 0 0 0 0 0 0 1 1 
1 H 0 1 0 0 0 0 1 1 
1 0 0 # 0 H 0 0 1 1 
G 0 1 # 0 0 1 F 1 1 
1 0 0 1 0 0 0 0 1 1 
1 1 0 0 # H F 0 1 1 
1 0 0 1 1 F F H 1 1 
1 1 1 1 1 1 1 1 1 1 
1 1 1 1 1 1 1 1 1 1 
PU71 PU44 p13 T6

Map10
1 1 1 1 1 G 1 1 1 1 
1 # 0 0 # 0 # 1 1 1 
1 0 0 0 0 0 0 0 1 1 
S # # F 0 H 1 1 1 1 
1 0 1 1 F 0 0 0 1 1 
1 0 0 0 1 1 0 0 1 1 
1 H 1 F H 0 F 0 1 1 
1 H # # H 0 0 0 1 1 
1 1 1 1 1 1 1 1 1 1 
1 1 1 1 1 1 1 1 1 1 
PD22 PL43 p62 T8

Map10
1 1 G 1 1 1 1 1 1 1 
1 0 0 H 0 0 H 1 1 1 
1 H H 0 0 0 0 0 1 1 
1 F # 0 # F 0 0 S 1 
1 # 1 1 0 0 0 0 1 1 
1 1 # 0 0 0 0 # 1 1 
1 0 # 0 F 0 0 1 1 1 
1 0 0 0 0 1 0 0 1 1 
1 1 1 1 1 1 1 1 1 1 
1 1 1 1 1 1 1 1 1 1 
PU21 PL63 p44 T8

Map10
1 1 1 1 1 G 1 1 1 1 
1 # 0 F 0 0 H # 1 1 
1 F 0 0 0 0 F 0 1 1 
1 F 0 0 F 1 0 0 1 1 
1 0 F 0 # F 0 0 1 1 
1 1 0 0 1 # 0 0 1 1 
S # F # 0 0 0 0 1 1 
1 # # 0 0 0 0 0 1 1 
1 1 1 1 1 1 1 1 1 1 
1 1 1 1 1 1 1 1 1 1 
PR22 PD75 u52 T6

