Map10
1 1 1 G 1 1 S 1 1 1 
1 1 0 0 0 0 0 1 1 1 
1 # 0 0 0 0 F 0 1 1 
1 0 0 1 0 0 0 0 1 1 
1 0 H 0 0 # H 0 1 1 
1 H 0 0 1 H 1 0 1 1 
1 0 H F H 0 0 0 1 1 
1 1 F 0 0 # 0 0 1 1 
1 1 1 1 1 1 1 1 1 1 
1 1 1 1 1 1 1 1 1 1 
PU61 PD41 u32 T6

Map10
1 1 1 1 1 1 1 1 1 1 
1 1 1 1 1 1 G 1 1 1 
S 0 0 0 F H 0 0 1 1 
1 F 0 0 # 0 0 0 1 1 
1 F 0 0 1 0 # H 1 1 
1 0 H 0 F 0 H F 1 1 
1 H 0 0 # 0 0 0 1 1 
1 F 0 1 0 # 0 1 1 1 
1 0 0 0 F 0 F 0 1 1 
1 1 1 1 1 1 1 1 1 1 
PD32 PL12 p53 T5

Map10
1 1 1 1 1 1 1 1 1 1 
1 1 1 S 1 1 1 G 1 1 
1 0 0 F 0 H 0 # 1 1 
1 0 0 0 0 F 0 H 1 1 
1 0 0 0 1 0 0 # 1 1 
1 0 0 0 1 0 0 0 1 1 
1 0 0 F H 0 0 H 1 1 
1 0 0 0 0 0 0 H 1 1 
1 F 0 0 H 0 0 0 1 1 
1 1 1 1 1 1 1 1 1 1 
PR28 PD54 p58 T7

Map10
1 1 1 1 1 1 1 1 1 1 
1 1 1 1 1 1 1 S 1 1 
1 1 # 0 0 F # 0 F 1 
1 G # 0 0 # F F F 1 
1 1 0 0 0 0 0 0 # 1 
1 1 1 # 1 0 0 F 1 1 
1 1 0 0 0 H 0 0 0 1 
1 1 0 0 H 1 1 0 0 1 
1 1 H 0 0 F F 0 0 1 
1 1 1 1 1 1 1 1 1 1 
PD32 PD86 p87 T5

Map10
1 1 1 1 1 1 1 1 1 1 
1 1 1 1 1 G 1 1 1 1 
1 1 F 0 0 0 0 0 0 1 
1 1 H H 0 0 0 H 0 1 
1 S F 0 0 F 1 0 1 1 
1 1 0 # 0 0 0 0 F 1 
1 1 1 0 0 0 0 0 0 1 
1 1 0 # 0 1 F F 0 1 
1 1 0 0 0 H 0 0 1 1 
1 1 1 1 1 1 1 1 1 1 
PL65 PD44 p45 T7

Map10
1 1 1 1 S 1 1 1 1 1 
1 1 0 F 0 0 0 H H 1 
1 G # H 0 0 1 0 0 1 
1 1 0 0 F F 0 0 # 1 
1 1 F 0 0 0 0 0 0 1 
1 1 0 0 H 0 0 0 # 1 
1 1 F F # 0 0 # 0 1 
1 1 1 0 0 0 0 0 F 1 
1 1 1 1 1 1 1 1 1 1 
1 1 1 1 1 1 1 1 1 1 
PU23 PR42 p21 T5

Map10
1 1 1 1 1 1 1 1 1 1 
1 1 1 1 1 1 S 1 1 1 
1 1 0 0 1 0 F # F 1 
1 1 0 0 0 0 0 # 1 1 
1 1 F 0 0 0 0 0 F 1 
1 1 F 0 0 F H H 0 1 
1 G 0 0 0 0 H 0 0 1 
1 1 # F # 0 0 0 0 1 
1 1 F H 0 0 0 # 0 1 
1 1 1 1 1 1 1 1 1 1 
PU63 PU48 l46 T5

Map10
1 1 1 1 1 1 1 1 1 1 
1 S 0 0 0 0 # 1 0 1 
1 1 1 F 0 0 1 F 0 1 
1 1 F 1 1 H 0 1 F 1 
1 1 0 # 0 0 0 0 1 1 
1 1 # 0 F 0 0 0 0 1 
1 1 0 F 0 F F 1 0 1 
1 1 0 0 # # 0 H 0 1 
1 1 1 1 G 1 1 1 1 1 
1 1 1 1 1 1 1 1 1 1 
PR65 PL21 p54 T6

Map10
1 1 1 1 1 1 1 1 1 1 
1 1 1 1 1 G 1 S 1 1 
1 1 0 1 0 0 0 0 0 1 
1 1 0 # F # 0 H 0 1 
1 1 0 0 0 0 0 0 1 1 
1 1 0 0 0 0 0 H # 1 
1 1 0 0 1 H 0 0 0 1 
1 1 0 0 0 0 0 1 1 1 
1 1 0 1 0 0 0 1 0 1 
1 1 1 1 1 1 1 1 1 1 
PD23 PU72 p44 T5

Map10
1 1 1 1 1 1 1 1 1 1 
1 0 F F 0 0 0 H 1 1 
1 0 0 # 0 H 0 0 1 1 
1 0 1 0 0 0 0 0 1 1 
1 0 0 0 0 H # H 1 1 
1 0 0 # # 0 H 0 1 1 
1 0 H 0 0 0 0 0 1 1 
1 F 0 0 F 0 0 0 S 1 
1 1 G 1 1 1 1 1 1 1 
1 1 1 1 1 1 1 1 1 1 
PD27 PL34 p15 T6

Map10
1 1 1 1 1 1 1 1 1 1 
1 1 0 0 0 0 F 0 F 1 
1 1 0 0 # 0 0 0 0 1 
1 1 0 0 # 0 0 F # 1 
1 1 # 0 0 0 0 0 F 1 
1 1 # 0 0 0 # 0 F 1 
1 1 H 0 0 0 0 0 F 1 
1 1 0 H 1 0 0 0 0 1 
1 1 S 1 1 1 G 1 1 1 
1 1 1 1 1 1 1 1 1 1 
PU23 PD27 p52 T5

Map10
1 1 1 1 1 1 1 1 1 1 
1 1 1 1 1 1 1 1 1 1 
1 G 0 F 1 1 0 0 # 1 
1 1 H 0 0 0 0 1 # 1 
1 1 0 0 0 0 0 0 0 1 
1 1 0 0 0 0 0 0 0 1 
1 1 0 F H 0 0 # 0 1 
1 S 0 0 1 1 0 0 F 1 
1 1 F # H # 0 0 H 1 
1 1 1 1 1 1 1 1 1 1 
PL22 PR33 p34 T6

Map10
1 1 1 1 1 1 1 1 1 1 
1 1 1 S 1 1 1 1 1 1 
1 0 0 F F 0 # 0 1 1 
1 0 0 # 0 0 # F 1 1 
1 1 # 1 F 0 0 0 1 1 
1 1 0 0 0 0 # 0 1 1 
1 # H 0 0 # 0 0 1 1 
1 F 0 0 0 0 0 0 G 1 
1 0 H H F # F 0 1 1 
1 1 1 1 1 1 1 1 1 1 
PL43 PU53 p76 T6

Map10
1 1 1 1 1 1 1 1 1 1 
1 1 H 0 0 1 0 0 0 1 
1 1 F 0 0 # 0 0 0 1 
1 1 0 # 0 H 1 1 H 1 
1 1 1 0 0 0 0 0 1 1 
1 1 0 0 H 0 0 1 0 1 
1 1 0 1 1 F 0 0 # 1 
1 1 0 0 0 0 H 0 H 1 
1 1 1 1 1 G 1 S 1 1 
1 1 1 1 1 1 1 1 1 1 
PR66 PU65 p64 T5

Map10
1 1 1 1 1 1 1 1 1 1 
1 # 0 0 0 H H # 1 1 
G 0 # 0 0 0 0 1 1 1 
1 H H 0 1 0 H 0 1 1 
1 0 1 0 1 0 0 0 1 1 
S 0 1 0 0 0 0 0 1 1 
1 H 0 0 0 1 0 # 1 1 
1 0 1 0 0 1 0 0 1 1 
1 1 1 1 1 1 1 1 1 1 
1 1 1 1 1 1 1 1 1 1 
PR26 PL15 p33 T5

Map10
1 1 1 1 1 1 1 S 1 1 
1 0 # 0 # 0 0 0 1 1 
1 0 0 0 0 0 H H 1 1 
1 0 0 0 0 0 0 0 1 1 
1 1 0 0 0 0 F 0 G 1 
1 # H F H 0 0 0 1 1 
1 0 0 0 0 # 0 0 1 1 
1 0 0 H F 0 0 F 1 1 
1 1 1 1 1 1 1 1 1 1 
1 1 1 1 1 1 1 1 1 1 
PU71 PL61 p53 T5

Map10
1 1 1 1 1 1 1 1 1 1 
1 1 S 1 1 1 G 1 1 1 
1 0 0 # H # 0 0 1 1 
1 0 0 1 F # 0 H 1 1 
1 0 0 F 0 1 0 # 1 1 
1 F 0 0 0 0 0 0 1 1 
1 F H F 0 # 0 F 1 1 
1 0 # F H F 0 H 1 1 
1 H 0 0 1 0 0 0 1 1 
1 1 1 1 1 1 1 1 1 1 
PR25 PD12 p55 T5

Map10
1 1 1 1 1 1 1 1 1 1 
1 G 1 1 1 1 1 1 1 1 
1 0 # 0 H 0 # 0 1 1 
1 1 F 0 F F 0 H 1 1 
1 0 H 0 0 0 0 0 S 1 
1 0 0 F 1 0 0 1 1 1 
1 0 1 1 0 0 0 0 1 1 
1 0 0 0 0 0 0 0 1 1 
1 F 0 0 0 # # 0 1 1 
1 1 1 1 1 1 1 1 1 1 
PL32 PD54 p64 T6

Map10
1 1 1 1 1 1 1 1 1 1 
1 1 1 1 1 1 1 1 1 1 
1 0 0 F 0 H 0 0 1 1 
1 F 0 0 F 0 1 0 1 1 
1 0 H 0 H 0 0 0 1 1 
1 H # 1 0 F 0 F 1 1 
1 0 F 0 0 H 0 0 S 1 
G 0 1 # 0 0 0 1 1 1 
1 1 0 # 0 0 # 0 1 1 
1 1 1 1 1 1 1 1 1 1 
PD72 PD66 p73 T8

Map10
1 1 1 1 1 1 1 1 1 1 
1 1 1 S G 1 1 1 1 1 
1 0 0 0 F H 0 H 1 1 
1 0 0 0 0 0 0 1 1 1 
1 0 1 H H 0 0 H 1 1 
1 1 0 H 0 1 0 0 1 1 
1 0 0 0 0 0 F 0 1 1 
1 0 F 0 0 0 1 1 1 1 
1 0 1 F F # 0 0 1 1 
1 1 1 1 1 1 1 1 1 1 
PL33 PL53 p12 T6

Map10
1 1 1 1 1 1 1 1 1 1 
1 1 0 0 0 0 0 0 1 1 
1 1 # 0 0 0 0 0 0 1 
1 1 F 0 # F # 0 H 1 
1 S 0 0 1 0 0 0 F 1 
1 1 # 1 0 0 H 0 0 1 
1 1 H H 0 # 0 0 0 1 
1 1 F F 0 # F 0 0 1 
1 1 1 1 1 1 G 1 1 1 
1 1 1 1 1 1 1 1 1 1 
PL87 PR46 p76 T6

Map10
1 1 1 1 1 1 1 1 1 1 
1 0 0 0 F # 0 0 1 1 
S 0 H 1 1 H F H 1 1 
1 0 # 0 1 0 0 H 1 1 
1 0 H 0 0 0 0 F 1 1 
1 F H 0 0 0 0 0 1 1 
1 F F 0 0 0 0 # 1 1 
1 # 0 0 1 1 0 F 1 1 
1 1 1 1 1 1 G 1 1 1 
1 1 1 1 1 1 1 1 1 1 
PL12 PU36 p55 T5

Map10
1 1 1 1 1 1 1 1 1 1 
1 0 # 1 0 # 0 F 1 1 
S # # 0 1 F 0 0 G 1 
1 0 0 F 1 1 0 1 1 1 
1 # 0 F H 0 1 0 1 1 
1 0 0 0 0 0 0 0 1 1 
1 0 H H # 0 1 0 1 1 
1 0 0 0 # F 0 0 1 1 
1 1 1 1 1 1 1 1 1 1 
1 1 1 1 1 1 1 1 1 1 
PD61 PU16 p15 T5

Map10
1 1 1 1 1 1 1 1 1 1 
1 1 1 1 1 1 1 1 1 1 
1 0 0 0 0 # 0 0 1 1 
1 0 0 H 0 0 1 1 1 1 
S # 0 F 0 0 F F 1 1 
1 1 1 0 0 0 H 0 1 1 
1 1 0 0 0 0 1 # 1 1 
G 0 F 1 0 0 1 0 1 1 
1 H F 0 0 0 F 0 1 1 
1 1 1 1 1 1 1 1 1 1 
PD54 PL17 r46 T6

Map10
1 1 1 1 G 1 1 1 1 1 
1 1 F 0 0 0 0 0 1 1 
1 1 H 0 H 0 0 1 F 1 
1 1 1 0 # 0 0 0 0 1 
1 1 1 0 H 0 1 0 0 1 
1 1 0 H 0 0 1 # 0 1 
1 1 # 0 0 F # H 0 1 
1 1 0 0 0 F 1 0 0 1 
1 1 1 1 S 1 1 1 1 1 
1 1 1 1 1 1 1 1 1 1 
PD45 PL53 p31 T5

Map10
1 1 1 1 1 1 1 1 1 1 
1 0 0 # 0 F 1 0 1 1 
G 0 0 0 0 0 1 0 1 1 
1 0 # 0 0 F 0 0 1 1 
1 # # 0 0 0 0 0 1 1 
1 0 # F 0 0 0 0 1 1 
1 0 0 0 0 H F 0 1 1 
1 0 F H # # 0 0 S 1 
1 1 1 1 1 1 1 1 1 1 
1 1 1 1 1 1 1 1 1 1 
PR34 PR77 p43 T5

Map10
1 1 1 1 1 1 1 1 1 1 
1 1 1 1 1 1 1 G 1 1 
1 1 0 0 0 0 0 0 1 1 
1 1 0 0 0 F 0 0 0 1 
1 1 0 1 H H 0 0 H 1 
1 S F 0 0 0 H 1 1 1 
1 1 # 0 # F 0 # 0 1 
1 1 0 0 # 0 0 0 0 1 
1 1 0 0 F H 0 0 0 1 
1 1 1 1 1 1 1 1 1 1 
PU72 PD45 p36 T7

Map10
1 1 1 1 1 1 1 1 1 1 
1 1 0 0 H 0 # 0 1 1 
1 0 # 0 F 0 F 0 1 1 
G F 0 0 0 # 1 1 1 1 
1 1 # 0 1 0 0 H 1 1 
1 0 1 0 0 H 0 0 1 1 
1 1 0 H 0 0 F 0 1 1 
1 F 0 0 1 0 H 0 1 1 
1 1 1 1 1 1 1 S 1 1 
1 1 1 1 1 1 1 1 1 1 
PR51 PD75 p32 T8

Map10
1 1 1 1 1 1 1 1 1 1 
1 1 0 0 0 0 0 0 0 1 
1 1 1 H # 0 1 # 0 1 
1 1 0 0 # F 0 0 1 1 
1 1 0 0 0 0 0 F 1 1 
1 G 0 1 0 0 0 0 0 1 
1 1 0 0 0 0 H 0 H 1 
1 1 0 0 0 0 0 0 1 1 
1 1 1 1 1 1 S 1 1 1 
1 1 1 1 1 1 1 1 1 1 
PD67 PR31 p26 T7

Map10
1 1 1 1 1 1 1 1 1 1 
1 1 1 1 G 1 1 S 1 1 
1 1 # 0 0 H H 0 1 1 
1 0 0 # 0 0 1 0 1 1 
1 1 0 # H # 0 1 1 1 
1 # 0 1 1 0 # 0 1 1 
1 0 0 0 1 F 1 F 1 1 
1 0 H 0 H 0 0 0 1 1 
1 0 0 H 0 F 0 0 1 1 
1 1 1 1 1 1 1 1 1 1 
PU72 PD32 p53 T6

Map10
1 1 1 1 1 1 1 1 1 1 
1 H F 0 0 H 0 1 1 1 
1 # 0 0 0 0 0 0 1 1 
1 0 0 0 0 0 0 F 1 1 
1 # 1 # 0 F 0 0 1 1 
1 H F # H 0 0 F G 1 
1 H 0 H F F # F 1 1 
1 0 # 0 # 0 0 0 1 1 
1 1 1 1 1 S 1 1 1 1 
1 1 1 1 1 1 1 1 1 1 
PU74 PD52 p64 T5

Map10
1 1 1 1 1 1 1 1 1 1 
1 1 1 1 S 1 1 1 1 1 
1 1 0 H 0 0 0 0 0 1 
1 1 0 1 1 0 H F 0 1 
1 G 0 0 H 0 0 H 0 1 
1 1 0 # F 1 0 # H 1 
1 1 0 0 0 0 0 # 0 1 
1 1 H 0 0 0 0 0 0 1 
1 1 0 0 0 0 0 0 0 1 
1 1 1 1 1 1 1 1 1 1 
PU42 PD64 p48 T5

Map10
1 1 1 1 1 1 1 1 1 1 
1 1 0 H 0 0 1 0 1 1 
1 0 0 F 0 0 0 F G 1 
1 1 H 0 1 0 0 # 1 1 
1 H 0 0 1 0 0 0 1 1 
S 0 0 0 0 0 H 0 1 1 
1 F F # 0 1 0 # 1 1 
1 # 1 # # # 0 0 1 1 
1 1 1 1 1 1 1 1 1 1 
1 1 1 1 1 1 1 1 1 1 
PD41 PD45 p35 T6

Map10
1 1 1 1 1 1 1 1 1 1 
1 1 1 1 1 1 1 1 1 1 
1 0 # 0 0 # 0 0 1 1 
1 # 0 F 0 0 1 0 1 1 
1 0 0 1 0 0 F 1 1 1 
1 0 0 0 0 # 0 # G 1 
1 0 # 1 0 1 0 1 1 1 
1 0 0 0 1 0 0 F S 1 
1 F 0 0 H 0 0 # 1 1 
1 1 1 1 1 1 1 1 1 1 
PU16 PL68 p58 T5

Map10
1 1 1 1 1 1 G 1 1 1 
1 1 F 1 1 0 0 # 0 1 
1 1 1 H H 0 0 F 0 1 
1 1 H 0 0 0 0 0 0 1 
1 1 0 F 0 H 0 0 1 1 
1 1 1 1 0 0 1 0 0 1 
1 1 0 F H # 0 0 1 1 
1 1 H 0 0 0 0 0 0 1 
1 1 1 S 1 1 1 1 1 1 
1 1 1 1 1 1 1 1 1 1 
PD62 PD37 p51 T7

Map10
1 1 S 1 1 1 1 1 1 1 
1 1 0 F 0 0 0 0 0 1 
1 1 0 0 F 0 0 0 H 1 
1 1 F 0 # 0 0 0 # 1 
1 1 # 0 H 0 0 0 H 1 
1 1 0 0 F H 0 F 0 1 
1 1 # 0 1 0 0 F 0 1 
1 1 H 0 0 0 0 0 0 1 
1 1 1 1 G 1 1 1 1 1 
1 1 1 1 1 1 1 1 1 1 
PU22 PL52 p37 T5

Map10
1 1 1 1 1 1 1 1 1 1 
1 0 0 0 # 0 0 0 1 1 
G 0 1 F 1 0 0 0 1 1 
1 0 0 F F 0 0 0 1 1 
1 0 0 H H # 0 0 1 1 
1 0 F H H 1 F 0 1 1 
1 1 F 0 1 0 H H 1 1 
1 0 0 1 1 0 0 F 1 1 
1 1 1 1 1 S 1 1 1 1 
1 1 1 1 1 1 1 1 1 1 
PU14 PL67 p13 T5

Map10
1 1 1 1 1 1 G 1 1 1 
1 S 0 0 0 H 0 0 0 1 
1 1 0 H 0 F 0 0 0 1 
1 1 # 1 0 0 F H 0 1 
1 1 H # 1 0 # # 0 1 
1 1 0 0 0 0 0 0 F 1 
1 1 # 0 H 0 F # 0 1 
1 1 0 0 0 0 H 0 0 1 
1 1 1 1 1 1 1 1 1 1 
1 1 1 1 1 1 1 1 1 1 
PD41 PL21 u62 T5

Map10
1 1 1 1 1 1 G 1 1 1 
1 F # 0 F F 0 0 S 1 
1 0 # 1 0 0 H 0 1 1 
1 0 0 0 F 0 0 0 1 1 
1 0 H 0 # 0 1 0 1 1 
1 1 F 0 0 # 1 0 1 1 
1 0 0 0 # 0 0 1 1 1 
1 # 0 0 0 0 F H 1 1 
1 1 1 1 1 1 1 1 1 1 
1 1 1 1 1 1 1 1 1 1 
PU61 PD12 p72 T5

Map10
1 1 1 1 1 1 1 S 1 1 
1 1 # # F H 0 # 0 1 
1 1 F # 0 # # 1 0 1 
1 1 0 H 0 0 0 0 0 1 
1 1 0 H 0 F 0 0 # 1 
1 1 H H 0 0 1 F 0 1 
1 1 0 0 0 0 1 0 0 1 
1 1 H 0 0 0 F 0 0 1 
1 1 1 G 1 1 1 1 1 1 
1 1 1 1 1 1 1 1 1 1 
PU82 PL46 p81 T5

Map10
1 1 1 1 1 1 1 1 1 1 
1 # 0 0 0 0 0 0 1 1 
1 0 F F # 0 H 0 G 1 
1 0 0 0 # 0 0 # 1 1 
1 0 0 0 0 F 0 0 1 1 
1 0 0 H 0 F # F S 1 
1 0 F 0 # H 0 # 1 1 
1 # 1 0 0 F H 0 1 1 
1 1 1 1 1 1 1 1 1 1 
1 1 1 1 1 1 1 1 1 1 
PL71 PR45 p51 T6

Map10
1 1 1 S 1 1 1 1 1 1 
1 0 0 # 0 H H 0 1 1 
1 1 0 # 1 0 1 0 1 1 
1 0 0 1 H # 0 0 1 1 
1 0 1 H 0 0 0 F 1 1 
1 0 0 # 0 0 1 0 1 1 
1 0 0 0 0 1 1 # G 1 
1 0 0 0 0 0 H 0 1 1 
1 1 1 1 1 1 1 1 1 1 
1 1 1 1 1 1 1 1 1 1 
PD21 PD71 p75 T5

Map10
1 1 1 1 1 1 1 1 1 1 
1 1 1 1 1 1 S 1 1 1 
1 1 0 1 0 0 0 0 0 1 
1 1 0 H 0 F 0 0 F 1 
1 G 0 H 1 F 0 0 0 1 
1 1 0 0 0 1 0 0 0 1 
1 1 0 0 # 0 0 1 0 1 
1 1 0 0 1 0 F H 0 1 
1 1 1 F 0 F 0 0 0 1 
1 1 1 1 1 1 1 1 1 1 
PD22 PD82 p23 T5

Map10
1 1 1 1 1 1 1 1 1 1 
1 1 1 G 1 1 1 1 1 1 
1 0 0 0 1 0 1 1 1 1 
1 H 0 0 # 1 # 0 1 1 
1 # H 0 0 0 H H 1 1 
1 0 # 0 0 1 0 0 1 1 
1 0 0 0 0 1 0 0 1 1 
1 0 0 H # 0 0 0 S 1 
1 # 1 0 0 0 0 1 1 1 
1 1 1 1 1 1 1 1 1 1 
PU32 PD57 p68 T5

Map10
1 1 1 1 1 1 1 1 1 1 
1 1 1 1 1 1 1 1 1 1 
1 # 0 H 0 0 0 0 1 1 
1 0 F 0 0 0 0 F G 1 
1 F 0 0 # 1 H 0 1 1 
1 0 F H 0 0 0 F S 1 
1 F 1 0 0 # H # 1 1 
1 0 H # H 0 # 0 1 1 
1 0 F 0 0 # 1 0 1 1 
1 1 1 1 1 1 1 1 1 1 
PU45 PL22 p42 T8

Map10
1 1 1 1 1 1 1 1 1 1 
1 S F 0 H F 0 0 0 1 
1 1 F 0 0 0 1 0 F 1 
1 1 H 0 0 0 0 0 F 1 
1 1 0 0 F 1 0 0 0 1 
1 1 F 0 0 0 0 0 0 1 
1 G 0 # 0 0 # 0 0 1 
1 1 0 0 0 0 0 F 0 1 
1 1 1 1 1 1 1 1 1 1 
1 1 1 1 1 1 1 1 1 1 
PU72 PL31 p85 T5

Map10
1 1 1 1 1 1 1 S 1 1 
1 0 H 0 F 0 1 F 1 1 
1 # F 1 0 # F 0 1 1 
1 # F 0 0 1 0 F 1 1 
G 0 0 H 0 0 0 0 1 1 
1 0 0 F 0 H 0 F 1 1 
1 0 H 0 0 0 0 0 1 1 
1 0 0 0 0 H 0 0 1 1 
1 1 1 1 1 1 1 1 1 1 
1 1 1 1 1 1 1 1 1 1 
PD42 PR67 p15 T6

Map10
1 1 1 1 1 1 1 1 1 1 
1 1 1 1 1 1 1 1 1 1 
1 1 H 0 0 # # 0 0 1 
1 S 0 H 0 H 0 0 0 1 
1 G # 0 0 0 0 0 # 1 
1 1 1 0 0 0 0 0 0 1 
1 1 H 1 0 0 H H 0 1 
1 1 0 0 F 1 F F 0 1 
1 1 F 0 0 # 1 0 F 1 
1 1 1 1 1 1 1 1 1 1 
PL23 PD54 p45 T5

Map10
1 1 1 1 1 1 1 1 1 1 
1 G 1 1 1 1 1 1 1 1 
1 0 H 0 0 0 0 0 S 1 
1 H 0 0 0 0 0 1 1 1 
1 0 # 0 0 # 0 0 1 1 
1 0 0 0 0 0 0 1 1 1 
1 1 F 0 # 0 0 0 1 1 
1 0 # 0 0 # 0 # 1 1 
1 0 0 0 0 0 1 0 1 1 
1 1 1 1 1 1 1 1 1 1 
PU12 PL42 u38 T6

Map10
1 1 1 1 1 G 1 1 1 1 
1 1 0 # F 0 F 0 0 1 
1 1 H 0 0 0 H 0 0 1 
1 1 H H 0 0 # 0 0 1 
1 1 0 0 0 0 0 # 0 1 
1 1 # 1 0 1 F 0 1 1 
1 S 0 0 F 0 0 1 0 1 
1 1 0 0 0 H 0 0 # 1 
1 1 1 1 1 1 1 1 1 1 
1 1 1 1 1 1 1 1 1 1 
PD81 PD86 p64 T7

Map10
1 1 1 1 1 1 1 1 1 1 
1 1 1 1 1 1 1 1 1 1 
1 0 0 0 H F 1 H 1 1 
1 0 H 0 0 0 F F 1 1 
1 # F 1 F 0 1 0 1 1 
S 0 F H 0 0 0 1 1 1 
1 F 0 0 # 0 # 0 1 1 
1 F 0 0 0 # # 0 G 1 
1 1 0 0 0 0 # 0 1 1 
1 1 1 1 1 1 1 1 1 1 
PL15 PL78 p65 T8

Map10
1 1 1 1 1 1 1 1 1 1 
1 0 F H 0 0 1 0 1 1 
1 # 0 0 H 0 1 1 1 1 
1 H F 1 # F 0 0 1 1 
1 F # 1 # H 0 F S 1 
G 0 0 0 F 1 F 1 1 1 
1 0 0 0 0 1 0 # 1 1 
1 # 0 # # 0 0 0 1 1 
1 1 1 1 1 1 1 1 1 1 
1 1 1 1 1 1 1 1 1 1 
PD22 PR64 p27 T5

Map10
1 1 1 G 1 1 1 1 1 1 
1 1 0 0 H H 0 0 0 1 
1 1 0 0 1 H H 0 0 1 
1 1 0 0 1 0 F 1 0 1 
1 1 0 0 0 0 0 0 # 1 
1 1 0 1 0 H 0 0 0 1 
1 1 0 0 1 0 0 0 0 1 
1 1 H 0 0 0 # # # 1 
1 1 1 1 1 1 S 1 1 1 
1 1 1 1 1 1 1 1 1 1 
PR37 PL64 p44 T5

Map10
1 1 1 1 G 1 1 1 1 1 
1 0 # 0 0 # 0 0 1 1 
1 0 1 0 F # 0 F 1 1 
1 1 0 0 H # 0 F 1 1 
1 0 # 0 # # 0 0 1 1 
1 0 0 0 # H 0 0 1 1 
1 0 H 0 F F F 0 1 1 
1 0 0 0 1 0 F 0 1 1 
1 1 S 1 1 1 1 1 1 1 
1 1 1 1 1 1 1 1 1 1 
PD31 PD27 p33 T6

Map10
1 1 1 1 1 1 1 1 1 1 
1 1 1 1 1 S 1 1 1 1 
1 1 1 F F 0 0 1 1 1 
1 1 F 0 0 1 0 0 0 1 
1 G F 0 0 1 0 0 F 1 
1 1 0 0 0 1 0 F 0 1 
1 1 0 # 0 0 0 0 0 1 
1 1 # H # 0 0 0 0 1 
1 1 F 0 0 1 0 1 0 1 
1 1 1 1 1 1 1 1 1 1 
PR33 PL62 p43 T5

Map10
1 1 1 1 1 1 1 1 1 1 
1 H 0 0 0 0 0 0 1 1 
1 H # 0 0 0 0 0 1 1 
1 H # 0 0 0 0 0 G 1 
1 0 0 0 0 0 1 H 1 1 
1 0 0 0 0 0 0 0 1 1 
1 0 0 H H 1 1 0 1 1 
1 0 0 0 0 0 1 0 1 1 
1 1 1 1 S 1 1 1 1 1 
1 1 1 1 1 1 1 1 1 1 
PD47 PL35 p24 T5

Map10
1 1 1 1 1 1 1 1 1 1 
1 1 1 1 1 1 1 G 1 1 
1 1 0 0 0 0 0 0 0 1 
1 1 0 0 H 0 0 # 0 1 
1 1 0 0 0 0 1 1 0 1 
1 1 0 0 1 1 0 0 0 1 
1 1 H # 0 0 0 0 0 1 
1 S # 1 1 0 0 0 1 1 
1 1 0 0 1 0 0 H 0 1 
1 1 1 1 1 1 1 1 1 1 
PL38 PR22 p62 T5

Map10
1 1 1 G 1 1 1 1 1 1 
1 0 0 0 0 H 0 H 1 1 
1 0 0 0 0 0 H H 1 1 
1 0 F 0 0 # 0 0 1 1 
1 0 0 H 0 0 0 # S 1 
1 0 # 0 0 0 1 0 1 1 
1 F # # 0 F 1 0 1 1 
1 0 1 0 0 0 0 H 1 1 
1 1 1 1 1 1 1 1 1 1 
1 1 1 1 1 1 1 1 1 1 
PD52 PU44 p41 T5

Map10
1 1 G 1 1 1 1 S 1 1 
1 0 0 # 0 0 0 F 1 1 
1 0 0 0 1 # F 0 1 1 
1 0 0 0 F 1 0 H 1 1 
1 0 0 1 0 0 1 0 1 1 
1 0 1 0 0 0 0 0 1 1 
1 # 0 0 1 0 # 0 1 1 
1 0 # 0 0 0 # 0 1 1 
1 1 1 1 1 1 1 1 1 1 
1 1 1 1 1 1 1 1 1 1 
PL41 PU72 p13 T5

Map10
1 1 1 1 1 1 1 1 1 1 
1 1 G 1 1 1 1 1 1 1 
S 0 0 F 0 0 0 H 1 1 
1 0 0 H 0 0 0 0 1 1 
1 0 0 0 0 F # H 1 1 
1 0 0 1 # F F 0 1 1 
1 0 0 H 0 1 1 0 1 1 
1 F 0 0 0 H 0 0 1 1 
1 0 0 F F 0 0 H 1 1 
1 1 1 1 1 1 1 1 1 1 
PD26 PL12 p16 T6

Map10
1 1 1 1 1 1 1 1 1 1 
1 1 1 1 G 1 1 1 1 1 
1 0 1 0 0 0 1 0 1 1 
1 0 0 0 0 # 1 # S 1 
1 0 0 0 H 0 0 0 1 1 
1 0 0 0 0 0 0 1 1 1 
1 0 0 0 F 0 1 # 1 1 
1 0 # F 0 0 F F 1 1 
1 1 0 0 1 0 0 0 1 1 
1 1 1 1 1 1 1 1 1 1 
PL52 PR54 p64 T5

Map10
1 1 1 1 1 1 1 1 1 1 
1 1 1 1 1 G 1 1 1 1 
1 1 F 0 F 0 0 0 0 1 
1 1 0 0 # 0 0 0 0 1 
1 1 1 1 F 0 0 1 0 1 
1 S 0 0 0 1 0 # # 1 
1 1 1 0 # 0 0 0 1 1 
1 1 0 1 0 0 H 0 0 1 
1 1 0 0 0 0 # 1 0 1 
1 1 1 1 1 1 1 1 1 1 
PD72 PR28 p63 T6

Map10
1 1 1 1 1 1 S 1 1 1 
1 0 0 # # 0 0 0 1 1 
1 H 0 # 0 0 0 0 1 1 
1 0 0 0 1 0 0 H 1 1 
1 0 0 H 0 0 H H 1 1 
1 1 0 0 H # 0 0 1 1 
1 0 0 0 0 0 0 0 1 1 
1 1 0 # 0 # 0 0 1 1 
1 1 1 G 1 1 1 1 1 1 
1 1 1 1 1 1 1 1 1 1 
PD35 PL62 p51 T5

Map10
1 1 1 1 1 1 1 1 1 1 
1 1 1 1 1 1 1 1 1 1 
1 1 0 0 0 0 0 0 0 1 
1 S 0 0 H 0 0 0 0 1 
1 1 1 0 1 1 0 0 0 1 
1 1 0 # 0 H 0 0 0 1 
1 1 1 0 H 0 0 # 0 1 
1 G 0 0 0 0 H 0 1 1 
1 1 0 F H 0 0 0 1 1 
1 1 1 1 1 1 1 1 1 1 
PU33 PU28 p22 T6

Map10
1 1 1 1 1 1 1 1 1 1 
1 1 1 1 1 1 1 G 1 1 
1 1 0 0 0 0 0 # 0 1 
1 1 0 0 # H H 0 F 1 
1 1 0 0 0 1 0 0 0 1 
1 1 0 0 H 0 0 H 0 1 
1 1 0 0 0 0 0 0 0 1 
1 S 0 H 0 0 0 F 0 1 
1 1 H F 0 1 1 0 0 1 
1 1 1 1 1 1 1 1 1 1 
PD22 PL27 p82 T6

Map10
1 1 1 1 1 1 1 1 1 1 
1 1 0 0 1 # 1 # S 1 
1 0 0 0 # 0 # 0 1 1 
1 0 0 0 0 H 0 0 1 1 
1 1 0 0 # # # 0 1 1 
1 0 H # 0 1 0 0 1 1 
1 0 0 1 0 1 0 0 1 1 
G 0 0 1 0 0 0 H 1 1 
1 1 1 1 1 1 1 1 1 1 
1 1 1 1 1 1 1 1 1 1 
PL76 PR16 p65 T8

Map10
1 1 1 1 1 1 1 1 1 1 
1 1 1 1 1 1 1 S 1 1 
1 1 0 0 0 0 0 F # 1 
1 1 0 0 0 0 H # F 1 
1 1 0 0 0 0 H 0 0 1 
1 G 0 0 H 0 H 0 0 1 
1 1 0 # 0 1 0 H H 1 
1 1 0 0 1 0 0 0 0 1 
1 1 1 0 1 0 0 1 0 1 
1 1 1 1 1 1 1 1 1 1 
PU74 PR27 p24 T6

Map10
1 1 1 1 S 1 1 1 1 1 
1 H 0 0 0 0 # # 1 1 
1 0 H 0 0 H 0 0 1 1 
1 0 0 0 F 1 0 0 1 1 
1 # 1 0 0 1 F 1 1 1 
1 F 0 H # 0 1 0 1 1 
1 0 1 0 # # H 0 1 1 
1 F 0 0 0 0 0 H 1 1 
1 G 1 1 1 1 1 1 1 1 
1 1 1 1 1 1 1 1 1 1 
PU34 PR27 p37 T5

Map10
1 1 1 1 1 1 1 1 1 1 
1 1 1 0 0 0 0 0 H 1 
1 S 0 H 1 0 0 0 0 1 
1 1 0 F 0 F 0 0 0 1 
1 1 0 # 0 # 0 0 0 1 
1 1 # 0 # 0 H 0 0 1 
1 1 H 0 0 0 0 0 0 1 
1 1 F 0 # 0 0 # 0 1 
1 1 1 G 1 1 1 1 1 1 
1 1 1 1 1 1 1 1 1 1 
PL22 PU75 p44 T5

Map10
1 1 1 1 1 G 1 1 1 1 
1 0 H F 0 0 0 0 1 1 
1 0 0 0 0 0 0 0 1 1 
1 H F 0 0 F 0 0 1 1 
1 H 0 1 H 0 0 F S 1 
1 0 1 0 0 0 0 # 1 1 
1 0 0 0 H 0 0 0 1 1 
1 0 # # 0 0 H 0 1 1 
1 1 1 1 1 1 1 1 1 1 
1 1 1 1 1 1 1 1 1 1 
PR41 PD54 p61 T5

Map10
1 1 1 1 1 1 1 1 1 1 
1 1 1 1 1 S G 1 1 1 
1 1 F 0 0 F F 1 0 1 
1 1 1 0 0 F 0 0 0 1 
1 1 0 0 H 0 # 0 0 1 
1 1 1 0 0 # 0 H 0 1 
1 1 0 1 # 0 0 0 0 1 
1 1 1 0 1 H 0 0 # 1 
1 1 0 1 0 # 0 0 0 1 
1 1 1 1 1 1 1 1 1 1 
PR73 PU54 p83 T5

Map10
1 1 1 1 G S 1 1 1 1 
1 0 0 0 0 0 0 0 1 1 
1 1 0 0 0 H 0 1 1 1 
1 0 0 0 # 0 0 0 1 1 
1 1 H 0 H 0 0 0 1 1 
1 0 0 # 1 0 1 H 1 1 
1 0 0 0 0 F 0 1 1 1 
1 1 0 0 H 0 1 0 1 1 
1 1 1 1 1 1 1 1 1 1 
1 1 1 1 1 1 1 1 1 1 
PU51 PD62 p53 T5

Map10
1 1 1 1 1 1 1 1 1 1 
1 1 1 1 1 1 1 1 1 1 
1 F 0 0 0 H 0 # 1 1 
1 0 1 0 0 0 F F 1 1 
1 0 1 0 0 H H 0 1 1 
1 0 F 0 0 0 0 H 1 1 
G F 0 0 # 0 0 0 1 1 
S 0 1 0 0 0 0 1 1 1 
1 0 0 0 H 1 0 0 1 1 
1 1 1 1 1 1 1 1 1 1 
PL17 PR37 l44 T8

Map10
1 1 1 1 1 1 1 G 1 1 
1 1 0 F H 0 # 0 0 1 
1 1 0 0 0 0 0 0 0 1 
1 1 0 0 H 0 0 0 0 1 
1 1 1 0 0 # 0 1 0 1 
1 S # 0 0 H 0 0 0 1 
1 1 0 0 0 0 1 # 0 1 
1 1 0 0 0 H 0 0 0 1 
1 1 1 1 1 1 1 1 1 1 
1 1 1 1 1 1 1 1 1 1 
PL35 PD62 p83 T6

Map10
1 1 1 1 1 G 1 1 1 1 
1 1 # H 0 0 0 0 0 1 
1 1 0 0 0 1 0 0 0 1 
1 1 # 0 0 1 # 0 1 1 
1 1 0 0 0 0 1 0 # 1 
1 S 0 H 0 0 0 1 H 1 
1 1 # 0 1 0 0 H 0 1 
1 1 0 1 0 0 # 0 1 1 
1 1 1 1 1 1 1 1 1 1 
1 1 1 1 1 1 1 1 1 1 
PL54 PL25 p41 T6

Map10
1 1 1 1 1 1 1 1 1 1 
1 1 0 0 0 0 0 0 0 1 
1 S 0 0 0 # H H 0 1 
1 1 0 H F 1 0 # 0 1 
1 1 # 0 H # 0 0 0 1 
1 1 0 1 0 1 0 1 1 1 
1 1 1 0 0 1 1 0 0 1 
1 1 0 0 0 0 0 H 0 1 
1 1 G 1 1 1 1 1 1 1 
1 1 1 1 1 1 1 1 1 1 
PD27 PR32 p41 T6

Map10
1 1 1 1 1 1 1 1 1 1 
1 1 1 1 1 G 1 1 1 1 
1 S 0 0 # F 0 0 0 1 
1 1 0 0 # 0 0 F F 1 
1 1 0 # 0 1 0 0 1 1 
1 1 0 0 0 F 0 0 0 1 
1 1 1 0 0 0 0 0 0 1 
1 1 0 0 1 0 0 0 0 1 
1 1 0 0 F 0 0 0 0 1 
1 1 1 1 1 1 1 1 1 1 
PL63 PR32 u53 T9

Map10
1 1 1 1 1 1 1 1 1 1 
1 1 1 S 1 G 1 1 1 1 
1 0 0 0 0 0 0 0 1 1 
1 0 0 H 0 H 1 0 1 1 
1 0 # 0 0 H 0 0 1 1 
1 0 0 0 # # 0 # 1 1 
1 0 # 0 0 1 0 0 1 1 
1 1 H 0 # 1 # H 1 1 
1 0 0 H 0 1 # 0 1 1 
1 1 1 1 1 1 1 1 1 1 
PU32 PD12 p42 T6

Map10
1 1 1 1 1 1 1 1 1 1 
1 1 1 1 S G 1 1 1 1 
1 1 0 0 0 0 # H 0 1 
1 1 H 0 # F 0 1 0 1 
1 1 0 0 F # 0 H 0 1 
1 1 0 0 F # 0 F 0 1 
1 1 0 H 0 F 0 F 0 1 
1 1 0 H 0 0 F # 0 1 
1 1 0 0 0 1 0 1 # 1 
1 1 1 1 1 1 1 1 1 1 
PR33 PD24 p42 T6

Map10
1 1 1 1 1 1 1 1 1 1 
1 1 1 1 1 1 S 1 1 1 
1 1 0 # 0 H 0 0 0 1 
1 G 0 0 0 H 0 0 0 1 
1 1 0 F # F 1 0 1 1 
1 1 1 0 0 F F 0 0 1 
1 1 1 0 H H 0 0 # 1 
1 1 H 0 F 0 # 0 F 1 
1 1 0 0 F 0 0 0 H 1 
1 1 1 1 1 1 1 1 1 1 
PR72 PU24 p82 T6

Map10
1 1 1 1 1 1 1 1 1 1 
1 1 1 1 1 1 1 1 1 1 
G 0 1 0 0 F 0 # 1 1 
1 1 0 # 0 0 0 1 1 1 
1 0 H # 0 # 0 0 1 1 
1 0 0 0 0 1 0 0 1 1 
1 0 H # 0 0 # # S 1 
1 0 0 0 F 0 0 H 1 1 
1 0 0 0 0 0 0 0 1 1 
1 1 1 1 1 1 1 1 1 1 
PL12 PL56 p35 T6

Map10
1 1 1 1 1 1 1 1 1 1 
1 1 1 S 1 1 G 1 1 1 
1 1 0 0 0 H 0 0 1 1 
1 1 0 0 1 0 0 # 1 1 
1 1 # 0 1 0 1 F 0 1 
1 1 H 0 H 0 0 0 0 1 
1 1 # # 1 0 0 0 0 1 
1 1 0 0 # 0 0 0 # 1 
1 1 0 0 0 H F # 0 1 
1 1 1 1 1 1 1 1 1 1 
PR53 PD27 p28 T5

Map10
1 1 1 1 1 1 1 1 1 1 
1 1 1 1 1 1 1 1 1 1 
1 F 0 0 # 0 0 0 1 1 
1 0 0 F 0 0 0 # 1 1 
1 0 0 0 F 0 # 0 1 1 
1 F 0 0 0 0 0 0 S 1 
1 0 0 1 F H # 0 1 1 
G 0 H 0 0 0 0 1 1 1 
1 # 0 0 # # 0 0 1 1 
1 1 1 1 1 1 1 1 1 1 
PR22 PR75 p16 T6

Map10
1 1 1 1 1 1 1 1 1 1 
1 1 1 1 1 1 1 1 1 1 
1 0 0 0 0 0 0 0 1 1 
1 0 0 # 0 0 0 0 1 1 
1 0 0 0 0 0 0 0 1 1 
1 0 # H F 0 0 F S 1 
G F 0 0 0 0 1 0 1 1 
1 0 0 0 0 0 0 H 1 1 
1 0 0 0 0 0 0 0 1 1 
1 1 1 1 1 1 1 1 1 1 
PU13 PD55 p12 T6

Map10
1 1 1 1 1 1 1 1 1 1 
1 1 1 1 1 1 1 S 1 1 
1 1 0 0 0 0 0 0 0 1 
1 1 0 0 0 0 # F 0 1 
1 G 0 0 0 0 0 H 0 1 
1 1 0 0 H 0 # 0 1 1 
1 1 F H F F # 0 0 1 
1 1 0 0 0 0 F H 0 1 
1 1 0 H 0 0 0 0 0 1 
1 1 1 1 1 1 1 1 1 1 
PU72 PR48 p55 T5

Map10
1 1 1 1 1 1 1 1 1 1 
1 1 1 1 1 1 1 1 1 1 
1 F 0 F 0 0 F 0 1 1 
1 0 0 0 0 0 0 0 1 1 
1 0 0 # 1 F H # 1 1 
1 F # H 0 0 # 1 1 1 
S 0 1 0 0 1 0 F G 1 
1 0 0 0 0 0 0 0 1 1 
1 0 1 0 0 0 0 0 1 1 
1 1 1 1 1 1 1 1 1 1 
PU46 PL16 r66 T5

Map10
1 1 1 1 1 1 1 1 1 1 
1 1 1 1 1 G 1 1 1 1 
1 1 H 0 # # 0 0 F 1 
1 1 0 0 F 0 H 0 0 1 
1 S 0 1 1 0 0 1 F 1 
1 1 0 0 0 0 H 0 0 1 
1 1 0 0 1 0 0 H 0 1 
1 1 0 0 0 0 H 0 0 1 
1 1 1 0 H 0 0 0 F 1 
1 1 1 1 1 1 1 1 1 1 
PR27 PU53 p36 T6

Map10
1 1 1 1 1 1 1 1 1 1 
1 1 1 1 S G 1 1 1 1 
1 H H 0 F 0 0 H 1 1 
1 0 0 0 0 0 # 0 1 1 
1 0 0 0 F # 0 0 1 1 
1 1 0 1 F 1 F 0 1 1 
1 F 0 1 F H 0 # 1 1 
1 1 0 0 # H 0 # 1 1 
1 # 1 # 0 1 H # 1 1 
1 1 1 1 1 1 1 1 1 1 
PD37 PR13 u53 T6

Map10
1 1 1 1 1 1 1 1 1 1 
1 1 1 G 1 1 1 1 1 1 
1 1 0 0 F 0 0 # 0 1 
1 1 # 0 0 # 0 0 0 1 
1 1 H 0 0 0 0 0 1 1 
1 1 0 F F 0 1 0 0 1 
1 1 0 0 F 1 0 0 0 1 
1 S 0 1 H 1 0 0 # 1 
1 1 H 0 0 0 0 0 1 1 
1 1 1 1 1 1 1 1 1 1 
PL27 PR22 p43 T5

Map10
1 1 1 1 1 1 1 1 1 1 
1 1 1 1 1 1 1 G 1 1 
1 1 F # 0 # 0 # 0 1 
1 1 0 0 0 0 # 0 # 1 
1 1 0 0 1 0 F H 0 1 
1 1 0 0 # 0 F F 0 1 
1 S 0 F F 1 H 0 0 1 
1 1 0 0 0 H 0 0 0 1 
1 1 0 H 1 1 0 # # 1 
1 1 1 1 1 1 1 1 1 1 
PL43 PL26 p62 T6

Map10
1 1 1 1 1 1 1 1 1 1 
1 1 1 1 1 1 1 1 1 1 
1 F 0 0 0 H F 0 1 1 
1 0 0 1 0 0 # 0 1 1 
1 0 0 0 0 1 0 0 G 1 
S 0 0 0 # H # 0 1 1 
1 0 0 0 0 0 0 # 1 1 
1 0 0 0 # 0 0 0 1 1 
1 0 0 0 0 0 0 H 1 1 
1 1 1 1 1 1 1 1 1 1 
PD64 PL15 p75 T6

Map10
1 1 1 S 1 1 1 1 1 1 
1 1 1 0 0 # 0 F 1 1 
1 1 0 0 0 0 H 0 0 1 
1 1 # H # 1 0 F 1 1 
1 G 0 0 0 0 1 1 0 1 
1 1 0 0 0 H 0 0 1 1 
1 1 0 0 0 0 0 1 0 1 
1 1 F 0 F 0 0 F 0 1 
1 1 1 1 1 1 1 1 1 1 
1 1 1 1 1 1 1 1 1 1 
PR36 PU31 p45 T5

Map10
1 1 1 1 1 1 1 1 1 1 
1 0 0 0 0 1 0 0 G 1 
1 0 0 0 0 H # 0 S 1 
1 # 0 0 0 0 0 0 1 1 
1 0 0 0 0 H 0 H 1 1 
1 0 0 0 0 0 0 0 1 1 
1 0 H 0 F 0 1 0 1 1 
1 0 0 0 0 0 0 0 1 1 
1 1 1 1 1 1 1 1 1 1 
1 1 1 1 1 1 1 1 1 1 
PD12 PR72 p53 T6

Map10
1 1 1 1 1 1 1 1 1 1 
1 1 1 1 1 1 1 1 1 1 
1 0 0 0 0 0 0 0 1 1 
G F 0 1 0 H 0 0 1 1 
1 0 0 1 0 0 0 0 1 1 
S 0 1 H 0 0 0 0 1 1 
1 0 0 H 1 1 # H 1 1 
1 0 # # 0 H # F 1 1 
1 0 0 0 0 0 1 H 1 1 
1 1 1 1 1 1 1 1 1 1 
PU16 PR14 l23 T5

Map10
1 1 1 1 1 1 1 1 1 1 
1 1 1 1 1 G 1 1 1 1 
1 0 0 0 0 0 0 1 1 1 
1 0 0 0 0 0 0 0 1 1 
1 # 0 0 0 0 H 1 1 1 
S 0 H 0 # # 0 0 1 1 
1 0 F 1 # 0 0 0 1 1 
1 0 0 0 0 0 H 0 1 1 
1 0 1 0 0 1 H 0 1 1 
1 1 1 1 1 1 1 1 1 1 
PD12 PL15 p43 T5

Map10
1 S 1 1 1 1 1 1 1 1 
1 0 0 F 0 # 0 0 1 1 
1 F 0 0 0 0 0 0 1 1 
1 # 0 0 H 1 0 0 G 1 
1 0 # 0 0 0 0 0 1 1 
1 H 0 0 0 0 0 0 1 1 
1 0 0 0 0 H 0 0 1 1 
1 # 1 0 H 0 0 H 1 1 
1 1 1 1 1 1 1 1 1 1 
1 1 1 1 1 1 1 1 1 1 
PL23 PR14 p74 T5

Map10
1 1 1 1 1 1 1 1 1 1 
1 1 1 1 1 S 1 G 1 1 
1 1 F 0 0 # F 0 # 1 
1 1 1 0 0 0 # F 0 1 
1 1 0 0 # 0 H 0 1 1 
1 1 0 H F 0 0 1 0 1 
1 1 0 0 # 0 0 H 0 1 
1 1 0 # F # 0 F 0 1 
1 1 0 F H F 1 1 0 1 
1 1 1 1 1 1 1 1 1 1 
PL56 PU72 p27 T7

Map10
1 1 1 1 1 1 1 1 1 1 
1 1 0 0 0 H 0 0 0 1 
1 1 # 0 1 1 0 0 0 1 
1 1 0 0 0 1 # 0 0 1 
1 S # 0 0 0 0 H 0 1 
1 1 # 0 0 0 0 1 0 1 
1 1 0 0 H 0 0 0 0 1 
1 1 0 H 0 H F 0 # 1 
1 1 1 1 1 1 1 G 1 1 
1 1 1 1 1 1 1 1 1 1 
PU34 PD76 p23 T5

Map10
1 1 1 1 1 1 1 1 1 1 
1 1 1 1 1 1 1 1 1 1 
1 F H 0 H 1 0 0 1 1 
1 0 1 F 0 0 0 0 1 1 
G 0 0 0 1 0 0 0 1 1 
1 0 0 0 0 H 0 0 S 1 
1 0 1 0 H F 0 0 1 1 
1 1 # H 0 0 0 0 1 1 
1 0 0 0 0 0 0 0 1 1 
1 1 1 1 1 1 1 1 1 1 
PD65 PL14 p78 T5

Map10
1 1 1 1 1 1 1 1 1 1 
1 1 1 1 1 1 1 1 1 1 
1 0 0 0 0 0 # # 1 1 
S 0 0 0 1 1 0 H 1 1 
1 # 0 F 0 H # 0 1 1 
1 # 0 0 F # 1 # G 1 
1 F 1 F 0 H F # 1 1 
1 0 0 0 H 0 F 0 1 1 
1 0 H 0 0 0 F 1 1 1 
1 1 1 1 1 1 1 1 1 1 
PL74 PU77 p52 T7

Map8
1 1 S 1 1 1 1 1 
1 0 0 1 # 0 0 1 
1 0 1 0 1 0 0 1 
1 H 0 0 0 1 0 G 
1 H 0 # 0 # 0 1 
1 F 1 0 0 0 # 1 
1 1 # 1 0 H 0 1 
1 1 1 1 1 1 1 1 
PU21 PL61 p62 T7

Map8
1 1 1 1 1 1 1 1 
1 0 # 0 0 1 0 S 
1 0 0 1 0 0 H 1 
1 # 0 0 H 0 0 1 
1 0 0 0 0 # H 1 
1 0 0 # 0 0 0 1 
1 0 0 H 0 0 0 1 
1 1 1 1 G 1 1 1 
PU55 PR61 p14 T7

Map8
1 1 1 1 1 1 1 1 
1 0 0 0 1 H 0 1 
1 0 F 0 0 1 0 1 
S 0 F 0 # 0 0 1 
1 1 0 1 H 1 1 1 
G 0 0 0 # 0 1 1 
1 0 0 0 0 0 0 1 
1 1 1 1 1 1 1 1 
PR12 PR25 p33 T8

Map8
1 1 1 1 1 1 1 1 
1 1 # 1 0 0 H 1 
1 1 # 0 1 0 F S 
1 H 0 # 0 1 0 1 
1 # 1 0 H F H 1 
1 # H 0 0 F 1 1 
1 0 0 # 0 F F G 
1 1 1 1 1 1 1 1 
PU23 PR41 p51 T7

Map8
1 1 1 1 1 1 1 1 
1 F 0 0 0 0 0 1 
1 0 F 0 0 0 F 1 
S 0 1 0 # 0 F 1 
1 1 1 0 1 H 0 G 
1 0 1 0 0 # 0 1 
1 0 0 0 0 0 0 1 
1 1 1 1 1 1 1 1 
PU46 PD12 p65 T8

Map8
1 1 1 1 1 1 1 1 
1 0 1 1 0 H 0 1 
1 H 0 0 1 0 F 1 
1 0 0 1 H H 0 G 
1 0 # 0 F 0 0 1 
1 0 0 0 0 0 # 1 
1 F 0 0 1 1 1 1 
1 1 S 1 1 1 1 1 
PU15 PD61 d64 T13

Map8
1 1 1 1 G 1 1 1 
1 1 1 0 0 1 0 1 
1 0 0 1 # 1 0 1 
1 0 F 0 0 1 0 1 
1 0 0 # H 0 0 1 
1 # # H 0 0 0 1 
1 H # 0 0 1 0 1 
1 1 1 1 S 1 1 1 
PD24 PD46 p14 T7

Map8
1 S 1 1 1 1 1 1 
1 0 0 F 1 0 # 1 
1 0 # 0 0 1 0 1 
1 H 0 0 0 # # 1 
1 0 0 0 H 0 # G 
1 1 1 F 0 0 1 1 
1 1 0 H 0 1 H 1 
1 1 1 1 1 1 1 1 
PL32 PU12 p24 T7

Map8
1 1 1 1 1 1 1 1 
1 # # F 0 0 F 1 
1 0 H 0 0 0 0 1 
1 0 1 1 1 0 F 1 
1 0 1 0 0 0 0 1 
S 0 0 1 0 0 1 1 
1 # F 0 0 1 0 G 
1 1 1 1 1 1 1 1 
PR66 PU55 p44 T8

Map8
1 G 1 1 1 1 1 1 
1 # 0 0 # 0 H 1 
1 1 1 0 0 H # 1 
S F # 0 F 0 # 1 
1 H F # 0 0 1 1 
1 0 # 1 F 0 1 1 
1 H 1 0 0 # 0 1 
1 1 1 1 1 1 1 1 
PR15 PD33 p36 T11

Map8
1 1 1 G 1 1 1 1 
1 0 0 0 0 # 0 1 
S 0 H H # H 0 1 
1 0 0 0 0 0 H 1 
1 0 1 0 # 0 0 1 
1 # 0 0 0 0 0 1 
1 0 0 0 # 0 # 1 
1 1 1 1 1 1 1 1 
PD53 PL12 p41 T8

Map8
1 1 1 1 1 1 1 1 
1 1 0 0 0 H 0 1 
1 # H 0 # 0 0 1 
1 0 0 0 # 1 0 G 
S 0 0 # 0 0 H 1 
1 0 # 0 # 0 0 1 
1 # 0 0 # 0 0 1 
1 1 1 1 1 1 1 1 
PR63 PR24 p66 T7

Map8
1 1 1 1 1 1 1 1 
1 F H 0 # 0 # 1 
1 # 0 # # 0 0 1 
1 0 F 0 1 0 # 1 
1 0 F 1 1 # 0 G 
1 F # 0 0 1 0 1 
1 F 0 0 0 0 1 1 
1 1 1 1 S 1 1 1 
PL56 PU52 p65 T8

Map8
1 1 G 1 1 1 S 1 
1 0 0 1 0 H # 1 
1 H 0 0 0 0 0 1 
1 1 H 0 0 0 0 1 
1 0 1 0 0 0 1 1 
1 0 0 0 0 0 0 1 
1 1 0 H 1 1 H 1 
1 1 1 1 1 1 1 1 
PR11 PD33 p43 T7

Map8
1 1 1 1 1 1 1 1 
1 H # 0 0 0 0 1 
G 0 H F 0 0 # S 
1 0 # 0 F 0 0 1 
1 # 0 0 0 0 0 1 
1 0 1 0 # # F 1 
1 0 1 1 0 0 0 1 
1 1 1 1 1 1 1 1 
PU52 PL12 p41 T7

Map8
1 1 1 1 1 G 1 1 
1 0 0 0 1 # 0 1 
1 # 0 # F # 0 1 
1 1 H 1 1 1 # 1 
1 H F 0 H 0 1 1 
1 0 0 0 0 H 0 1 
1 0 1 # # 0 # 1 
1 1 1 1 S 1 1 1 
PR22 PL45 p34 T9

Map8
1 1 1 1 1 1 1 1 
1 0 0 0 0 F 0 S 
1 1 # 0 0 # F 1 
1 0 # H 1 F 0 1 
1 0 H 0 0 0 0 G 
1 0 # 0 H H 0 1 
1 F 0 0 H # 0 1 
1 1 1 1 1 1 1 1 
PD63 PL31 p21 T7

Map8
1 1 1 1 1 1 G 1 
1 0 H 0 0 0 F 1 
S 0 0 0 0 H 0 1 
1 0 # # 1 0 # 1 
1 0 F # H 0 H 1 
1 0 0 1 0 # F 1 
1 1 1 1 # 0 # 1 
1 1 1 1 1 1 1 1 
PU62 PR22 p31 T9

Map8
1 1 1 1 1 1 1 1 
S 0 F 1 0 H 0 1 
1 0 0 0 H 0 0 1 
1 1 0 0 0 0 0 1 
1 0 0 H 0 0 0 1 
1 0 1 0 F 1 0 1 
G 0 0 H 0 0 0 1 
1 1 1 1 1 1 1 1 
PR52 PL11 p62 T8

Map8
1 1 1 1 S 1 1 1 
1 0 0 1 # # 0 1 
1 # 0 F 1 0 H 1 
1 0 0 H 0 0 1 1 
G # H 0 F H 1 1 
1 1 0 F 0 0 # 1 
1 0 # F F 0 1 1 
1 1 1 1 1 1 1 1 
PU22 PU52 p61 T8

Map8
1 1 G 1 1 1 1 1 
1 0 # 1 0 1 F 1 
1 H 0 0 1 0 0 1 
1 # 1 0 0 H # 1 
S # 0 0 0 H H 1 
1 0 H 1 0 1 0 1 
1 0 0 0 0 0 # 1 
1 1 1 1 1 1 1 1 
PR11 PR24 p36 T9

Map8
1 1 S 1 1 1 1 1 
1 H F 0 0 # 1 1 
1 0 # # 0 0 F 1 
1 0 # 1 0 0 0 1 
1 0 1 0 # 0 0 1 
1 1 H # H H 0 1 
1 H 0 0 1 # 0 G 
1 1 1 1 1 1 1 1 
PD12 PL54 p13 T10

Map8
1 1 1 1 1 1 1 1 
1 0 0 # 0 H # G 
1 # 0 F 0 F # 1 
1 F # F 0 # 1 1 
1 0 0 0 0 H 0 S 
1 H H 0 # 0 0 1 
1 0 F 0 # 0 0 1 
1 1 1 1 1 1 1 1 
PR64 PL41 p36 T9

Map8
1 S 1 1 1 1 1 1 
1 0 F 0 0 F 0 1 
1 F 0 0 0 0 H 1 
1 H 1 0 0 0 # 1 
1 0 # 0 0 0 # G 
1 0 # # # # # 1 
1 0 F 0 0 0 H 1 
1 1 1 1 1 1 1 1 
PU11 PU36 p15 T7

Map8
1 1 1 1 1 1 1 1 
1 0 1 0 0 0 # 1 
G 0 0 1 F 0 0 1 
1 0 1 0 # 0 0 1 
1 H H 0 0 # 0 1 
S 0 0 1 0 0 H 1 
1 # 0 # 0 1 0 1 
1 1 1 1 1 1 1 1 
PU13 PR31 p41 T7

Map8
1 1 1 1 1 1 1 1 
1 0 H 0 0 0 0 1 
1 0 # 0 # 0 0 1 
1 1 H 0 # 1 0 1 
S # 0 # # 0 H 1 
1 F F 1 # 0 0 G 
1 1 1 1 H # 0 1 
1 1 1 1 1 1 1 1 
PD61 PD54 p62 T8

Map8
1 1 G 1 S 1 1 1 
1 # F H 0 0 1 1 
1 0 0 0 0 0 0 1 
1 0 0 0 H 0 F 1 
1 H 1 0 1 0 0 1 
1 F 0 0 0 0 0 1 
1 1 0 0 0 0 0 1 
1 1 1 1 1 1 1 1 
PD62 PL42 u22 T7

Map8
1 1 1 1 1 1 1 1 
1 0 0 0 1 0 H 1 
1 F 0 0 0 0 H 1 
1 0 0 0 # 0 0 1 
1 0 0 0 1 1 0 G 
1 0 0 1 0 1 1 1 
1 0 1 0 0 # 0 1 
1 1 1 1 S 1 1 1 
PU25 PR36 p24 T7

Map8
1 1 1 1 1 1 1 1 
1 # 0 H 1 0 # 1 
1 0 1 0 0 1 0 G 
1 # H 1 # 0 F 1 
1 0 # 0 0 0 F 1 
S 0 0 0 0 # H 1 
1 1 0 # 0 0 0 1 
1 1 1 1 1 1 1 1 
PR62 PR35 p46 T8

Map8
1 1 1 1 1 1 1 1 
1 0 0 0 0 0 0 1 
1 0 0 0 1 1 F 1 
1 0 # 0 0 0 H 1 
1 0 H 0 F 0 0 1 
1 H 0 0 1 1 0 G 
1 0 # 0 0 1 1 1 
1 S 1 1 1 1 1 1 
PL41 PD16 p33 T7

Map8
1 1 G 1 1 1 1 1 
1 H 0 0 1 0 0 1 
1 0 0 0 1 0 0 1 
S 0 1 0 0 0 0 1 
1 0 0 # 0 0 0 1 
1 0 H F 0 # 0 1 
1 0 0 1 F 1 0 1 
1 1 1 1 1 1 1 1 
PD12 PD54 p33 T11

Map8
1 1 1 1 1 1 1 1 
1 0 F 0 0 # 0 S 
1 0 1 0 0 1 0 1 
1 H 0 0 # 0 0 1 
1 1 0 0 0 1 0 1 
1 0 # 0 H 0 0 1 
1 0 0 0 F # 0 1 
1 1 1 1 1 G 1 1 
PR41 PR24 u66 T10

Map8
1 1 1 1 1 G 1 1 
1 0 1 # 1 0 # 1 
1 1 0 0 # 0 0 1 
1 0 H 0 0 0 0 1 
1 # 0 0 # 1 0 1 
1 0 0 0 0 0 0 1 
S F 0 H 0 0 1 1 
1 1 1 1 1 1 1 1 
PL65 PL26 p55 T7

Map8
1 1 1 G 1 1 1 1 
1 1 0 0 0 0 0 1 
S # 0 H 0 H 0 1 
1 0 # 0 0 F F 1 
1 1 0 0 0 0 0 1 
1 1 0 0 F F 0 1 
1 1 0 0 0 0 0 1 
1 1 1 1 1 1 1 1 
PU13 PD22 p41 T7

Map8
1 1 1 1 1 1 1 1 
1 1 0 F 1 0 H 1 
1 0 0 # 0 1 0 1 
1 0 0 0 0 F 0 G 
1 1 1 0 0 0 0 1 
1 # # F # 0 H 1 
1 1 F 0 0 0 1 1 
1 1 1 1 1 S 1 1 
PR54 PR36 p64 T9

Map8
1 S 1 1 1 1 1 1 
1 0 F 0 # 1 0 1 
1 1 F 0 H # 0 1 
1 1 # 0 # H F 1 
1 H 1 0 # 0 0 1 
G 0 # 1 1 H 0 1 
1 0 # 0 F F 0 1 
1 1 1 1 1 1 1 1 
PL31 PR34 p36 T7

Map8
1 1 1 1 1 1 1 1 
1 0 0 H 1 H H 1 
1 # 0 0 H 0 0 1 
1 0 0 0 0 0 H 1 
1 0 0 0 0 0 0 1 
1 0 # 0 # 0 1 1 
1 0 F 0 0 1 0 1 
1 1 G 1 1 1 S 1 
PD66 PU15 p44 T7

Map8
1 1 1 1 1 1 1 1 
1 1 H 0 F 0 0 1 
1 1 0 0 H 0 # G 
1 0 0 1 F 0 H 1 
1 0 0 F 1 H 1 1 
1 0 0 F 1 # 0 1 
1 1 0 0 0 0 0 S 
1 1 1 1 1 1 1 1 
PU53 PL23 r52 T7

Map8
1 1 1 1 1 1 1 1 
1 1 1 F F 0 F S 
1 0 0 1 0 H 0 1 
1 0 0 0 0 0 # 1 
1 H 0 0 0 0 0 G 
1 0 0 H 0 0 0 1 
1 H 0 0 0 0 0 1 
1 1 1 1 1 1 1 1 
PR51 PL43 p36 T8

Map8
1 1 1 1 1 1 1 1 
G 0 H 0 0 0 0 1 
1 0 1 0 0 0 0 1 
1 1 H F 0 0 0 S 
1 0 F F 1 0 1 1 
1 F 0 0 0 0 1 1 
1 0 1 0 0 1 0 1 
1 1 1 1 1 1 1 1 
PU12 PU43 p51 T9

Map8
1 1 1 1 1 1 1 1 
G # # 0 0 # 0 1 
1 0 # H 0 0 1 1 
1 H 1 1 1 1 # 1 
S 0 0 F 0 0 0 1 
1 0 0 0 0 0 H 1 
1 0 1 0 # 1 F 1 
1 1 1 1 1 1 1 1 
PD35 PU12 p44 T8

Map8
1 1 1 1 1 1 1 1 
1 # 1 0 0 0 # 1 
G 0 1 F 0 0 0 1 
1 F # 0 1 1 0 1 
1 1 0 H F # F 1 
1 # # H 1 0 0 1 
1 0 0 0 0 0 H 1 
1 1 1 1 1 S 1 1 
PU62 PL12 u26 T9

Map8
1 1 1 1 S 1 1 1 
1 0 # H # 0 0 1 
G 0 # # 1 0 0 1 
1 0 0 # # 1 0 1 
1 0 1 1 # # F 1 
1 1 0 1 F 0 0 1 
1 H 0 0 0 H 1 1 
1 1 1 1 1 1 1 1 
PR13 PR55 p65 T9

Map8
1 1 1 1 1 1 1 1 
1 0 H 0 0 0 0 1 
G 0 H F H 0 1 1 
1 0 # 0 0 F # 1 
1 # 0 # 0 0 0 1 
1 H F # F 0 # 1 
1 0 0 F H 0 0 1 
1 S 1 1 1 1 1 1 
PD54 PD16 p13 T7

Map8
1 1 1 1 1 1 1 1 
1 0 0 H H 0 0 1 
G 0 0 0 0 0 0 1 
1 0 1 H 1 1 0 1 
1 0 0 0 H 1 1 1 
1 0 0 0 0 0 0 1 
1 0 0 1 0 0 0 1 
1 1 1 1 S 1 1 1 
PL45 PU66 p13 T8

Map8
1 1 1 1 1 1 1 1 
G 0 0 0 F 0 0 1 
1 H 0 0 # # 0 1 
1 1 0 0 1 1 1 1 
1 1 H # H 0 0 1 
1 0 # H 0 0 0 1 
1 0 0 0 0 0 0 1 
1 1 1 1 1 1 S 1 
PU22 PU65 p66 T7

Map8
1 1 1 1 1 1 1 1 
1 0 0 H 0 0 0 1 
1 0 0 0 0 0 0 1 
1 0 0 0 0 0 0 1 
1 0 0 H 0 0 0 1 
1 0 0 1 0 H 0 S 
1 0 H 0 0 0 0 1 
1 1 1 1 1 1 G 1 
PU13 PR65 p32 T7

Map8
1 1 1 1 1 1 1 1 
1 0 H F H # 1 1 
1 F 1 0 1 0 0 G 
1 0 0 0 0 0 H 1 
1 1 0 0 F 0 0 1 
1 0 1 0 0 1 0 1 
1 F 0 0 0 0 0 1 
1 1 1 1 1 S 1 1 
PD23 PD64 p53 T7

Map8
1 S 1 1 1 1 1 1 
1 0 F # 1 0 0 1 
1 0 0 # 0 0 H 1 
1 H # 0 0 1 0 1 
1 0 0 0 # 0 0 1 
G # 0 0 0 # 0 1 
1 H 0 H 0 0 # 1 
1 1 1 1 1 1 1 1 
PR12 PL35 p34 T7

Map8
1 1 1 1 G 1 1 1 
1 0 H F # # 0 1 
1 H F H 0 0 # 1 
1 H 0 0 F 0 0 1 
1 0 0 H 0 0 0 1 
1 0 # F 0 0 0 S 
1 0 0 # 1 0 0 1 
1 1 1 1 1 1 1 1 
PL24 PD55 p14 T8
