Map8
1 1 1 1 G 1 1 1 
1 1 0 0 0 1 0 1 
1 0 # F 0 0 0 1 
1 H 0 0 F F 0 1 
1 H 0 H 0 0 H 1 
1 0 0 # # 0 0 1 
S 0 0 F H 0 0 1 
1 1 1 1 1 1 1 1 
PL16 PD54 p15 T8

Map8
1 1 1 S 1 1 1 1 
1 # 0 0 0 # # 1 
1 0 0 # 0 0 0 1 
1 0 # 0 H 0 0 G 
1 0 # 1 0 0 # 1 
1 H H 0 0 0 0 1 
1 0 0 0 # 0 0 1 
1 1 1 1 1 1 1 1 
PL41 PL54 T9

Map8
1 1 1 1 1 G 1 1 
1 F 0 0 H 0 0 1 
1 0 0 0 # 1 # 1 
1 0 0 0 # 0 H 1 
1 0 0 0 1 0 0 1 
1 0 # 0 # 1 0 S 
1 0 # 0 # 0 # 1 
1 1 1 1 1 1 1 1 
PL36 PU51 T7

Map8
1 1 1 1 1 G 1 1 
1 0 0 1 0 # F 1 
1 1 0 0 F 0 # 1 
1 0 1 1 0 1 1 1 
1 F H 0 0 0 # 1 
1 0 0 0 # # # 1 
1 0 0 0 1 0 # 1 
1 1 1 1 1 1 S 1 
PU52 PL54 T9

Map8
1 1 1 1 1 1 S 1 
1 0 0 1 0 H 0 1 
1 0 0 H 0 0 1 1 
1 1 0 0 0 0 0 G 
1 0 0 0 0 1 0 1 
1 0 1 0 0 0 0 1 
1 0 0 0 0 1 0 1 
1 1 1 1 1 1 1 1 
PL44 PU61 T7

Map8
1 1 1 1 1 S 1 1 
1 0 1 0 0 F 0 1 
1 H # # 0 0 0 1 
1 0 0 # # 0 0 1 
1 0 # 1 F # 1 1 
1 1 1 F 0 1 # 1 
1 0 0 0 0 F # 1 
1 1 1 1 G 1 1 1 
PR53 PL41 T7

Map8
1 1 1 1 S 1 1 1 
1 0 0 1 0 0 # 1 
1 F H 0 # F 0 1 
1 0 0 # 1 # 0 1 
1 0 1 # 0 # 0 1 
1 F # 1 F 1 # 1 
1 0 0 0 0 1 0 1 
1 1 G 1 1 1 1 1 
PR32 PR36 T9

Map8
1 1 1 1 1 1 1 1 
1 # 0 0 0 0 0 G 
1 0 # H 0 0 H 1 
S 0 H 0 0 0 0 1 
1 0 0 0 0 0 0 1 
1 0 0 0 0 0 0 1 
1 0 1 0 0 0 0 1 
1 1 1 1 1 1 1 1 
PL13 PD54 T7

Map8
1 1 1 1 1 1 1 1 
1 # 0 H 1 0 1 1 
G # # 1 0 0 0 1 
1 0 0 1 0 0 0 1 
1 H 0 0 # 0 # 1 
1 F 0 # 0 0 F 1 
1 F 1 F 0 0 # 1 
1 1 1 1 1 1 S 1 
PL62 PR13 T8

Map8
1 1 1 1 1 1 1 1 
1 1 0 F 0 1 0 S 
1 F H 1 0 1 1 1 
1 0 F 0 0 0 0 1 
1 0 0 0 0 0 1 1 
1 0 0 H 0 0 0 1 
1 0 0 0 0 0 0 1 
1 1 1 G 1 1 1 1 
PR61 PU46 T10

Map8
1 1 S 1 1 1 1 1 
1 0 0 0 0 H 0 1 
1 1 1 H H H 0 1 
1 0 0 0 0 0 0 1 
1 0 0 H 0 0 0 1 
1 0 1 0 1 0 0 1 
1 0 # 0 0 0 0 1 
1 1 1 1 G 1 1 1 
PL31 PL36 T7

Map8
1 1 1 1 1 1 1 1 
1 # 0 0 1 0 0 1 
1 1 0 # 0 # 0 1 
1 F 0 1 0 1 # 1 
1 F # 0 1 0 0 1 
1 0 0 0 # 0 0 1 
S 0 1 # 0 # F 1 
1 1 1 G 1 1 1 1 
PU65 PD15 T10

Map8
1 1 1 1 1 1 1 1 
1 H H 0 # 1 # 1 
1 1 0 0 # 0 H 1 
S 0 0 0 1 0 1 1 
1 0 0 H 0 0 0 1 
1 0 0 0 0 0 1 1 
1 0 0 F 0 H 0 1 
1 1 1 1 G 1 1 1 
PU14 PU55 T9

Map8
1 1 1 1 1 1 S 1 
1 0 # 1 1 0 0 1 
1 # # 0 F 0 # 1 
1 1 0 H 0 0 0 G 
1 # 0 F 1 F # 1 
1 # 0 1 0 0 0 1 
1 # 0 0 0 1 0 1 
1 1 1 1 1 1 1 1 
PL52 PU65 T9

Map8
1 1 1 1 1 1 1 1 
1 1 0 1 F F 0 S 
1 0 0 0 1 H 0 1 
1 # 1 0 0 F # G 
1 # 1 0 0 F 0 1 
1 0 0 0 0 # 0 1 
1 H 0 0 0 0 1 1 
1 1 1 1 1 1 1 1 
PL35 PR61 T9

Map8
1 1 1 1 G 1 1 1 
1 0 1 0 0 # H 1 
1 0 0 0 1 0 0 1 
1 0 0 0 1 0 0 1 
1 H 0 H 1 H 0 1 
S 0 0 0 0 1 0 1 
1 1 0 0 0 1 # 1 
1 1 1 1 1 1 1 1 
PL62 PD31 T9

Map8
1 1 1 S 1 1 1 1 
1 0 # 0 1 1 0 1 
1 H 0 # 0 1 # 1 
1 0 # # H 1 # G 
1 0 0 1 1 0 0 1 
1 0 0 # 1 0 0 1 
1 0 # 0 0 0 0 1 
1 1 1 1 1 1 1 1 
PL64 PD61 T9

Map8
1 1 1 S 1 1 1 1 
1 0 # 0 0 0 1 1 
1 0 # H H 0 H 1 
1 0 1 H # 1 0 1 
1 # # 0 0 # F 1 
1 H 0 0 # 0 1 1 
1 1 0 0 1 0 0 1 Map8
1 1 1 1 1 1 1 1 
1 1 1 G 1 1 1 1 
1 1 F 0 0 # 0 1 
1 1 0 0 0 0 0 1 
1 1 0 1 1 H F 1 
1 1 0 0 F 0 0 1 
1 1 # 0 0 F 0 S 
1 1 1 1 1 1 1 1 
PU32 PU24 T8

Map8
1 1 1 1 1 1 1 1 
1 1 F F 0 0 0 1 
1 1 0 0 0 1 0 1 
1 1 0 0 1 0 0 G 
1 1 0 0 1 0 1 1 
1 1 0 F 0 0 # 1 
1 1 1 S 1 1 1 1 
1 1 1 1 1 1 1 1 
PR22 PL33 T8

Map8
1 1 1 1 1 1 1 1 
1 1 1 1 1 1 1 1 
1 # H 0 0 0 1 1 
1 0 # 0 F 0 S 1 
1 0 H 0 0 0 G 1 
1 0 0 0 0 0 1 1 
1 0 0 1 0 0 1 1 
1 1 1 1 1 1 1 1 
PL55 PD25 T8

Map8
1 1 1 1 1 1 1 1 
1 1 S 1 1 1 1 1 
1 0 0 # 0 0 1 1 
1 0 0 0 0 0 1 1 
1 1 H 0 0 F 1 1 
1 0 # 0 # 0 1 1 
1 0 # 0 F F 1 1 
1 1 G 1 1 1 1 1 
PL23 PD35 T8

Map8
1 1 1 1 1 1 1 1 
1 G 0 0 1 0 0 1 
1 1 0 0 H 0 # 1 
1 1 1 0 0 0 0 1 
1 S F 0 H 0 0 1 
1 1 0 0 0 0 0 1 
1 1 1 1 1 1 1 1 
1 1 1 1 1 1 1 1 
PL34 PD54 T8

Map8
1 1 1 1 G 1 1 1 
1 1 H 0 # 1 H 1 
1 1 1 0 H 1 0 S 
1 1 # 0 0 0 0 1 
1 1 0 0 0 0 1 1 
1 1 F 0 0 # 0 1 
1 1 1 1 1 1 1 1 
1 1 1 1 1 1 1 1 
PD43 PU35 T8

Map8
1 1 1 1 1 1 1 1 
1 1 1 1 1 1 1 1 
1 1 0 0 H 0 # 1 
1 1 # 0 0 0 F S 
1 1 0 0 0 1 F 1 
1 1 0 # 0 0 0 1 
1 1 F 0 # 1 # G 
1 1 1 1 1 1 1 1 
PU24 PL44 T8

Map8
1 1 1 1 1 G 1 1 
1 H 0 0 0 0 1 1 
1 # F 0 F H 1 1 
1 # 0 F 0 0 1 1 
1 0 H 0 1 0 S 1 
1 # F # 0 0 1 1 
1 1 1 1 1 1 1 1 
1 1 1 1 1 1 1 1 
PR45 PL23 T8

Map8
1 1 1 1 1 1 1 1 
1 0 1 F # 0 S 1 
1 0 1 0 0 0 1 1 
1 0 0 0 0 # 1 1 
1 # # 0 # 0 1 1 
1 0 0 0 H 0 1 1 
1 1 G 1 1 1 1 1 
1 1 1 1 1 1 1 1 
PR51 PU15 T8

Map8
1 S 1 1 1 1 1 1 
1 0 0 0 0 # 1 1 
1 # H 0 0 0 1 1 
1 # 1 # 0 0 1 1 
1 0 0 0 0 0 1 1 
1 F F # 0 0 1 1 
1 1 1 1 G 1 1 1 
1 1 1 1 1 1 1 1 
PD54 PR14 T9

Map8
1 1 1 1 1 1 1 1 
1 1 1 1 1 G 1 1 
1 1 0 0 0 0 0 1 
1 1 0 # 0 0 0 1 
1 S 0 0 F 0 H 1 
1 1 0 0 0 0 0 1 
1 1 0 0 0 H 0 1 
1 1 1 1 1 1 1 1 
PL34 PD42 T9

Map8
1 1 1 1 1 1 1 1 
1 1 1 S 1 1 1 1 
1 0 0 0 H 0 1 1 
1 0 0 H 0 0 1 1 
1 0 0 0 0 0 1 1 
1 0 0 0 0 0 1 1 
1 0 1 0 0 H 1 1 
1 1 1 G 1 1 1 1 
PU32 PU55 T10

Map8
1 1 1 1 1 1 1 1 
1 0 H H 0 0 1 1 
1 0 0 1 0 0 1 1 
1 0 0 1 0 0 1 1 
1 0 0 0 1 0 S 1 
G 0 0 0 0 1 1 1 
1 1 1 1 1 1 1 1 
1 1 1 1 1 1 1 1 
PU52 PU35 T9

Map8
1 1 1 1 1 1 1 1 
1 1 1 1 1 1 1 1 
1 0 0 1 F 0 1 1 
1 0 0 0 0 F 1 1 
1 H 0 F 0 0 1 1 
1 # 1 0 0 0 1 1 
1 0 # # F 1 1 1 
1 S G 1 1 1 1 1 
PU13 PD16 T9

Map8
1 1 1 1 1 1 1 1 
1 1 1 1 G 1 1 1 
1 1 0 # 0 # 1 1 
1 1 0 F 0 F 0 1 
1 1 0 0 # 0 F 1 
1 1 # 0 F 0 0 1 
1 1 0 0 1 # 0 1 
1 1 1 1 1 1 S 1 
PR34 PD54 T10

Map8
1 1 1 1 1 1 1 1 
1 1 0 H 0 # 0 1 
1 1 0 # 1 0 0 1 
1 1 0 0 1 0 # 1 
1 G # 1 0 0 0 1 
1 1 1 0 0 0 # S 
1 1 1 1 1 1 1 1 
1 1 1 1 1 1 1 1 
PR22 PU62 T11

Map8
1 1 1 1 1 1 1 1 
1 1 0 0 1 0 0 1 
1 1 0 0 F 0 # 1 
1 1 1 1 H # F 1 
1 1 0 F 1 F 0 S 
1 1 0 F 0 0 0 1 
1 1 1 1 1 1 G 1 
1 1 1 1 1 1 1 1 
PR64 PU22 T9

Map8
1 1 1 1 1 1 1 1 
1 1 1 1 1 1 1 1 
1 F 0 0 0 1 1 1 
1 0 0 0 0 H 1 1 
1 F 1 0 1 0 G 1 
1 0 H 0 0 0 1 1 
1 0 0 0 0 0 1 1 
1 1 1 1 1 S 1 1 
PL26 PR54 T9

Map8
1 1 1 1 1 1 1 1 
1 1 0 0 F 0 1 1 
S 0 1 # 0 0 1 1 
1 0 0 # # 1 1 1 
1 F 0 1 # 0 1 1 
1 0 0 F 0 0 1 1 
1 1 G 1 1 1 1 1 
1 1 1 1 1 1 1 1 
PD23 PR42 T11

Map8
1 1 1 1 S 1 1 1 
1 1 0 0 0 0 0 1 
1 1 0 # 0 0 1 1 
1 1 1 # 0 H # 1 
1 1 0 # 0 1 0 G 
1 1 0 0 F 0 0 1 
1 1 1 1 1 1 1 1 
1 1 1 1 1 1 1 1 
PD42 PR64 T9

Map8
1 1 1 1 1 1 1 1 
1 1 1 1 1 1 1 1 
1 1 0 1 0 0 0 1 
1 1 0 0 0 0 0 1 
1 1 0 0 1 F 0 S 
1 1 1 0 0 H # 1 
1 1 # 0 # 0 0 1 
1 1 G 1 1 1 1 1 
PR64 PU53 T9

Map8
1 1 1 1 1 1 1 1 
1 1 1 1 1 1 1 1 
1 0 0 1 # # 1 1 
G 0 1 0 0 0 1 1 
1 1 0 0 0 0 1 1 
1 0 0 0 F 1 1 1 
1 0 0 0 0 # 1 1 
1 S 1 1 1 1 1 1 
PL13 PR36 T9

Map8
1 1 1 1 1 1 1 1 
1 1 1 G 1 1 1 1 
1 0 F 0 F 0 S 1 
1 F 0 F 0 # 1 1 
1 # 0 0 # F 1 1 
1 F 0 1 0 0 1 1 
1 0 # 1 0 0 1 1 
1 1 1 1 1 1 1 1 
PD24 PR43 T9

Map8
1 1 1 1 1 1 1 1 
S 0 0 1 0 0 1 1 
1 1 0 0 # 0 1 1 
1 0 0 0 1 # G 1 
1 0 H 0 0 F 1 1 
1 0 0 # 0 0 1 1 
1 1 1 1 1 1 1 1 
1 1 1 1 1 1 1 1 
PU52 PR23 T10

Map8
1 1 1 1 1 1 1 1 
1 1 1 1 1 1 1 1 
1 1 0 0 1 0 # 1 
1 1 H F H # 0 G 
1 1 1 0 # 0 # 1 
1 1 0 # 1 0 0 1 
1 S 0 0 H 0 0 1 
1 1 1 1 1 1 1 1 
PU36 PD54 T9

Map8
1 1 1 1 1 1 1 1 
1 1 1 1 1 1 1 1 
1 0 1 0 1 H 1 1 
1 0 0 0 0 0 1 1 
1 0 H 1 0 0 S 1 
1 1 0 0 # 0 1 1 
1 0 0 H # # 1 1 
1 G 1 1 1 1 1 1 
PR33 PR54 T9

Map8
1 1 1 1 G 1 1 1 
1 1 0 0 0 0 0 1 
1 1 0 H 1 0 0 1 
1 1 # H # 0 1 1 
1 1 F 0 0 0 0 S 
1 1 0 0 H 0 0 1 
1 1 1 1 1 1 1 1 
1 1 1 1 1 1 1 1 
PR51 PD34 T11

Map8
1 1 1 1 1 1 1 1 
1 1 1 1 1 1 1 1 
1 0 0 H # 0 S 1 
1 0 0 0 0 # 1 1 
1 1 F 1 # 0 1 1 
G 0 0 H 0 1 1 1 
1 # 0 F 0 0 1 1 
1 1 1 1 1 1 1 1 
PU25 PR52 T10

Map8
1 1 1 1 1 G 1 1 
1 1 0 0 0 0 0 1 
1 1 0 0 0 0 0 1 
1 1 0 1 0 H 1 1 
1 1 0 # 0 0 0 1 
1 1 H 0 0 0 0 1 
1 1 1 1 1 S 1 1 
1 1 1 1 1 1 1 1 
PR54 PL42 T9

Map8
1 1 1 1 1 1 1 1 
1 G 0 H 0 0 # 1 
1 1 0 # # # 0 1 
1 1 0 0 0 0 0 1 
1 1 H 0 # 0 0 1 
1 1 0 0 0 H 0 1 
1 1 1 S 1 1 1 1 
1 1 1 1 1 1 1 1 
PD63 PR33 T9

Map8
1 1 1 1 1 1 1 1 
1 1 1 1 1 1 1 1 
1 0 0 0 0 F 1 1 
1 0 0 0 # 1 1 1 
1 1 0 0 H H 1 1 
G 0 0 # 0 0 1 1 
1 0 0 1 F 0 1 1 
1 1 1 1 S 1 1 1 
PR33 PD45 T9

Map8
1 1 1 1 1 1 1 1 
1 1 1 1 1 1 1 1 
1 S 0 1 1 0 0 1 
1 G 0 0 # 0 0 1 
1 1 # 1 F 0 F 1 
1 1 0 0 0 0 0 1 
1 1 F 0 # 0 0 1 
1 1 1 1 1 1 1 1 
PU25 PR56 T10

Map8
1 G 1 1 1 1 1 1 
1 0 H 0 0 # 1 1 
1 0 # 0 0 H 1 1 
1 1 0 # 0 0 1 1 
1 1 0 0 1 H 1 1 
1 0 0 0 # 0 1 1 
1 1 S 1 1 1 1 1 
1 1 1 1 1 1 1 1 
PD25 PR31 T9

Map8
1 1 1 1 1 1 1 1 
1 1 # 0 0 # 1 1 
1 0 0 1 0 0 1 1 
1 # 0 0 # 0 1 1 
1 0 H F H 0 S 1 
1 0 1 0 0 0 1 1 
1 1 1 1 1 G 1 1 
1 1 1 1 1 1 1 1 
PR54 PL23 T10

Map8
1 1 1 1 G 1 1 1 
S 0 0 0 0 H 1 1 
1 0 0 F F 0 1 1 
1 1 0 1 0 0 1 1 
1 0 1 0 0 0 1 1 
1 0 0 0 0 1 1 1 
1 1 1 1 1 1 1 1 
1 1 1 1 1 1 1 1 
PU41 PD43 T9

Map8
1 1 1 1 1 1 1 1 
1 0 0 1 0 0 1 1 
1 0 0 H 0 0 S 1 
G 0 0 0 1 H 1 1 
1 0 0 0 1 0 1 1 
1 0 0 0 0 # 1 1 
1 1 1 1 1 1 1 1 
1 1 1 1 1 1 1 1 
PU42 PD24 T9

Map8
1 1 1 1 1 1 1 1 
1 1 1 1 1 1 1 1 
1 0 F 0 1 0 1 1 
1 0 0 0 0 0 1 1 
1 1 0 1 1 0 S 1 
1 0 0 0 H 0 1 1 
1 0 # 0 0 0 1 1 
1 1 1 G 1 1 1 1 
PU13 PR46 T9

Map8
1 1 1 1 1 1 1 1 
1 1 1 1 1 1 1 1 
1 1 1 # 0 0 # 1 
1 1 0 0 F 0 0 1 
1 1 # H 0 0 0 G 
1 1 0 0 0 F # 1 
1 1 0 0 1 1 # 1 
1 1 1 S 1 1 1 1 
PR35 PU63 T9

Map8
1 1 1 1 1 1 1 1 
1 S 1 1 1 1 1 1 
1 0 1 # 0 F 1 1 
1 H 0 F 0 1 1 1 
1 # 0 # F H 1 1 
1 # 0 0 0 # 1 1 
1 1 0 1 F F 1 1 
1 1 G 1 1 1 1 1 
PU12 PR35 T9

Map8
1 1 1 1 1 1 1 1 
1 1 1 1 G 1 1 1 
1 1 0 0 0 0 0 1 
1 1 1 # F 0 0 1 
1 1 H # 1 0 0 1 
1 1 0 H 0 H 1 1 
1 1 # 0 0 0 0 1 
1 1 1 1 S 1 1 1 
PR52 PL56 T10


1 1 1 1 1 1 G 1 
PL34 PU31 T9

Map8
1 1 1 1 1 1 1 1 
1 1 0 0 1 0 0 1 
1 0 0 0 F 1 0 1 
G 0 0 1 0 0 0 1 
1 1 1 0 1 0 0 1 
1 0 0 0 0 F 0 1 
1 0 H 0 0 0 0 1 
1 1 1 S 1 1 1 1 
PU32 PU66 T9

Map8
1 G 1 1 1 1 1 1 
1 # 0 0 0 # 0 1 
1 H 1 1 0 0 0 1 
1 1 0 1 0 # F 1 
1 0 0 0 H 0 # 1 
1 # 0 # 0 1 0 1 
1 F 1 0 0 H F 1 
1 S 1 1 1 1 1 1 
PR42 PR14 T9

Map8
1 1 1 1 1 1 1 1 
1 0 0 F 0 F # 1 
1 0 0 0 # 0 # G 
1 # 1 0 1 # 1 1 
1 F 0 0 0 1 0 S 
1 F F 0 1 0 # 1 
1 0 # 1 0 # 0 1 
1 1 1 1 1 1 1 1 
PL22 PL66 T9

Map8
1 1 1 1 1 1 1 1 
1 1 1 G 1 1 1 1 
1 1 F 0 0 # 0 1 
1 1 0 0 0 0 0 1 
1 1 0 1 1 H F 1 
1 1 0 0 F 0 0 1 
1 1 # 0 0 F 0 S 
1 1 1 1 1 1 1 1 
PU32 PU24 T8

Map8
1 1 1 1 1 1 1 1 
1 1 F F 0 0 0 1 
1 1 0 0 0 1 0 1 
1 1 0 0 1 0 0 G 
1 1 0 0 1 0 1 1 
1 1 0 F 0 0 # 1 
1 1 1 S 1 1 1 1 
1 1 1 1 1 1 1 1 
PR22 PL33 T8

Map8
1 1 1 1 1 1 1 1 
1 1 1 1 1 1 1 1 
1 # H 0 0 0 1 1 
1 0 # 0 F 0 S 1 
1 0 H 0 0 0 G 1 
1 0 0 0 0 0 1 1 
1 0 0 1 0 0 1 1 
1 1 1 1 1 1 1 1 
PL55 PD25 T8

Map8
1 1 1 1 1 1 1 1 
1 1 S 1 1 1 1 1 
1 0 0 # 0 0 1 1 
1 0 0 0 0 0 1 1 
1 1 H 0 0 F 1 1 
1 0 # 0 # 0 1 1 
1 0 # 0 F F 1 1 
1 1 G 1 1 1 1 1 
PL23 PD35 T8

Map8
1 1 1 1 1 1 1 1 
1 G 0 0 1 0 0 1 
1 1 0 0 H 0 # 1 
1 1 1 0 0 0 0 1 
1 S F 0 H 0 0 1 
1 1 0 0 0 0 0 1 
1 1 1 1 1 1 1 1 
1 1 1 1 1 1 1 1 
PL34 PD54 T8

Map8
1 1 1 1 G 1 1 1 
1 1 H 0 # 1 H 1 
1 1 1 0 H 1 0 S 
1 1 # 0 0 0 0 1 
1 1 0 0 0 0 1 1 
1 1 F 0 0 # 0 1 
1 1 1 1 1 1 1 1 
1 1 1 1 1 1 1 1 
PD43 PU35 T8

Map8
1 1 1 1 1 1 1 1 
1 1 1 1 1 1 1 1 
1 1 0 0 H 0 # 1 
1 1 # 0 0 0 F S 
1 1 0 0 0 1 F 1 
1 1 0 # 0 0 0 1 
1 1 F 0 # 1 # G 
1 1 1 1 1 1 1 1 
PU24 PL44 T8

Map8
1 1 1 1 1 G 1 1 
1 H 0 0 0 0 1 1 
1 # F 0 F H 1 1 
1 # 0 F 0 0 1 1 
1 0 H 0 1 0 S 1 
1 # F # 0 0 1 1 
1 1 1 1 1 1 1 1 
1 1 1 1 1 1 1 1 
PR45 PL23 T8

Map8
1 1 1 1 1 1 1 1 
1 0 1 F # 0 S 1 
1 0 1 0 0 0 1 1 
1 0 0 0 0 # 1 1 
1 # # 0 # 0 1 1 
1 0 0 0 H 0 1 1 
1 1 G 1 1 1 1 1 
1 1 1 1 1 1 1 1 
PR51 PU15 T8

Map8
1 S 1 1 1 1 1 1 
1 0 0 0 0 # 1 1 
1 # H 0 0 0 1 1 
1 # 1 # 0 0 1 1 
1 0 0 0 0 0 1 1 
1 F F # 0 0 1 1 
1 1 1 1 G 1 1 1 
1 1 1 1 1 1 1 1 
PD54 PR14 T9

Map8
1 1 1 1 1 1 1 1 
1 1 1 1 1 G 1 1 
1 1 0 0 0 0 0 1 
1 1 0 # 0 0 0 1 
1 S 0 0 F 0 H 1 
1 1 0 0 0 0 0 1 
1 1 0 0 0 H 0 1 
1 1 1 1 1 1 1 1 
PL34 PD42 T9

Map8
1 1 1 1 1 1 1 1 
1 1 1 S 1 1 1 1 
1 0 0 0 H 0 1 1 
1 0 0 H 0 0 1 1 
1 0 0 0 0 0 1 1 
1 0 0 0 0 0 1 1 
1 0 1 0 0 H 1 1 
1 1 1 G 1 1 1 1 
PU32 PU55 T10

Map8
1 1 1 1 1 1 1 1 
1 0 H H 0 0 1 1 
1 0 0 1 0 0 1 1 
1 0 0 1 0 0 1 1 
1 0 0 0 1 0 S 1 
G 0 0 0 0 1 1 1 
1 1 1 1 1 1 1 1 
1 1 1 1 1 1 1 1 
PU52 PU35 T9

Map8
1 1 1 1 1 1 1 1 
1 1 1 1 1 1 1 1 
1 0 0 1 F 0 1 1 
1 0 0 0 0 F 1 1 
1 H 0 F 0 0 1 1 
1 # 1 0 0 0 1 1 
1 0 # # F 1 1 1 
1 S G 1 1 1 1 1 
PU13 PD16 T9

Map8
1 1 1 1 1 1 1 1 
1 1 1 1 G 1 1 1 
1 1 0 # 0 # 1 1 
1 1 0 F 0 F 0 1 
1 1 0 0 # 0 F 1 
1 1 # 0 F 0 0 1 
1 1 0 0 1 # 0 1 
1 1 1 1 1 1 S 1 
PR34 PD54 T10

Map8
1 1 1 1 1 1 1 1 
1 1 0 H 0 # 0 1 
1 1 0 # 1 0 0 1 
1 1 0 0 1 0 # 1 
1 G # 1 0 0 0 1 
1 1 1 0 0 0 # S 
1 1 1 1 1 1 1 1 
1 1 1 1 1 1 1 1 
PR22 PU62 T11

Map8
1 1 1 1 1 1 1 1 
1 1 0 0 1 0 0 1 
1 1 0 0 F 0 # 1 
1 1 1 1 H # F 1 
1 1 0 F 1 F 0 S 
1 1 0 F 0 0 0 1 
1 1 1 1 1 1 G 1 
1 1 1 1 1 1 1 1 
PR64 PU22 T9

Map8
1 1 1 1 1 1 1 1 
1 1 1 1 1 1 1 1 
1 F 0 0 0 1 1 1 
1 0 0 0 0 H 1 1 
1 F 1 0 1 0 G 1 
1 0 H 0 0 0 1 1 
1 0 0 0 0 0 1 1 
1 1 1 1 1 S 1 1 
PL26 PR54 T9

Map8
1 1 1 1 1 1 1 1 
1 1 0 0 F 0 1 1 
S 0 1 # 0 0 1 1 
1 0 0 # # 1 1 1 
1 F 0 1 # 0 1 1 
1 0 0 F 0 0 1 1 
1 1 G 1 1 1 1 1 
1 1 1 1 1 1 1 1 
PD23 PR42 T11

Map8
1 1 1 1 S 1 1 1 
1 1 0 0 0 0 0 1 
1 1 0 # 0 0 1 1 
1 1 1 # 0 H # 1 
1 1 0 # 0 1 0 G 
1 1 0 0 F 0 0 1 
1 1 1 1 1 1 1 1 
1 1 1 1 1 1 1 1 
PD42 PR64 T9

Map8
1 1 1 1 1 1 1 1 
1 1 1 1 1 1 1 1 
1 1 0 1 0 0 0 1 
1 1 0 0 0 0 0 1 
1 1 0 0 1 F 0 S 
1 1 1 0 0 H # 1 
1 1 # 0 # 0 0 1 
1 1 G 1 1 1 1 1 
PR64 PU53 T9

Map8
1 1 1 1 1 1 1 1 
1 1 1 1 1 1 1 1 
1 0 0 1 # # 1 1 
G 0 1 0 0 0 1 1 
1 1 0 0 0 0 1 1 
1 0 0 0 F 1 1 1 
1 0 0 0 0 # 1 1 
1 S 1 1 1 1 1 1 
PL13 PR36 T9

Map8
1 1 1 1 1 1 1 1 
1 1 1 G 1 1 1 1 
1 0 F 0 F 0 S 1 
1 F 0 F 0 # 1 1 
1 # 0 0 # F 1 1 
1 F 0 1 0 0 1 1 
1 0 # 1 0 0 1 1 
1 1 1 1 1 1 1 1 
PD24 PR43 T9

Map8
1 1 1 1 1 1 1 1 
S 0 0 1 0 0 1 1 
1 1 0 0 # 0 1 1 
1 0 0 0 1 # G 1 
1 0 H 0 0 F 1 1 
1 0 0 # 0 0 1 1 
1 1 1 1 1 1 1 1 
1 1 1 1 1 1 1 1 
PU52 PR23 T10

Map8
1 1 1 1 1 1 1 1 
1 1 1 1 1 1 1 1 
1 1 0 0 1 0 # 1 
1 1 H F H # 0 G 
1 1 1 0 # 0 # 1 
1 1 0 # 1 0 0 1 
1 S 0 0 H 0 0 1 
1 1 1 1 1 1 1 1 
PU36 PD54 T9

Map8
1 1 1 1 1 1 1 1 
1 1 1 1 1 1 1 1 
1 0 1 0 1 H 1 1 
1 0 0 0 0 0 1 1 
1 0 H 1 0 0 S 1 
1 1 0 0 # 0 1 1 
1 0 0 H # # 1 1 
1 G 1 1 1 1 1 1 
PR33 PR54 T9

Map8
1 1 1 1 G 1 1 1 
1 1 0 0 0 0 0 1 
1 1 0 H 1 0 0 1 
1 1 # H # 0 1 1 
1 1 F 0 0 0 0 S 
1 1 0 0 H 0 0 1 
1 1 1 1 1 1 1 1 
1 1 1 1 1 1 1 1 
PR51 PD34 T11

Map8
1 1 1 1 1 1 1 1 
1 1 1 1 1 1 1 1 
1 0 0 H # 0 S 1 
1 0 0 0 0 # 1 1 
1 1 F 1 # 0 1 1 
G 0 0 H 0 1 1 1 
1 # 0 F 0 0 1 1 
1 1 1 1 1 1 1 1 
PU25 PR52 T10

Map8
1 1 1 1 1 G 1 1 
1 1 0 0 0 0 0 1 
1 1 0 0 0 0 0 1 
1 1 0 1 0 H 1 1 
1 1 0 # 0 0 0 1 
1 1 H 0 0 0 0 1 
1 1 1 1 1 S 1 1 
1 1 1 1 1 1 1 1 
PR54 PL42 T9

Map8
1 1 1 1 1 1 1 1 
1 G 0 H 0 0 # 1 
1 1 0 # # # 0 1 
1 1 0 0 0 0 0 1 
1 1 H 0 # 0 0 1 
1 1 0 0 0 H 0 1 
1 1 1 S 1 1 1 1 
1 1 1 1 1 1 1 1 
PD63 PR33 T9

Map8
1 1 1 1 1 1 1 1 
1 1 1 1 1 1 1 1 
1 0 0 0 0 F 1 1 
1 0 0 0 # 1 1 1 
1 1 0 0 H H 1 1 
G 0 0 # 0 0 1 1 
1 0 0 1 F 0 1 1 
1 1 1 1 S 1 1 1 
PR33 PD45 T9

Map8
1 1 1 1 1 1 1 1 
1 1 1 1 1 1 1 1 
1 S 0 1 1 0 0 1 
1 G 0 0 # 0 0 1 
1 1 # 1 F 0 F 1 
1 1 0 0 0 0 0 1 
1 1 F 0 # 0 0 1 
1 1 1 1 1 1 1 1 
PU25 PR56 T10

Map8
1 G 1 1 1 1 1 1 
1 0 H 0 0 # 1 1 
1 0 # 0 0 H 1 1 
1 1 0 # 0 0 1 1 
1 1 0 0 1 H 1 1 
1 0 0 0 # 0 1 1 
1 1 S 1 1 1 1 1 
1 1 1 1 1 1 1 1 
PD25 PR31 T9

Map8
1 1 1 1 1 1 1 1 
1 1 # 0 0 # 1 1 
1 0 0 1 0 0 1 1 
1 # 0 0 # 0 1 1 
1 0 H F H 0 S 1 
1 0 1 0 0 0 1 1 
1 1 1 1 1 G 1 1 
1 1 1 1 1 1 1 1 
PR54 PL23 T10

Map8
1 1 1 1 G 1 1 1 
S 0 0 0 0 H 1 1 
1 0 0 F F 0 1 1 
1 1 0 1 0 0 1 1 
1 0 1 0 0 0 1 1 
1 0 0 0 0 1 1 1 
1 1 1 1 1 1 1 1 
1 1 1 1 1 1 1 1 
PU41 PD43 T9

Map8
1 1 1 1 1 1 1 1 
1 0 0 1 0 0 1 1 
1 0 0 H 0 0 S 1 
G 0 0 0 1 H 1 1 
1 0 0 0 1 0 1 1 
1 0 0 0 0 # 1 1 
1 1 1 1 1 1 1 1 
1 1 1 1 1 1 1 1 
PU42 PD24 T9

Map8
1 1 1 1 1 1 1 1 
1 1 1 1 1 1 1 1 
1 0 F 0 1 0 1 1 
1 0 0 0 0 0 1 1 
1 1 0 1 1 0 S 1 
1 0 0 0 H 0 1 1 
1 0 # 0 0 0 1 1 
1 1 1 G 1 1 1 1 
PU13 PR46 T9

Map8
1 1 1 1 1 1 1 1 
1 1 1 1 1 1 1 1 
1 1 1 # 0 0 # 1 
1 1 0 0 F 0 0 1 
1 1 # H 0 0 0 G 
1 1 0 0 0 F # 1 
1 1 0 0 1 1 # 1 
1 1 1 S 1 1 1 1 
PR35 PU63 T9

Map8
1 1 1 1 1 1 1 1 
1 S 1 1 1 1 1 1 
1 0 1 # 0 F 1 1 
1 H 0 F 0 1 1 1 
1 # 0 # F H 1 1 
1 # 0 0 0 # 1 1 
1 1 0 1 F F 1 1 
1 1 G 1 1 1 1 1 
PU12 PR35 T9

Map8
1 1 1 1 1 1 1 1 
1 1 1 1 G 1 1 1 
1 1 0 0 0 0 0 1 
1 1 1 # F 0 0 1 
1 1 H # 1 0 0 1 
1 1 0 H 0 H 1 1 
1 1 # 0 0 0 0 1 
1 1 1 1 S 1 1 1 
PR52 PL56 T10

