Map8+6
1 1 1 1 1 G 1 1 
1 0 # 0 0 # 1 1 
1 0 0 0 0 # 0 1 
1 0 1 0 0 # F 1 
1 1 0 # 1 1 0 1 
S 0 0 0 0 0 H 1 
1 0 0 0 # 0 1 1 
1 1 1 1 1 1 1 1 
L25 T8

Map
1 1 1 1 1 1 1 1 
1 1 0 0 0 0 0 1 
1 0 0 1 H 0 0 1 
1 0 0 0 0 1 0 1 
1 0 0 0 0 0 0 1 
1 0 0 0 H 0 1 1 
1 0 H 0 0 1 0 1 
1 S 1 G 1 1 1 1 
L24 T8

Map
1 1 1 1 1 1 1 1 
1 1 0 0 # 0 0 1 
G # H 0 0 0 0 1 
1 0 0 0 0 # F 1 
1 0 0 0 0 F 0 1 
1 0 1 0 0 0 0 1 
1 0 0 1 0 0 0 1 
1 1 1 1 1 1 S 1 
D65 T8

Map
1 1 1 1 1 S 1 1 
1 0 # 0 0 0 0 1 
1 F 0 0 0 0 0 1 
1 0 F 0 0 0 0 1 
1 H # 0 0 # 1 1 
1 # # # 0 H 0 1 
1 # 0 0 0 0 F 1 
1 G 1 1 1 1 1 1 
R41 T8

Map
1 1 1 G 1 1 1 1 
1 0 0 0 0 0 0 1 
1 0 0 0 0 0 0 1 
1 0 0 0 0 0 1 1 
1 0 F 0 F 0 1 1 
1 0 H 1 0 # 0 1 
S 0 0 0 1 H 0 1 
1 1 1 1 1 1 1 1 
L22 T8

Map
1 S 1 1 1 1 1 1 
1 0 0 1 # # 1 1 
1 0 # 1 0 1 # 1 
1 0 0 0 0 0 1 1 
1 0 0 0 H 0 0 1 
1 # 0 F # 0 0 1 
1 0 0 0 0 F 0 1 
1 1 1 G 1 1 1 1 
L26 T8

Map
1 1 1 1 1 1 1 1 
1 H 0 0 0 0 0 S 
1 0 0 0 1 0 0 1 
1 0 0 0 # 1 0 1 
1 0 0 0 0 0 0 1 
1 0 0 0 0 0 1 1 
1 1 0 0 0 0 F 1 
1 1 G 1 1 1 1 1 
R21 T8

Map
1 1 1 S 1 G 1 1 
1 1 0 F 0 # 0 1 
1 0 0 0 0 0 0 1 
1 0 # 0 # 0 0 1 
1 # 0 0 # F 0 1 
1 0 # 0 0 0 0 1 
1 0 0 # H 0 0 1 
1 1 1 1 1 1 1 1 
L41 T8

Map
1 1 1 1 1 G 1 1 
1 # 0 0 0 0 0 1 
1 0 0 0 0 0 0 1 
1 1 0 0 0 # H 1 
1 # 0 0 1 1 0 1 
1 # 0 # 1 0 0 S 
1 0 0 0 0 0 F 1 
1 1 1 1 1 1 1 1 
L41 T11

Map
1 1 1 1 1 1 1 1 
1 0 0 # 1 0 0 1 
1 0 0 0 0 0 # 1 
1 0 0 0 # 0 0 1 
1 0 0 # H 0 0 1 
1 0 0 0 0 0 0 1 
1 0 F 0 0 0 0 S 
1 1 1 1 G 1 1 1 
R56 T8

Map
1 1 1 1 1 1 1 1 
1 0 0 0 0 0 1 1 
1 0 0 0 0 0 0 1 
1 H 0 0 0 0 0 1 
1 0 0 0 0 0 0 1 
1 0 0 0 F 0 0 1 
1 0 0 0 0 0 0 1 
1 1 1 G 1 S 1 1 
R41 T8

Map
1 1 1 1 1 1 1 1 
1 # 0 F # 1 1 1 
1 F 0 F 0 0 0 1 
1 0 0 0 F 0 0 1 
1 # 0 0 0 0 1 1 
1 0 0 0 1 0 0 1 
1 0 0 # 1 0 F G 
1 1 1 S 1 1 1 1 
D33 T8

Map
1 1 1 1 1 1 1 1 
1 0 0 0 F 0 0 S 
1 0 0 0 1 1 0 1 
1 0 1 0 0 0 0 G 
1 0 0 0 1 # 0 1 
1 # 0 0 0 0 0 1 
1 0 # 1 0 0 0 1 
1 1 1 1 1 1 1 1 
U32 T8

Map
1 1 1 1 1 1 1 1 
1 0 1 0 0 1 0 1 
1 0 # 0 0 0 0 1 
1 1 # 0 F 0 F 1 
1 0 0 0 0 F 0 1 
1 0 0 F 0 0 F 1 
G 0 1 0 0 F 0 S 
1 1 1 1 1 1 1 1 
D45 T8

Map
1 1 1 1 1 1 1 1 
1 0 0 0 1 0 0 1 
1 0 0 0 H 0 0 1 
1 0 F 0 0 1 0 1 
1 1 0 0 0 0 0 1 
1 0 0 0 0 # 0 1 
S 0 0 0 0 F 0 1 
1 1 1 1 G 1 1 1 
U36 T8

Map
1 1 1 1 1 1 1 1 
1 0 F F # 0 # 1 
1 0 # 0 0 0 0 1 
G 0 # F # 1 0 S 
1 0 0 1 # 0 0 1 
1 0 0 0 0 1 0 1 
1 0 0 0 1 0 1 1 
1 1 1 1 1 1 1 1 
U42 T10

Map
1 1 1 1 1 1 1 1 
1 0 0 0 0 # 0 1 
G 0 # # 0 0 0 1 
1 0 1 1 0 0 1 1 
1 1 0 0 0 0 F 1 
1 0 0 0 1 0 0 1 
S 0 1 0 0 0 0 1 
1 1 1 1 1 1 1 1 
U55 T8

Map
1 1 1 1 1 1 1 1 
1 0 0 # 0 0 0 1 
1 0 0 0 # H 0 1 
1 0 0 0 0 # # 1 
1 0 0 0 0 0 0 1 
1 0 0 0 0 0 1 1 
1 0 0 0 0 H # 1 
1 1 S G 1 1 1 1 
L24 T8

Map
1 1 1 1 1 1 1 1 
1 0 0 H 0 1 0 1 
1 0 0 1 0 0 0 1 
G 0 0 1 F 0 1 1 
1 0 # # 0 0 # 1 
1 0 0 0 H F 0 1 
1 0 # 0 0 # 0 1 
1 S 1 1 1 1 1 1 
D14 T8

Map
1 1 1 1 1 G 1 1 
S # 0 0 0 0 # 1 
1 # 0 # 0 0 0 1 
1 0 0 0 0 1 0 1 
1 0 0 0 0 0 0 1 
1 F 0 0 0 H F 1 
1 # 0 0 0 1 F 1 
1 1 1 1 1 1 1 1 
L41 T8

Map
1 1 1 1 S 1 1 1 
1 1 # 1 0 0 0 1 
1 0 F 0 0 0 0 1 
1 0 F 0 H F 1 1 
1 0 # 0 0 0 0 1 
G 0 F 0 0 1 0 1 
1 H # 1 1 # 0 1 
1 1 1 1 1 1 1 1 
U42 T10

Map
1 1 1 1 S 1 1 1 
1 F 1 0 0 0 0 1 
1 0 F 0 0 0 F 1 
1 # 0 0 0 0 F 1 
1 F 0 # 0 # 0 1 
1 0 0 0 0 # F 1 
1 0 # 0 0 F 0 1 
1 1 G 1 1 1 1 1 
R36 T8

Map
1 1 S 1 1 1 1 1 
1 0 0 0 0 0 0 1 
1 0 0 0 0 0 0 1 
1 0 0 1 H 0 0 1 
1 0 0 0 0 0 0 1 
1 1 0 0 0 0 F 1 
1 0 1 0 0 0 1 1 
1 1 1 1 1 G 1 1 
L41 T8

Map
1 1 1 1 1 1 1 1 
G 0 F 0 1 0 H 1 
1 1 0 F F 0 0 1 
1 0 F 0 1 0 1 1 
1 1 0 0 0 0 0 1 
1 H 0 1 0 0 0 1 
1 0 F 0 0 0 0 1 
1 1 1 1 1 S 1 1 
R13 T8

Map
1 1 1 1 1 1 1 1 
1 1 0 0 0 # 0 1 
1 0 0 0 0 0 # 1 
1 0 0 0 0 1 H 1 
1 0 1 F 0 0 0 1 
1 0 F # # 0 0 1 
1 0 0 0 0 0 0 1 
1 1 1 S 1 G 1 1 
L46 T12

Map
1 1 1 1 1 1 1 1 
1 1 0 0 # F F 1 
G 0 F 0 F 0 # 1 
1 0 0 0 0 1 F 1 
1 # 0 0 0 # 1 1 
S F # 0 # 0 F 1 
1 # 0 F 0 0 1 1 
1 1 1 1 1 1 1 1 
D24 T10

Map
1 1 1 1 1 1 1 1 
1 0 0 0 0 0 1 1 
1 0 1 0 0 0 0 S 
1 # 0 1 0 0 0 1 
1 0 0 F # 0 0 G 
1 0 0 1 0 0 0 1 
1 F 0 0 0 0 0 1 
1 1 1 1 1 1 1 1 
U63 T8

Map
1 1 1 1 1 1 S 1 
1 0 0 0 0 0 # 1 
1 1 0 F 0 0 # 1 
1 1 H 0 0 F 1 1 
1 0 H 1 # 0 H 1 
1 # 0 # 0 F 1 1 
1 0 0 0 0 0 F 1 
1 G 1 1 1 1 1 1 
R51 T8

Map
1 1 1 1 1 S 1 1 
1 0 0 0 0 0 0 1 
1 0 0 0 # # # 1 
1 # 0 1 1 1 0 1 
1 0 1 0 0 0 1 1 
1 # 0 0 # 0 0 1 
1 0 0 0 0 0 0 1 
1 1 1 G 1 1 1 1 
L25 T8

Map
1 1 1 1 S 1 1 1 
1 # 0 1 0 # 0 1 
1 F 0 # 0 0 F 1 
1 0 0 0 0 0 0 1 
1 0 0 F 0 0 F 1 
1 F 0 0 0 0 0 1 
1 0 # 1 0 0 0 1 
1 1 G 1 1 1 1 1 
U42 T9

Map
1 1 1 1 1 1 1 1 
1 H # 0 0 0 0 1 
1 # # # 0 0 F 1 
1 H F 0 F # 1 1 
S 0 0 0 # 0 0 1 
1 0 F F 0 0 0 1 
1 1 1 0 0 1 # 1 
1 1 1 G 1 1 1 1 
L34 T8

Map
1 1 1 1 1 1 1 1 
S 0 0 0 1 1 0 G 
1 0 0 F 0 # F 1 
1 0 0 0 0 0 0 1 
1 F 0 # H 0 0 1 
1 0 0 1 # 0 0 1 
1 0 0 1 # # # 1 
1 1 1 1 1 1 1 1 
U22 T8

Map
1 1 G 1 1 S 1 1 
1 0 0 # 0 F 0 1 
1 F 0 0 0 0 F 1 
1 0 0 # 0 1 0 1 
1 0 # 1 0 0 F 1 
1 0 1 0 # # 0 1 
1 0 F 0 0 # 1 1 
1 1 1 1 1 1 1 1 
D11 T8

Map
1 1 1 1 1 1 1 1 
1 # 0 1 0 0 F 1 
1 0 0 # 0 0 1 1 
1 1 0 0 F 0 0 1 
1 F F F # 0 0 G 
1 # 0 0 0 0 0 1 
1 0 0 # F # 0 S 
1 1 1 1 1 1 1 1 
D55 T10

Map
1 1 1 1 1 1 S 1 
1 0 0 0 # 0 0 1 
1 0 0 0 0 0 0 1 
1 0 0 # 1 0 0 G 
1 1 0 0 0 1 # 1 
1 0 0 # 0 1 0 1 
1 0 0 0 0 0 0 1 
1 1 1 1 1 1 1 1 
D51 T11

Map
1 1 1 1 1 1 S 1 
1 0 # 0 1 0 0 1 
1 F F 0 0 0 0 1 
1 # 0 0 0 0 0 1 
G 0 0 0 0 H 0 1 
1 # 0 0 0 0 0 1 
1 0 # # # 0 1 1 
1 1 1 1 1 1 1 1 
D35 T9

Map
1 1 1 G 1 1 1 1 
1 0 0 0 0 0 0 1 
1 1 1 0 0 # 0 1 
1 0 0 0 0 # 1 1 
1 0 0 H 0 0 0 S 
1 0 # 0 0 0 # 1 
1 0 F 0 # 0 # 1 
1 1 1 1 1 1 1 1 
R44 T10

Map
1 1 1 1 1 1 1 1 
1 # 0 0 # 0 F 1 
1 # 0 0 0 0 0 G 
1 0 0 0 0 1 # S 
1 0 0 0 0 # F 1 
1 0 0 # 0 0 0 1 
1 0 0 0 1 0 0 1 
1 1 1 1 1 1 1 1 
D13 T10

Map
1 1 G 1 1 1 1 1 
1 0 0 0 0 0 0 1 
1 0 0 0 1 0 0 1 
1 1 0 # F 0 0 1 
1 0 H 0 0 1 0 1 
1 F 0 0 0 0 0 1 
1 0 1 # 0 0 0 1 
1 1 1 1 S 1 1 1 
R34 T10

Map
1 1 G 1 1 1 1 1 
1 0 0 0 # 0 0 S 
1 F 0 F 0 0 0 1 
1 0 1 0 1 H 0 1 
1 0 # 0 F 0 0 1 
1 0 F 0 0 0 0 1 
1 1 0 0 0 F 0 1 
1 1 1 1 1 1 1 1 
R31 T8

Map
1 1 1 1 1 1 1 1 
1 0 0 0 0 0 0 1 
1 1 H 1 0 0 0 1 
1 0 0 H 0 F 0 G 
1 1 0 0 # 0 1 1 
1 0 0 0 0 0 0 1 
1 0 0 0 1 0 F 1 
1 1 1 1 1 1 S 1 
R24 T9

Map
1 1 S 1 1 1 1 1 
1 0 0 # F 0 0 1 
1 # 0 0 0 F 0 1 
1 # F # 0 0 1 1 
1 0 1 F F 0 0 1 
1 1 # 0 0 0 # 1 
G 0 0 1 F F 0 1 
1 1 1 1 1 1 1 1 
U22 T8

Map
1 1 1 1 1 1 1 1 
S 0 0 0 0 0 0 1 
1 0 F 0 0 0 0 1 
1 0 0 0 H 0 0 G 
1 H H 0 0 0 0 1 
1 0 0 F 0 0 0 1 
1 0 F 0 0 0 1 1 
1 1 1 1 1 1 1 1 
U52 T8

Map
1 1 1 1 1 1 1 1 
1 1 H 0 # 0 0 1 
1 0 0 F 0 0 0 1 
1 0 0 1 # # 0 1 
1 0 0 H 0 0 1 1 
1 0 # # 0 0 0 1 
1 0 0 1 0 1 # 1 
1 1 S 1 G 1 1 1 
L23 T8

Map
1 1 1 1 1 1 1 1 
1 0 1 0 0 H 0 1 
1 0 H 0 0 0 0 1 
1 1 # 1 0 0 0 1 
1 0 0 0 0 1 0 1 
1 0 0 0 1 H 0 G 
1 0 0 0 0 0 1 1 
1 1 S 1 1 1 1 1 
D25 T10

Map
1 1 1 1 1 1 S 1 
1 0 0 # 1 0 0 1 
1 0 # 0 0 0 0 1 
1 0 F 0 H 0 # 1 
1 0 0 0 0 1 1 1 
1 0 0 0 F 0 1 1 
1 0 0 0 0 0 0 1 
1 1 1 1 1 1 G 1 
R53 T8

Map
1 1 1 1 1 1 1 1 
1 F 0 F 0 1 F 1 
G 0 0 0 0 0 F 1 
1 F # # 1 0 # 1 
1 0 0 1 0 1 1 1 
1 0 0 0 0 0 # 1 
1 0 0 0 0 0 0 1 
1 S 1 1 1 1 1 1 
D15 T8

Map
1 1 1 1 1 1 S 1 
1 0 F 0 1 0 0 1 
1 0 0 0 0 0 0 1 
1 H 0 0 H F H 1 
1 1 0 0 0 H F 1 
G # 0 1 # 1 # 1 
1 # 0 1 0 0 0 1 
1 1 1 1 1 1 1 1 
L62 T11

Map
1 1 1 1 S 1 1 1 
1 1 0 0 0 # 0 1 
1 0 0 0 0 F # 1 
1 1 # 0 0 0 # 1 
1 0 0 0 F 0 1 1 
G 0 0 0 0 0 0 1 
1 0 0 # H 0 0 1 
1 1 1 1 1 1 1 1 
U43 T8

Map
1 1 1 1 G 1 1 1 
1 1 F H 0 0 0 1 
1 0 F 0 0 0 0 1 
1 1 0 0 0 0 0 1 
1 0 0 0 0 0 0 1 
1 0 0 0 F 0 0 1 
1 F 0 0 1 0 0 1 
1 1 1 1 1 1 S 1 
R54 T8

Map
1 1 1 1 1 1 S 1 
1 0 0 0 0 0 0 1 
1 0 1 1 1 0 0 1 
1 0 0 0 0 # 0 1 
1 0 0 0 0 0 0 1 
1 0 0 1 1 0 0 1 
1 1 0 0 0 0 0 1 
1 1 1 1 G 1 1 1 
R56 T8

Map
1 G 1 1 1 1 1 1 
1 # 0 # F 0 F 1 
1 0 0 0 0 0 F 1 
1 0 0 0 0 # # 1 
1 1 0 F 1 H 0 1 
1 # 0 0 0 # 1 1 
1 0 0 0 # 0 0 1 
1 1 1 1 1 S 1 1 
R45 T8

Map
1 S 1 1 1 1 1 1 
1 0 0 0 0 # # 1 
1 F 0 F F 0 # G 
1 0 1 F # 0 0 1 
1 0 0 0 0 0 # 1 
1 0 0 0 F F # 1 
1 # 0 1 0 F 0 1 
1 1 1 1 1 1 1 1 
D63 T9

Map
1 1 1 G 1 1 1 1 
S # 0 F 0 0 # 1 
1 0 # 0 0 0 F 1 
1 F 1 0 0 0 0 1 
1 0 0 1 # 0 1 1 
1 0 0 # 1 # 0 1 
1 0 # # 0 0 0 1 
1 1 1 1 1 1 1 1 
L21 T10

Map
1 1 1 1 1 1 1 1 
1 0 0 0 0 H # 1 
1 0 0 0 0 0 1 1 
1 1 0 0 0 0 0 1 
1 0 H 0 0 0 0 S 
1 0 H 0 0 0 0 1 
1 0 0 0 0 0 0 1 
1 1 1 1 1 G 1 1 
R34 T8

Map
1 1 1 1 1 1 1 1 
1 0 0 # 0 0 0 1 
S 0 1 0 F 0 0 1 
1 0 1 0 0 0 0 1 
G 0 0 1 0 0 0 1 
1 0 0 0 0 0 1 1 
1 0 1 0 0 0 0 1 
1 1 1 1 1 1 1 1 
U13 T10

Map
1 1 1 1 1 1 1 1 
1 0 H 0 0 # 0 S 
1 0 F # 0 # 0 1 
1 0 H 0 0 0 0 1 
1 0 0 # 0 0 0 1 
1 0 # 0 0 0 0 1 
1 # # 1 0 # 0 1 
1 1 G 1 1 1 1 1 
R41 T8

Map
1 G 1 1 1 S 1 1 
1 F 1 1 0 0 0 1 
1 0 0 # F 0 F 1 
1 0 # # 0 0 0 1 
1 1 F # F H 0 1 
1 # 0 1 0 1 1 1 
1 0 F 0 0 0 F 1 
1 1 1 1 1 1 1 1 
U52 T9

Map
1 S 1 1 1 1 1 1 
1 0 0 0 0 0 0 1 
1 0 0 0 0 0 0 1 
1 0 0 H 0 0 0 G 
1 1 0 0 0 F 0 1 
1 0 F 0 0 1 0 1 
1 0 0 0 0 0 0 1 
1 1 1 1 1 1 1 1 
U42 T10

Map
1 1 1 G 1 1 1 1 
1 1 0 0 0 F 0 1 
1 0 # 0 # 0 # 1 
1 1 0 # 0 0 0 1 
1 0 0 0 0 0 0 S 
1 0 # 1 0 # 0 1 
1 0 0 # 1 0 0 1 
1 1 1 1 1 1 1 1 
R44 T8

Map
1 1 1 1 1 1 1 1 
1 0 0 0 H 1 0 1 
1 F 0 0 0 0 F 1 
1 0 0 0 H H 0 1 
1 # 0 0 0 0 1 1 
1 0 1 0 0 0 0 1 
1 # 0 0 0 0 0 1 
1 1 G 1 S 1 1 1 
R36 T8

Map
1 1 1 1 1 1 1 1 
1 0 0 F F F 0 1 
1 0 1 0 0 0 0 1 
G 0 0 0 1 0 0 1 
1 0 1 0 0 0 0 1 
1 0 0 0 0 0 0 S 
1 0 0 1 0 F 0 1 
1 1 1 1 1 1 1 1 
D14 T8

Map
1 1 1 1 S 1 1 1 
1 0 0 0 F 0 0 1 
1 1 0 0 0 F 0 1 
1 1 0 0 0 0 F 1 
1 0 0 0 0 F 0 1 
1 0 1 0 0 0 F 1 
1 0 0 0 0 0 0 1 
1 1 1 1 1 G 1 1 
L46 T8

Map
1 1 1 1 1 1 1 1 
1 0 1 0 0 0 0 1 
1 0 0 0 1 0 0 1 
G 0 0 1 0 0 0 1 
1 0 0 0 0 0 0 1 
1 0 0 F 0 0 F 1 
1 0 0 0 0 1 0 1 
1 S 1 1 1 1 1 1 
D14 T10

Map
1 1 1 1 1 G 1 1 
1 0 0 0 0 0 F 1 
1 0 0 # 0 0 0 1 
1 0 0 # 1 0 0 1 
1 0 0 F 1 0 0 1 
1 0 # # 0 0 0 1 
1 0 0 0 0 # 0 1 
1 1 1 S 1 1 1 1 
L63 T8

Map
1 G 1 1 1 1 1 1 
1 0 0 0 F H 1 1 
1 F 0 0 # 0 0 1 
1 0 1 0 0 0 0 1 
1 1 F F F H 1 1 
1 0 F 0 F # 0 1 
1 0 0 0 0 0 0 S 
1 1 1 1 1 1 1 1 
R46 T8

Map
1 1 1 1 1 1 1 1 
S 0 1 0 0 0 0 1 
1 0 # 0 1 0 # 1 
1 0 0 1 0 H 0 1 
1 0 1 1 0 0 H 1 
1 # # 0 0 0 0 1 
1 0 0 0 0 # 0 1 
1 1 1 1 G 1 1 1 
U36 T9

Map
1 1 G 1 1 1 1 1 
1 0 0 F 1 0 0 1 
1 1 0 1 # 0 F 1 
1 0 0 0 0 0 0 1 
1 0 # 0 0 F 0 1 
1 # 0 0 # 1 0 1 
1 0 1 0 0 0 0 1 
1 1 1 1 S 1 1 1 
R33 T8

Map
1 1 1 1 1 1 1 1 
1 0 # # # 0 0 1 
1 0 0 F 0 0 0 S 
1 0 1 F # F 0 G 
1 0 0 0 0 F 0 1 
1 0 0 0 # 0 0 1 
1 0 F 0 0 1 F 1 
1 1 1 1 1 1 1 1 
U42 T8

Map
1 1 1 1 1 1 1 1 
1 0 # 0 0 0 1 1 
1 0 0 F 0 0 0 1 
1 0 F # 0 F 0 1 
1 H 0 # 0 0 0 G 
1 F F 0 0 0 # 1 
1 F 0 0 0 0 0 1 
1 1 1 1 1 S 1 1 
D55 T8

Map
1 1 1 G 1 1 1 1 
1 0 0 0 0 0 0 1 
1 0 0 0 F 0 0 1 
1 0 0 1 0 # F 1 
1 0 F 0 0 0 0 1 
1 0 F 0 0 0 0 1 
1 0 0 0 1 F 0 1 
1 S 1 1 1 1 1 1 
L21 T8

Map
1 1 1 1 1 1 1 1 
1 1 0 0 0 0 0 1 
1 0 0 0 0 0 0 1 
1 1 0 0 # 0 0 1 
1 0 0 0 0 0 0 1 
1 0 0 0 # 0 0 1 
1 0 0 0 0 H 0 1 
1 1 1 1 G 1 S 1 
R54 T8

Map
1 1 1 1 1 1 1 1 
1 0 0 0 1 0 # 1 
S 0 0 0 0 0 0 1 
1 0 0 0 0 0 0 1 
1 0 0 F 0 F # 1 
G 0 0 0 0 0 0 1 
1 0 0 0 0 H 0 1 
1 1 1 1 1 1 1 1 
U14 T8

Map
1 1 1 1 1 1 1 1 
1 0 # 0 0 # 0 1 
1 0 1 0 1 0 0 G 
1 0 0 # 0 F 0 1 
1 0 0 # 0 0 0 S 
1 F 0 0 # 0 # 1 
1 1 0 0 0 0 0 1 
1 1 1 1 1 1 1 1 
D63 T8

Map
1 1 1 1 1 1 S 1 
1 0 F 0 F 0 0 1 
1 0 0 H 0 0 0 1 
1 0 0 0 0 F 1 1 
1 1 0 0 0 1 F 1 
1 0 0 0 0 0 0 G 
1 0 0 0 F F 0 1 
1 1 1 1 1 1 1 1 
D22 T8

Map
1 1 1 1 1 1 S 1 
1 0 0 0 0 0 0 1 
1 # # 0 # 0 0 1 
1 1 0 1 0 0 H 1 
1 0 0 1 0 0 0 1 
1 0 0 F 0 1 0 1 
1 0 0 0 0 1 0 1 
1 1 G 1 1 1 1 1 
R52 T10

Map
1 1 1 1 S 1 1 1 
G 0 1 0 0 # F 1 
1 0 1 0 0 0 0 1 
1 0 0 0 0 0 H 1 
1 F 0 0 # 0 # 1 
1 0 # 0 0 1 H 1 
1 H 0 0 0 1 0 1 
1 1 1 1 1 1 1 1 
U42 T8

Map
1 1 1 1 1 1 1 1 
1 0 # 0 0 H # 1 
1 0 # 0 0 0 # 1 
1 1 1 0 0 # 0 G 
1 0 0 0 1 H F 1 
1 1 0 0 0 0 0 S 
1 0 0 0 0 0 0 1 
1 1 1 1 1 1 1 1 
D41 T8

Map
1 1 1 1 1 G 1 1 
1 0 H # 0 0 0 1 
1 0 0 F 0 0 0 1 
1 1 F 0 F 0 0 1 
1 0 # 0 0 F F 1 
S 0 0 0 0 0 F 1 
1 0 0 0 1 0 0 1 
1 1 1 1 1 1 1 1 
L25 T8

Map
1 1 1 S 1 1 1 1 
1 1 0 0 F 0 F 1 
1 0 # 0 1 # 1 1 
1 F 0 0 0 0 0 1 
1 # F # 1 1 0 1 
1 # 0 0 0 0 0 1 
1 # 0 0 1 0 0 1 
1 1 1 1 1 G 1 1 
U32 T9

Map
1 1 1 1 1 1 1 1 
S 0 # 0 0 0 0 1 
1 # 0 1 0 0 0 G 
1 1 0 0 0 0 # 1 
1 0 0 # 0 0 F 1 
1 # 0 # 1 0 0 1 
1 # 0 0 1 1 0 1 
1 1 1 1 1 1 1 1 
L61 T9

Map
1 1 1 1 1 1 S 1 
1 1 0 0 0 0 0 1 
1 0 0 0 0 0 0 1 
1 # 0 H 0 0 # G 
1 0 0 0 # 0 0 1 
1 0 0 0 0 0 0 1 
1 0 0 0 # 1 0 1 
1 1 1 1 1 1 1 1 
U42 T8

Map
1 1 G 1 1 1 1 1 
1 0 0 0 F 0 0 1 
1 0 0 0 0 1 0 1 
1 1 0 # 0 0 F 1 
1 0 0 0 0 0 0 1 
1 0 0 1 0 0 # 1 
1 1 F H 0 0 0 1 
1 1 1 1 S 1 1 1 
D44 T9

Map
1 1 G 1 S 1 1 1 
1 0 0 H 0 0 0 1 
1 0 0 0 F 0 0 1 
1 0 0 0 0 0 0 1 
1 0 0 # 0 0 0 1 
1 0 0 1 0 0 1 1 
1 0 0 0 0 0 1 1 
1 1 1 1 1 1 1 1 
R36 T8

Map
1 1 1 1 1 1 1 1 
1 1 0 0 0 0 0 1 
1 H # # 0 0 0 1 
1 0 0 0 0 0 0 1 
1 0 0 0 # 0 0 G 
S 0 0 # H 0 0 1 
1 0 # # 1 1 H 1 
1 1 1 1 1 1 1 1 
D25 T8

Map
1 1 1 1 1 1 1 1 
1 0 0 1 0 0 0 1 
G 0 0 H F 1 # 1 
1 1 0 0 0 0 H 1 
1 0 0 0 0 0 0 1 
1 # 0 F 0 0 F 1 
S 0 # 0 0 0 0 1 
1 1 1 1 1 1 1 1 
L46 T11

Map
1 1 G 1 1 1 S 1 
1 0 0 0 0 H # 1 
1 0 # 1 0 0 F 1 
1 0 # 1 0 F F 1 
1 # F 1 F 0 0 1 
1 0 0 0 0 0 1 1 
1 1 0 0 0 H 0 1 
1 1 1 1 1 1 1 1 
U45 T8

Map
1 1 1 1 G 1 1 1 
1 0 0 0 0 1 0 1 
1 0 # 1 F 0 0 1 
1 0 H 0 0 0 1 1 
1 F 0 0 # 0 0 S 
1 0 0 1 0 0 0 1 
1 1 0 0 F # 0 1 
1 1 1 1 1 1 1 1 
R24 T8

Map
1 1 1 1 1 1 1 1 
1 F H 0 1 0 1 1 
1 1 0 0 1 0 0 1 
1 0 F 0 F 0 F 1 
1 0 F 0 0 # F 1 
1 0 H 0 0 0 0 1 
1 0 0 0 1 0 0 1 
1 1 1 G 1 1 S 1 
R55 T8

Map
1 1 1 G 1 1 1 1 
1 0 F 0 0 # 0 S 
1 0 0 0 0 # F 1 
1 0 F 0 0 0 0 1 
1 0 # 1 0 0 0 1 
1 0 1 1 0 0 0 1 
1 H H 0 # # 1 1 
1 1 1 1 1 1 1 1 
R41 T8

Map
1 1 1 S 1 1 1 1 
1 0 0 0 0 # 0 1 
1 1 # 0 0 1 0 1 
1 0 0 0 0 1 0 1 
1 F 1 # 0 0 # 1 
1 # 0 0 0 # 0 1 
1 0 0 # 0 0 0 1 
1 1 1 1 1 G 1 1 
L46 T8

Map
1 1 1 1 1 1 1 1 
S 0 0 0 # 1 0 1 
1 0 0 0 1 0 0 G 
1 0 0 0 # 0 0 1 
1 0 0 0 # 0 0 1 
1 0 0 1 # 0 # 1 
1 1 F 0 0 # 1 1 
1 1 1 1 1 1 1 1 
U22 T12

Map
1 1 1 G 1 1 1 1 
1 0 0 0 # 0 0 1 
1 0 0 0 0 0 0 1 
1 # 0 0 0 0 0 1 
1 # 0 0 1 H 0 1 
1 F 0 0 1 0 0 S 
1 0 0 1 0 0 0 1 
1 1 1 1 1 1 1 1 
R24 T10

Map
1 1 1 S 1 1 G 1 
1 0 F 0 0 0 F 1 
1 0 0 1 0 1 0 1 
1 0 H 1 0 0 0 1 
1 0 1 0 0 0 1 1 
1 F 0 0 0 0 0 1 
1 0 0 0 F F 0 1 
1 1 1 1 1 1 1 1 
D25 T12

Map
1 1 1 1 1 1 1 1 
1 0 0 0 0 0 1 1 
1 0 0 F 0 0 0 1 
1 0 H 0 1 1 0 1 
1 0 0 0 0 H 0 G 
1 0 0 0 0 0 0 1 
1 0 0 F 0 0 0 1 
1 1 1 1 1 1 S 1 
D65 T8

Map
1 1 1 1 1 S 1 1 
1 0 0 1 1 0 F 1 
1 1 0 0 0 0 0 1 
1 0 0 0 0 0 0 1 
G 0 0 1 # 0 0 1 
1 0 0 0 # 0 1 1 
1 0 0 0 0 0 0 1 
1 1 1 1 1 1 1 1 
D25 T11

Map
1 1 1 1 1 1 1 1 
1 0 0 0 0 # 0 S 
1 0 # 0 0 0 0 1 
1 1 0 H 0 0 0 G 
1 0 0 0 0 0 0 1 
1 0 0 0 0 0 H 1 
1 # # # # 0 0 1 
1 1 1 1 1 1 1 1 
U62 T10

Map
1 1 1 1 G 1 1 1 
1 0 0 1 0 0 0 1 
1 0 1 0 0 0 0 1 
S 0 0 H 0 0 0 1 
1 0 0 # # 0 0 1 
1 # 0 0 0 0 0 1 
1 0 0 1 0 0 0 1 
1 1 1 1 1 1 1 1 
L23 T8

Map
1 1 1 1 1 1 1 1 
S 0 1 0 0 0 0 1 
1 0 # 1 0 0 0 G 
1 1 0 0 0 0 0 1 
1 0 0 # 0 0 0 1 
1 0 # 0 F H 0 1 
1 0 1 0 0 0 0 1 
1 1 1 1 1 1 1 1 
D63 T14

Map
1 1 1 G 1 1 1 1 
1 0 0 0 0 0 0 1 
1 0 0 0 # 0 0 1 
1 0 1 0 0 0 # 1 
1 0 F 0 0 0 0 1 
1 0 0 0 F F 0 1 
1 0 0 # 0 0 1 1 
1 1 S 1 1 1 1 1 
L25 T8

Map
1 1 S 1 1 1 1 1 
1 F 0 F 0 1 H 1 
1 0 0 # # 0 H 1 
1 0 1 0 F 0 F 1 
1 1 # 0 1 0 H 1 
1 0 0 0 0 # 0 1 
1 0 F 1 # # 0 1 
1 1 1 1 G 1 1 1 
L53 T9

Map
1 1 1 S 1 1 1 1 
1 H # 0 0 # # 1 
1 1 0 0 0 0 0 1 
1 0 0 0 1 # # 1 
1 0 0 1 0 0 0 G 
1 1 0 0 0 H 0 1 
1 # # 0 0 F 1 1 
1 1 1 1 1 1 1 1 
U46 T9

Map
1 1 1 1 1 1 1 1 
1 F 0 0 0 # 0 1 
1 0 H 0 0 0 F 1 
1 H 1 H 0 # # 1 
1 1 0 H 0 0 0 S 
1 0 F F 0 # 0 1 
1 0 0 1 1 0 0 1 
1 1 G 1 1 1 1 1 
R54 T8

Map
1 1 1 1 1 1 1 1 
1 1 # 0 0 0 0 1 
1 0 0 0 # F F 1 
1 # 1 0 # 0 0 S 
1 0 F 0 0 # 0 1 
1 0 1 0 0 0 0 1 
1 # 0 0 0 # 0 1 
1 1 G 1 1 1 1 1 
U36 T8

Map
1 1 1 1 1 1 1 1 
1 0 0 0 0 0 1 1 
G 0 0 0 0 0 0 1 
1 H 0 0 H 0 # 1 
1 0 0 # 0 0 0 1 
1 0 0 # 0 1 0 1 
1 1 0 0 0 1 0 1 
1 1 1 1 S 1 1 1 
D44 T8

Map
1 1 1 1 1 1 G 1 
1 1 H 0 F F 0 1 
1 0 0 0 0 1 0 1 
1 0 0 0 0 0 0 1 
1 0 0 F 0 0 1 1 
S 0 0 F 0 H F 1 
1 F 0 F 0 0 0 1 
1 1 1 1 1 1 1 1 
L45 T8

Map
1 1 1 1 1 1 1 1 
1 F 0 0 0 0 0 1 
1 0 0 0 0 F 0 1 
G 0 0 0 # 0 0 1 
1 0 0 0 0 0 0 1 
S 0 0 0 0 0 0 1 
1 0 0 F 0 0 1 1 
1 1 1 1 1 1 1 1 
D64 T8

Map
1 1 1 1 G 1 1 1 
1 0 0 1 0 0 0 1 
1 # # 0 # 0 0 1 
1 0 1 1 # 0 1 1 
1 F 0 # F F 0 S 
1 # # 0 F F 1 1 
1 0 0 F F # 0 1 
1 1 1 1 1 1 1 1 
D53 T9

Map
1 1 1 1 1 1 1 1 
1 # 0 0 0 # # 1 
S # 0 H # 0 # 1 
1 0 # 0 0 0 0 1 
1 0 # 0 0 0 0 1 
1 1 0 0 0 0 0 1 
1 0 0 0 0 1 1 1 
1 1 1 1 G 1 1 1 
L22 T8

Map
1 S 1 1 1 1 1 1 
1 0 0 0 0 0 1 1 
1 0 0 0 0 0 0 1 
1 0 # 0 0 0 F G 
1 0 F 0 F 0 0 1 
1 0 F 0 0 0 0 1 
1 # 1 # 0 0 0 1 
1 1 1 1 1 1 1 1 
U32 T8

Map
1 1 1 1 1 1 1 1 
1 1 0 1 1 0 F S 
1 0 0 0 # 0 0 1 
1 F 0 0 1 0 0 1 
1 F 1 0 0 # 0 1 
G 0 0 0 0 0 0 1 
1 1 F 0 0 # F 1 
1 1 1 1 1 1 1 1 
U36 T9

Map
1 1 1 1 1 1 1 1 
1 0 0 # 0 0 1 1 
1 0 0 0 F # 0 1 
1 H 0 # 0 0 # 1 
1 0 0 0 0 # 0 G 
1 0 0 0 0 0 0 1 
1 0 0 H 0 0 0 S 
1 1 1 1 1 1 1 1 
D55 T8

Map
1 1 1 1 1 1 1 1 
1 # 0 0 0 # F 1 
1 H 0 1 0 0 0 G 
1 0 0 # # 0 1 1 
1 # 0 0 0 0 0 1 
1 0 0 0 1 0 F 1 
1 1 0 0 0 0 # S 
1 1 1 1 1 1 1 1 
R42 T9

Map
1 S 1 1 1 1 1 1 
1 # F # # 0 F 1 
1 1 0 0 0 0 0 1 
1 F # 1 1 1 0 1 
1 F F H 0 0 0 1 
1 # 0 F 0 1 # 1 
1 # H F 1 0 0 1 
1 1 1 1 1 G 1 1 
D51 T8

Map
1 1 G 1 1 1 1 1 
1 0 0 0 # 1 0 1 
1 0 0 F 0 1 0 1 
1 F 0 0 0 F 0 1 
1 1 0 0 0 0 0 1 
1 0 0 0 0 0 0 1 
1 0 F 0 0 0 0 1 
1 1 1 1 1 S 1 1 
R45 T10

Map
1 1 1 1 1 1 1 1 
1 1 0 0 0 # H 1 
S 0 0 0 1 H 0 1 
1 H 0 0 0 0 0 1 
G 0 0 0 0 0 H 1 
1 0 # 0 0 # 0 1 
1 1 1 0 # 0 # 1 
1 1 1 1 1 1 1 1 
U33 T8

Map
1 S 1 1 1 1 1 1 
1 0 0 0 1 0 0 1 
1 0 0 0 0 H 0 1 
1 0 0 0 H 0 0 1 
G 0 0 1 0 0 0 1 
1 0 0 0 1 0 1 1 
1 0 0 0 0 0 H 1 
1 1 1 1 1 1 1 1 
U13 T8

Map
1 1 1 1 1 1 1 1 
1 0 0 0 1 0 0 1 
1 # F 0 0 # 0 1 
1 0 # 0 F # 1 1 
1 F 0 0 0 # 0 1 
S 0 0 0 1 # H 1 
1 0 0 1 0 0 0 G 
1 1 1 1 1 1 1 1 
D34 T8

Map
1 1 1 1 1 1 1 1 
1 0 0 0 0 0 0 1 
1 F # 0 F 0 0 1 
G 0 0 0 0 0 1 1 
1 0 1 0 F 0 # 1 
1 F 0 0 0 0 0 S 
1 0 0 F 0 0 0 1 
1 1 1 1 1 1 1 1 
D14 T8

Map
1 1 1 1 1 1 S 1 
1 # 1 F 1 0 # 1 
1 0 # 0 0 1 # 1 
G 0 0 0 0 1 0 1 
1 0 0 # 0 0 0 1 
1 0 0 F 0 0 0 1 
1 0 0 F 0 # 1 1 
1 1 1 1 1 1 1 1 
D14 T9

Map
1 1 1 1 1 1 1 1 
1 F 1 0 0 0 1 1 
1 0 0 0 1 0 0 1 
1 # 0 0 # 1 0 1 
1 0 0 # 0 0 0 G 
S 0 # 0 0 0 F 1 
1 0 0 0 0 0 # 1 
1 1 1 1 1 1 1 1 
L35 T9

Map
1 1 1 G 1 S 1 1 
1 0 F 0 F 0 # 1 
1 0 0 0 F 0 0 1 
1 0 0 0 0 0 1 1 
1 F 0 F 0 0 0 1 
1 0 0 0 0 F 0 1 
1 # F 0 0 0 0 1 
1 1 1 1 1 1 1 1 
L22 T8

Map
1 1 1 1 1 1 1 1 
G 0 1 0 0 F 0 1 
1 0 0 0 H 0 0 1 
1 H 0 0 0 0 0 1 
1 F 0 0 F F 0 1 
1 0 0 0 0 0 0 1 
1 0 0 1 0 0 0 1 
1 1 1 1 S 1 1 1 
D43 T12

Map
1 1 1 1 1 1 1 1 
S 0 1 # F # 1 1 
1 0 0 0 # 0 0 1 
1 0 1 0 0 0 # 1 
1 0 # 0 0 0 0 1 
1 0 0 # 0 F 0 1 
1 0 0 F F 0 # 1 
1 1 1 1 1 G 1 1 
L22 T9

Map
1 1 1 G 1 1 1 1 
1 0 0 0 0 # 0 1 
1 0 0 # 0 0 0 1 
1 0 # 0 0 0 0 1 
1 # # 0 0 0 H 1 
1 0 # 1 1 0 # 1 
1 # 0 1 1 0 0 1 
1 S 1 1 1 1 1 1 
L21 T8

Map
1 1 1 1 1 1 1 1 
1 0 # 0 0 0 0 1 
G 0 0 0 # # 1 1 
1 0 0 0 0 0 1 1 
1 1 0 0 0 0 0 1 
1 0 1 # 0 # 0 1 
1 0 # # 0 0 0 S 
1 1 1 1 1 1 1 1 
R13 T9

Map
1 1 1 1 S 1 1 1 
1 0 0 0 0 0 0 1 
1 0 1 0 H 0 0 1 
1 0 0 # 0 0 0 1 
1 0 0 0 0 0 0 1 
1 # 0 0 0 1 0 1 
1 1 0 0 # # 0 1 
1 1 1 1 G 1 1 1 
R31 T8

Map
1 1 1 1 1 1 1 1 
1 1 # 0 1 0 0 1 
1 F F 0 0 # 0 1 
1 0 0 F 0 0 0 1 
1 0 0 0 0 1 0 1 
1 0 1 0 0 0 0 1 
1 0 0 0 1 0 0 1 
1 S 1 1 1 1 G 1 
D13 T9

Map
1 1 1 1 1 1 1 1 
1 0 0 0 F 0 1 1 
1 0 0 0 0 F 0 1 
1 0 0 0 0 0 0 1 
1 0 H 0 0 0 0 G 
1 0 0 0 0 0 0 1 
1 0 1 0 0 0 0 1 
1 1 1 1 1 1 S 1 
D55 T8

Map
1 1 1 1 S 1 1 1 
1 0 0 0 # 0 1 1 
1 0 1 # 0 0 0 1 
1 0 0 0 0 # 0 1 
1 0 0 0 # 0 0 1 
1 0 0 H 0 0 0 1 
1 0 0 0 0 0 0 1 
1 1 G 1 1 1 1 1 
R36 T8

Map
1 1 1 1 S 1 1 1 
1 F # 0 0 0 0 1 
1 F F F 0 0 0 1 
G # 0 F # 0 0 1 
1 0 0 0 0 0 0 1 
1 0 0 # 0 F 1 1 
1 # 0 # 0 1 # 1 
1 1 1 1 1 1 1 1 
U42 T8

Map
1 1 1 1 1 1 1 1 
1 0 F 0 0 1 F 1 
1 0 0 H 0 # 0 1 
1 0 1 # 0 H 0 1 
1 H 0 0 F 0 # 1 
1 H 1 0 0 0 0 1 
1 0 0 0 1 0 0 1 
1 G 1 1 1 1 S 1 
R54 T8

Map
1 1 1 1 1 1 1 1 
1 0 0 0 0 0 0 1 
1 0 # 0 0 0 0 1 
1 # 1 # 1 0 F 1 
1 0 0 0 1 1 0 S 
1 1 # # 0 0 H 1 
G 0 # F # 0 0 1 
1 1 1 1 1 1 1 1 
L45 T8

Map
1 1 1 1 G 1 1 1 
1 1 0 # 0 0 0 1 
1 1 0 # 0 0 # 1 
1 0 1 0 0 0 # 1 
1 0 0 0 # 0 0 S 
1 0 # 0 # 0 H 1 
1 0 H 0 # 0 1 1 
1 1 1 1 1 1 1 1 
R52 T8

Map
1 1 1 1 1 1 1 1 
1 # 1 0 0 0 # 1 
1 0 0 0 0 0 0 S 
1 0 0 0 0 # # 1 
1 0 0 0 0 0 0 1 
1 H # 0 0 0 0 G 
1 0 0 # 0 0 0 1 
1 1 1 1 1 1 1 1 
U64 T8

Map
1 1 1 1 1 1 1 1 
1 # 0 1 0 0 0 1 
1 0 0 1 0 H # S 
1 0 0 0 0 0 0 1 
1 H 0 # 1 H # 1 
1 0 0 0 0 0 0 1 
1 0 1 0 0 # # 1 
1 G 1 1 1 1 1 1 
U63 T9

Map
1 1 1 1 1 1 1 1 
S 0 0 # 0 1 0 1 
1 0 0 # 0 1 # 1 
G 0 F 0 F 1 1 1 
1 0 0 F # 0 0 1 
1 0 0 0 0 # 0 1 
1 0 1 # 0 0 0 1 
1 1 1 1 1 1 1 1 
U12 T8

Map
1 1 1 G 1 1 S 1 
1 F 0 0 1 0 0 1 
1 0 0 1 1 F 0 1 
1 0 0 0 F 0 F 1 
1 0 # # F 0 0 1 
1 0 0 F 0 0 F 1 
1 0 0 1 0 F 0 1 
1 1 1 1 1 1 1 1 
L53 T8

Map
1 1 1 1 1 1 1 1 
1 0 0 # 0 0 0 S 
1 1 # 0 0 0 0 1 
G 0 H H 0 0 1 1 
1 0 0 0 0 1 0 1 
1 0 0 0 0 0 0 1 
1 0 0 0 0 0 H 1 
1 1 1 1 1 1 1 1 
U32 T8

Map
1 1 1 1 1 1 1 1 
1 # 0 0 0 0 1 1 
1 0 # 0 0 0 0 S 
1 F 0 F # 0 0 1 
1 0 0 1 0 1 0 G 
1 0 0 0 # 1 0 1 
1 1 0 0 0 0 0 1 
1 1 1 1 1 1 1 1 
U63 T8

Map
1 1 1 1 1 1 1 1 
1 0 1 F 0 0 F 1 
1 F 0 0 F 0 1 1 
1 0 0 1 H 0 0 1 
1 1 0 0 0 0 0 1 
1 0 0 0 0 0 F G 
1 0 F 0 # 1 0 1 
1 1 1 1 S 1 1 1 
D45 T10

Map
1 1 1 1 1 1 1 1 
1 0 0 0 1 0 0 1 
1 1 0 0 F 0 0 1 
1 0 0 1 0 1 0 1 
1 0 0 0 0 H 0 1 
1 0 0 0 0 0 0 1 
1 0 0 0 0 0 0 S 
1 1 1 1 G 1 1 1 
R56 T8

Map
1 1 1 1 1 1 1 1 
1 F 0 0 F F 0 1 
1 0 0 0 0 0 0 S 
1 0 0 H H 0 1 1 
1 F 0 0 0 F 0 1 
1 0 0 1 0 0 0 1 
1 1 1 0 0 F 0 1 
1 1 1 G 1 1 1 1 
L23 T9

Map
1 1 1 1 1 1 1 1 
1 0 0 0 0 1 0 1 
1 # 0 # 0 0 0 1 
1 0 F 0 0 0 0 1 
1 0 0 F 1 0 0 1 
1 0 0 F # 0 0 G 
1 0 0 0 1 # 0 1 
1 1 1 S 1 1 1 1 
U54 T9

Map
1 1 1 1 1 1 1 1 
1 1 0 0 0 # # 1 
1 0 # 0 0 # # 1 
G 0 1 0 0 0 0 1 
1 1 0 0 0 H 0 1 
1 0 0 F 1 0 # 1 
1 0 0 0 0 0 # 1 
1 1 1 1 1 S 1 1 
D55 T8

Map
1 1 1 1 1 1 1 1 
1 0 0 0 H 0 0 1 
1 0 0 0 0 # 1 1 
1 0 H 0 F 0 0 1 
1 H 0 0 H 0 # 1 
1 0 0 0 0 0 0 1 
1 0 0 0 1 0 0 1 
1 1 1 G 1 1 S 1 
R54 T8

Map
1 1 S 1 1 1 1 1 
1 1 0 F 0 0 # 1 
1 0 # F 0 # 1 1 
1 0 0 0 F # 0 1 
1 F 0 0 # 1 0 1 
1 # 0 0 0 0 # 1 
1 0 # F 0 0 0 1 
1 1 1 1 1 G 1 1 
L46 T9

Map
1 1 1 1 1 1 1 1 
1 F 1 # 0 # F 1 
1 # 0 0 F # 1 1 
1 1 H 0 1 0 0 1 
1 0 F # 0 0 0 1 
1 0 0 0 1 # 0 1 
1 F F # 0 0 0 S 
1 1 1 1 G 1 1 1 
U56 T8

Map
1 1 1 1 1 1 1 1 
1 0 0 1 0 1 0 1 
1 0 0 1 0 0 0 1 
1 0 0 0 0 1 0 1 
1 0 0 0 0 0 0 1 
1 0 0 0 0 0 0 1 
S 0 0 0 0 0 0 1 
1 1 1 G 1 1 1 1 
L26 T8

Map
1 1 1 G 1 1 1 1 
S 0 0 0 0 0 0 1 
1 0 0 0 F 0 1 1 
1 0 0 1 0 0 0 1 
1 0 0 0 0 0 0 1 
1 0 0 0 0 0 0 1 
1 0 0 0 0 0 0 1 
1 1 1 1 1 1 1 1 
L21 T8

Map
1 1 1 1 1 1 1 1 
1 H # 1 0 0 # 1 
1 0 0 # 0 0 0 S 
1 F 0 F F # 0 1 
1 1 0 0 F 0 1 1 
1 0 0 0 H 0 0 1 
1 0 F F 0 0 0 1 
1 1 1 1 1 1 G 1 
R34 T8

Map
1 1 1 1 1 1 1 1 
1 0 # 0 0 # 0 1 
1 0 0 0 0 0 0 1 
1 F # 0 1 0 0 1 
1 1 1 1 F 0 # G 
1 # 0 0 0 0 0 1 
1 0 0 0 0 0 0 S 
1 1 1 1 1 1 1 1 
D65 T8

Map
1 1 1 1 G 1 S 1 
1 0 0 # 0 H 0 1 
1 # 1 # 0 0 F 1 
1 0 0 F 1 0 0 1 
1 1 # 0 0 F F 1 
1 # F # # 1 0 1 
1 # 0 0 0 0 0 1 
1 1 1 1 1 1 1 1 
U42 T10

Map
1 1 1 1 1 1 S 1 
1 H 0 1 0 0 0 1 
1 1 0 0 0 0 0 1 
1 # 0 0 1 1 0 G 
1 0 0 0 0 # 0 1 
1 0 0 0 0 0 0 1 
1 # 0 1 0 # 0 1 
1 1 1 1 1 1 1 1 
U62 T12

Map
1 1 1 1 1 1 1 1 
1 0 0 1 0 0 0 1 
1 0 0 0 0 0 0 1 
1 F 0 F 0 0 0 1 
1 1 0 0 0 0 0 1 
1 0 0 0 0 # 1 1 
1 0 0 0 0 F 0 1 
1 1 1 G 1 S 1 1 
R45 T10

Map
1 1 1 1 1 1 1 1 
1 # 0 0 0 0 0 1 
1 0 H 0 0 0 0 1 
1 0 F 0 0 F 0 1 
S 0 1 1 0 0 0 1 
G 0 0 0 # 0 0 1 
1 F 0 0 # 0 0 1 
1 1 1 1 1 1 1 1 
U26 T8

Map
1 1 1 1 S 1 1 1 
1 # 0 0 0 0 0 1 
1 0 0 0 0 0 0 1 
1 1 0 1 1 1 1 1 
1 0 0 F 0 0 # 1 
1 0 F # 0 0 0 1 
1 0 0 0 0 1 0 1 
1 1 1 1 1 1 G 1 
R31 T10

Map
1 S 1 1 1 1 1 1 
1 0 # 0 F 0 0 1 
1 0 0 F 0 0 0 1 
1 0 1 0 0 0 0 1 
G 0 0 1 0 0 0 1 
1 # 0 0 0 0 0 1 
1 0 1 0 0 0 0 1 
1 1 1 1 1 1 1 1 
U13 T8

Map
1 1 G 1 1 1 1 1 
1 0 0 0 0 0 0 1 
1 1 0 0 0 F 0 1 
1 1 H 0 1 0 1 1 
S 0 0 0 F F 0 1 
1 F H 0 0 # 0 1 
1 0 F 0 0 0 0 1 
1 1 1 1 1 1 1 1 
L24 T10

Map
1 1 1 1 1 1 1 1 
1 0 0 1 0 0 0 1 
1 0 0 0 0 0 # 1 
1 1 0 0 1 H H 1 
G 0 0 # 0 # 0 1 
1 0 1 0 # # 0 1 
1 0 0 H 0 0 0 1 
1 1 1 1 1 1 S 1 
L64 T8

Map
1 S 1 1 1 1 1 1 
1 0 F # 0 0 # 1 
1 F 0 0 0 # 0 1 
1 F 0 0 # 0 0 1 
1 # 0 F 0 0 1 1 
1 0 F 1 1 0 0 1 
1 0 # # 0 0 # 1 
1 1 G 1 1 1 1 1 
D22 T8

Map
1 1 1 1 1 1 1 1 
1 # 0 0 0 F 0 1 
1 # 0 1 0 0 0 1 
1 1 0 1 1 0 0 1 
1 0 # # 0 0 0 1 
1 0 0 0 H 0 0 S 
1 # # 0 0 0 1 1 
1 1 1 1 1 G 1 1 
R55 T8

Map
1 1 S 1 G 1 1 1 
1 # 0 0 0 0 0 1 
1 F 0 0 1 1 0 1 
1 # 0 # 1 0 F 1 
1 1 # 0 # # 0 1 
1 0 0 1 0 0 F 1 
1 0 F 0 0 1 F 1 
1 1 1 1 1 1 1 1 
L31 T8

Map
1 1 1 1 1 1 1 1 
1 # F 1 F 0 0 S 
1 F 0 0 0 0 F 1 
1 # 0 0 # F 0 1 
1 0 F 0 0 0 1 1 
1 0 # 0 0 0 0 1 
1 1 0 0 0 0 0 1 
1 1 G 1 1 1 1 1 
R51 T8

Map
1 1 1 1 G 1 1 1 
1 0 0 0 0 H 0 1 
1 # 1 0 0 # 0 1 
1 0 0 0 1 H 0 1 
1 H # 1 1 H 0 1 
1 0 0 0 0 0 # 1 
1 0 0 1 0 0 0 S 
1 1 1 1 1 1 1 1 
U42 T9

Map
1 1 1 1 1 1 1 1 
1 0 # 0 # 0 1 1 
S 0 0 H F 0 # 1 
1 F 1 0 0 1 0 1 
1 0 0 0 H 0 # 1 
1 0 0 1 0 # 0 1 
1 0 0 0 F 1 # G 
1 1 1 1 1 1 1 1 
U22 T8

Map
1 1 1 1 1 1 S 1 
1 0 H 1 0 0 0 1 
1 0 0 0 F 0 0 1 
1 1 F # 0 1 0 G 
1 0 # 0 0 0 0 1 
1 0 0 0 F F # 1 
1 # H # 0 0 1 1 
1 1 1 1 1 1 1 1 
U62 T8

Map
1 1 1 1 1 1 1 1 
1 0 # 0 0 0 # 1 
1 # H 0 0 0 0 1 
1 F 0 0 0 0 0 1 
1 0 0 0 # 0 # 1 
1 1 0 1 0 F # S 
1 0 0 H 0 0 0 1 
1 G 1 1 1 1 1 1 
R34 T9

Map
1 S 1 1 1 1 1 1 
1 0 0 0 1 0 0 1 
1 1 0 0 0 0 0 1 
1 0 0 0 0 F 0 1 
1 H 0 1 F 0 1 1 
1 0 0 0 0 0 0 1 
1 H H 1 0 0 0 1 
1 1 1 1 G 1 1 1 
R22 T8

Map
1 1 1 1 1 1 1 1 
1 0 1 0 0 F 0 1 
1 1 1 0 # # H 1 
1 0 0 0 0 0 0 1 
1 0 # # 0 0 0 1 
1 # 0 0 # 0 0 1 
1 0 0 0 0 0 # 1 
1 1 1 G 1 1 S 1 
R53 T8

Map
1 1 S G 1 1 1 1 
1 # 0 F 0 0 F 1 
1 H 0 0 # 0 0 1 
1 0 0 0 0 0 1 1 
1 0 0 0 0 F 0 1 
1 0 F F 0 0 F 1 
1 0 0 # F 0 0 1 
1 1 1 1 1 1 1 1 
L24 T8

Map
1 1 1 1 1 1 1 1 
G 0 0 1 0 0 0 1 
1 0 0 0 0 0 1 1 
1 0 0 # 1 0 0 1 
1 0 0 0 0 H 0 S 
1 1 0 0 0 0 0 1 
1 0 0 0 1 H 0 1 
1 1 1 1 1 1 1 1 
U65 T8

Map
1 1 1 1 1 1 1 1 
1 0 0 1 0 1 1 1 
1 0 0 1 0 0 1 1 
1 0 # 0 # 0 0 1 
1 0 1 # 0 # 0 1 
1 0 0 # 0 0 0 1 
1 0 0 0 0 0 # 1 
1 1 G 1 1 S 1 1 
R36 T8

Map
1 1 1 1 1 S 1 1 
1 1 0 0 1 0 0 1 
1 0 0 0 0 0 0 1 
1 0 F 0 F F 0 1 
1 0 0 0 0 0 0 1 
1 0 0 0 0 0 0 1 
1 0 1 0 0 0 0 1 
1 1 1 1 G 1 1 1 
R55 T10

Map
1 1 1 1 1 1 1 1 
1 0 # 1 0 0 1 1 
S 0 0 # 1 0 0 1 
1 1 0 0 0 0 1 1 
1 0 0 # 0 0 H 1 
1 0 1 0 0 0 0 G 
1 0 0 F 0 0 # 1 
1 1 1 1 1 1 1 1 
R55 T9

Map
1 1 1 1 1 1 1 1 
1 0 F 0 0 0 1 1 
1 F 0 0 1 0 0 S 
G 0 0 F # H H 1 
1 0 # 1 0 0 0 1 
1 1 0 0 0 0 # 1 
1 0 1 0 0 0 1 1 
1 1 1 1 1 1 1 1 
U46 T8

Map
1 1 1 1 1 1 1 1 
1 1 0 0 0 0 0 1 
G 0 0 0 H 0 0 S 
1 # 0 1 # H # 1 
1 # 1 0 0 0 0 1 
1 0 0 H 0 0 0 1 
1 # 1 # 0 0 0 1 
1 1 1 1 1 1 1 1 
U52 T8

Map
1 1 S 1 1 1 1 1 
1 0 0 0 1 0 0 1 
1 0 0 0 0 0 0 1 
1 0 0 0 F 0 0 1 
1 H 0 0 0 0 0 1 
1 0 0 0 # 0 0 1 
1 1 0 0 0 0 0 1 
1 1 1 1 G 1 1 1 
L36 T8

Map
1 1 1 1 1 1 1 1 
1 0 # 0 1 # # S 
1 0 # 0 0 0 0 1 
1 0 # 0 0 0 0 1 
1 0 0 0 0 H 0 1 
1 # 0 0 0 0 # 1 
1 1 0 0 0 F 0 1 
1 1 1 1 G 1 1 1 
R55 T10

Map
1 1 1 1 1 1 1 1 
1 0 # 0 0 0 # 1 
S 0 1 0 H H 0 1 
1 1 0 0 0 0 0 1 
1 0 0 1 # H 0 1 
1 0 0 0 # 0 0 1 
1 # 0 0 0 # 0 1 
1 1 1 1 G 1 1 1 
R53 T11

Map
1 1 1 1 G 1 1 1 
S 0 0 0 0 0 0 1 
1 0 0 0 0 0 1 1 
1 0 0 # 0 0 # 1 
1 0 0 0 1 0 0 1 
1 1 0 # 1 0 0 1 
1 0 0 F 0 0 0 1 
1 1 1 1 1 1 1 1 
L31 T8

Map
1 1 1 1 1 1 1 1 
1 0 0 0 0 1 0 1 
S 0 0 0 F 0 F 1 
1 0 0 F F 0 H 1 
1 0 0 0 0 0 0 1 
1 F # 0 0 0 F 1 
1 0 0 1 1 0 0 1 
1 1 1 1 1 G 1 1 
U23 T9

Map
1 S 1 1 1 1 1 1 
1 0 0 0 0 0 # 1 
1 0 0 H 0 0 # 1 
1 0 0 0 F 0 # G 
1 0 0 0 0 1 0 1 
1 0 0 0 0 0 # 1 
1 F 0 0 1 0 0 1 
1 1 1 1 1 1 1 1 
U12 T8

Map
1 1 1 1 1 1 1 1 
1 0 # 0 0 0 0 1 
1 1 F 0 0 0 0 1 
1 0 0 1 0 0 0 1 
S 0 0 0 F 0 1 1 
1 0 0 0 0 H 0 1 
1 0 1 0 0 H 0 1 
1 1 1 G 1 1 1 1 
L24 T10

Map
1 1 S 1 1 1 1 1 
1 0 0 0 0 0 0 1 
1 0 0 F 0 1 F 1 
1 0 F 1 0 0 1 1 
1 0 0 0 0 0 0 1 
1 # H 0 0 1 0 1 
1 0 0 0 1 H 0 G 
1 1 1 1 1 1 1 1 
U22 T8

Map
1 1 1 1 G S 1 1 
1 1 H 0 0 # 0 1 
1 0 0 0 0 0 0 1 
1 0 0 0 # H 0 1 
1 0 0 H 0 1 0 1 
1 0 0 0 H 0 0 1 
1 # 0 0 0 0 0 1 
1 1 1 1 1 1 1 1 
R52 T8

Map
1 1 1 1 1 1 1 1 
1 # 0 0 0 0 0 1 
1 1 0 0 0 0 1 1 
G 0 0 1 0 0 0 1 
1 0 0 F 1 0 0 1 
1 0 1 0 0 0 0 1 
1 F 0 0 0 0 0 1 
1 1 S 1 1 1 1 1 
D21 T11

Map
1 1 1 1 1 1 1 1 
1 0 0 0 0 0 0 1 
S 0 0 0 0 0 0 1 
1 # 0 0 H H 0 1 
1 # 0 H 0 0 1 1 
1 0 0 0 0 0 0 1 
1 0 0 # 0 0 0 1 
1 1 1 G 1 1 1 1 
L25 T8

Map
1 1 1 G 1 1 1 1 
1 0 1 0 0 0 # 1 
1 0 0 0 0 # 0 1 
1 0 0 0 # H 0 1 
S 0 0 H 0 1 0 1 
1 0 # F 0 0 # 1 
1 0 0 # 0 0 1 1 
1 1 1 1 1 1 1 1 
L24 T8

Map
1 1 1 1 1 1 1 1 
1 1 0 0 0 0 H 1 
1 # 0 0 H # # 1 
1 # 1 # 0 0 1 1 
G 0 1 0 1 0 0 1 
1 0 0 0 0 0 0 S 
1 0 0 0 0 0 0 1 
1 1 1 1 1 1 1 1 
R15 T9

Map
1 1 1 1 1 1 S 1 
1 0 0 0 1 F 0 1 
1 0 F 0 1 0 0 1 
1 0 0 0 0 0 0 1 
1 1 F 0 0 H 0 G 
1 0 0 0 H 0 F 1 
1 1 0 0 0 0 0 1 
1 1 1 1 1 1 1 1 
L63 T9

Map
1 1 1 1 1 1 1 1 
1 0 0 F 0 # 0 1 
1 0 0 0 1 0 F 1 
1 0 F 0 0 F 0 1 
1 0 0 0 0 0 1 1 
1 # 0 1 # 0 0 1 
1 1 0 0 0 0 0 S 
1 1 1 G 1 1 1 1 
R46 T10

Map
1 1 1 1 1 1 1 1 
1 0 0 F 0 1 H 1 
S F 0 0 0 0 0 1 
1 0 F 0 0 0 0 1 
G 0 H 0 1 0 F 1 
1 0 0 0 0 0 0 1 
1 0 0 0 F 0 0 1 
1 1 1 1 1 1 1 1 
U13 T8

Map
1 1 1 1 1 1 1 1 
1 0 0 0 1 0 0 1 
1 1 0 0 # # # 1 
1 F F F 0 0 0 1 
1 # 0 0 # 0 0 1 
1 0 F 0 0 0 0 1 
G 0 1 # 0 1 0 1 
1 1 1 S 1 1 1 1 
D32 T10

Map
1 1 1 1 1 1 1 1 
1 0 0 0 1 0 0 1 
1 0 0 H 0 0 # 1 
1 # # 0 0 0 0 1 
1 0 0 0 0 # 0 1 
1 0 0 F 0 0 # 1 
1 0 0 0 0 0 0 1 
1 1 1 1 G 1 S 1 
R56 T8

Map
1 1 1 1 1 1 S 1 
1 0 F 0 F F 0 1 
1 F 0 F 0 # 0 1 
G # 0 0 0 0 # 1 
1 0 0 0 # 1 0 1 
1 1 H 0 0 H 0 1 
1 0 F 0 0 0 0 1 
1 1 1 1 1 1 1 1 
U62 T8

Map
1 1 1 1 G 1 1 1 
1 # H 0 0 1 0 1 
1 0 0 0 1 0 0 1 
1 0 0 0 0 H 0 1 
1 0 0 0 0 0 0 1 
1 0 0 0 0 0 0 1 
1 0 0 1 0 0 0 S 
1 1 1 1 1 1 1 1 
R12 T9

Map
1 1 1 1 1 1 S 1 
1 0 0 1 0 0 0 1 
1 # 0 H 0 0 0 1 
1 0 0 0 F 0 0 1 
1 0 0 0 0 0 0 1 
1 0 0 0 0 0 0 1 
G 0 H 0 0 0 0 1 
1 1 1 1 1 1 1 1 
U63 T8

Map
1 1 1 G 1 S 1 1 
1 1 # 0 1 # 0 1 
1 1 1 0 0 0 0 1 
1 0 0 1 0 0 0 1 
1 0 0 # 0 0 # 1 
1 0 0 0 # 0 1 1 
1 0 0 F 0 0 0 1 
1 1 1 1 1 1 1 1 
U56 T9

Map
1 1 1 1 1 1 1 1 
1 1 0 0 0 0 0 1 
G 0 0 0 F F 0 1 
1 F F # H 0 # 1 
1 0 0 0 0 F 0 1 
1 0 0 F 0 H 0 1 
S F 0 # F 0 0 1 
1 1 1 1 1 1 1 1 
D25 T8

Map
1 1 1 1 1 1 1 1 
1 0 0 # 0 0 H 1 
1 1 0 1 # 0 0 1 
1 0 0 # 1 0 0 1 
G 0 0 0 F 0 0 1 
1 0 H 0 0 0 0 S 
1 0 F 0 # 0 0 1 
1 1 1 1 1 1 1 1 
D35 T8

Map
1 1 S 1 1 1 1 1 
1 0 # 0 1 # 0 1 
1 0 0 # 1 0 # 1 
1 0 F 0 0 0 0 1 
1 F F F 0 0 1 1 
1 F # # 0 0 0 G 
1 F H # 0 1 F 1 
1 1 1 1 1 1 1 1 
U22 T10

Map
1 1 1 1 1 S 1 1 
1 0 H 0 0 0 0 1 
1 0 F # 0 0 0 1 
1 0 H 1 F 0 # 1 
1 H 0 0 # 0 0 1 
1 H 0 # 0 0 0 1 
1 0 1 0 0 0 0 1 
1 1 1 1 G 1 1 1 
R54 T8

Map
1 1 1 1 1 1 1 1 
1 0 0 0 1 0 0 1 
S F 0 F 0 0 # 1 
1 0 0 0 0 0 1 1 
1 0 0 0 0 1 0 1 
1 1 0 0 0 0 F 1 
1 F 0 0 0 0 # 1 
1 1 1 1 1 G 1 1 
D55 T9

Map
1 1 1 1 1 1 1 1 
1 F 0 0 0 0 # 1 
1 F 0 0 0 1 0 G 
S 0 0 0 0 F 0 1 
1 F # 1 # 0 0 1 
1 F 0 F # # 0 1 
1 0 # 0 0 F 0 1 
1 1 1 1 1 1 1 1 
L63 T9

Map
1 1 1 1 1 1 1 1 
1 1 0 0 F 0 0 1 
1 0 0 0 0 F F 1 
S 0 0 0 F F 0 1 
1 0 1 F 0 0 0 1 
1 0 0 1 1 F 0 G 
1 0 0 0 # 0 0 1 
1 1 1 1 1 1 1 1 
U64 T8

Map
1 1 1 1 1 1 G 1 
1 H 0 0 0 0 0 1 
1 1 1 0 0 1 0 1 
1 0 0 0 1 0 0 1 
1 0 0 0 0 0 1 1 
1 0 0 0 0 0 0 1 
1 1 H F 0 F 0 S 
1 1 1 1 1 1 1 1 
R46 T8

Map
1 1 1 1 G 1 1 1 
1 0 F 0 0 0 0 1 
S 0 0 0 H 0 0 1 
1 0 F 1 0 0 0 1 
1 0 0 0 0 0 1 1 
1 0 0 0 F 1 0 1 
1 0 0 0 1 0 0 1 
1 1 1 1 1 1 1 1 
D31 T9

Map
1 1 1 1 1 1 1 1 
1 0 0 0 0 0 # 1 
1 0 1 0 0 0 0 1 
1 H 0 0 0 0 0 G 
1 0 0 0 0 0 0 1 
1 0 0 0 1 # 1 1 
1 # 0 0 1 1 0 1 
1 S 1 1 1 1 1 1 
D14 T8

Map
1 1 1 1 1 1 1 1 
1 0 # 0 0 0 0 1 
1 0 0 0 0 0 0 1 
1 F # 0 0 0 0 S 
1 1 0 0 0 0 # 1 
1 0 0 # 0 1 0 1 
1 0 0 1 # # 0 1 
1 G 1 1 1 1 1 1 
R43 T8

Map
1 1 1 G 1 1 1 1 
1 0 0 0 0 0 0 1 
1 0 0 # 0 0 0 1 
1 0 0 0 F 0 0 1 
1 0 F F 0 0 0 1 
1 0 0 0 F 0 0 1 
1 0 0 1 # 0 0 1 
1 S 1 1 1 1 1 1 
L21 T8

Map
1 1 1 1 G 1 1 1 
1 0 0 0 0 0 1 1 
1 1 0 # 0 0 F 1 
1 0 0 1 0 # 0 1 
S # 0 # 0 0 0 1 
1 1 0 0 0 0 # 1 
1 1 0 # 1 0 H 1 
1 1 1 1 1 1 1 1 
L63 T8

Map
1 1 1 1 1 S 1 1 
1 0 1 # 0 0 0 1 
1 0 0 0 H 0 0 1 
1 0 # # 0 1 # 1 
1 0 # 0 0 0 1 1 
1 H 0 H 0 # 0 1 
1 0 0 0 0 # # 1 
1 1 1 1 1 1 G 1 
R34 T9

Map
1 1 1 1 1 1 1 1 
1 0 0 0 1 1 0 1 
1 0 0 0 F 1 1 1 
1 0 # 0 0 0 0 1 
S F 0 0 0 F 0 1 
1 # 0 0 0 0 F 1 
1 0 H 0 F # 0 1 
1 1 1 1 1 G 1 1 
U66 T8

Map
1 1 1 1 1 1 1 1 
1 1 1 0 0 0 0 1 
1 0 0 0 H 0 1 1 
1 0 0 0 0 1 0 G 
1 0 0 H 0 # 0 1 
S 0 # H 0 H 0 1 
1 0 0 1 0 0 0 1 
1 1 1 1 1 1 1 1 
D14 T10

Map
1 1 1 1 1 1 1 1 
1 0 0 0 0 H 0 1 
1 0 1 # 0 0 H 1 
1 0 0 1 0 0 0 G 
1 # H 1 1 0 0 S 
1 0 1 0 0 1 0 1 
1 0 0 0 0 0 # 1 
1 1 1 1 1 1 1 1 
D41 T9

Map
1 S 1 1 1 1 1 1 
1 0 0 0 0 0 # 1 
1 # 0 0 0 # 0 1 
1 0 # 0 0 0 0 G 
1 0 # 0 H 0 0 1 
1 0 # 0 0 0 0 1 
1 0 1 0 0 0 0 1 
1 1 1 1 1 1 1 1 
U32 T8

Map
1 1 1 1 1 S 1 1 
1 0 F F F 0 0 1 
1 0 1 0 0 0 0 G 
1 0 0 1 0 F 0 1 
1 1 0 0 0 0 0 1 
1 0 0 0 0 0 0 1 
1 0 0 0 0 H 0 1 
1 1 1 1 1 1 1 1 
L61 T9

Map
1 S 1 1 1 1 1 1 
1 0 0 # 0 0 0 1 
1 1 0 F # # # 1 
G 0 0 0 0 # 0 1 
1 0 0 0 0 1 H 1 
1 0 1 0 F # 0 1 
1 0 0 F 0 1 F 1 
1 1 1 1 1 1 1 1 
L63 T8

Map
1 1 1 1 1 1 1 1 
1 0 1 0 0 0 # 1 
1 0 0 0 0 0 # 1 
1 0 0 # 0 0 0 1 
1 F # 1 0 0 0 1 
1 F 0 0 # 0 0 1 
1 # # 0 0 0 0 S 
1 1 1 G 1 1 1 1 
R46 T8

Map
1 1 1 G 1 1 1 1 
1 # 1 0 0 F F 1 
1 0 0 0 0 1 0 1 
1 0 0 0 1 0 H 1 
1 1 0 F F 0 0 1 
1 0 0 0 # 1 0 1 
1 0 F 0 0 0 1 1 
1 1 1 1 1 S 1 1 
D35 T10

Map
1 1 1 1 1 1 1 1 
1 0 0 # F 0 1 1 
1 0 0 0 0 0 0 1 
1 1 0 F 0 0 0 1 
1 F F 0 0 0 0 G 
1 0 0 0 0 0 0 1 
1 0 0 0 0 0 0 S 
1 1 1 1 1 1 1 1 
D55 T8

Map
1 1 1 1 1 1 1 1 
1 0 0 1 0 F H 1 
1 0 0 0 0 # 0 1 
1 0 0 0 1 0 0 1 
1 0 0 F 0 0 1 1 
1 0 0 0 0 0 # 1 
S # # H F 1 0 G 
1 1 1 1 1 1 1 1 
D25 T10

Map
1 1 1 1 1 1 1 1 
1 0 0 0 F # 0 1 
1 0 1 0 # 0 # 1 
1 1 0 0 0 # # 1 
1 0 0 1 0 0 0 1 
1 F 0 0 # 0 0 1 
S 0 0 0 0 0 0 1 
1 1 1 G 1 1 1 1 
L26 T8

Map
1 1 S 1 1 1 1 1 
1 0 0 0 H F F 1 
1 0 F 0 1 0 0 1 
1 0 0 F 0 0 F 1 
G 0 0 # 0 F 0 1 
1 # 0 F # 1 0 1 
1 1 0 # 0 0 0 1 
1 1 1 1 1 1 1 1 
U23 T8

Map
1 1 1 1 1 1 1 1 
1 H 1 0 0 0 0 1 
1 1 F 0 0 0 0 1 
S 0 0 1 0 0 0 1 
1 0 0 0 0 0 F 1 
1 # 0 0 0 1 0 1 
1 0 0 1 1 0 0 1 
1 1 1 1 1 G 1 1 
U14 T11

Map
1 1 1 1 1 G 1 1 
S 0 0 0 0 0 0 1 
1 0 0 0 0 0 0 1 
1 0 F 0 0 0 0 1 
1 0 0 0 0 0 0 1 
1 0 1 0 0 0 0 1 
1 0 0 0 0 1 0 1 
1 1 1 1 1 1 1 1 
L41 T8

Map
1 1 1 1 1 1 1 1 
1 0 0 0 0 F 0 1 
1 0 1 # F # F 1 
1 0 0 # 0 0 F S 
1 0 0 1 # 0 0 1 
1 0 0 0 0 0 0 1 
1 0 0 1 0 F 0 1 
1 1 1 1 G 1 1 1 
U24 T9

Map
1 1 1 1 1 1 1 1 
1 0 0 0 0 0 1 1 
G 0 F 0 0 F 0 1 
1 0 0 0 0 0 1 1 
1 1 0 0 0 0 0 1 
1 0 1 0 0 0 0 1 
1 0 0 0 0 0 0 1 
1 S 1 1 1 1 1 1 
R13 T10

Map
1 1 G 1 1 1 S 1 
1 1 0 0 1 0 0 1 
1 H 0 0 0 0 0 1 
1 0 F 0 0 0 1 1 
1 0 0 0 0 0 0 1 
1 # # 0 F 0 0 1 
1 0 F 0 0 0 0 1 
1 1 1 1 1 1 1 1 
R46 T11

Map
1 1 1 1 1 1 1 1 
1 1 0 0 0 0 0 1 
1 0 0 F 1 0 F G 
1 # 0 0 0 0 0 1 
1 0 0 F 0 F 1 1 
1 0 1 # 0 # 0 1 
1 # # 0 0 0 0 1 
1 S 1 1 1 1 1 1 
R52 T8

Map
1 1 1 1 1 G 1 1 
1 0 0 0 0 0 0 1 
1 0 0 0 # 0 F 1 
1 F 1 0 F 0 0 1 
1 # # # 1 1 0 1 
1 1 0 0 F F 0 1 
1 F F 0 0 0 0 1 
1 1 1 S 1 1 1 1 
L41 T8

Map
1 1 1 1 1 1 1 1 
1 0 0 0 0 0 0 1 
G 0 0 0 0 0 0 1 
1 0 0 0 1 0 0 1 
S F 0 0 0 1 0 1 
1 0 0 0 0 0 0 1 
1 0 0 0 0 0 1 1 
1 1 1 1 1 1 1 1 
D13 T8

Map
1 1 1 1 1 1 1 1 
1 0 0 0 0 0 # 1 
1 0 0 0 0 0 1 1 
S 0 0 0 F 0 0 1 
1 0 H 0 0 # 1 1 
1 0 0 0 1 0 0 1 
1 1 0 F 0 0 0 1 
1 1 G 1 1 1 1 1 
L33 T8

Map
1 1 1 1 1 1 1 1 
1 0 0 0 1 0 1 1 
G 0 1 0 0 0 0 1 
1 0 0 0 0 0 0 1 
S # 0 # 1 1 0 1 
1 0 0 0 0 0 0 1 
1 1 H 0 H 0 0 1 
1 1 1 1 1 1 1 1 
D13 T8

Map
1 1 1 1 1 1 1 1 
1 0 F 0 0 0 1 1 
G 0 0 0 0 0 0 1 
1 0 0 1 0 0 0 1 
1 0 0 0 0 0 0 1 
S 0 F F 1 0 0 1 
1 0 0 0 0 1 0 1 
1 1 1 1 1 1 1 1 
D24 T8

Map
1 1 1 1 1 1 1 1 
1 0 1 # 1 0 0 S 
1 0 0 F 0 0 0 1 
1 0 0 0 H 1 0 1 
1 0 1 0 # # 0 1 
1 0 0 # 0 F 0 1 
1 H 0 0 0 0 1 1 
1 1 1 1 G 1 1 1 
U56 T8

Map
1 1 S 1 1 1 1 1 
1 0 0 0 0 1 1 1 
1 # # 0 0 0 0 1 
1 0 # 0 # F 0 1 
1 0 0 0 0 F # 1 
1 0 0 0 1 0 # 1 
1 0 0 0 0 0 0 1 
1 1 1 1 G 1 1 1 
L36 T8

Map
1 1 S 1 1 1 1 1 
1 0 # 0 0 F 0 1 
1 0 0 0 0 0 # 1 
1 0 0 0 0 0 1 1 
1 0 F 0 0 # 0 1 
1 0 0 H 0 0 0 G 
1 0 0 0 1 0 0 1 
1 1 1 1 1 1 1 1 
U32 T9

Map
1 1 1 1 1 1 1 1 
1 0 0 0 0 0 0 1 
1 0 0 0 # # 0 1 
1 # # 0 0 0 # 1 
1 0 # 0 1 0 F 1 
1 1 0 0 0 0 0 1 
1 0 # 0 0 0 0 1 
1 1 1 1 G 1 S 1 
R56 T8

Map
1 G 1 1 1 1 1 1 
1 0 H # # 1 0 1 
1 0 F 0 0 0 0 1 
1 F 0 # 0 0 0 S 
1 1 1 # 0 F 0 1 
1 0 0 H H 1 1 1 
1 0 # H 0 F 0 1 
1 1 1 1 1 1 1 1 
R43 T8

Map
1 1 1 1 1 1 1 1 
S F 0 F 0 0 # 1 
1 0 0 0 1 0 0 1 
1 1 0 0 0 0 0 1 
G 0 0 0 0 1 F 1 
1 0 0 0 F 0 F 1 
1 # 0 0 0 F F 1 
1 1 1 1 1 1 1 1 
L63 T8

Map
1 S 1 G 1 1 1 1 
1 0 F 0 0 0 0 1 
1 F 0 0 F 0 F 1 
1 F F 0 0 0 0 1 
1 0 0 0 # 0 0 1 
1 0 0 F 0 0 1 1 
1 0 0 1 0 0 0 1 
1 1 1 1 1 1 1 1 
L24 T10

Map
1 1 1 S 1 1 1 1 
1 H 0 0 1 0 0 1 
1 1 H 0 0 0 0 1 
1 # 0 0 H 0 0 1 
1 0 0 1 # 0 # 1 
1 0 0 0 0 0 # 1 
1 0 0 0 0 # 1 1 
1 1 1 G 1 1 1 1 
L25 T10

Map
1 1 1 1 1 1 S 1 
1 0 # 0 0 0 # 1 
1 # # # 0 0 # 1 
1 0 0 1 0 0 0 1 
1 1 0 F 0 0 F 1 
1 0 0 0 # 0 0 1 
1 0 # F H 0 F 1 
1 1 1 1 1 G 1 1 
U65 T9

Map
1 1 1 1 G 1 1 1 
1 0 0 1 0 0 0 1 
1 0 # 0 # 0 0 1 
1 0 0 0 F 0 0 1 
1 0 0 0 # 0 # 1 
1 0 0 1 # 0 1 1 
S 0 0 # 0 H 0 1 
1 1 1 1 1 1 1 1 
D25 T9

Map
1 1 1 1 G 1 1 1 
1 # 0 1 0 0 F 1 
1 1 0 0 # # 0 1 
1 F 1 0 0 1 0 S 
1 0 0 0 F 0 # 1 
1 0 0 0 0 F 0 1 
1 0 0 0 1 0 0 1 
1 1 1 1 1 1 1 1 
D62 T11

Map
1 1 1 G 1 1 1 1 
1 0 0 0 0 # 1 1 
1 0 0 0 0 0 # 1 
1 0 H 0 # 0 0 1 
1 0 1 0 # 0 0 1 
1 H F 0 F 0 # S 
1 0 # 0 0 0 0 1 
1 1 1 1 1 1 1 1 
R55 T8

Map
1 1 1 1 1 1 1 1 
1 # 0 1 F 1 F 1 
1 0 F 0 0 1 0 1 
1 0 0 0 F 0 F G 
1 0 # 1 # # H 1 
1 0 0 # 0 0 0 1 
S 0 0 F 1 # 0 1 
1 1 1 1 1 1 1 1 
L26 T9

Map
1 1 1 1 1 G 1 1 
1 1 0 0 F 0 0 1 
1 0 0 0 1 0 0 1 
S # 0 0 0 0 0 1 
1 0 0 0 0 F 0 1 
1 0 0 0 0 F 0 1 
1 0 1 F F 1 0 1 
1 1 1 1 1 1 1 1 
L63 T8

Map
1 1 S 1 1 1 1 1 
1 0 0 0 0 0 1 1 
1 0 H # # 0 0 1 
1 0 0 1 0 0 H 1 
1 0 F 0 0 0 0 1 
1 F 0 0 0 0 0 G 
1 # 0 0 1 0 0 1 
1 1 1 1 1 1 1 1 
L31 T11

Map
1 1 S 1 1 1 1 1 
1 1 # 0 # 0 0 1 
1 0 0 0 1 0 0 1 
1 0 0 0 0 0 0 1 
1 1 0 0 0 # 0 1 
1 0 0 0 # 0 0 1 
1 1 0 F 1 0 0 1 
1 1 1 G 1 1 1 1 
U52 T11

Map
1 1 1 1 1 1 1 1 
1 0 0 0 0 1 0 1 
1 0 0 1 H 0 0 1 
S 0 0 1 0 F 0 1 
1 1 0 0 0 0 0 1 
1 0 0 0 0 0 0 1 
1 0 0 0 0 0 0 1 
1 1 1 1 1 G 1 1 
L46 T8

Map
1 1 1 1 1 1 1 1 
G 0 H 0 F 1 H 1 
1 0 0 0 1 1 0 1 
1 0 0 H 0 0 1 1 
1 1 0 F 0 # # 1 
1 0 F 0 # 0 0 1 
1 0 # 0 0 0 0 1 
1 1 1 1 1 S 1 1 
L32 T8

Map
1 1 1 1 1 1 1 1 
G 0 # 1 # 0 0 1 
1 0 1 0 0 0 0 1 
1 0 0 0 1 0 0 1 
1 0 # # 0 0 0 1 
1 0 0 0 # 0 0 1 
1 0 H 0 0 0 0 S 
1 1 1 1 1 1 1 1 
R36 T9

Map
1 1 1 1 1 1 1 1 
1 0 0 0 0 0 F 1 
1 0 0 0 1 0 1 1 
1 1 0 0 1 0 0 1 
G 0 F 0 H 0 0 1 
1 0 F 0 0 0 0 1 
1 F 0 F 0 F 0 1 
1 1 1 1 S 1 1 1 
R35 T9

Map
1 1 1 1 1 S 1 1 
1 0 H F 0 # 0 1 
1 # 0 0 0 0 F 1 
1 0 0 # 0 # 0 1 
1 0 # 0 1 0 # 1 
1 # F 0 F 0 1 1 
G 0 0 H 0 F 1 1 
1 1 1 1 1 1 1 1 
U52 T8

Map
1 1 1 G 1 1 1 1 
1 1 H 0 0 0 0 1 
1 0 0 0 0 0 0 1 
1 0 0 0 F 0 0 1 
1 0 0 0 # H 1 1 
1 0 0 0 0 0 H 1 
S 0 0 0 0 0 0 1 
1 1 1 1 1 1 1 1 
L23 T8

Map
1 1 1 1 1 1 S 1 
1 0 0 0 0 # 0 1 
1 0 F 0 0 0 0 1 
1 1 0 1 1 0 0 1 
1 0 0 0 0 0 0 1 
1 0 0 1 0 1 H 1 
1 1 # 0 0 F # 1 
1 1 1 1 1 1 G 1 
U62 T11

Map
1 1 1 1 1 1 1 1 
1 1 F 0 1 0 F G 
1 F 1 0 0 0 1 1 
1 0 # F 0 0 0 1 
1 0 1 0 0 F F 1 
1 0 0 0 F 0 F 1 
1 0 0 0 0 0 0 1 
1 1 1 1 1 1 S 1 
R56 T9

Map
1 1 1 1 1 1 1 1 
S 0 0 0 0 0 1 1 
1 0 0 1 1 0 0 1 
G 0 0 H 0 1 0 1 
1 0 0 0 0 0 0 1 
1 0 0 0 0 H 0 1 
1 0 0 0 0 0 0 1 
1 1 1 1 1 1 1 1 
U12 T8

Map
1 1 1 1 1 G 1 1 
1 # 0 0 1 0 0 1 
1 1 0 0 # 0 0 1 
1 0 # 0 # 0 0 1 
1 0 0 0 0 0 0 1 
1 # 0 0 H 0 0 1 
1 1 0 0 1 0 0 1 
1 1 1 S 1 1 1 1 
D33 T9

Map
1 1 1 1 1 1 1 1 
1 0 0 0 0 0 0 1 
1 0 0 0 0 0 0 1 
1 0 0 1 0 0 0 G 
1 0 0 0 0 0 # 1 
1 # 0 0 F 0 0 1 
S 0 0 1 0 # # 1 
1 1 1 1 1 1 1 1 
U42 T8

Map
1 1 1 1 1 1 1 1 
1 0 0 H 0 # 0 1 
1 0 # # 0 0 0 1 
G 0 0 0 0 0 # 1 
1 0 0 0 0 0 0 1 
1 0 # 0 0 0 0 S 
1 1 0 0 0 0 0 1 
1 1 1 1 1 1 1 1 
D14 T8

Map
1 S 1 G 1 1 1 1 
1 # 0 # 0 1 1 1 
1 # F 0 0 # 0 1 
1 F 0 # 0 1 # 1 
1 0 0 1 # 0 0 1 
1 0 0 0 F 0 1 1 
1 0 0 0 1 0 H 1 
1 1 1 1 1 1 1 1 
U32 T8

Map
1 1 1 1 1 S 1 1 
1 0 1 0 F 0 0 1 
1 # 0 F 0 0 0 1 
1 0 0 0 0 # F G 
1 H # 0 H # 1 1 
1 F F F 1 0 0 1 
1 # 0 0 0 0 0 1 
1 1 1 1 1 1 1 1 
U52 T8

Map
1 1 1 1 1 1 1 1 
1 0 # 0 F F # 1 
1 F # 0 # 0 F 1 
1 # 0 0 0 # 0 G 
1 0 0 F 0 0 0 1 
1 0 0 0 1 1 0 1 
S 0 1 0 0 # 0 1 
1 1 1 1 1 1 1 1 
U32 T8

Map
1 1 S 1 G 1 1 1 
1 0 0 1 0 0 F 1 
1 0 1 0 F 0 0 1 
1 0 0 0 1 0 0 1 
1 0 0 0 1 0 0 1 
1 0 0 0 0 0 0 1 
1 0 0 1 0 0 0 1 
1 1 1 1 1 1 1 1 
U53 T10

Map
1 1 1 1 1 S 1 1 
1 0 0 0 0 0 0 1 
1 0 0 0 0 0 0 1 
1 0 H 0 0 H 0 1 
1 0 # 0 0 0 0 1 
1 0 0 0 0 0 0 G 
1 0 0 1 0 0 0 1 
1 1 1 1 1 1 1 1 
R41 T9

Map
1 1 G 1 1 S 1 1 
1 0 0 0 0 0 0 1 
1 0 0 0 0 0 H 1 
1 0 0 0 # 0 F 1 
1 1 0 0 # H 0 1 
1 0 0 1 0 0 0 1 
1 0 0 0 0 0 0 1 
1 1 1 1 1 1 1 1 
U53 T9

Map
1 1 1 1 1 1 1 1 
1 # 0 0 0 0 0 1 
1 0 # # 0 0 0 1 
1 1 F F F 0 0 G 
1 F 0 F # 0 0 1 
1 # 0 # 0 0 0 1 
1 # 0 0 F 0 1 1 
1 1 1 S 1 1 1 1 
U52 T9

Map
1 1 1 1 1 1 1 1 
1 F 0 0 0 0 0 1 
1 0 0 0 0 F 0 1 
1 0 0 0 0 0 0 1 
1 0 0 0 0 0 1 1 
1 0 1 0 1 0 0 1 
1 0 0 F 0 0 0 S 
1 1 1 1 G 1 1 1 
U56 T9

Map
1 1 1 1 1 1 1 1 
1 F 0 0 0 1 0 G 
1 0 0 # 0 0 0 1 
1 # 0 1 1 H 0 1 
1 0 F 0 0 1 H 1 
1 0 0 0 # 0 0 1 
1 0 0 0 1 1 # 1 
1 S 1 1 1 1 1 1 
D15 T12

Map
1 1 1 1 1 1 1 1 
1 0 0 0 0 F 0 1 
1 0 0 0 0 0 1 1 
1 F 0 1 0 0 0 1 
1 0 0 1 0 0 0 1 
1 1 0 0 0 0 F 1 
G 0 0 1 0 0 F 1 
1 1 1 1 1 S 1 1 
D52 T8

Map
1 1 S 1 1 1 1 1 
1 0 0 0 1 0 0 1 
1 0 0 0 0 0 0 1 
1 0 H 0 H # 0 1 
1 0 0 0 0 0 0 1 
1 0 0 0 0 0 0 G 
1 0 0 0 1 1 0 1 
1 1 1 1 1 1 1 1 
L31 T9

Map
1 1 1 1 1 1 1 1 
1 0 0 F 0 F 0 1 
S # 0 0 0 # F 1 
1 0 0 0 0 # 0 1 
1 1 H 1 0 0 F 1 
G 0 0 0 # 0 H 1 
1 0 0 0 0 # 0 1 
1 1 1 1 1 1 1 1 
U63 T8

Map
1 1 1 1 1 1 1 1 
1 1 0 0 # F 0 1 
1 0 0 0 0 0 0 1 
1 H 0 0 0 0 0 1 
G 0 # # H F 0 1 
S # 0 0 0 0 0 1 
1 0 0 0 1 # 0 1 
1 1 1 1 1 1 1 1 
D25 T8

Map
1 1 1 1 1 1 1 1 
1 # 0 0 F H 0 1 
G 0 0 F 1 # H 1 
1 1 1 # # # 1 1 
1 0 0 1 # 0 0 1 
1 0 F # F 0 0 1 
1 F # 0 0 F 0 S 
1 1 1 1 1 1 1 1 
R46 T9

Map
1 1 G 1 S 1 1 1 
1 0 0 0 0 1 1 1 
1 0 H # 0 0 H 1 
1 0 1 0 0 # 0 1 
1 0 0 0 1 0 0 1 
1 0 0 0 0 0 0 1 
1 1 0 # H 0 0 1 
1 1 1 1 1 1 1 1 
R31 T10

Map
1 1 G 1 S 1 1 1 
1 # 0 1 0 0 0 1 
1 0 0 # 0 # 0 1 
1 0 1 0 F 0 0 1 
1 0 0 F 1 0 1 1 
1 0 0 0 0 # 0 1 
1 0 # 0 0 0 0 1 
1 1 1 1 1 1 1 1 
U42 T9

Map
1 1 1 1 1 1 1 1 
1 1 0 # 0 0 0 S 
1 0 0 0 0 F 0 1 
1 0 0 0 0 0 1 1 
1 1 0 0 H 0 0 1 
1 H 0 0 0 0 0 1 
1 0 0 H 0 0 0 1 
1 1 1 1 G 1 1 1 
D45 T8

Map
1 1 1 1 1 1 1 1 
1 0 0 # 0 1 0 1 
1 # 0 0 0 H 1 1 
S # 0 0 0 # 0 1 
1 0 0 0 0 0 0 1 
1 0 1 0 1 0 0 G 
1 0 H 0 1 0 # 1 
1 1 1 1 1 1 1 1 
U64 T10

Map
1 1 1 1 1 1 1 1 
1 0 0 0 0 1 0 1 
1 0 0 0 1 0 0 1 
G # 1 0 0 0 0 1 
1 0 # 0 0 0 0 1 
1 0 # 0 # 0 0 S 
1 # 0 # 0 1 0 1 
1 1 1 1 1 1 1 1 
D14 T8

Map
1 1 1 1 1 1 1 1 
1 0 # 1 0 0 0 1 
1 0 0 0 0 F 0 1 
1 F 1 0 F # 0 1 
1 F 0 F 0 0 F 1 
1 0 0 F 0 0 0 1 
1 F 0 0 0 H 0 1 
1 S G 1 1 1 1 1 
D25 T8

Map
1 1 1 1 G 1 1 1 
1 # 0 1 0 0 1 1 
1 # 0 H 1 # 0 1 
1 # 0 0 # 0 0 1 
1 0 0 H # 0 0 1 
1 0 1 0 0 # H 1 
1 # 0 0 1 0 F 1 
1 1 S 1 1 1 1 1 
L24 T12

Map
1 1 1 1 1 1 1 1 
G 0 1 0 0 0 F 1 
1 0 0 0 0 0 0 1 
1 0 0 0 0 0 0 1 
1 0 # 0 0 0 0 1 
1 0 0 F 0 0 1 1 
1 F 0 0 0 1 0 1 
1 1 1 S 1 1 1 1 
D34 T8

Map
1 1 1 1 1 1 S 1 
1 0 0 0 0 0 0 1 
1 0 # 0 0 0 0 1 
1 # 0 0 0 # 0 G 
1 0 # 0 0 0 0 1 
1 0 H 0 0 0 # 1 
1 0 0 0 1 0 1 1 
1 1 1 1 1 1 1 1 
U32 T8

Map
1 1 1 1 1 1 1 1 
1 0 0 0 0 1 1 1 
1 # 1 0 H 0 0 S 
1 0 0 1 0 0 0 1 
1 # 0 0 0 0 0 G 
1 0 0 0 0 # 0 1 
1 0 0 0 0 0 1 1 
1 1 1 1 1 1 1 1 
U53 T8

Map
1 1 1 1 1 1 1 1 
1 0 0 1 0 0 0 1 
1 0 0 # # # 0 1 
1 0 0 0 0 0 0 1 
G 0 1 0 0 0 0 1 
1 0 # 0 # 0 1 1 
1 0 0 # 0 0 1 1 
1 S 1 1 1 1 1 1 
D15 T10

Map
1 1 1 1 1 1 1 1 
1 0 0 0 # 0 # 1 
1 0 0 0 0 0 0 S 
1 0 0 0 # 0 0 1 
G # 0 0 0 1 1 1 
1 # 0 0 0 F 0 1 
1 # 0 F 0 0 H 1 
1 1 1 1 1 1 1 1 
U13 T8

Map
1 1 1 1 1 1 1 1 
1 0 0 0 0 0 1 1 
1 1 0 0 0 0 0 1 
1 0 0 # 0 0 0 1 
1 0 0 0 H 0 0 1 
1 0 0 0 0 0 0 G 
1 0 0 0 0 0 0 1 
1 1 1 1 S 1 1 1 
L56 T9

Map
1 1 1 1 1 1 1 1 
1 0 1 0 F 0 0 1 
1 F 0 0 0 1 0 1 
1 0 0 0 0 0 0 G 
S 0 0 F H 0 F 1 
1 0 0 0 # 0 0 1 
1 0 1 0 0 0 1 1 
1 1 1 1 1 1 1 1 
U35 T8

Map
1 1 1 1 1 1 1 1 
1 0 0 0 F 0 0 1 
1 0 # 0 0 0 0 1 
1 0 0 1 0 0 0 1 
1 # # 0 0 # 0 1 
1 1 0 H 0 0 1 1 
G 0 # 1 # 0 0 1 
1 1 1 1 1 1 S 1 
R31 T9

Map
1 1 1 1 G 1 1 1 
1 0 0 0 0 # F 1 
1 0 0 0 0 H 0 1 
1 0 0 # 0 0 # 1 
1 0 0 0 0 0 0 1 
1 1 0 F 0 # # 1 
1 0 1 # 0 F 0 1 
1 1 1 1 1 1 S 1 
R54 T8

Map
1 1 1 1 1 1 1 1 
S # F 0 0 F 0 1 
1 0 F 0 0 F # 1 
1 0 0 0 0 F 0 G 
1 0 # # 1 1 0 1 
1 0 F 0 0 0 0 1 
1 0 0 F 1 0 0 1 
1 1 1 1 1 1 1 1 
U12 T8

Map
1 1 1 G 1 1 1 1 
1 0 H 0 # 0 0 1 
S 0 1 # 0 0 0 1 
1 0 0 1 0 0 0 1 
1 0 0 # 0 0 0 1 
1 1 0 0 0 0 0 1 
1 H 0 0 0 # 1 1 
1 1 1 1 1 1 1 1 
D63 T11

Map
1 1 1 G 1 1 S 1 
1 0 # # # 0 0 1 
1 0 0 0 0 0 0 1 
1 0 # 0 H # 0 1 
1 # 0 0 0 0 1 1 
1 0 0 0 0 # 0 1 
1 0 0 0 0 0 0 1 
1 1 1 1 1 1 1 1 
L25 T9

Map
1 1 1 1 1 1 1 1 
1 0 0 0 1 0 0 1 
S # 1 0 0 0 0 1 
1 F 0 1 0 0 0 1 
1 0 0 F F 0 0 1 
G 0 0 0 1 0 0 1 
1 0 0 0 F F 0 1 
1 1 1 1 1 1 1 1 
U14 T9

Map
1 1 1 S G 1 1 1 
1 0 0 0 # 0 0 1 
1 1 # 0 0 F 1 1 
1 0 0 0 # F 0 1 
1 0 0 0 F 0 0 1 
1 1 0 F 0 # 0 1 
1 0 1 0 0 0 0 1 
1 1 1 1 1 1 1 1 
L33 T8

Map
1 1 1 1 1 1 S 1 
1 0 0 0 0 F 0 1 
1 0 0 0 0 F 0 1 
1 0 0 0 0 F 0 G 
1 0 F # H 0 0 1 
1 0 0 0 0 H 0 1 
1 0 0 1 F 1 0 1 
1 1 1 1 1 1 1 1 
U22 T8

Map
1 1 1 1 1 S 1 1 
1 1 0 0 0 0 F 1 
1 0 0 F 0 0 0 1 
G 0 0 0 0 0 H 1 
1 1 F F 0 0 0 1 
1 # F 0 0 0 0 1 
1 F 0 0 0 1 1 1 
1 1 1 1 1 1 1 1 
U42 T8

Map
1 G 1 1 1 1 1 1 
1 # 0 F 0 0 0 1 
1 H 0 F 0 F # 1 
1 0 F F F 0 0 1 
1 0 # 1 H 0 1 1 
1 0 0 0 H 0 0 1 
1 0 0 0 F # # 1 
1 1 1 S 1 1 1 1 
R13 T8

Map
1 1 1 1 G 1 1 1 
1 1 F 0 0 # 0 1 
1 0 0 # 0 0 0 1 
1 0 0 F 0 0 # 1 
1 F F F # F 0 1 
1 0 0 F 1 H 0 1 
1 0 0 0 0 0 0 1 
1 1 1 S 1 1 1 1 
R52 T8

Map
1 1 1 S 1 G 1 1 
1 0 F 0 0 # 0 1 
1 0 0 1 1 F 0 1 
1 1 F 0 0 0 0 1 
1 F 0 0 0 0 0 1 
1 1 0 0 # 0 F 1 
1 0 0 0 0 F 0 1 
1 1 1 1 1 1 1 1 
L41 T8

Map
1 1 1 1 1 1 1 1 
1 0 0 0 1 0 0 1 
1 0 # 0 0 0 0 1 
1 1 0 0 0 0 # G 
1 0 # # H 0 0 1 
1 0 0 1 0 H 0 S 
1 1 0 0 0 0 0 1 
1 1 1 1 1 1 1 1 
D64 T8

Map
1 1 1 G 1 1 1 1 
S # 0 # F 0 0 1 
1 0 0 F 0 0 0 1 
1 0 1 0 0 0 0 1 
1 # 0 F F # # 1 
1 0 F 0 1 0 1 1 
1 0 # 1 0 0 0 1 
1 1 1 1 1 1 1 1 
L21 T8

Map
1 1 1 1 1 1 S 1 
1 1 0 0 1 0 # 1 
1 0 0 0 1 0 0 1 
1 0 0 0 0 0 H 1 
1 0 0 0 0 0 0 1 
1 0 0 0 0 0 0 1 
1 0 0 0 0 # 0 1 
1 1 1 G 1 1 1 1 
L62 T8

Map
1 1 G 1 1 1 1 1 
1 # F 0 0 0 0 1 
1 0 0 0 # 0 0 1 
1 0 0 0 0 0 0 1 
1 0 0 0 0 # 0 1 
1 0 0 0 # 0 1 1 
1 0 0 0 0 1 0 1 
1 1 1 1 S 1 1 1 
R36 T8

Map
1 1 1 1 1 1 S 1 
1 0 0 F H H 0 1 
1 0 0 0 H H 0 1 
1 0 # 0 0 0 0 1 
1 0 0 # F # 0 1 
1 0 # F 0 0 0 1 
1 1 0 # 0 # 0 1 
1 1 1 1 G 1 1 1 
R55 T8

Map
1 1 1 1 1 1 1 1 
1 0 0 0 1 0 0 1 
1 # 0 0 0 0 0 1 
1 0 0 1 0 0 0 1 
1 0 0 F F 0 0 S 
1 0 0 H 0 0 0 1 
1 0 1 0 0 1 0 1 
1 1 1 G 1 1 1 1 
R54 T8

Map
1 1 1 1 1 1 1 1 
1 F 0 0 # 0 # 1 
S 0 0 1 0 0 0 1 
1 F H H # 0 0 G 
1 0 1 0 0 F 0 1 
1 0 0 0 0 0 F 1 
1 F H 1 1 # # 1 
1 1 1 1 1 1 1 1 
U52 T8

Map
1 1 1 1 1 1 1 1 
1 # 1 0 0 0 0 S 
1 0 # 0 0 0 0 1 
1 # 0 1 0 0 # G 
1 # 1 0 0 0 F 1 
1 0 0 0 # 0 0 1 
1 0 0 1 1 0 F 1 
1 1 1 1 1 1 1 1 
L62 T9

Map
1 1 1 1 1 1 G 1 
1 0 F 0 0 1 0 1 
1 0 0 0 0 0 F 1 
1 0 0 F F 0 # 1 
1 0 1 0 0 0 F 1 
1 F # # 0 0 1 1 
1 0 0 1 0 0 0 S 
1 1 1 1 1 1 1 1 
L52 T9

Map
1 1 1 1 1 1 1 1 
1 0 0 0 0 1 0 1 
1 0 0 0 0 0 0 1 
1 0 F 0 F F 1 1 
1 0 1 # 0 0 0 1 
1 1 0 F F 0 0 S 
1 F 1 # 0 0 1 1 
1 1 1 1 1 G 1 1 
U55 T9

Map
1 1 1 1 G 1 S 1 
1 0 0 0 0 0 0 1 
1 0 0 0 0 0 0 1 
1 # 0 0 0 0 0 1 
1 F 0 H 1 0 0 1 
1 0 0 # 0 0 0 1 
1 0 0 1 0 # 0 1 
1 1 1 1 1 1 1 1 
R51 T8

Map
1 1 1 G 1 1 1 1 
1 # 0 0 0 0 0 S 
1 0 0 0 0 0 # 1 
1 0 1 F # 0 # 1 
1 1 # 0 # # 0 1 
1 0 0 1 0 0 0 1 
1 0 1 1 0 0 0 1 
1 1 1 1 1 1 1 1 
R41 T8

Map
1 1 1 1 1 1 G 1 
1 0 F 0 # F 0 1 
1 H F 0 H 0 0 1 
1 0 0 0 1 0 # 1 
1 0 0 1 0 H F 1 
1 0 0 1 # # 0 1 
1 0 0 0 # 0 1 1 
1 1 1 S 1 1 1 1 
R13 T8

Map
1 1 1 1 1 1 1 1 
1 0 # 0 0 F 0 1 
1 # 0 0 0 0 0 1 
1 1 0 H 0 0 0 1 
1 0 0 0 0 # 0 1 
1 0 1 0 0 0 0 1 
1 0 0 0 0 0 0 S 
1 1 1 1 G 1 1 1 
R52 T8

Map
1 1 1 1 1 1 1 1 
1 0 0 1 0 0 0 1 
1 1 0 1 0 0 0 1 
G 0 # 0 # 0 # 1 
1 0 0 # 0 0 0 1 
1 0 0 1 0 0 0 1 
1 0 H 0 0 0 0 S 
1 1 1 1 1 1 1 1 
D45 T8

Map
1 1 1 1 1 1 1 1 
1 0 0 0 0 0 0 1 
1 0 0 0 0 0 0 1 
1 0 1 0 0 0 1 1 
1 0 1 0 1 0 0 1 
1 0 0 0 0 0 0 1 
1 0 F 0 0 0 0 S 
1 1 1 1 G 1 1 1 
R56 T8

Map
1 1 1 1 1 1 1 1 
1 0 0 1 0 0 0 1 
1 0 0 0 F 0 0 1 
1 0 0 0 0 0 0 S 
1 0 0 0 0 0 0 1 
G 0 1 0 1 0 0 1 
1 0 0 0 0 0 # 1 
1 1 1 1 1 1 1 1 
U14 T8

Map
1 1 1 1 1 1 1 1 
1 0 1 0 0 0 F 1 
1 1 0 0 0 0 0 1 
1 0 0 0 0 F 0 1 
1 0 1 0 0 H 0 S 
1 # 0 0 0 H 0 1 
G 0 0 1 0 0 0 1 
1 1 1 1 1 1 1 1 
D63 T8

Map
1 1 1 1 1 1 1 1 
1 1 0 F F 0 0 1 
1 0 0 0 0 0 # 1 
S 0 0 0 1 1 0 1 
1 0 0 0 0 F 0 1 
1 0 F 0 0 1 0 1 
1 F H H 0 0 1 1 
1 1 1 1 G 1 1 1 
R15 T8

Map
1 1 1 1 1 1 1 1 
G 0 0 0 1 0 0 1 
1 H 0 0 F 0 0 1 
1 0 0 0 0 0 1 1 
1 0 F H 0 0 0 1 
1 0 0 0 H 0 0 1 
1 0 0 0 1 0 0 1 
1 1 1 1 1 1 S 1 
U23 T8

Map
1 1 1 1 1 1 1 1 
S 0 0 0 0 H 0 1 
1 0 0 0 0 0 0 1 
1 F 0 0 0 0 0 1 
1 0 0 0 0 0 0 1 
1 0 0 1 1 0 0 1 
1 0 0 1 0 0 1 1 
1 1 1 1 G 1 1 1 
L21 T10

Map
1 1 S 1 1 1 1 1 
1 1 0 0 F 0 1 1 
1 0 0 0 H 0 0 1 
1 H 1 0 0 0 0 1 
1 0 1 0 F F 0 G 
1 0 1 F F H 0 1 
1 0 0 # 0 F # 1 
1 1 1 1 1 1 1 1 
L63 T8

Map
1 1 1 1 1 1 1 1 
S 0 0 0 1 0 0 1 
1 # 0 0 1 0 0 1 
1 1 0 0 1 0 0 G 
1 0 0 0 1 0 0 1 
1 0 0 0 0 0 # 1 
1 0 0 1 0 0 # 1 
1 1 1 1 1 1 1 1 
D54 T8

Map
1 1 1 1 1 1 G 1 
1 0 H F # 0 0 1 
1 H 0 1 0 0 0 1 
1 0 0 0 0 0 1 1 
1 0 0 0 F 0 0 1 
1 0 0 0 0 0 0 1 
1 0 0 0 0 0 # S 
1 1 1 1 1 1 1 1 
R46 T10

Map
1 1 1 1 1 1 1 1 
1 0 F F 0 # # 1 
1 0 # F 0 0 0 1 
1 1 0 0 # 0 0 G 
1 0 0 0 F 0 0 1 
1 0 0 # H 0 0 S 
1 0 0 0 # 0 0 1 
1 1 1 1 1 1 1 1 
D64 T8

Map
1 1 1 1 S 1 1 1 
1 1 0 H 0 0 0 1 
1 1 0 0 0 0 F 1 
1 0 0 0 1 0 0 G 
1 0 0 0 F 0 0 1 
1 0 0 0 H 0 0 1 
1 0 0 0 1 0 0 1 
1 1 1 1 1 1 1 1 
U52 T8

Map
1 1 1 S 1 1 1 1 
1 # 0 0 0 # 0 1 
1 F 0 0 0 0 # 1 
G # 0 1 0 0 0 1 
1 0 # 1 0 0 # 1 
1 0 F 1 0 0 0 1 
1 0 0 1 0 H H 1 
1 1 1 1 1 1 1 1 
U22 T8

Map
1 1 1 1 1 1 1 1 
1 0 0 H # 0 0 1 
1 # 1 0 H # 0 1 
G 0 0 1 0 0 0 1 
1 0 # 0 0 0 0 1 
1 # 0 0 F 0 1 1 
1 0 0 0 0 0 1 1 
1 1 1 1 S 1 1 1 
R36 T9

Map
1 1 1 1 1 1 1 1 
1 0 F 0 0 F 0 1 
1 0 1 0 F 0 0 1 
1 0 0 0 0 0 1 1 
1 0 0 0 0 0 0 1 
S 0 0 0 H 0 0 1 
1 0 0 0 0 0 0 1 
1 1 1 1 G 1 1 1 
U36 T9

Map
1 1 1 1 1 1 1 1 
1 0 0 0 0 # 0 1 
1 0 1 0 0 0 0 G 
1 H 0 0 0 0 1 1 
1 0 H H 1 0 0 1 
1 F 0 0 0 0 0 1 
1 0 F 0 0 0 0 1 
1 S 1 1 1 1 1 1 
D14 T8

Map
1 1 1 1 1 1 1 1 
1 # F 0 # 0 0 1 
1 # # 0 0 0 F G 
1 1 0 0 0 0 1 1 
1 1 0 1 F F 0 1 
1 0 0 0 0 0 0 1 
S # F 0 0 0 0 1 
1 1 1 1 1 1 1 1 
L36 T9

Map
1 1 1 1 1 1 1 1 
1 0 0 0 1 0 0 1 
1 0 H F 0 0 F 1 
1 0 0 0 0 0 0 1 
1 1 0 0 0 0 0 S 
1 0 1 # 0 1 0 1 
G 0 0 0 0 0 1 1 
1 1 1 1 1 1 1 1 
R54 T9

Map
1 1 1 1 1 1 1 1 
1 0 0 1 0 0 0 1 
G 0 0 0 0 0 F 1 
1 0 0 0 0 0 0 1 
1 0 F # 1 # 0 1 
1 1 # 0 0 0 F 1 
1 0 0 F F 0 # S 
1 1 1 1 1 1 1 1 
R56 T9

Map
1 1 1 1 1 1 1 1 
1 F # 1 1 0 0 1 
1 0 0 0 H 0 # 1 
1 # 0 0 H 0 # 1 
1 1 0 0 0 0 0 1 
1 1 # 0 0 # 0 1 
1 0 0 F 0 0 0 1 
1 1 1 1 G 1 S 1 
R56 T8

Map
1 1 1 1 1 1 1 1 
1 0 0 F 1 0 0 1 
1 1 1 0 0 0 0 1 
G 0 0 0 1 0 # 1 
1 0 0 0 F 0 0 1 
1 1 H 1 0 0 # 1 
1 0 0 0 # 0 0 S 
1 1 1 1 1 1 1 1 
D55 T8

Map
1 1 1 1 1 1 1 1 
1 0 0 0 1 0 0 G 
1 0 0 0 0 0 1 1 
1 0 0 0 F 0 F 1 
S 0 0 0 1 0 # 1 
1 F 1 0 # 0 0 1 
1 # 0 0 H # 0 1 
1 1 1 1 1 1 1 1 
D33 T8

Map
1 1 1 1 1 1 1 1 
1 0 0 0 0 0 0 1 
1 0 0 1 0 0 0 1 
1 0 1 0 0 H # G 
1 0 0 0 0 0 0 1 
1 0 0 0 0 0 0 1 
1 1 0 0 0 0 0 1 
1 1 1 1 1 1 S 1 
D64 T8

Map
1 1 1 1 1 1 1 1 
1 0 0 F F F 0 1 
G 0 0 0 0 1 F 1 
1 1 0 0 0 0 0 1 
S 0 0 0 0 0 F 1 
1 0 # # 0 0 1 1 
1 # 0 0 1 0 0 1 
1 1 1 1 1 1 1 1 
L34 T11

Map
1 1 1 1 1 1 S 1 
1 0 # 0 0 0 0 1 
1 0 0 # 0 0 0 1 
1 0 0 0 0 # 0 1 
1 1 0 0 0 0 0 1 
1 F 0 0 0 0 F 1 
G 0 F 0 1 # 0 1 
1 1 1 1 1 1 1 1 
R43 T9

Map
1 1 1 1 1 1 1 1 
1 0 1 0 0 0 0 1 
S 0 # # # 1 0 1 
1 H 1 0 H F 1 1 
1 # 1 0 0 0 0 1 
1 # 0 0 F 0 0 1 
1 F 0 0 0 # 0 1 
1 1 1 1 1 G 1 1 
L44 T9

Map
1 1 1 1 1 1 1 1 
1 1 # 0 0 0 0 1 
1 0 0 0 0 0 0 1 
S 0 0 0 0 F 0 1 
1 0 1 H 1 # 0 1 
1 0 # 0 0 1 0 G 
1 0 0 0 0 0 0 1 
1 1 1 1 1 1 1 1 
U64 T8

Map
1 1 1 1 1 1 1 1 
1 0 0 0 0 0 0 1 
1 0 0 0 0 H H 1 
1 0 H 0 0 0 0 1 
1 0 0 0 0 0 0 1 
1 1 0 0 0 0 0 1 
1 0 0 0 1 0 0 G 
1 1 S 1 1 1 1 1 
D25 T8

Map
1 1 1 1 1 1 1 1 
1 0 0 0 0 0 1 1 
1 1 0 0 0 0 0 1 
1 0 0 0 1 0 0 1 
1 # 0 1 0 0 0 1 
1 0 0 0 0 0 0 1 
S 0 0 0 0 0 0 1 
1 1 1 G 1 1 1 1 
L26 T8

Map
1 1 1 1 G 1 1 1 
1 0 0 # 0 F F 1 
1 0 0 0 0 0 # 1 
1 1 # 1 H 0 0 1 
1 0 0 1 0 # 0 1 
1 0 # 0 F 0 0 1 
1 0 # # 0 0 0 1 
1 1 1 1 1 1 S 1 
R52 T10

Map
1 1 1 1 1 1 1 1 
G 0 0 # 0 1 0 1 
1 F 1 0 0 0 1 1 
1 H # H 0 0 0 1 
1 0 0 # # 0 # S 
1 0 0 1 1 H 0 1 
1 0 # H 0 # 0 1 
1 1 1 1 1 1 1 1 
D43 T8

Map
1 1 1 1 1 1 1 1 
1 1 0 0 0 0 0 1 
1 0 0 0 0 0 0 1 
1 # H # 0 # 1 1 
1 1 0 0 0 0 0 1 
1 0 0 0 0 0 0 S 
1 0 0 0 F 0 0 1 
1 1 1 1 G 1 1 1 
R55 T8

Map
1 1 1 1 1 G 1 1 
1 0 0 0 0 0 # 1 
1 0 # 0 0 # # 1 
1 0 F 0 0 H 0 1 
1 0 0 0 0 0 0 1 
1 0 # # 0 1 0 1 
1 1 0 # H 0 0 1 
1 1 1 S 1 1 1 1 
L41 T8

Map
1 1 1 1 S 1 1 1 
1 1 0 0 0 0 H 1 
1 F 0 0 0 0 0 1 
1 0 0 0 0 0 0 G 
1 1 0 0 0 0 0 1 
1 0 0 # 0 1 0 1 
1 0 0 1 0 1 H 1 
1 1 1 1 1 1 1 1 
U42 T8

Map
1 1 1 1 1 1 1 1 
1 0 F 0 1 0 0 1 
1 0 0 # F # 0 1 
1 # 1 0 F 0 0 S 
1 0 1 F H # 0 G 
1 F 0 0 1 0 # 1 
1 0 0 0 0 # 0 1 
1 1 1 1 1 1 1 1 
R55 T8

Map
1 1 1 1 S 1 1 1 
1 0 0 0 0 # 0 1 
1 0 0 0 0 1 0 1 
1 0 # 0 H 0 0 1 
1 # 0 0 0 H 0 1 
1 1 0 0 0 0 0 G 
1 0 1 0 # # 0 1 
1 1 1 1 1 1 1 1 
R31 T9

Map
1 1 1 S 1 1 1 1 
1 0 0 0 0 0 0 1 
1 0 0 0 0 F F 1 
1 1 0 1 0 0 0 G 
1 1 0 0 0 0 0 1 
1 1 F 0 0 1 0 1 
1 0 # 1 0 # 0 1 
1 1 1 1 1 1 1 1 
U42 T8

Map
1 1 1 1 1 1 1 1 
1 0 1 1 0 0 0 1 
1 0 1 H 0 0 0 G 
1 1 0 0 0 H F 1 
1 0 0 0 0 0 0 1 
1 0 # 0 0 0 0 1 
S 0 0 0 1 F 0 1 
1 1 1 1 1 1 1 1 
D43 T9

Map
1 1 1 1 1 1 1 1 
G 0 F F 1 0 0 S 
1 0 1 0 F 0 F 1 
1 0 0 0 0 # F 1 
1 # F # # 0 # 1 
1 0 1 # H 0 0 1 
1 H 0 0 1 # 0 1 
1 1 1 1 1 1 1 1 
U52 T8

Map
1 1 1 1 1 1 1 1 
1 0 0 0 # H 0 1 
1 0 0 F 0 1 0 1 
1 1 # # 0 H 0 1 
1 0 F 0 0 1 # 1 
1 0 F F 0 0 # 1 
1 0 F F 0 0 0 1 
1 1 1 S 1 G 1 1 
L46 T8

Map
1 1 1 1 1 1 1 1 
1 0 # 0 0 0 0 1 
S 0 # 0 0 # 1 1 
1 # 0 0 0 0 0 1 
1 F 0 F 0 0 0 1 
1 0 # 0 0 H 0 1 
1 0 0 0 0 0 # 1 
1 1 1 G 1 1 1 1 
L23 T8

Map
1 1 1 1 S 1 1 1 
1 0 0 F 0 0 0 1 
1 0 0 1 F F 0 1 
1 0 F 1 H F 0 1 
1 0 0 0 0 1 0 1 
1 0 0 0 0 0 # 1 
1 0 0 0 1 0 0 G 
1 1 1 1 1 1 1 1 
L51 T9

Map
1 1 1 1 1 1 1 1 
1 0 0 0 0 1 0 1 
1 0 0 0 F 0 0 1 
S 0 1 F 0 0 0 1 
1 0 0 1 0 0 0 1 
1 0 0 0 0 0 0 1 
1 0 F 0 0 0 1 1 
1 1 1 G 1 1 1 1 
L25 T9

Map
1 1 S G 1 1 1 1 
1 # 0 F 0 0 0 1 
1 0 0 0 F H 0 1 
1 0 H 0 1 0 1 1 
1 0 0 0 0 1 1 1 
1 F 1 0 0 0 0 1 
1 0 0 0 0 # 0 1 
1 1 1 1 1 1 1 1 
L22 T8

Map
1 1 1 1 1 1 1 1 
1 0 0 1 0 F 0 G 
S 0 0 0 H 0 0 1 
1 0 0 0 0 # 0 1 
1 # # H 0 F 1 1 
1 0 0 0 # F 0 1 
1 1 0 0 0 0 0 1 
1 1 1 1 1 1 1 1 
L22 T9

Map
1 1 1 1 1 1 1 1 
1 H H 1 0 0 0 1 
1 0 0 0 0 0 0 1 
1 0 0 0 F 0 1 1 
1 F 0 0 0 0 0 1 
1 0 F H 0 0 0 1 
1 0 0 0 0 1 0 1 
1 1 G 1 S 1 1 1 
R36 T8

Map
1 1 1 1 1 1 1 1 
1 0 0 0 # 1 0 1 
1 0 0 # 0 0 1 1 
1 0 0 H 0 0 0 1 
G 0 0 0 # 0 # 1 
1 0 0 0 0 0 0 1 
1 0 # 0 0 0 # 1 
1 1 1 1 1 1 S 1 
D45 T8

Map
1 1 1 1 G 1 1 1 
1 0 1 F F 0 0 1 
1 0 0 F 0 F H 1 
1 0 0 F 0 0 0 S 
1 1 0 0 0 0 0 1 
1 0 0 # 0 0 1 1 
1 F 0 # F 0 0 1 
1 1 1 1 1 1 1 1 
R53 T8

Map
1 1 S 1 1 1 1 1 
1 0 0 F 0 0 H 1 
1 0 0 0 H 0 0 1 
1 0 0 # 0 0 1 1 
1 0 0 0 0 F 1 1 
1 0 0 0 0 0 0 1 
1 0 F 0 F 0 0 1 
1 1 1 G 1 1 1 1 
L25 T8

Map
1 1 1 1 1 1 1 1 
1 0 0 F 0 0 F G 
1 0 0 # 0 0 0 1 
1 1 F 0 0 F 0 1 
S 0 0 0 0 0 F 1 
1 0 # 0 0 0 0 1 
1 0 0 0 1 0 0 1 
1 1 1 1 1 1 1 1 
L34 T9

Map
1 S 1 1 1 1 1 1 
1 0 0 0 0 0 0 1 
1 0 # # 0 0 F 1 
1 0 0 0 # 1 0 1 
1 1 1 0 0 1 0 1 
1 0 0 0 0 0 H 1 
1 0 0 0 0 0 1 1 
1 1 G 1 1 1 1 1 
R36 T8

Map
1 1 1 1 1 1 1 1 
1 0 F # 0 F 0 S 
1 1 0 # 0 F # 1 
1 0 0 1 F 0 F 1 
1 0 0 0 # 1 0 1 
G 0 0 0 0 1 # 1 
1 0 1 # 0 F 0 1 
1 1 1 1 1 1 1 1 
R41 T9

Map
1 1 1 G 1 1 1 1 
1 0 0 0 F 0 0 1 
1 0 0 F F 0 0 1 
1 # 0 H 0 0 H 1 
1 0 F F # 0 0 1 
1 # 0 # 0 1 0 1 
1 # # 1 F F 0 1 
1 S 1 1 1 1 1 1 
L21 T8

Map
1 1 1 1 G 1 1 1 
1 0 0 H F 0 0 1 
1 0 0 0 F 0 0 1 
1 F 0 0 0 0 1 1 
1 0 F 0 F 1 0 1 
1 0 0 0 0 0 0 S 
1 1 0 0 0 F 0 1 
1 1 1 1 1 1 1 1 
R55 T8

Map
1 1 G 1 S 1 1 1 
1 0 0 0 0 0 1 1 
1 0 0 F 0 0 0 1 
1 0 1 0 0 0 0 1 
1 H 0 F F 0 0 1 
1 0 F 0 # 0 0 1 
1 0 0 0 0 0 0 1 
1 1 1 1 1 1 1 1 
R31 T8

Map
1 1 1 1 1 1 1 1 
1 0 0 0 1 0 1 1 
1 # 0 0 1 0 0 1 
1 F 0 0 # 0 # 1 
1 0 # 1 # 1 0 1 
1 0 # 0 0 0 0 1 
1 0 0 0 0 0 0 1 
1 S 1 G 1 1 1 1 
L26 T8

Map
1 1 1 1 1 G 1 1 
S 0 0 0 0 0 0 1 
1 0 0 0 0 1 0 1 
1 0 0 1 0 0 0 1 
1 0 0 1 0 0 0 1 
1 0 0 0 1 H 0 1 
1 1 0 0 0 0 0 1 
1 1 1 1 1 1 1 1 
L41 T8

Map
1 1 1 1 1 1 1 1 
1 0 0 0 0 0 # S 
1 0 0 0 0 F 0 1 
1 0 0 0 0 0 F G 
1 0 0 0 # 0 0 1 
1 1 0 1 0 0 0 1 
1 0 0 0 0 0 1 1 
1 1 1 1 1 1 1 1 
U42 T8

Map
1 G 1 1 1 1 1 1 
1 0 0 0 H 0 1 1 
1 0 1 0 1 0 0 1 
1 0 0 0 0 0 0 1 
1 1 # 0 H 0 0 1 
1 1 0 0 0 0 0 1 
1 # # H 0 0 0 S 
1 1 1 1 1 1 1 1 
R56 T8

Map
1 1 1 G 1 1 1 1 
S 0 0 0 # 0 0 1 
1 0 1 F 0 0 # 1 
1 0 0 0 0 0 0 1 
1 0 0 0 F H 0 1 
1 0 0 1 1 0 H 1 
1 1 0 0 0 0 0 1 
1 1 1 1 1 1 1 1 
L21 T8

Map
1 1 1 1 1 1 1 1 
1 F F 0 0 0 0 G 
1 0 0 0 # 1 1 1 
1 0 0 1 F F 0 1 
1 0 0 0 1 0 0 1 
1 # F 0 F 1 0 S 
1 0 0 0 0 0 # 1 
1 1 1 1 1 1 1 1 
R12 T8

Map
1 1 1 G 1 1 1 1 
1 # 0 # 0 F 0 S 
1 0 # 0 0 F F 1 
1 # 0 0 0 0 0 1 
1 0 0 0 0 0 0 1 
1 0 0 F 0 0 0 1 
1 0 F 1 0 0 # 1 
1 1 1 1 1 1 1 1 
R41 T8

Map
1 1 1 1 1 1 1 1 
1 0 0 1 # 0 0 1 
1 0 0 0 0 0 0 1 
1 0 0 0 0 0 0 1 
1 0 0 0 0 0 1 1 
1 0 0 F 0 1 0 G 
S 0 1 0 F F 0 1 
1 1 1 1 1 1 1 1 
D34 T8

Map
1 1 1 1 1 1 S 1 
1 0 0 0 # 0 0 1 
1 0 F # 0 1 0 1 
1 1 1 # 0 0 0 1 
1 0 0 0 1 0 0 G 
1 0 1 0 0 0 0 1 
1 1 0 0 F 0 0 1 
1 1 1 1 1 1 1 1 
U63 T10

Map
1 1 1 1 1 1 1 1 
1 0 0 F 0 0 F 1 
1 0 0 0 # 0 1 1 
1 0 0 0 # # 0 1 
1 1 # 0 0 0 0 1 
1 0 0 # 0 0 0 1 
1 0 0 0 0 F F 1 
1 1 G S 1 1 1 1 
D33 T11

Map
1 S 1 1 1 1 1 1 
1 0 0 1 0 0 0 1 
1 0 0 0 0 0 # 1 
1 H 1 0 0 F 0 1 
1 0 0 0 0 H 1 1 
1 F # 0 0 H 0 1 
1 0 0 0 F 0 0 1 
1 1 1 1 1 1 G 1 
R12 T8

Map
1 1 1 1 1 G 1 1 
1 0 0 0 1 0 0 1 
1 0 0 0 1 0 # 1 
1 0 # 0 1 H F 1 
1 0 0 # 0 # 0 1 
S 0 0 0 H 0 0 1 
1 # # H 0 0 0 1 
1 1 1 1 1 1 1 1 
L35 T8

Map
1 1 1 1 G 1 1 1 
1 0 0 1 0 0 0 1 
1 0 # 0 F 0 F 1 
1 0 1 0 # 0 F 1 
S 0 1 0 F 0 0 1 
1 0 H F # 0 # 1 
1 F 0 0 1 0 0 1 
1 1 1 1 1 1 1 1 
D61 T9

Map
1 1 1 1 1 1 1 1 
1 0 0 # 0 0 0 1 
1 0 0 0 # 0 0 1 
S 0 1 0 0 0 0 1 
1 1 # 0 0 0 0 1 
1 # 0 0 1 0 H 1 
1 0 0 0 0 # 1 1 
1 1 G 1 1 1 1 1 
L64 T9

Map
1 S 1 1 1 1 1 1 
1 0 F 0 # 0 0 1 
1 # # F 0 0 F 1 
G # 0 0 0 0 0 1 
1 0 F 0 0 0 0 1 
1 0 0 0 0 # # 1 
1 0 0 1 0 0 0 1 
1 1 1 1 1 1 1 1 
U42 T8

Map
1 1 1 1 1 1 1 1 
1 1 0 # 0 H 0 1 
1 0 0 0 0 0 0 1 
1 1 0 0 # # 0 1 
1 # 1 0 # # 0 G 
1 H H 1 0 0 0 1 
1 0 F 0 0 0 1 1 
1 1 1 S 1 1 1 1 
L65 T9

Map
1 1 1 1 1 1 1 1 
1 F 0 0 1 0 0 S 
1 # 0 0 H # 0 1 
1 H F 0 0 0 0 1 
G # 0 0 1 0 0 1 
1 0 # 0 H # F 1 
1 1 0 0 0 0 H 1 
1 1 1 1 1 1 1 1 
D35 T8

Map
1 G 1 1 1 1 1 1 
1 0 0 1 0 0 # 1 
1 # 0 0 1 0 0 1 
1 1 F 0 0 0 0 1 
1 # 0 F 0 0 1 1 
1 0 # 0 0 0 # 1 
1 0 0 0 0 0 # 1 
1 1 1 1 1 S 1 1 
R46 T8

Map
1 1 1 1 1 1 1 1 
1 0 1 0 F 0 # 1 
1 0 0 0 0 0 0 S 
1 F 0 F 0 0 # G 
1 F H 0 0 # 0 1 
1 H 0 0 0 0 F 1 
1 0 1 0 F 0 1 1 
1 1 1 1 1 1 1 1 
U52 T8

Map
1 1 1 1 1 S 1 1 
1 # 0 0 1 0 0 1 
1 1 0 0 0 # 1 1 
1 0 # 0 # 0 0 1 
1 0 # H # 0 0 1 
1 0 0 0 0 0 0 G 
1 0 0 1 0 F 0 1 
1 1 1 1 1 1 1 1 
L66 T9

Map
1 1 1 1 1 S 1 1 
1 0 0 0 0 0 1 1 
1 0 # 0 F 0 # 1 
1 0 F 0 0 0 0 1 
1 1 0 0 0 0 0 1 
1 F F 0 # F 0 1 
1 H 0 0 0 1 # 1 
1 1 G 1 1 1 1 1 
R43 T10

Map
1 S 1 1 1 1 1 1 
1 0 0 1 0 H 0 1 
1 0 0 0 0 H 0 1 
1 0 0 F 0 0 # 1 
1 # F 0 0 F 0 1 
1 0 0 F F 0 0 G 
1 # # 0 0 # 1 1 
1 1 1 1 1 1 1 1 
U12 T8

Map
1 1 1 1 1 1 1 1 
1 1 0 1 0 0 0 G 
S 0 0 1 0 0 0 1 
1 0 # 0 1 0 0 1 
1 0 0 0 0 F # 1 
1 0 0 1 F H 0 1 
1 # 0 1 0 0 0 1 
1 1 1 1 1 1 1 1 
U13 T8

Map
1 1 1 1 1 1 1 1 
1 0 H 1 0 0 0 S 
1 1 0 0 1 0 0 1 
1 0 0 0 0 0 0 1 
1 0 0 0 0 0 0 1 
1 1 0 0 0 1 1 1 
1 0 0 0 0 0 0 1 
1 1 1 1 G 1 1 1 
R53 T8

Map
1 G 1 1 1 1 1 1 
1 0 0 1 0 0 0 1 
1 0 # 0 0 0 0 1 
1 0 0 0 # 0 # 1 
1 # 0 0 0 0 1 1 
1 0 0 1 0 0 # 1 
1 H 0 # 0 # # S 
1 1 1 1 1 1 1 1 
R26 T8

Map
1 1 1 1 1 1 1 1 
1 F 0 0 0 1 0 1 
1 F 0 0 0 0 0 1 
1 0 0 0 # 0 0 1 
1 0 0 0 0 0 # 1 
1 # 0 0 0 1 0 1 
G 0 1 # 0 # 0 1 
1 1 1 1 S 1 1 1 
D44 T8

Map
1 1 1 1 1 1 1 1 
1 0 0 0 # 0 F 1 
G # 0 # 0 0 # 1 
1 1 0 0 0 # 0 1 
1 0 0 # 0 0 0 1 
1 0 0 0 0 0 0 1 
S 0 0 0 0 0 0 1 
1 1 1 1 1 1 1 1 
L26 T9

Map
1 1 1 1 1 1 S 1 
1 0 0 0 1 0 # 1 
1 0 0 0 0 0 0 1 
1 0 0 # 0 0 # 1 
1 0 0 0 0 # H 1 
1 0 1 0 0 0 0 1 
G # 1 0 # 0 0 1 
1 1 1 1 1 1 1 1 
U62 T8

Map
1 1 1 1 1 1 1 1 
1 0 F F 0 # 0 1 
1 F 0 0 0 0 0 1 
1 0 0 0 0 0 0 1 
1 # 0 0 0 0 1 1 
1 0 0 0 0 0 1 1 
1 0 0 1 0 0 0 G 
1 1 S 1 1 1 1 1 
D23 T10

Map
1 1 1 1 1 1 1 1 
1 0 0 0 0 0 0 S 
1 0 1 0 0 0 0 1 
1 0 H F 0 0 1 1 
1 0 0 H 0 # 0 1 
1 H # 1 0 # # 1 
1 F 1 0 0 0 # 1 
1 1 1 1 1 1 G 1 
R51 T8

Map
1 1 1 G 1 1 1 1 
1 0 0 0 1 0 1 1 
1 0 0 0 0 F 1 1 
1 0 0 F # 0 1 1 
1 0 0 0 0 1 0 1 
1 F 0 F 0 0 0 S 
1 F 0 1 0 0 0 1 
1 1 1 1 1 1 1 1 
R25 T8

Map
1 S 1 1 1 1 1 1 
1 0 # 0 1 F 0 1 
1 0 0 0 # # # 1 
1 F F 0 0 F 1 1 
1 0 0 0 # 1 # 1 
1 0 0 1 0 0 0 1 
1 1 1 0 # 0 F 1 
1 1 1 1 1 1 G 1 
D65 T8

Map
1 1 1 1 1 1 1 1 
1 0 0 0 0 # 1 1 
G 0 1 1 0 0 0 1 
1 0 0 0 F 0 0 1 
S 0 # 1 0 0 0 1 
1 0 0 0 F 0 F 1 
1 0 0 # 0 0 0 1 
1 1 1 1 1 1 1 1 
D13 T8

Map
1 1 1 1 1 1 1 1 
1 0 0 1 0 0 0 1 
1 0 0 0 0 0 0 1 
1 0 1 0 0 0 0 1 
1 0 0 0 0 H 0 1 
1 F 0 0 0 0 0 1 
S 0 0 F 0 0 0 1 
1 1 1 1 1 G 1 1 
L46 T8

Map
1 1 1 1 1 1 1 1 
1 0 # F 0 0 1 1 
1 0 0 0 0 0 0 1 
S # 0 0 0 0 0 1 
1 0 F 0 0 0 0 1 
1 1 1 0 # 0 0 G 
1 H 0 0 F 0 0 1 
1 1 1 1 1 1 1 1 
U64 T8

Map
1 1 G 1 1 1 1 1 
1 0 0 0 0 H 0 1 
S 0 F 0 1 0 0 1 
1 0 0 0 0 0 0 1 
1 1 0 F 0 0 0 1 
1 0 0 0 0 1 0 1 
1 0 0 0 1 0 F 1 
1 1 1 1 1 1 1 1 
D31 T9

Map
1 1 S 1 1 1 1 1 
1 0 # 0 0 0 0 1 
1 0 H 0 0 0 0 1 
1 0 0 0 H 1 0 1 
1 0 0 0 0 0 0 1 
1 0 0 0 0 0 F 1 
1 0 0 0 1 0 0 1 
1 1 1 G 1 1 1 1 
R11 T8

Map
1 1 1 1 1 1 1 1 
1 0 0 0 0 1 # S 
G 0 H 0 0 0 0 1 
1 1 1 0 0 F 0 1 
1 0 # # 0 # 0 1 
1 0 F 0 H 0 0 1 
1 1 0 F 0 0 0 1 
1 1 1 1 1 1 1 1 
U35 T8

Map
1 1 1 1 1 G 1 1 
1 0 0 0 # # H 1 
1 0 1 0 0 # 0 1 
1 0 # 0 0 0 # 1 
1 1 0 0 0 # 1 1 
1 0 0 0 1 0 F 1 
S 0 0 0 0 0 # 1 
1 1 1 1 1 1 1 1 
D42 T10

Map
1 1 1 1 1 1 1 1 
1 0 0 H 1 0 0 1 
1 0 0 0 0 # 0 1 
1 # 0 0 0 0 0 1 
1 0 0 0 0 0 1 1 
1 0 # 1 F 0 0 1 
S 0 # 1 0 0 0 1 
1 1 1 1 1 1 G 1 
D15 T9

Map
1 1 1 1 1 1 1 1 
1 1 0 F 0 0 # 1 
G 0 0 1 0 0 0 1 
1 0 # 0 0 0 0 1 
1 H 0 0 0 0 0 1 
S 0 0 F F 0 0 1 
1 0 0 0 0 1 # 1 
1 1 1 1 1 1 1 1 
D24 T8

Map
1 1 1 1 1 1 G 1 
1 F 0 1 F 0 0 1 
1 H F 0 H 0 0 1 
1 1 F 0 # 0 0 1 
1 0 F F 1 0 H 1 
1 1 0 0 0 0 0 1 
1 0 0 0 1 0 0 1 
1 1 S 1 1 1 1 1 
R25 T8

Map
1 1 1 1 1 1 1 1 
1 # 0 0 0 0 0 1 
1 0 0 F 0 1 # 1 
1 # F 0 0 1 0 1 
1 0 0 F 1 0 0 1 
1 0 0 0 0 0 F 1 
1 0 0 0 # 0 1 1 
1 S 1 G 1 1 1 1 
L21 T8

Map
1 1 1 1 1 1 1 1 
S 0 0 1 0 0 0 1 
1 0 0 0 0 0 0 1 
1 0 0 # 0 0 0 G 
1 0 0 0 1 0 F 1 
1 H 0 0 0 0 F 1 
1 H 0 0 0 0 H 1 
1 1 1 1 1 1 1 1 
U56 T8

Map
1 1 1 1 1 1 1 1 
1 0 0 0 0 1 0 1 
1 F 0 0 F 0 0 G 
1 0 0 0 0 0 1 1 
1 F 0 0 0 0 0 S 
1 # 0 0 F 0 0 1 
1 0 0 F 0 0 0 1 
1 1 1 1 1 1 1 1 
R44 T9

Map
1 1 1 1 1 1 1 1 
1 0 0 0 # 0 0 1 
G 0 0 0 1 0 1 1 
1 0 0 0 0 0 0 1 
1 0 0 0 0 # 0 S 
1 0 0 0 0 0 0 1 
1 0 0 0 0 0 # 1 
1 1 1 1 1 1 1 1 
D13 T8

Map
1 1 1 1 1 1 1 1 
1 0 0 # 0 0 0 S 
1 0 0 0 F 0 0 1 
1 1 0 0 0 0 0 1 
1 0 0 0 0 0 # 1 
1 0 0 0 # # # 1 
1 0 0 # 0 # 0 1 
1 1 1 1 G 1 1 1 
R54 T8

Map
1 1 1 1 1 1 1 1 
S 0 0 0 0 0 0 1 
1 0 0 F # 0 0 1 
1 0 # 0 # 0 0 1 
1 1 F 0 0 0 0 1 
1 # 0 0 # # 1 1 
G 0 0 1 # 0 0 1 
1 1 1 1 1 1 1 1 
L21 T9

Map
1 1 1 1 1 1 1 1 
1 0 F 0 0 0 0 1 
1 0 1 # 0 # # 1 
S 0 1 0 F H 1 1 
1 1 0 0 0 0 0 1 
1 0 # 0 # # 0 1 
1 0 1 # 0 # 0 1 
1 1 1 1 1 G 1 1 
L44 T11

Map
1 1 1 1 1 1 S 1 
1 0 0 1 1 0 0 1 
1 H # 0 1 0 0 1 
1 0 H 0 1 # 0 1 
1 0 0 0 0 0 0 1 
1 0 0 0 0 0 0 1 
G # H # 0 0 0 1 
1 1 1 1 1 1 1 1 
U63 T8

Map
1 1 1 1 1 1 1 1 
G 0 F 0 1 0 0 1 
1 0 0 0 F 0 0 1 
1 0 F F 1 # 0 1 
1 0 0 # F 0 0 1 
1 0 # # 1 0 # 1 
1 H 0 F 0 0 0 1 
1 1 1 1 S 1 1 1 
D55 T9

Map
1 1 1 1 1 1 1 1 
S 0 0 0 0 0 0 1 
1 0 0 1 0 0 0 1 
1 0 0 F 1 0 # 1 
1 0 1 0 1 F F 1 
1 # 0 0 0 F 0 1 
1 # 0 0 0 1 0 1 
1 1 1 G 1 1 1 1 
L25 T8

Map
1 1 1 S 1 1 1 1 
1 0 0 0 H 0 0 G 
1 0 0 0 H 0 1 1 
1 0 0 # 0 0 H 1 
1 0 0 0 0 0 0 1 
1 0 # 0 0 0 0 1 
1 1 0 # 0 0 # 1 
1 1 1 1 1 1 1 1 
L46 T9

Map
1 1 1 1 1 1 1 1 
1 0 0 0 F 0 0 1 
1 0 0 # # # 1 1 
1 1 0 0 1 0 1 1 
S # 0 # 0 # 1 1 
1 0 0 0 0 # 0 1 
1 F 0 # 0 0 0 1 
1 1 1 1 G 1 1 1 
U35 T9

Map
1 1 1 S 1 1 1 1 
1 1 0 0 0 0 0 1 
1 0 0 H 0 0 0 1 
1 1 0 H 0 0 0 G 
1 # 0 0 0 1 0 1 
1 1 1 0 0 1 H 1 
1 0 0 0 0 0 0 1 
1 1 1 1 1 1 1 1 
L41 T9

Map
1 G 1 1 1 1 1 1 
1 0 F 0 F 0 0 1 
1 1 H 0 0 0 1 1 
1 # 0 F 0 0 # 1 
1 1 0 0 0 1 0 1 
1 0 F # # 0 1 1 
S 0 0 0 # # H 1 
1 1 1 1 1 1 1 1 
L26 T8

Map
1 1 1 1 1 1 1 1 
1 0 0 H H 0 0 1 
1 0 0 0 0 0 0 1 
1 0 0 0 0 0 0 1 
1 1 0 0 # 0 0 G 
1 0 0 0 0 0 0 1 
1 0 F 0 0 0 0 1 
1 1 1 1 1 1 S 1 
D65 T8

Map
1 1 1 1 1 1 1 1 
1 0 0 0 0 0 0 S 
1 0 0 0 0 0 # 1 
1 0 0 H 0 # 1 1 
1 1 1 1 0 0 0 1 
1 0 0 # 0 0 0 1 
1 # 0 # 0 0 0 1 
1 1 1 1 1 1 G 1 
R51 T8

Map
1 1 1 1 1 1 1 1 
1 0 0 0 0 0 0 1 
1 0 0 0 0 0 0 1 
1 0 0 0 0 0 0 1 
1 0 0 0 0 0 1 1 
S 0 0 0 0 0 0 1 
1 0 0 0 0 H 0 1 
1 1 1 G 1 1 1 1 
L23 T8

Map
1 1 1 1 1 1 1 1 
1 0 # 0 1 0 H 1 
1 0 0 0 0 0 # 1 
1 0 0 0 0 0 0 1 
1 0 0 # 0 0 0 G 
1 0 F 0 0 0 0 1 
1 0 0 0 0 0 0 1 
1 1 1 1 1 S 1 1 
D35 T8

Map
1 1 1 1 1 1 1 1 
1 0 0 0 0 # 1 1 
1 F 0 0 0 0 F 1 
1 0 0 0 0 F # 1 
1 F 0 # # 0 0 G 
1 0 # 0 0 0 0 S 
1 0 0 0 0 0 0 1 
1 1 1 1 1 1 1 1 
D55 T8

Map
1 1 1 1 G 1 1 1 
1 0 1 # F H 0 1 
1 H 1 0 0 0 F 1 
1 F 0 0 0 0 # 1 
S 0 0 F 0 F 0 1 
1 # 0 0 0 # 1 1 
1 0 0 1 # 0 0 1 
1 1 1 1 1 1 1 1 
L24 T8

Map
1 1 1 1 1 1 1 1 
1 1 0 0 0 1 H 1 
1 # 0 0 0 # 0 S 
1 0 0 0 H 0 # 1 
1 0 0 0 0 0 # 1 
1 0 0 0 0 0 # 1 
1 H 1 0 # 0 0 1 
1 1 1 1 G 1 1 1 
R55 T10

Map
1 1 1 S 1 G 1 1 
1 0 0 F 0 0 0 1 
1 0 0 0 0 0 F 1 
1 0 0 0 1 0 F 1 
1 1 0 0 0 F 0 1 
1 0 0 0 0 F 0 1 
1 H 0 0 F 0 0 1 
1 1 1 1 1 1 1 1 
L41 T8

Map
1 1 1 1 1 1 1 1 
1 1 0 0 0 0 # 1 
1 0 0 0 0 0 0 1 
1 0 0 F 0 F 0 S 
1 0 0 0 0 0 0 1 
1 0 0 0 0 0 0 1 
1 H 0 0 # 0 0 1 
1 1 1 1 1 G 1 1 
U66 T8

Map
1 1 1 1 1 1 1 1 
1 0 0 0 0 F 0 1 
1 0 0 0 1 0 1 1 
1 1 0 0 0 0 0 S 
1 H 0 0 0 0 0 1 
G F 0 0 0 0 0 1 
1 0 F # 0 0 0 1 
1 1 1 1 1 1 1 1 
U64 T10

Map
1 1 1 1 1 1 1 1 
1 0 0 0 0 F 0 1 
1 0 # F 0 0 0 1 
G 0 H 0 0 0 0 1 
1 1 0 0 F 0 0 1 
1 0 0 0 0 0 1 1 
1 0 0 0 0 0 0 1 
1 1 S 1 1 1 1 1 
L36 T9

Map
1 1 1 1 1 1 S 1 
1 1 1 0 F 0 0 1 
1 0 0 0 0 0 0 1 
1 0 0 0 0 F 0 G 
1 0 0 0 0 0 0 1 
1 1 0 0 1 0 F 1 
1 0 0 1 0 0 0 1 
1 1 1 1 1 1 1 1 
U62 T10

Map
1 S 1 1 1 1 1 1 
1 0 H 0 0 1 0 1 
1 0 0 0 0 0 0 1 
1 0 0 1 0 0 0 1 
1 1 0 0 0 0 F 1 
1 0 0 0 0 0 0 1 
1 0 0 0 0 0 0 1 
1 1 1 1 1 G 1 1 
L46 T9

Map
1 1 1 1 1 1 1 1 
1 1 F 0 H 0 0 S 
1 H 0 F 0 0 0 1 
1 0 0 0 0 0 0 G 
1 0 0 F 0 0 0 1 
1 0 0 F 0 0 1 1 
1 1 F 1 F 0 0 1 
1 1 1 1 1 1 1 1 
U52 T8

Map
1 G 1 1 1 1 1 1 
1 0 1 1 0 # 0 1 
1 0 0 0 0 0 0 1 
1 1 # 0 # H 0 1 
1 0 0 0 0 0 0 1 
1 0 # 0 # F 0 1 
1 0 1 0 0 0 # 1 
1 1 1 1 1 S 1 1 
L65 T10

Map
1 1 1 1 1 1 S 1 
1 0 0 0 0 0 0 1 
1 0 0 0 1 # 0 1 
1 0 0 1 0 0 # 1 
1 0 0 1 1 0 1 1 
1 0 0 0 0 0 0 1 
1 0 0 # 0 0 # 1 
1 1 1 G 1 1 1 1 
L25 T9

Map
1 1 1 G 1 S 1 1 
1 F 0 0 0 0 0 1 
1 0 0 0 1 0 0 1 
1 1 0 1 0 0 0 1 
1 0 0 1 F 1 F 1 
1 0 F F 0 0 0 1 
1 0 0 0 0 0 0 1 
1 1 1 1 1 1 1 1 
R41 T8

Map
1 G 1 1 1 1 1 1 
1 # 0 0 1 # 0 1 
1 1 H 0 0 H # 1 
1 0 0 0 0 0 H 1 
1 0 0 0 0 0 0 1 
1 0 # 0 1 # 0 1 
1 1 0 0 0 1 0 S 
1 1 1 1 1 1 1 1 
L64 T9

Map
1 1 1 1 1 1 1 1 
1 0 H 0 1 0 0 1 
1 H 1 0 0 F 1 1 
G 0 0 # 1 0 0 1 
1 1 # 0 0 H 0 1 
1 0 F F 0 0 # 1 
S 0 0 0 0 0 # 1 
1 1 1 1 1 1 1 1 
L36 T9

Map
1 1 S 1 1 1 1 1 
1 0 0 # 0 0 0 1 
1 H 0 0 1 0 H 1 
1 0 0 0 H 0 0 1 
1 0 1 0 0 0 0 1 
1 0 0 0 1 0 0 1 
1 0 0 0 1 0 0 1 
1 1 1 1 1 G 1 1 
L33 T8

Map
1 1 1 1 1 1 1 1 
1 # 1 0 F F 1 1 
G # F F 0 # H 1 
1 F 1 0 0 0 F 1 
1 0 0 0 # 0 0 1 
S F 0 1 0 0 0 1 
1 # 0 H 0 0 1 1 
1 1 1 1 1 1 1 1 
L42 T8

Map
1 S 1 1 1 1 1 1 
1 0 0 0 0 0 1 1 
1 0 0 0 0 F 1 1 
1 0 0 0 0 # 0 1 
G 0 1 0 0 0 0 1 
1 0 0 0 0 0 0 1 
1 1 0 F 0 0 1 1 
1 1 1 1 1 1 1 1 
U13 T8

Map
1 1 1 1 1 1 S 1 
1 0 # 0 0 F 0 1 
1 # 0 0 # # 0 1 
1 0 F 0 0 0 # 1 
1 1 0 0 0 0 F 1 
1 0 0 0 1 F H 1 
1 0 0 0 0 0 # 1 
1 G 1 1 1 1 1 1 
R53 T10

Map
1 1 1 1 1 1 1 1 
G 0 0 0 1 # 0 1 
1 # 0 # 0 H 0 1 
1 0 0 0 0 # 0 1 
1 1 0 1 0 0 0 1 
1 0 0 0 0 0 H 1 
1 # 0 0 0 0 0 1 
1 1 1 1 1 S 1 1 
D55 T8

Map
1 1 1 1 1 1 1 1 
1 1 # 0 0 0 0 1 
1 0 0 0 0 0 1 1 
1 0 0 0 0 0 1 1 
1 0 0 0 0 0 0 1 
1 F F 0 0 0 0 S 
1 0 0 0 F 0 F 1 
1 1 G 1 1 1 1 1 
R35 T8

Map
1 1 1 1 1 1 1 1 
1 0 0 1 # 0 # S 
1 0 1 0 # # 0 1 
1 0 0 F 1 1 0 G 
1 0 0 0 # 0 0 1 
1 0 0 0 0 0 0 1 
1 1 0 0 0 0 0 1 
1 1 1 1 1 1 1 1 
U62 T8

Map
1 1 1 1 1 1 1 1 
1 0 0 H 1 0 0 S 
1 0 0 0 0 0 0 1 
1 0 0 0 0 0 0 1 
1 F 0 0 H 0 0 1 
1 F # 0 0 0 F 1 
G 0 0 0 H 0 0 1 
1 1 1 1 1 1 1 1 
U62 T8

Map
1 1 1 1 1 1 1 1 
1 0 0 0 1 0 0 1 
1 0 0 1 0 0 H 1 
1 0 0 0 0 F 0 1 
1 0 0 0 0 0 0 1 
1 0 0 0 0 0 0 S 
1 1 0 0 0 0 # 1 
1 1 1 G 1 1 1 1 
R45 T8

Map
1 1 1 1 1 1 1 1 
1 0 1 0 F 0 0 1 
1 0 H F 1 # 1 1 
1 # 0 1 0 F 0 1 
1 0 0 0 0 0 F 1 
1 0 F F # # 0 1 
1 0 # 0 0 # # 1 
1 1 1 G 1 S 1 1 
R46 T8

Map
1 1 S 1 1 1 1 1 
1 # 0 0 0 F 0 1 
1 0 0 # 0 0 0 1 
1 0 # 0 0 0 0 1 
1 1 0 0 F 0 0 1 
1 0 H 0 # 1 H 1 
1 0 0 0 0 0 0 1 
1 1 1 1 1 1 G 1 
L31 T8

Map
1 S 1 1 1 1 1 1 
1 0 0 0 # # 0 1 
1 0 0 0 H 0 0 1 
G 0 0 0 0 # 0 1 
1 0 0 0 1 0 # 1 
1 0 0 H 0 # 1 1 
1 0 1 0 0 1 0 1 
1 1 1 1 1 1 1 1 
U52 T8

Map
1 1 1 1 1 1 1 1 
1 0 0 1 0 0 H 1 
1 0 0 0 0 # H 1 
1 0 0 0 0 0 0 1 
1 0 0 0 # 0 0 1 
1 0 0 0 0 H 1 1 
1 1 0 0 0 0 0 1 
1 1 S G 1 1 1 1 
L24 T10

Map
1 1 1 G 1 1 1 1 
1 0 0 0 0 # 0 1 
1 0 0 0 0 0 0 1 
1 0 0 0 1 0 0 1 
S 0 0 0 0 0 F 1 
1 0 0 1 0 0 0 1 
1 0 0 # 0 0 1 1 
1 1 1 1 1 1 1 1 
L24 T8

Map
1 1 1 G 1 1 1 1 
S 0 0 0 F 0 1 1 
1 0 0 1 1 F 0 1 
1 1 0 0 1 0 F 1 
1 0 0 0 0 0 0 1 
1 0 0 0 0 0 0 1 
1 0 0 F 1 0 0 1 
1 1 1 1 1 1 1 1 
D21 T11

Map
1 1 1 1 1 1 1 1 
S 0 0 0 1 1 0 1 
1 H 0 0 0 1 0 1 
G 0 # 1 0 0 # 1 
1 1 0 0 0 # # 1 
1 0 # 1 # 0 # 1 
1 0 0 0 0 H 0 1 
1 1 1 1 1 1 1 1 
R22 T8

Map
1 1 1 1 1 1 S 1 
1 0 0 1 0 0 # 1 
1 0 0 1 0 0 0 1 
1 0 # 1 1 0 1 1 
1 0 0 0 # # 0 1 
1 0 0 0 0 0 F 1 
1 # 0 0 0 1 0 G 
1 1 1 1 1 1 1 1 
D51 T9

Map
1 1 1 1 G 1 1 1 
1 0 # 0 0 0 0 1 
1 0 0 F 0 0 0 1 
1 0 0 1 0 0 0 1 
S 0 F 0 0 0 F 1 
1 0 0 0 0 1 0 1 
1 0 1 0 0 0 0 1 
1 1 1 1 1 1 1 1 
L34 T8

Map
1 1 1 1 G 1 1 1 
S 0 # 0 # 0 0 1 
1 0 F 1 0 H 0 1 
1 # 0 0 F 0 0 1 
1 0 0 # 1 0 0 1 
1 0 0 0 0 0 0 1 
1 0 0 0 1 0 # 1 
1 1 1 1 1 1 1 1 
L31 T8

Map
1 S 1 G 1 1 1 1 
1 0 0 0 H 0 1 1 
1 0 0 0 0 0 0 1 
1 F 0 0 0 0 0 1 
1 0 0 1 0 0 0 1 
1 1 0 0 1 0 0 1 
1 0 0 # 0 H 0 1 
1 1 1 1 1 1 1 1 
L22 T8

Map
1 1 1 1 G 1 1 1 
1 0 # 0 # # 0 1 
1 0 0 0 # 0 0 1 
1 1 F 0 0 1 0 1 
1 # 0 0 F 1 0 1 
1 0 0 0 0 # # S 
1 0 0 0 F 0 0 1 
1 1 1 1 1 1 1 1 
R52 T8

Map
1 1 1 1 1 1 1 1 
1 0 0 # 0 1 # S 
1 0 0 1 0 0 0 1 
1 F 0 F # 0 0 1 
1 # 0 1 0 0 1 1 
1 # 0 0 0 1 # G 
1 0 # F F 0 # 1 
1 1 1 1 1 1 1 1 
U24 T8

Map
1 G 1 1 S 1 1 1 
1 0 0 1 0 # 0 1 
1 1 0 1 0 0 0 1 
1 0 0 F 1 0 F 1 
1 # 0 F 0 0 0 1 
1 0 0 F 0 0 0 1 
1 # 0 0 F 0 # 1 
1 1 1 1 1 1 1 1 
U24 T8

Map
1 1 1 1 1 1 1 1 
1 0 0 0 1 0 0 1 
1 0 0 0 F # F 1 
1 F F 0 # 0 0 1 
1 H 0 0 F 0 # 1 
1 # 0 0 0 0 # 1 
1 0 # 0 # 0 0 S 
1 1 1 G 1 1 1 1 
R53 T10

Map
1 1 1 1 1 1 1 1 
1 F 0 1 # H 0 1 
1 0 0 0 0 1 0 S 
G 0 0 0 1 # 0 1 
1 0 # 0 # # 1 1 
1 0 F 0 0 F 0 1 
1 0 0 1 0 # # 1 
1 1 1 1 1 1 1 1 
L23 T8

Map
1 1 1 1 1 1 1 1 
1 0 0 0 # # 0 S 
1 0 F 0 0 0 0 1 
1 1 # H 0 0 0 G 
1 F 0 0 0 0 0 1 
1 0 # 0 F 0 0 1 
1 1 F 0 # 1 F 1 
1 1 1 1 1 1 1 1 
U62 T8

Map
1 G 1 1 1 1 1 1 
1 0 0 # 1 0 0 1 
1 1 0 0 0 0 # 1 
1 H 0 0 0 0 0 S 
1 0 F 0 0 0 0 1 
1 0 1 0 0 0 F 1 
1 0 0 0 0 0 0 1 
1 1 1 1 1 1 1 1 
R53 T8

Map
1 1 1 1 1 1 1 1 
1 F 0 0 0 # 0 1 
1 F 0 0 0 1 0 1 
1 1 0 0 0 F 0 1 
1 0 0 F 0 1 0 G 
1 0 0 1 0 0 0 1 
1 0 F 0 0 0 0 1 
1 1 1 1 1 1 S 1 
D65 T8

Map
1 1 1 1 1 1 1 1 
1 0 0 # 0 1 0 1 
1 0 0 1 # F # 1 
1 F 0 0 0 0 F G 
1 0 0 1 0 # 0 1 
1 1 F # 0 0 0 1 
S F 0 0 0 1 F 1 
1 1 1 1 1 1 1 1 
L22 T8

Map
1 1 1 1 1 1 1 1 
1 1 0 0 H 0 0 1 
1 1 F 0 0 0 0 1 
G 0 1 0 0 0 0 1 
1 0 0 1 0 0 0 1 
1 H 0 0 F 0 0 1 
1 F 0 0 0 0 0 1 
1 1 1 1 1 S 1 1 
U26 T8

Map
1 1 1 1 1 1 1 1 
1 0 0 0 0 0 0 1 
1 F 0 0 0 0 # 1 
G 0 0 0 0 F # 1 
1 0 0 # F H 0 1 
1 0 # 0 # # F 1 
1 # 0 0 1 0 0 S 
1 1 1 1 1 1 1 1 
U32 T9

Map
1 1 1 1 S 1 1 1 
1 0 0 # 0 0 0 1 
1 1 0 0 # # # 1 
1 1 0 0 0 H 1 1 
1 1 0 0 0 H 0 G 
1 0 0 0 # 0 0 1 
1 F 0 0 F 0 0 1 
1 1 1 1 1 1 1 1 
U44 T8

Map
1 1 1 1 1 1 1 1 
1 0 0 0 0 H 0 1 
1 F 0 0 1 0 # 1 
1 0 0 0 0 0 0 1 
1 0 1 F 0 0 H 1 
1 0 0 0 0 0 # 1 
1 0 # 1 0 0 0 1 
1 1 G 1 1 1 S 1 
R55 T8

Map
1 1 1 G 1 1 1 1 
1 0 # 0 0 1 0 1 
1 0 F 0 0 0 0 1 
1 1 0 0 0 0 0 1 
1 0 0 1 0 F 0 1 
1 0 F # # 0 0 1 
1 1 1 0 # F 0 1 
1 1 1 1 S 1 1 1 
D41 T9

Map
1 1 1 1 1 G 1 1 
1 0 1 H 0 0 0 1 
1 0 F # 0 0 0 S 
1 1 0 0 0 0 0 1 
1 0 # 0 0 0 1 1 
1 0 0 # 0 0 0 1 
1 0 0 H # H 0 1 
1 1 1 1 1 1 1 1 
R12 T8

Map
1 1 1 1 1 1 1 1 
1 0 0 F # 0 0 1 
1 0 0 1 0 # F 1 
1 0 H 0 0 0 0 G 
1 0 0 0 # F 0 1 
1 0 0 1 0 0 1 1 
1 H 0 0 # 0 F 1 
1 1 S 1 1 1 1 1 
L24 T9

Map
1 1 1 1 1 1 1 1 
1 0 # 1 0 0 0 1 
1 0 H # F 0 0 1 
1 0 # 0 0 0 0 1 
G 0 0 0 0 0 1 1 
1 # 0 0 0 0 0 1 
1 0 0 0 0 0 1 1 
1 1 1 S 1 1 1 1 
D45 T8

Map
1 1 1 1 1 1 1 1 
1 0 H 0 1 0 0 1 
1 0 1 0 1 0 0 S 
1 0 0 0 H 0 0 1 
1 1 0 0 0 0 0 1 
1 0 0 0 H 0 0 1 
G 0 0 H # 0 0 1 
1 1 1 1 1 1 1 1 
U63 T8

Map
1 1 1 1 1 1 1 1 
1 0 F 0 1 1 0 1 
1 0 0 0 F 0 0 1 
1 0 # F 0 F 0 1 
1 0 H 0 0 0 0 G 
1 0 0 0 H 0 0 1 
1 0 0 0 0 0 0 1 
1 1 1 1 1 1 S 1 
D35 T8

Map
1 1 1 1 1 G 1 1 
S 0 0 0 0 # 0 1 
1 0 F 0 0 0 0 1 
1 0 # 0 0 1 0 1 
1 1 0 0 0 0 1 1 
1 0 0 0 0 0 # 1 
1 0 # 0 0 1 0 1 
1 1 1 1 1 1 1 1 
L41 T8

Map
1 1 1 1 1 1 1 1 
1 1 0 0 0 0 0 1 
1 0 0 0 0 0 0 S 
1 1 0 0 0 0 0 1 
G 0 # 0 F 0 1 1 
1 1 0 0 1 0 0 1 
1 0 0 1 0 H 0 1 
1 1 1 1 1 1 1 1 
U23 T8

Map
1 1 1 1 1 1 1 1 
1 0 0 0 0 1 # 1 
1 0 1 0 0 0 0 1 
1 0 0 0 0 1 1 1 
G 0 # 1 0 0 0 1 
1 0 0 0 0 0 0 1 
1 0 # 0 0 0 0 1 
1 S 1 1 1 1 1 1 
D15 T8

Map
1 1 1 1 1 1 1 1 
1 0 0 0 1 0 1 1 
1 0 0 0 0 0 0 1 
1 0 0 0 0 0 1 1 
1 # 0 0 1 1 0 G 
1 0 F 0 0 0 # 1 
1 0 0 0 0 0 H 1 
1 1 S 1 1 1 1 1 
U56 T9

Map
1 1 1 1 1 1 1 1 
1 # F 0 0 0 # 1 
S 0 F 0 1 0 0 1 
1 0 0 0 1 0 0 1 
1 0 0 0 0 H # 1 
G 0 # H H 0 0 1 
1 # # 1 0 0 0 1 
1 1 1 1 1 1 1 1 
L24 T8

Map
1 1 1 1 S 1 1 1 
1 0 0 0 F 0 1 1 
1 0 0 0 1 0 F 1 
1 0 0 0 0 0 0 1 
1 F 0 0 0 F 0 1 
1 H 0 1 # 0 0 1 
1 0 0 1 0 1 0 1 
1 G 1 1 1 1 1 1 
R31 T10

Map
1 1 1 1 1 1 1 1 
1 H F 0 1 0 0 1 
1 H 1 0 0 0 0 S 
1 0 1 0 0 0 0 1 
1 0 0 0 0 0 0 1 
1 0 0 0 0 0 F 1 
G 0 1 0 0 # 0 1 
1 1 1 1 1 1 1 1 
U63 T8

Map
1 1 1 1 1 1 1 1 
1 H 1 0 0 0 F 1 
1 # 0 0 0 0 0 G 
1 H 0 F 1 # 0 1 
1 1 # 0 0 0 1 1 
1 1 0 0 0 # 0 1 
1 # 0 0 0 0 0 1 
1 1 1 S 1 1 1 1 
D35 T8

Map
1 1 1 1 G 1 S 1 
1 1 0 0 0 0 0 1 
1 0 0 0 0 0 0 1 
1 F 0 0 0 1 0 1 
1 # 0 1 # F # 1 
1 0 0 0 # 0 F 1 
1 0 0 # F F F 1 
1 1 1 1 1 1 1 1 
R52 T8

Map
1 S 1 1 1 G 1 1 
1 0 0 1 0 0 H 1 
1 0 0 0 H 0 0 1 
1 0 0 1 # # 0 1 
1 0 0 0 0 0 0 1 
1 0 0 0 0 0 0 1 
1 H 0 0 1 0 0 1 
1 1 1 1 1 1 1 1 
U12 T9

Map
1 1 1 G 1 S 1 1 
1 1 F # 0 0 0 1 
1 0 0 0 0 0 0 1 
1 F 0 # 0 F 0 1 
1 0 H 1 # 0 # 1 
1 0 0 0 0 F 1 1 
1 0 1 0 0 # 1 1 
1 1 1 1 1 1 1 1 
R42 T10

Map
1 1 1 1 S 1 1 1 
1 H # 0 0 0 0 1 
G 0 0 0 1 0 0 1 
1 H 0 0 0 0 1 1 
1 0 # 0 0 0 H 1 
1 0 0 0 0 0 1 1 
1 0 0 0 1 1 H 1 
1 1 1 1 1 1 1 1 
R31 T9

Map
1 1 1 1 1 1 1 1 
1 0 0 0 0 0 0 1 
1 0 0 1 # 0 0 1 
1 0 0 0 0 H 0 G 
1 1 0 # 1 0 0 1 
S 0 0 0 0 0 # 1 
1 0 0 1 0 0 # 1 
1 1 1 1 1 1 1 1 
D64 T10

Map
1 1 1 1 1 1 1 1 
1 0 F 0 0 0 0 1 
1 0 0 H 0 0 0 1 
1 0 0 1 0 0 0 1 
1 0 F 0 H 0 0 1 
1 1 0 1 0 0 0 S 
1 0 0 1 0 0 0 1 
1 G 1 1 1 1 1 1 
D23 T8

Map
1 1 1 S 1 1 1 1 
1 0 0 0 0 0 # 1 
1 0 0 # 0 0 # 1 
1 F 0 1 1 # F 1 
1 1 0 0 0 F 0 1 
1 0 0 0 0 0 0 1 
1 0 0 0 0 F 0 1 
1 1 1 1 G 1 1 1 
R55 T8

Map
1 1 1 1 1 1 1 1 
1 1 0 0 0 0 H 1 
S 0 0 0 0 0 0 1 
1 0 0 # 0 1 0 1 
G # # 1 0 0 0 1 
1 0 0 0 0 0 1 1 
1 0 0 1 0 1 H 1 
1 1 1 1 1 1 1 1 
U13 T10

Map
1 1 1 1 1 1 1 1 
S 0 1 0 # 0 0 1 
1 0 0 # 0 0 # 1 
1 0 # 0 0 0 0 1 
G 0 0 0 0 0 0 1 
1 # 0 0 0 0 0 1 
1 0 0 0 0 0 0 1 
1 1 1 1 1 1 1 1 
D35 T8

Map
1 1 1 1 G 1 1 1 
1 0 0 0 0 1 0 1 
1 1 0 0 0 0 0 1 
1 F 0 1 0 0 0 1 
1 0 0 1 0 0 0 1 
1 F 0 F 0 0 0 S 
1 0 0 0 1 0 0 1 
1 1 1 1 1 1 1 1 
R25 T8

Map
1 1 1 1 1 1 1 1 
1 1 0 0 0 0 H 1 
1 0 0 1 0 0 F 1 
1 0 0 0 0 0 0 1 
1 0 0 F 0 0 0 1 
S 0 0 0 # 0 0 1 
1 0 0 0 0 1 1 1 
1 1 1 G 1 1 1 1 
L25 T8

Map
1 1 1 S 1 G 1 1 
1 1 0 0 0 0 0 1 
1 0 0 0 0 F 0 1 
1 0 0 H F 0 0 1 
1 0 1 0 H 1 0 1 
1 0 F 0 0 0 0 1 
1 1 0 0 0 0 0 1 
1 1 1 1 1 1 1 1 
L41 T8

Map
1 S 1 1 1 1 1 1 
1 0 0 H H 0 0 1 
1 0 0 0 1 0 0 1 
1 1 0 0 # # 0 1 
1 0 0 1 0 # 0 1 
G 0 0 0 0 # 0 1 
1 0 # F 0 0 H 1 
1 1 1 1 1 1 1 1 
R14 T9

Map
1 1 1 1 S 1 1 1 
1 0 1 0 0 # 0 1 
1 0 0 # 0 0 0 1 
1 # 0 0 0 1 0 1 
1 0 0 1 # 0 0 1 
1 1 # # 0 0 # 1 
G 0 0 # H 0 0 1 
1 1 1 1 1 1 1 1 
U42 T8

Map
1 1 1 1 1 1 1 1 
G # 0 F H 0 0 S 
1 0 0 0 0 0 0 1 
1 F 0 0 0 0 1 1 
1 0 0 0 0 0 # 1 
1 0 0 1 0 0 0 1 
1 0 0 0 1 0 0 1 
1 1 1 1 1 1 1 1 
D51 T8

Map
1 1 1 1 1 1 1 1 
1 0 0 # H # 0 1 
1 # 0 0 0 0 0 1 
1 0 0 0 0 1 0 1 
G 0 1 0 # 0 1 1 
1 0 0 0 1 0 0 1 
S 0 0 0 0 0 0 1 
1 1 1 1 1 1 1 1 
D15 T10

Map
1 1 1 1 1 1 1 1 
S 0 0 0 0 # 1 1 
1 0 0 0 0 0 0 1 
1 0 0 0 0 0 0 1 
1 0 0 # 0 H 0 1 
1 0 0 # 0 0 0 1 
1 0 0 0 0 0 0 1 
1 1 1 G 1 1 1 1 
L22 T8

Map
1 1 1 1 G 1 1 1 
1 0 H F 0 0 0 1 
1 0 0 0 F 0 F 1 
1 0 1 # # 0 0 1 
1 0 F 0 0 0 1 1 
1 0 # # F 0 0 1 
1 F 0 0 0 1 0 1 
1 1 S 1 1 1 1 1 
R14 T8

Map
1 1 1 1 G 1 1 1 
S 0 0 0 0 0 0 1 
1 0 0 0 0 0 1 1 
1 0 0 0 1 H 0 1 
1 0 0 0 1 0 0 1 
1 1 H 0 0 0 0 1 
1 H H 0 0 0 0 1 
1 1 1 1 1 1 1 1 
L31 T8

Map
1 1 1 1 1 1 G 1 
1 0 0 0 # 0 0 1 
1 0 0 0 0 0 0 1 
1 H 0 0 0 # 1 1 
1 0 0 0 # 0 # 1 
1 0 0 0 0 0 0 1 
1 0 0 0 0 0 # S 
1 1 1 1 1 1 1 1 
R36 T8

Map
1 1 1 1 1 1 1 1 
1 0 0 0 0 0 1 1 
1 0 # 0 0 0 1 1 
1 0 1 0 1 0 0 1 
1 0 0 0 0 0 0 1 
1 0 0 0 0 0 0 1 
1 0 0 0 0 0 0 1 
1 1 G 1 S 1 1 1 
R36 T8

Map
1 S 1 1 1 1 1 1 
1 # 0 1 0 0 0 G 
1 0 0 0 0 0 # 1 
1 0 0 0 1 H 0 1 
1 0 1 0 0 0 0 1 
1 H # 0 0 0 0 1 
1 0 # 0 0 0 0 1 
1 1 1 1 1 1 1 1 
U12 T8

Map
1 1 S 1 1 1 1 1 
1 0 0 0 0 1 0 1 
1 0 # 0 0 0 1 1 
1 0 0 0 0 1 0 1 
1 0 1 1 1 0 H 1 
1 0 0 0 0 0 0 1 
1 0 0 # 0 H F 1 
1 1 1 1 1 1 G 1 
U46 T8

Map
1 1 1 1 S 1 1 1 
1 0 0 F 0 1 0 1 
1 0 0 0 0 F 0 1 
1 0 H # F 0 0 1 
1 H F F 1 0 0 1 
1 0 F 0 0 0 0 1 
1 0 0 1 0 0 0 1 
1 1 G 1 1 1 1 1 
R32 T8

Map
1 1 1 1 1 1 1 1 
1 F # F H H 0 1 
S # 0 # 0 0 1 1 
1 0 0 1 F F 0 1 
1 0 0 0 1 1 H 1 
1 0 0 0 0 0 0 1 
1 # # # F 0 F 1 
1 1 1 1 1 1 G 1 
R14 T10

Map
1 1 1 1 1 1 1 1 
1 0 0 H 0 0 0 1 
1 0 F F H 0 0 1 
1 1 0 0 0 0 0 G 
1 0 0 H 0 0 1 1 
1 0 0 0 1 0 0 1 
1 0 0 0 0 0 0 1 
1 1 S 1 1 1 1 1 
D21 T8


