Map
1 1 G 1 1 1 S 1 1 1 
1 0 0 # 1 0 0 0 0 1 
1 0 # # 0 1 0 1 0 1 
1 H 1 0 0 0 0 0 0 1 
1 1 0 1 0 0 0 0 0 1 
1 0 0 H # 0 0 0 0 1 
1 1 # 0 # 0 # 0 0 1 
1 0 0 0 0 # 0 0 0 1 
1 # 0 0 0 0 0 0 0 1 
1 1 1 1 1 1 1 1 1 1 
P11 P64 T5

Map
1 1 1 1 1 S 1 1 1 1 
1 H 0 # 0 0 0 0 0 1 
1 F 0 # 0 0 # 0 # 1 
1 0 1 F 0 # H # 0 1 
G 0 0 1 0 0 0 0 # 1 
1 0 F 0 0 0 0 0 0 1 
1 0 1 0 0 H 0 0 # 1 
1 0 0 0 F # 0 0 0 1 
1 0 F # 0 # 0 0 0 1 
1 1 1 1 1 1 1 1 1 1 
P52 P13 T6

Map
1 1 1 S 1 1 G 1 1 1 
1 0 0 0 F 1 0 0 # 1 
1 0 0 0 0 0 # # 0 1 
1 F 0 H 0 0 F 0 # 1 
1 H 0 0 F F F 0 0 1 
1 0 0 0 F 0 0 0 0 1 
1 0 F 0 F 0 F 0 0 1 
1 0 0 0 0 0 0 # 0 1 
1 0 0 0 # 0 0 0 # 1 
1 1 1 1 1 1 1 1 1 1 
P11 P32 T7

Map
1 1 1 1 S G 1 1 1 1 
1 0 0 0 F 0 # 0 0 1 
1 0 0 0 0 0 F 0 H 1 
1 0 0 1 0 0 F 0 0 1 
1 1 0 0 H 0 0 0 0 1 
1 0 0 0 0 # 0 0 F 1 
1 F F 0 F 0 0 0 0 1 
1 # 0 1 H 0 1 0 0 1 
1 0 1 0 1 1 # 0 0 1 
1 1 1 1 1 1 1 1 1 1 
P43 P65 T9

Map
1 1 1 1 S 1 1 1 1 1 
1 0 H 0 0 0 0 0 # 1 
G 0 0 0 0 H # 0 0 1 
1 0 # 0 H # # 0 0 1 
1 0 0 F 0 1 0 0 0 1 
1 0 0 0 0 0 0 0 1 1 
1 0 0 # 0 1 0 0 0 1 
1 0 0 # 0 0 1 H 0 1 
1 0 0 0 0 0 0 0 # 1 
1 1 1 1 1 1 1 1 1 1 
P11 P42 T10

Map
1 1 1 1 1 1 1 S 1 1 
1 0 F 0 0 0 0 0 # 1 
1 0 0 0 0 H 0 0 0 1 
1 0 0 0 0 # F 0 0 1 
1 0 0 0 1 0 0 # 0 1 
G F 0 1 0 0 0 1 0 1 
1 H 0 0 0 1 0 0 H 1 
1 0 0 # 1 0 0 # 0 1 
1 0 0 0 0 0 0 0 0 1 
1 1 1 1 1 1 1 1 1 1 
P24 P18 T8

Map
1 1 1 1 1 1 S 1 1 1 
1 0 0 0 0 0 # 0 0 1 
1 0 0 0 0 0 0 0 0 1 
1 # 0 0 0 0 F 0 0 1 
1 1 0 0 0 1 0 0 0 1 
1 0 0 0 0 1 H 0 F 1 
G 0 1 0 # 0 # 0 0 1 
1 0 # 0 1 0 1 F 1 1 
1 0 0 0 0 0 H 0 F 1 
1 1 1 1 1 1 1 1 1 1 
P62 P15 T8

Map
1 S 1 1 1 1 1 1 1 1 
1 0 0 0 0 H 0 0 0 1 
1 0 0 0 0 0 # 0 0 1 
1 0 0 1 0 0 0 1 0 1 
1 0 0 1 1 0 1 # 0 1 
1 0 0 1 0 H 0 0 0 1 
1 0 0 0 0 0 0 0 # 1 
G 0 1 0 0 0 0 0 0 1 
1 # 0 0 0 0 0 H 0 1 
1 1 1 1 1 1 1 1 1 1 
P16 P46 T8

Map
1 1 1 S 1 1 1 G 1 1 
1 0 0 0 0 # H 0 0 1 
1 1 H 0 0 1 0 0 0 1 
1 0 0 0 0 0 # # 0 1 
1 0 0 H 0 0 0 0 0 1 
1 0 0 0 0 0 0 0 0 1 
1 0 0 0 0 0 1 0 0 1 
1 0 # 0 # 0 0 F # 1 
1 0 0 # # 0 0 1 0 1 
1 1 1 1 1 1 1 1 1 1 
P33 P85 T9

Map
1 1 1 1 S 1 1 1 1 1 
1 0 0 0 # 0 0 0 0 1 
1 0 1 0 0 0 F H 0 1 
1 0 F F H 0 0 0 0 1 
1 0 0 1 F # 0 0 F 1 
1 0 F H 0 0 # 0 H 1 
G # 0 1 0 0 0 0 0 1 
1 # 0 # 0 # 1 F 0 1 
1 0 0 H 0 0 # F 0 1 
1 1 1 1 1 1 1 1 1 1 
P42 P15 T8

Map
1 1 1 1 1 1 1 G 1 1 
1 0 # 0 0 0 0 0 # 1 
1 # 0 1 0 0 0 1 0 1 
S 0 0 0 0 0 F # F 1 
1 H 0 H F 0 0 1 # 1 
1 0 0 0 # 0 0 # 0 1 
1 0 0 0 # 0 1 0 0 1 
1 1 # 0 0 0 0 0 F 1 
1 0 0 0 H 0 0 0 H 1 
1 1 1 1 1 1 1 1 1 1 
P61 P53 T10

Map
1 S 1 1 1 1 1 1 1 1 
1 F F 0 0 0 0 0 H 1 
1 0 0 0 0 F 0 # 1 1 
1 0 0 0 0 0 1 0 0 1 
1 1 0 1 0 1 H 0 0 1 
1 0 F 0 0 0 0 # 0 1 
1 # 0 0 0 0 H 0 F 1 
G 0 0 0 0 F 0 F # 1 
1 0 F 0 # 0 0 0 0 1 
1 1 1 1 1 1 1 1 1 1 
P53 P88 T8

Map
1 1 1 1 1 1 1 S 1 1 
1 H 0 F 0 0 F 0 0 1 
1 0 0 1 0 0 0 0 0 1 
1 0 F 0 0 1 0 H F 1 
1 0 1 0 0 0 F F 0 1 
1 0 0 0 0 1 1 F 0 1 
1 0 0 0 0 0 0 1 0 1 
G 0 0 0 0 0 0 0 0 1 
1 F 0 0 0 0 1 0 F 1 
1 1 1 1 1 1 1 1 1 1 
P41 P72 T10

Map
1 1 1 1 1 1 1 G 1 1 
1 0 0 0 0 0 0 # H 1 
S 0 0 0 0 H 0 0 0 1 
1 0 0 1 0 0 0 0 0 1 
1 H 0 # 0 # 1 # 0 1 
1 0 1 F 0 0 # # 0 1 
1 0 # 0 0 0 0 0 0 1 
1 0 0 F 0 F 0 # 0 1 
1 1 0 0 0 # H 0 0 1 
1 1 1 1 1 1 1 1 1 1 
P32 P86 T8

Map
1 1 1 1 S 1 1 1 1 1 
1 0 0 0 0 0 0 H 0 1 
1 0 0 1 0 0 0 0 0 1 
1 0 0 # 0 0 0 1 0 1 
1 1 0 0 0 # 0 0 0 1 
1 0 0 F 1 0 0 0 0 1 
G 0 H 0 0 0 0 0 0 1 
1 0 0 0 0 H 1 0 1 1 
1 0 1 0 0 0 # 0 H 1 
1 1 1 1 1 1 1 1 1 1 
P15 P36 T10

Map
1 1 1 1 1 1 S 1 1 1 
1 0 0 0 H 0 0 0 0 1 
1 0 0 0 0 0 1 0 F 1 
1 0 0 0 0 0 0 0 0 1 
1 0 0 1 0 0 0 1 0 1 
1 1 0 0 0 0 0 0 1 1 
1 0 0 0 0 0 0 0 0 1 
G 0 0 0 0 0 0 0 0 1 
1 0 H 1 0 0 0 0 0 1 
1 1 1 1 1 1 1 1 1 1 
P81 P26 T15

Map
1 1 S 1 1 1 G 1 1 1 
1 0 0 0 1 0 0 F 0 1 
1 0 0 0 F 0 0 0 0 1 
1 0 F 0 0 0 0 0 0 1 
1 0 1 0 0 0 0 0 0 1 
1 1 F 0 F 0 F 0 0 1 
1 0 0 0 0 0 F F 0 1 
1 0 0 0 1 0 0 0 0 1 
1 0 0 0 1 0 0 1 F 1 
1 1 1 1 1 1 1 1 1 1 
P51 P22 T9

Map
1 1 1 1 1 G 1 1 1 1 
S 0 0 # 0 0 F 0 0 1 
1 0 H 0 # 1 0 0 0 1 
1 F F H 0 F F # H 1 
1 0 0 0 0 0 H # 0 1 
1 # 1 0 # # 1 0 0 1 
1 F # 1 F 0 0 1 0 1 
1 0 H 0 # 0 0 0 0 1 
1 0 0 0 # 0 0 # 0 1 
1 1 1 1 1 1 1 1 1 1 
P41 P84 T9

Map
1 1 1 1 1 S 1 1 1 1 
1 0 F # H 0 0 0 1 1 
1 0 F 0 F 1 F # 0 1 
1 0 0 0 0 F 0 0 F 1 
1 0 0 H # 1 0 # 0 1 
1 H 1 0 0 0 0 H 1 1 
1 0 # F 0 # 0 0 1 1 
G 0 0 0 0 0 1 H # 1 
1 # 0 0 0 0 0 # 0 1 
1 1 1 1 1 1 1 1 1 1 
P71 P16 T8

Map
1 1 1 S 1 1 1 1 1 1 
1 F 0 0 0 0 1 0 0 1 
1 0 0 0 F F 0 0 0 1 
1 0 # F # 0 0 0 0 1 
1 0 H 0 H 0 # 0 0 1 
G 0 1 0 0 0 0 0 F 1 
1 0 1 0 F F 1 0 0 1 
1 # 0 H F 0 0 # 0 1 
1 1 0 0 0 # 1 0 0 1 
1 1 1 1 1 1 1 1 1 1 
P32 P14 T8

Map
1 1 1 1 1 S 1 1 1 1 
1 0 0 1 1 0 F 0 0 1 
1 0 0 0 0 1 1 0 0 1 
1 0 # 0 # 0 0 0 F 1 
1 0 1 0 0 F 0 F 0 1 
G F 0 0 1 0 F 0 F 1 
1 0 H 0 0 0 0 # 0 1 
1 F H 0 0 F 0 0 0 1 
1 1 H 0 1 0 0 0 0 1 
1 1 1 1 1 1 1 1 1 1 
P33 P36 T10

Map
1 1 1 1 S 1 1 1 1 1 
1 0 0 F 0 # 0 0 0 1 
1 0 0 H 0 F 0 0 # 1 
1 0 1 0 0 F F 0 H 1 
1 1 # 0 F 0 0 0 # 1 
G # F 0 H 1 1 # 0 1 
1 0 F 0 0 0 # 1 0 1 
1 0 0 0 0 0 0 0 0 1 
1 0 0 0 0 0 0 0 H 1 
1 1 1 1 1 1 1 1 1 1 
P61 P42 T8

Map
1 1 1 S 1 G 1 1 1 1 
1 0 0 0 1 0 0 0 F 1 
1 0 0 0 0 0 0 0 0 1 
1 1 0 H 0 0 # F 0 1 
1 0 0 0 0 0 0 1 0 1 
1 0 0 H 0 0 0 0 0 1 
1 0 0 0 0 0 0 0 0 1 
1 1 F 0 F H 0 0 0 1 
1 0 H 0 0 0 0 0 0 1 
1 1 1 1 1 1 1 1 1 1 
P32 P25 T9

Map
1 1 G 1 1 1 S 1 1 1 
1 0 0 H # F 0 # # 1 
1 # F F 1 0 0 0 F 1 
1 1 0 0 H 0 0 H 0 1 
1 0 0 0 H 0 # 0 0 1 
1 0 0 H H # 1 0 0 1 
1 # 0 0 F 0 F 0 1 1 
1 0 1 0 0 H # 0 0 1 
1 1 0 F # 0 0 0 0 1 
1 1 1 1 1 1 1 1 1 1 
P34 P77 T9

Map
1 1 1 1 G 1 1 1 1 1 
S 0 0 0 0 # 1 0 0 1 
1 0 0 0 1 0 0 0 0 1 
1 0 0 0 0 0 # # 0 1 
1 1 0 0 0 0 0 0 0 1 
1 0 F 0 0 0 0 0 0 1 
1 0 0 0 0 H 0 1 0 1 
1 0 0 # 0 0 0 0 0 1 
1 1 1 H 0 0 0 0 0 1 
1 1 1 1 1 1 1 1 1 1 
P31 P81 T8

Map
1 1 1 S 1 1 1 1 1 1 
1 0 0 0 # 0 0 0 0 1 
1 0 1 0 0 0 0 0 # 1 
1 H 0 0 0 0 0 0 0 1 
1 0 0 F # 0 0 H 0 1 
1 # 0 0 0 0 1 1 H 1 
1 0 # H 0 1 0 0 1 1 
G F 0 0 0 0 # 0 0 1 
1 H 0 0 0 0 0 1 0 1 
1 1 1 1 1 1 1 1 1 1 
P51 P32 T8

Map
1 1 1 1 1 1 S 1 1 1 
1 0 H 0 0 # 0 0 0 1 
1 0 0 H H 0 0 0 1 1 
G 0 H 0 0 0 0 0 1 1 
1 0 # 0 1 0 0 0 0 1 
1 0 0 0 0 0 # 0 0 1 
1 0 0 F 0 0 H # # 1 
1 0 0 0 0 1 0 0 0 1 
1 0 1 0 0 0 0 0 0 1 
1 1 1 1 1 1 1 1 1 1 
P12 P63 T11

Map
1 1 1 1 1 G 1 1 1 1 
1 F 0 0 F 0 1 # 0 1 
1 F 0 0 0 H 0 # 0 1 
1 0 0 0 0 0 0 0 0 1 
1 0 H 0 1 1 0 0 0 1 
S 0 0 1 0 0 1 # F 1 
1 0 0 0 0 F 0 H 0 1 
1 1 0 F 0 0 0 # 0 1 
1 H 0 0 0 0 0 0 0 1 
1 1 1 1 1 1 1 1 1 1 
P82 P13 T8

Map
1 1 1 1 1 1 1 1 1 1 
1 # 0 0 H 1 F 0 0 1 
1 # 0 0 0 0 F 0 1 1 
G 0 0 0 0 0 0 1 0 1 
1 0 0 # 0 # 0 0 0 1 
1 0 0 0 # 0 0 F 0 1 
1 0 H 0 F 0 0 0 1 1 
S # 0 # # # F 0 # 1 
1 0 0 0 0 0 # 0 0 1 
1 1 1 1 1 1 1 1 1 1 
P32 P27 T8

Map
1 1 1 1 1 1 G 1 1 1 
1 0 F 0 1 0 0 0 1 1 
1 F 0 0 0 0 1 H 0 1 
1 0 0 0 H 0 H 0 # 1 
1 0 0 0 0 0 0 0 0 1 
1 0 F 0 0 0 F F 0 1 
1 0 1 1 F H 0 0 0 1 
S 0 0 1 0 0 1 F 0 1 
1 F H F 0 0 0 0 0 1 
1 1 1 1 1 1 1 1 1 1 
P71 P33 T9

Map
1 1 G 1 1 1 1 S 1 1 
1 0 0 # 1 1 0 0 1 1 
1 0 0 1 0 0 0 0 0 1 
1 0 1 H 0 H # 0 0 1 
1 # 0 0 # 1 # 0 0 1 
1 # # # 0 H 0 0 0 1 
1 0 0 0 0 0 0 H 0 1 
1 H 0 0 0 H # 0 0 1 
1 1 0 0 0 0 # H 0 1 
1 1 1 1 1 1 1 1 1 1 
P11 P72 T9

Map
1 1 G 1 1 1 1 1 1 1 
1 0 0 0 0 0 0 0 0 1 
1 0 0 0 0 F 0 0 # 1 
1 # 0 0 0 H 0 1 0 1 
1 H 0 0 0 0 0 0 0 1 
1 0 H # 0 0 0 1 0 1 
1 0 0 0 F 0 H 0 0 1 
S 0 # 0 # # 0 1 0 1 
1 0 0 0 1 0 # # 0 1 
1 1 1 1 1 1 1 1 1 1 
P11 P15 T8

Map
1 1 1 1 1 1 S 1 1 1 
1 0 0 0 0 0 0 # H 1 
1 0 0 0 0 1 0 0 0 1 
1 0 0 H 0 H 0 0 0 1 
G 0 0 0 0 0 0 1 H 1 
1 # F H F 0 F 0 0 1 
1 0 0 0 0 0 H 0 0 1 
1 0 F 0 0 0 0 0 0 1 
1 0 0 0 0 0 H 0 0 1 
1 1 1 1 1 1 1 1 1 1 
P62 P13 T8

Map
1 1 1 1 1 1 G 1 1 1 
1 0 H 0 H 0 0 0 0 1 
1 0 0 0 H 0 0 0 1 1 
1 0 0 0 0 0 0 0 0 1 
1 1 0 0 H 0 1 0 # 1 
1 0 0 0 0 1 0 # 0 1 
1 0 F 0 0 0 F 0 0 1 
S 0 0 H 0 0 0 F 0 1 
1 0 0 0 0 0 1 0 0 1 
1 1 1 1 1 1 1 1 1 1 
P53 P27 T9

Map
1 1 1 1 1 1 1 1 1 1 
S 0 0 0 0 0 F 0 0 1 
1 0 0 0 1 0 H 0 0 1 
1 0 1 0 0 0 F 0 0 1 
1 0 0 0 0 # 0 0 0 1 
1 0 # 0 0 0 1 0 F 1 
1 F 0 0 F 1 0 H 0 1 
G 0 0 F 0 F 0 0 0 1 
1 F 1 0 F 0 0 F F 1 
1 1 1 1 1 1 1 1 1 1 
P41 P15 T10

Map
1 1 1 1 G 1 1 1 1 1 
1 1 0 0 0 F # # 0 1 
1 0 H # 0 0 1 0 F 1 
1 0 0 0 1 0 0 0 0 1 
1 # H # 0 1 0 0 0 1 
1 0 0 0 0 # 0 0 0 1 
S 0 1 0 0 # 0 0 0 1 
1 0 0 H 0 0 0 1 0 1 
1 F 0 0 0 0 # 1 0 1 
1 1 1 1 1 1 1 1 1 1 
P31 P12 T10

Map
1 1 1 1 1 1 G 1 1 1 
1 # 0 0 F 0 0 # 0 1 
1 0 # 0 1 0 1 0 F 1 
1 0 0 0 0 0 F 0 H 1 
1 0 0 # H # 0 # 0 1 
1 1 0 0 0 0 # # # 1 
1 0 0 0 0 0 0 0 0 1 
S 0 0 0 H # H 0 0 1 
1 0 0 0 0 0 1 0 0 1 
1 1 1 1 1 1 1 1 1 1 
P51 P27 T8

Map
1 1 G 1 1 1 1 1 1 1 
1 # 0 0 0 F 0 0 0 1 
S 0 F 0 0 0 1 0 0 1 
1 0 1 0 0 0 0 0 1 1 
1 0 0 F 0 0 0 0 0 1 
1 0 1 0 0 F # F 0 1 
1 F 0 0 0 0 0 0 F 1 
1 1 0 0 0 H 0 0 0 1 
1 0 0 F 0 0 0 0 0 1 
1 1 1 1 1 1 1 1 1 1 
P31 P52 T8

Map
1 S 1 1 G 1 1 1 1 1 
1 0 0 0 0 F 0 0 0 1 
1 1 0 # 1 0 0 H 0 1 
1 0 F 0 0 F 0 F 0 1 
1 0 0 F F 0 0 0 F 1 
1 0 0 0 0 H H F H 1 
1 0 0 0 0 0 0 0 0 1 
1 # 0 0 0 0 # F # 1 
1 0 0 0 0 0 0 H 0 1 
1 1 1 1 1 1 1 1 1 1 
P31 P58 T9

Map
1 1 1 1 1 1 S 1 1 1 
1 0 0 1 0 0 0 0 0 1 
1 # 0 F 0 # 1 F 0 1 
G # 0 1 # 0 0 0 # 1 
1 0 0 0 F 0 0 1 F 1 
1 # 0 0 # 0 0 0 F 1 
1 # 0 1 0 0 # 0 0 1 
1 # 0 1 F 0 0 0 0 1 
1 H 0 F 0 F 0 0 0 1 
1 1 1 1 1 1 1 1 1 1 
P24 P46 T8

Map
1 1 1 1 1 1 S 1 1 1 
1 0 0 0 0 0 0 F H 1 
G 0 0 0 F H 0 0 0 1 
1 H 0 0 0 0 0 0 0 1 
1 F 0 0 0 0 0 0 0 1 
1 0 0 # 0 1 0 # 0 1 
1 0 0 0 0 0 F 0 F 1 
1 F 0 0 0 0 0 0 0 1 
1 0 F 0 0 0 0 0 0 1 
1 1 1 1 1 1 1 1 1 1 
P31 P48 T8

Map
1 S 1 1 1 1 1 1 1 1 
1 0 0 0 1 0 0 0 0 1 
1 0 0 # 0 0 0 0 0 1 
1 H 0 # 0 0 0 0 1 1 
1 0 F 0 # 0 0 F 0 1 
1 0 H 0 0 F 0 0 0 1 
G 0 F F 0 0 0 # 0 1 
1 0 H 0 0 # # 0 0 1 
1 0 H 0 0 0 0 0 0 1 
1 1 1 1 1 1 1 1 1 1 
P12 P17 T8

Map
1 1 1 1 S 1 1 1 1 1 
1 0 H 0 0 0 0 H 0 1 
1 0 0 1 1 0 # 0 0 1 
1 0 H 0 0 1 0 1 0 1 
1 0 1 # 0 0 H 0 0 1 
G 0 H 0 # 0 0 0 0 1 
1 0 0 0 0 0 0 0 0 1 
1 0 # 0 H 0 0 0 0 1 
1 0 0 0 F 0 0 0 0 1 
1 1 1 1 1 1 1 1 1 1 
P61 P14 T8

Map
1 1 1 1 S 1 1 1 1 1 
1 H F 0 0 0 0 0 0 1 
1 1 0 0 1 F 0 F H 1 
1 1 F 0 0 0 0 0 # 1 
1 1 0 0 0 0 0 0 F 1 
1 0 0 # 1 0 H 0 H 1 
1 0 F 0 0 0 0 H 0 1 
G 0 # 0 1 0 0 0 F 1 
1 0 0 1 0 0 0 0 0 1 
1 1 1 1 1 1 1 1 1 1 
P61 P57 T8

Map
1 1 1 1 1 1 1 G 1 1 
1 F 0 F # H 0 0 0 1 
1 0 0 F 0 0 0 1 F 1 
S F 0 0 0 0 H 0 0 1 
1 0 0 0 0 0 # 0 0 1 
1 # 0 0 0 0 0 1 0 1 
1 0 1 # 0 0 0 0 0 1 
1 F 0 0 0 0 0 0 0 1 
1 1 0 0 0 0 0 0 1 1 
1 1 1 1 1 1 1 1 1 1 
P61 P43 T8

Map
1 1 1 1 1 1 1 1 1 1 
1 0 0 H 0 1 # 0 0 1 
G 0 0 0 0 0 0 # 0 1 
1 0 0 0 0 0 0 # 1 1 
1 # 0 0 0 1 0 0 0 1 
1 0 0 0 1 0 0 0 0 1 
1 H 0 0 0 H # 0 0 1 
S 0 F 0 0 0 0 H H 1 
1 0 0 0 # 0 0 0 0 1 
1 1 1 1 1 1 1 1 1 1 
P57 P78 T8

Map
1 1 1 1 1 1 1 G 1 1 
1 0 0 0 0 0 0 0 # 1 
1 0 F 0 0 # 0 F F 1 
1 0 0 H 0 0 0 0 0 1 
1 # 0 0 H 0 0 H F 1 
1 1 0 0 F # 0 0 1 1 
1 0 0 H 0 0 0 0 H 1 
S 0 0 0 0 0 0 0 0 1 
1 0 0 1 0 0 0 F 0 1 
1 1 1 1 1 1 1 1 1 1 
P61 P54 T12

Map
1 1 1 1 1 1 1 S 1 1 
1 0 # 0 0 0 0 0 0 1 
1 1 0 H 0 H # 0 0 1 
1 1 0 0 # H 0 0 0 1 
1 0 0 0 0 0 0 1 0 1 
1 0 0 0 0 # 0 1 0 1 
1 0 # 0 0 0 0 F 0 1 
G 0 0 H 0 0 0 0 0 1 
1 0 H 0 1 0 0 0 0 1 
1 1 1 1 1 1 1 1 1 1 
P87 P18 T8

Map
1 1 G 1 1 1 S 1 1 1 
1 0 F F 0 0 0 0 0 1 
1 # F F 0 0 1 0 1 1 
1 0 0 0 0 0 H 0 0 1 
1 0 0 1 0 0 F 1 0 1 
1 0 0 0 0 0 F F 0 1 
1 0 0 0 0 0 0 0 0 1 
1 # 0 1 0 0 0 F 1 1 
1 0 0 0 0 1 0 0 0 1 
1 1 1 1 1 1 1 1 1 1 
P41 P18 T8

Map
1 1 1 1 1 1 1 1 1 1 
S 0 1 0 0 0 0 0 0 1 
1 0 F F 0 0 # H 0 1 
1 1 0 0 H H 0 H 0 1 
1 0 0 0 0 # 0 0 0 1 
1 0 0 0 0 1 0 0 0 1 
G 0 0 0 0 0 0 0 0 1 
1 # 0 0 0 0 0 0 # 1 
1 0 0 0 0 1 0 0 0 1 
1 1 1 1 1 1 1 1 1 1 
P52 P65 T9

Map
1 1 1 1 1 G 1 1 1 1 
1 0 1 0 # 0 0 0 F 1 
S 0 # 1 0 F 0 0 0 1 
1 0 0 0 1 1 F 1 0 1 
1 1 0 F # 1 0 0 0 1 
1 # 0 # 0 0 0 0 F 1 
1 0 # 0 0 0 0 0 0 1 
1 0 0 # 0 0 0 # 0 1 
1 0 # 0 0 # 0 0 0 1 
1 1 1 1 1 1 1 1 1 1 
P61 P78 T8

Map
1 1 1 1 1 1 1 1 1 1 
1 0 # 0 # 0 H 0 0 1 
1 0 # 0 0 0 0 0 0 1 
S 0 0 # F H 0 0 0 1 
1 1 0 0 0 0 0 0 # 1 
1 0 0 F 1 F 1 0 0 1 
G 0 0 0 0 0 0 0 0 1 
1 F 0 F 0 H 0 0 F 1 
1 H 0 # 0 1 0 F H 1 
1 1 1 1 1 1 1 1 1 1 
P51 P23 T9

Map
1 1 1 1 1 1 1 G 1 1 
1 H 0 # 0 1 0 0 1 1 
1 0 0 0 0 0 0 0 0 1 
1 F 0 0 0 0 0 0 0 1 
1 0 0 # 0 # 0 0 0 1 
1 0 0 H # 0 0 0 0 1 
1 0 0 0 # 0 F H 0 1 
S 0 0 0 F 1 0 0 0 1 
1 0 1 H 0 0 0 0 0 1 
1 1 1 1 1 1 1 1 1 1 
P62 P37 T8

Map
1 1 1 1 1 1 1 1 1 1 
1 0 0 0 0 F 0 0 F 1 
S 0 0 0 F H 0 # 1 1 
1 0 0 H H # 0 0 0 1 
1 0 0 0 0 H 0 F 0 1 
1 1 0 0 H 0 0 0 0 1 
G 0 1 0 0 F 0 0 0 1 
1 0 0 F 0 H 0 0 F 1 
1 1 0 # 0 0 F 0 0 1 
1 1 1 1 1 1 1 1 1 1 
P22 P44 T9

Map
1 1 1 1 1 1 1 1 1 1 
1 0 0 0 0 0 0 1 F 1 
1 0 0 0 0 # # 0 H 1 
S 0 0 H H 0 0 0 0 1 
1 0 H # 0 0 0 0 0 1 
1 1 0 1 0 0 H 0 0 1 
G 0 0 0 F 1 1 0 0 1 
1 0 0 0 0 # 0 # 0 1 
1 0 0 F 0 0 0 1 H 1 
1 1 1 1 1 1 1 1 1 1 
P61 P23 T9

Map
1 1 1 1 1 1 1 S 1 1 
1 0 1 1 0 0 0 0 # 1 
1 0 # 0 0 1 0 0 0 1 
1 0 0 1 0 H # 0 1 1 
1 0 0 0 H 0 0 0 1 1 
G 0 H 0 # # 0 0 0 1 
1 # 0 0 0 F 0 0 # 1 
1 F 0 1 0 0 0 # # 1 
1 # 0 0 0 H 0 0 0 1 
1 1 1 1 1 1 1 1 1 1 
P14 P67 T10

Map
1 1 G 1 1 1 1 1 1 1 
1 0 0 H 0 1 0 0 0 1 
1 H 0 0 F 0 0 0 0 1 
1 F 0 0 F 0 F 0 0 1 
1 0 0 0 F 0 0 # # 1 
1 0 0 0 0 0 0 0 1 1 
1 0 # 0 0 0 0 H 0 1 
S 0 0 F 0 0 F F 0 1 
1 0 F 0 0 0 # F 1 1 
1 1 1 1 1 1 1 1 1 1 
P14 P27 T9

Map
1 1 1 1 1 S 1 1 1 1 
1 0 0 0 0 F 1 0 0 1 
1 0 0 1 0 0 0 0 0 1 
G 0 0 0 H 0 0 0 # 1 
1 H 0 0 0 0 0 0 0 1 
1 0 0 0 0 H 0 1 0 1 
1 0 0 0 0 0 # 1 H 1 
1 1 0 1 0 0 F 1 # 1 
1 0 0 0 0 0 0 0 0 1 
1 1 1 1 1 1 1 1 1 1 
P53 P24 T8

Map
1 1 1 G 1 1 1 1 1 1 
1 0 1 0 F 0 F 0 1 1 
1 0 0 0 0 0 0 0 0 1 
1 0 1 0 0 0 0 0 0 1 
S 0 0 H F H 0 0 0 1 
1 H 0 0 0 0 0 0 0 1 
1 0 0 0 0 0 0 0 0 1 
1 0 0 0 F 0 0 0 0 1 
1 0 0 0 1 H 1 0 0 1 
1 1 1 1 1 1 1 1 1 1 
P11 P24 T8

Map
1 1 1 G 1 1 1 S 1 1 
1 0 0 # 0 F H 0 0 1 
1 F H 0 0 F 0 F # 1 
1 0 F # 0 0 H F 0 1 
1 1 0 0 F 1 # 0 0 1 
1 0 1 0 # 0 F 1 0 1 
1 0 0 H H 0 # 0 0 1 
1 0 1 0 0 0 0 0 0 1 
1 0 # 0 0 H F 0 0 1 
1 1 1 1 1 1 1 1 1 1 
P47 P88 T8

Map
1 G 1 1 1 1 1 1 1 1 
1 0 F 0 0 0 0 0 0 1 
1 H # H 0 0 0 0 0 1 
1 0 0 0 0 1 0 0 H 1 
1 0 0 1 0 0 1 H 0 1 
S 0 0 0 1 0 # 0 0 1 
1 0 0 0 0 0 0 0 0 1 
1 0 0 0 H 0 0 0 0 1 
1 0 0 0 H 0 0 # 1 1 
1 1 1 1 1 1 1 1 1 1 
P66 P37 T8

Map
1 1 1 1 1 1 1 1 1 1 
S 0 # 1 H 0 # H 0 1 
1 0 0 F 0 0 F 1 0 1 
1 1 0 F 0 0 0 1 0 1 
G 0 0 1 0 0 0 H 0 1 
1 # F 0 0 1 0 0 H 1 
1 H F 0 # 0 1 0 0 1 
1 0 0 0 0 # 0 0 F 1 
1 F 0 # 0 0 0 0 # 1 
1 1 1 1 1 1 1 1 1 1 
P52 P28 T10

Map
1 1 1 1 1 1 1 G 1 1 
1 1 0 F 0 0 H # F 1 
1 # 0 0 0 0 0 0 F 1 
1 0 0 0 # 0 0 0 1 1 
1 # # F 1 1 # 0 0 1 
1 1 0 1 F 0 0 0 0 1 
S F F 0 0 F 0 H 0 1 
1 0 F 0 # 0 0 F # 1 
1 0 0 0 0 0 0 0 0 1 
1 1 1 1 1 1 1 1 1 1 
P62 P46 T8

Map
1 G 1 1 1 1 1 S 1 1 
1 0 0 0 H 0 0 0 0 1 
1 0 0 0 0 0 1 0 F 1 
1 1 0 1 0 0 0 1 0 1 
1 H 0 1 0 0 0 0 0 1 
1 0 0 0 0 0 0 0 0 1 
1 0 0 0 0 0 0 0 0 1 
1 1 0 0 0 0 0 0 0 1 
1 0 0 0 H 0 0 0 0 1 
1 1 1 1 1 1 1 1 1 1 
P51 P88 T9

Map
1 1 G 1 1 1 1 1 1 1 
1 # 0 0 # 0 F 0 0 1 
1 0 H # 0 0 0 0 0 1 
1 0 0 0 0 0 0 1 0 1 
1 0 1 F 0 0 0 0 0 1 
1 1 H # 0 # 0 0 F 1 
S 0 0 0 0 0 0 0 0 1 
1 H 0 # 0 F 1 0 0 1 
1 0 F 0 0 0 # 0 # 1 
1 1 1 1 1 1 1 1 1 1 
P31 P44 T8

Map
1 1 1 1 1 1 S G 1 1 
1 0 0 0 0 0 0 F 0 1 
1 1 0 0 H F 0 F 0 1 
1 # 0 0 0 0 1 0 0 1 
1 0 0 F 0 0 0 # # 1 
1 H 0 0 0 0 0 0 0 1 
1 0 0 0 0 0 0 # 0 1 
1 0 0 # 0 0 0 H 0 1 
1 0 0 1 F 0 0 F 0 1 
1 1 1 1 1 1 1 1 1 1 
P41 P82 T8

Map
1 1 1 1 1 1 S 1 1 1 
1 # 0 0 0 0 0 0 0 1 
1 0 0 0 F H 0 0 0 1 
1 1 0 # 1 0 1 H 0 1 
1 0 0 # 0 1 F 0 0 1 
G 0 1 # 0 0 0 0 0 1 
1 # 0 0 H 1 0 0 0 1 
1 0 0 0 0 0 0 0 1 1 
1 H 0 H 0 # # H 0 1 
1 1 1 1 1 1 1 1 1 1 
P14 P48 T10

Map
1 1 1 1 1 1 1 G 1 1 
S 0 0 0 H 0 0 0 1 1 
1 1 # 0 0 0 0 H 0 1 
1 0 0 0 0 0 # 0 0 1 
1 0 0 0 0 0 0 0 0 1 
1 0 0 1 0 0 0 0 0 1 
1 0 0 0 0 0 0 # 0 1 
1 1 0 0 0 0 0 0 0 1 
1 0 0 0 1 F # 0 0 1 
1 1 1 1 1 1 1 1 1 1 
P31 P66 T8

Map
1 1 1 1 1 1 S 1 1 1 
1 # 0 0 0 0 0 0 0 1 
G 0 0 H 1 0 0 0 0 1 
1 # 0 1 0 0 0 0 0 1 
1 0 0 0 0 0 1 0 0 1 
1 0 1 0 # # 0 0 0 1 
1 0 0 0 0 0 0 0 0 1 
1 0 0 # 0 # 0 0 0 1 
1 0 0 0 0 1 0 0 0 1 
1 1 1 1 1 1 1 1 1 1 
P31 P23 T8

Map
1 1 1 1 S 1 1 1 1 1 
G 0 0 0 F F 0 # 0 1 
1 0 0 0 0 F 0 0 0 1 
1 H 0 # # F # # 0 1 
1 H 0 0 # 0 0 0 0 1 
1 0 0 H F 0 0 # 0 1 
1 H H 0 # 0 0 # 1 1 
1 0 0 # 0 0 0 0 0 1 
1 0 0 0 0 0 F 0 # 1 
1 1 1 1 1 1 1 1 1 1 
P61 P57 T8

Map
1 1 1 1 1 1 1 1 1 1 
1 0 0 0 0 0 1 0 0 1 
G 0 0 0 H # 0 0 H 1 
1 0 0 H 0 # 0 0 H 1 
1 1 0 0 # # 0 0 0 1 
1 0 0 0 0 0 # 0 # 1 
1 0 1 0 0 # 0 0 1 1 
S 0 0 H 0 0 0 0 0 1 
1 # 0 0 0 0 1 1 0 1 
1 1 1 1 1 1 1 1 1 1 
P13 P27 T8

Map
1 1 1 1 1 1 G 1 1 1 
1 0 1 0 0 0 # H 0 1 
1 # # 0 H H 0 0 0 1 
1 0 0 0 0 F 0 # 0 1 
1 1 0 0 # H # 0 0 1 
S 0 0 1 0 1 0 0 F 1 
1 F 0 # 0 H 0 0 1 1 
1 0 1 0 0 # 0 F 0 1 
1 F 0 F 0 0 0 0 1 1 
1 1 1 1 1 1 1 1 1 1 
P83 P76 T8

Map
1 1 1 1 1 1 S 1 1 1 
1 0 0 # 0 F 0 # 0 1 
1 H 0 0 0 0 0 0 0 1 
1 0 # 0 0 0 F 0 0 1 
1 0 F 0 # 0 1 0 0 1 
G 0 F 0 0 0 0 F 1 1 
1 0 # 0 0 0 0 0 0 1 
1 0 0 0 0 0 0 # 0 1 
1 0 # 0 0 0 0 # 1 1 
1 1 1 1 1 1 1 1 1 1 
P62 P14 T8

Map
1 1 S 1 1 1 1 1 1 1 
1 0 0 0 0 1 0 0 0 1 
1 # 0 # F 1 # 0 0 1 
1 0 0 0 0 1 # 0 0 1 
1 F # # 0 0 0 1 F 1 
1 0 F 0 0 0 0 0 1 1 
1 H 0 F H 0 0 1 0 1 
G 0 0 0 0 0 0 0 0 1 
1 0 F 0 0 H 0 0 1 1 
1 1 1 1 1 1 1 1 1 1 
P22 P45 T8

Map
1 1 1 1 1 S 1 1 1 1 
1 1 0 0 0 F 1 1 0 1 
1 0 0 F 0 0 0 0 0 1 
1 0 0 0 0 0 0 0 0 1 
1 0 0 0 0 0 0 0 0 1 
1 0 F # 0 F 0 0 0 1 
1 0 # 0 0 0 0 0 0 1 
G F # 0 1 0 0 0 # 1 
1 0 0 0 0 F 0 F 0 1 
1 1 1 1 1 1 1 1 1 1 
P53 P28 T8

Map
1 1 1 1 1 1 1 G 1 1 
1 0 F F 1 # # # 0 1 
1 F 0 0 H # F 0 # 1 
S 0 F 0 1 0 # H 0 1 
1 0 0 0 0 1 0 0 0 1 
1 0 # 0 0 0 0 # 0 1 
1 0 0 1 # 0 0 1 0 1 
1 0 0 H 1 0 0 0 0 1 
1 0 0 F 0 0 F 0 0 1 
1 1 1 1 1 1 1 1 1 1 
P81 P83 T8

Map
1 1 1 1 1 1 G 1 1 1 
1 0 1 0 0 0 0 0 1 1 
1 0 0 0 # 0 0 F 0 1 
1 0 0 H # # 0 0 0 1 
S F # 0 1 0 0 0 # 1 
1 0 0 0 0 0 0 # 0 1 
1 0 0 F 1 0 1 0 0 1 
1 0 0 0 0 0 0 H 0 1 
1 0 0 0 0 H 0 0 1 1 
1 1 1 1 1 1 1 1 1 1 
P52 P34 T8

Map
1 1 G 1 1 1 S 1 1 1 
1 F 0 0 0 0 # 0 0 1 
1 0 0 1 0 1 0 0 F 1 
1 0 # 0 0 0 1 F 1 1 
1 0 1 # 0 0 0 0 0 1 
1 0 0 0 # F 0 F # 1 
1 0 F 0 0 0 F H 0 1 
1 # H 0 0 0 0 F # 1 
1 0 0 # # F 0 0 0 1 
1 1 1 1 1 1 1 1 1 1 
P31 P13 T10

Map
1 1 1 1 1 1 S 1 1 1 
1 0 0 0 0 F 0 0 0 1 
1 0 1 0 H 0 0 0 0 1 
1 H 0 0 0 F 0 0 0 1 
1 0 0 0 0 0 0 H 0 1 
G 0 1 0 0 0 0 0 0 1 
1 # 0 0 0 1 H 0 1 1 
1 0 0 0 0 # 0 0 0 1 
1 0 0 0 1 0 1 0 0 1 
1 1 1 1 1 1 1 1 1 1 
P62 P14 T8

Map
1 1 1 S 1 1 1 1 1 1 
1 # 0 0 0 0 0 0 0 1 
1 0 # 0 0 0 0 0 0 1 
1 0 0 F 0 # 0 0 # 1 
1 1 0 0 0 0 0 0 0 1 
1 # 0 F 1 0 0 1 0 1 
1 # F 0 0 0 F 0 # 1 
G F 0 1 0 0 1 F 0 1 
1 # 0 F 1 # H 0 # 1 
1 1 1 1 1 1 1 1 1 1 
P61 P28 T8

Map
1 1 1 S 1 1 1 G 1 1 
1 0 # 0 0 0 0 0 F 1 
1 F 0 0 0 0 1 0 H 1 
1 F 0 0 0 0 H 0 0 1 
1 0 0 0 0 H F 0 0 1 
1 1 0 H 0 0 0 # 0 1 
1 0 0 0 0 0 0 0 0 1 
1 0 0 1 F 0 0 0 0 1 
1 0 0 0 0 H F 0 0 1 
1 1 1 1 1 1 1 1 1 1 
P34 P86 T10

Map
1 1 S 1 1 1 1 1 1 1 
1 0 0 0 0 H 0 0 0 1 
1 0 0 0 0 0 0 0 0 1 
1 0 H 0 0 0 1 0 0 1 
1 0 0 0 1 0 0 0 0 1 
1 0 0 0 0 0 0 0 0 1 
G 0 0 0 # H 0 0 0 1 
1 F 0 0 0 0 0 0 # 1 
1 0 0 0 # 0 0 0 # 1 
1 1 1 1 1 1 1 1 1 1 
P22 P15 T8

Map
1 1 1 1 1 1 1 1 1 1 
S 0 0 0 1 0 0 0 0 1 
1 0 0 0 0 0 0 0 0 1 
1 1 0 0 F 0 0 0 0 1 
1 F 1 0 F 0 0 0 0 1 
1 0 0 H 1 0 0 0 0 1 
G F 0 0 H H 0 0 0 1 
1 0 0 0 1 1 H 0 0 1 
1 0 0 # 0 0 0 0 0 1 
1 1 1 1 1 1 1 1 1 1 
P25 P18 T8

Map
1 1 1 1 1 1 1 S 1 1 
1 H 0 # # 0 0 0 0 1 
1 0 0 0 0 0 0 1 0 1 
1 # 0 0 0 0 # 0 1 1 
1 0 # 0 0 0 0 0 F 1 
1 0 # H 0 0 # 0 0 1 
G 0 0 0 # H F F F 1 
1 H 0 0 1 0 0 # 0 1 
1 0 0 0 0 0 0 0 F 1 
1 1 1 1 1 1 1 1 1 1 
P51 P18 T8

Map
1 1 G 1 1 S 1 1 1 1 
1 0 0 0 1 0 0 0 0 1 
1 0 0 1 1 0 H 0 0 1 
1 1 0 0 0 1 0 0 0 1 
1 0 0 0 H 0 0 0 0 1 
1 0 H 0 0 1 0 0 H 1 
1 0 0 0 0 0 0 H 0 1 
1 0 0 0 0 0 0 0 0 1 
1 0 0 0 0 0 0 0 0 1 
1 1 1 1 1 1 1 1 1 1 
P34 P84 T10

Map
1 1 1 1 1 1 1 1 1 1 
S 0 0 0 1 0 0 0 F 1 
1 0 0 0 0 0 1 0 0 1 
1 0 0 0 0 0 0 1 0 1 
1 0 H H 0 0 0 0 H 1 
1 1 0 0 0 1 0 F 0 1 
1 0 0 # 0 1 0 # 0 1 
G 0 0 1 0 0 0 0 0 1 
1 # 0 0 0 0 # 0 0 1 
1 1 1 1 1 1 1 1 1 1 
P14 P16 T8

Map
1 1 1 S 1 1 1 1 1 1 
1 0 0 0 # 0 0 0 0 1 
1 # 0 0 1 0 0 0 F 1 
1 0 H 0 0 1 0 H 0 1 
1 0 # 0 0 H 0 # 0 1 
G 0 0 H F 0 F 0 1 1 
1 # 0 0 0 0 # 0 0 1 
1 1 H F F 0 # 0 0 1 
1 0 0 1 0 0 0 0 0 1 
1 1 1 1 1 1 1 1 1 1 
P14 P34 T8

Map
1 1 1 1 G 1 S 1 1 1 
1 F 0 # 0 0 0 0 0 1 
1 0 0 H 0 F 0 0 # 1 
1 F 0 0 1 0 # 0 F 1 
1 # 0 F 0 0 0 F 0 1 
1 0 0 # F # 0 0 1 1 
1 0 0 F 0 F 0 1 0 1 
1 0 0 # 0 0 0 0 0 1 
1 # 0 0 0 # 0 # 0 1 
1 1 1 1 1 1 1 1 1 1 
P51 P38 T9

Map
1 1 S 1 1 1 1 1 1 1 
1 0 0 0 H 0 0 H F 1 
1 0 1 0 0 0 0 0 1 1 
1 0 0 0 0 0 H 0 0 1 
1 0 0 0 0 0 0 F 0 1 
G 0 F F 1 0 0 0 0 1 
1 # 0 0 0 0 1 0 F 1 
1 0 0 0 1 0 0 0 1 1 
1 F 0 1 0 1 0 F 0 1 
1 1 1 1 1 1 1 1 1 1 
P43 P14 T8

Map
1 1 1 1 1 1 G 1 1 1 
1 0 0 0 0 0 0 # 0 1 
1 0 0 1 1 0 0 0 0 1 
1 F 0 0 H F 0 1 # 1 
1 # 0 H 0 0 0 0 0 1 
1 F # 0 0 0 1 # 0 1 
1 H 0 # 0 F F 0 1 1 
S 0 0 0 H # 0 H 0 1 
1 0 0 0 0 0 0 # 0 1 
1 1 1 1 1 1 1 1 1 1 
P54 P37 T8

Map
1 1 1 1 1 S 1 1 1 1 
1 0 H 0 F 0 0 0 1 1 
1 0 0 0 0 0 0 1 1 1 
G 0 1 0 0 0 0 H 0 1 
1 F 0 0 0 H 0 0 0 1 
1 0 H 0 0 F 1 0 0 1 
1 0 # 1 0 H 1 0 0 1 
1 0 0 0 0 0 0 0 F 1 
1 0 0 # 0 # 0 0 0 1 
1 1 1 1 1 1 1 1 1 1 
P12 P53 T8

Map
1 1 1 1 1 1 1 S 1 1 
1 0 H 0 0 0 0 0 1 1 
1 0 F 0 0 0 F 0 0 1 
1 0 0 1 0 0 0 0 F 1 
1 0 0 0 0 F 0 0 0 1 
G 0 0 0 0 0 0 H 0 1 
1 F 0 F F 0 F 0 0 1 
1 0 0 0 0 0 # 0 0 1 
1 0 0 0 H 0 0 0 0 1 
1 1 1 1 1 1 1 1 1 1 
P73 P14 T8

Map
1 1 1 1 1 1 1 G 1 1 
1 0 0 1 F 0 F # 1 1 
1 0 F 0 0 0 0 0 # 1 
1 F F 0 0 # F 0 0 1 
S 0 F 0 # 0 H 0 0 1 
1 0 0 0 0 0 H 0 0 1 
1 H 0 0 F 0 # 0 0 1 
1 0 # 0 1 0 1 0 0 1 
1 0 # H 0 F 0 H 0 1 
1 1 1 1 1 1 1 1 1 1 
P42 P54 T8

Map
1 1 1 1 1 1 1 G 1 1 
1 0 F 0 0 0 0 0 # 1 
S F 0 0 0 0 H F 0 1 
1 0 0 0 0 0 H 0 F 1 
1 0 0 0 0 0 0 0 0 1 
1 0 0 H 0 0 # H 0 1 
1 0 0 0 0 0 F 0 0 1 
1 0 0 0 0 0 F 0 0 1 
1 0 0 0 H 0 0 0 0 1 
1 1 1 1 1 1 1 1 1 1 
P61 P42 T8

Map
1 S 1 1 1 G 1 1 1 1 
1 # 0 0 0 0 F 1 0 1 
1 0 1 0 # 0 0 0 H 1 
1 1 0 0 0 0 0 0 0 1 
1 0 # 0 0 # 0 0 F 1 
1 0 F 0 0 1 0 0 0 1 
1 0 0 1 0 0 0 0 F 1 
1 # 0 0 F 0 0 0 0 1 
1 0 0 # 0 0 0 0 0 1 
1 1 1 1 1 1 1 1 1 1 
P41 P62 T8

Map
1 1 1 1 1 1 S 1 1 1 
1 0 # 0 0 H # # 0 1 
G 0 0 0 # 0 1 F F 1 
1 0 0 1 0 # F F F 1 
1 1 H # 0 0 0 0 0 1 
1 0 0 0 # 0 0 0 0 1 
1 F 0 0 0 0 0 0 0 1 
1 # F 0 H H 0 1 0 1 
1 0 0 F 0 0 0 0 # 1 
1 1 1 1 1 1 1 1 1 1 
P41 P55 T8

Map
1 1 1 1 S 1 1 1 1 1 
1 0 0 0 0 0 F 0 0 1 
1 F 0 1 F 0 0 0 1 1 
G 0 1 0 0 F # 0 0 1 
1 0 0 0 0 0 0 0 0 1 
1 0 0 0 0 0 F 0 0 1 
1 0 0 F 0 F 0 F 0 1 
1 # 0 0 0 H 1 1 0 1 
1 # 0 F 1 0 0 0 1 1 
1 1 1 1 1 1 1 1 1 1 
P14 P85 T8

Map
1 1 1 S 1 1 1 1 1 1 
1 0 0 0 H 0 0 0 0 1 
1 0 # F 0 0 F 0 0 1 
1 0 0 0 1 0 0 0 1 1 
1 0 1 1 0 # 1 0 0 1 
1 0 # 0 # 1 0 0 0 1 
G 0 0 F 0 0 0 H 0 1 
1 F # 0 0 F F 0 0 1 
1 0 0 0 F 1 # 0 1 1 
1 1 1 1 1 1 1 1 1 1 
P47 P38 T8

Map
1 1 1 1 1 1 S 1 1 1 
G 0 F 0 H 0 0 0 0 1 
1 0 0 0 1 0 0 0 0 1 
1 0 H 0 0 1 H 0 0 1 
1 F 1 0 0 0 0 0 1 1 
1 0 1 F # 0 0 0 0 1 
1 0 # 0 0 0 1 0 0 1 
1 0 0 0 H 0 0 0 0 1 
1 1 0 0 0 0 # 0 F 1 
1 1 1 1 1 1 1 1 1 1 
P81 P62 T8

Map
1 1 1 1 1 1 S 1 1 1 
1 0 1 0 0 0 0 0 0 1 
1 0 1 H 0 0 0 0 0 1 
1 0 0 1 0 0 0 0 1 1 
1 H 0 0 0 0 0 0 0 1 
1 0 0 F F 0 H # 1 1 
G 0 1 0 H 0 0 0 0 1 
1 0 0 0 0 0 1 0 0 1 
1 1 0 0 0 0 0 0 0 1 
1 1 1 1 1 1 1 1 1 1 
P64 P15 T8

Map
1 1 S 1 1 1 G 1 1 1 
1 H 0 0 # 0 F 0 0 1 
1 1 1 0 0 0 0 F 0 1 
1 # 0 0 0 0 0 F 0 1 
1 0 F 0 # 0 # 0 0 1 
1 F 0 0 # 0 0 0 0 1 
1 0 0 0 0 # # # 0 1 
1 0 0 0 0 # 0 F 0 1 
1 0 0 # 0 0 0 F 0 1 
1 1 1 1 1 1 1 1 1 1 
P51 P58 T9

Map
1 1 1 1 1 1 1 G 1 1 
1 H F 0 0 0 1 0 0 1 
1 0 0 0 1 0 F 0 0 1 
1 0 0 0 0 0 0 0 F 1 
S 0 0 0 0 0 H 0 0 1 
1 0 1 0 F 0 0 0 F 1 
1 0 0 0 0 F H # 0 1 
1 0 0 0 # 1 F 0 0 1 
1 0 H 0 0 1 F 0 F 1 
1 1 1 1 1 1 1 1 1 1 
P53 P44 T8

Map
1 1 1 1 1 1 G 1 1 1 
1 0 0 1 0 0 0 0 F 1 
1 0 0 0 H F 0 0 # 1 
1 F 0 0 0 0 1 0 0 1 
1 F 1 0 0 0 # 0 0 1 
1 H 0 0 0 0 0 0 0 1 
1 0 1 0 0 # 0 1 0 1 
S 0 F 0 0 0 H 0 1 1 
1 # 0 1 H F F H 0 1 
1 1 1 1 1 1 1 1 1 1 
P71 P47 T10

Map
1 1 1 1 1 1 1 S 1 1 
1 0 0 0 F 0 0 0 0 1 
1 0 0 0 0 0 0 0 0 1 
1 0 0 0 0 1 1 0 # 1 
1 H F 0 0 H 0 0 0 1 
G 0 0 0 0 0 1 F 0 1 
1 0 0 0 0 0 0 F 0 1 
1 F 0 F 1 # # 0 H 1 
1 0 0 # 1 0 0 # 0 1 
1 1 1 1 1 1 1 1 1 1 
P34 P55 T8

Map
1 1 1 1 1 S 1 1 1 1 
1 H 0 0 1 0 0 F 0 1 
1 1 0 0 0 0 1 0 F 1 
1 F 0 0 0 0 0 0 0 1 
1 0 1 0 0 F 0 0 0 1 
1 0 0 0 0 0 0 0 0 1 
G 0 0 1 0 H 1 0 0 1 
1 0 0 0 F F # 0 H 1 
1 0 H 0 H 0 0 0 0 1 
1 1 1 1 1 1 1 1 1 1 
P53 P17 T8

Map
1 1 S 1 1 1 G 1 1 1 
1 0 0 0 # 1 0 0 0 1 
1 1 # 1 0 0 0 0 0 1 
1 0 0 F 0 0 # 0 0 1 
1 H # 1 0 0 1 0 0 1 
1 0 F 1 H 0 1 0 0 1 
1 F 0 0 0 0 # 0 0 1 
1 # H 0 H H 0 # 1 1 
1 0 0 0 H 0 0 # 0 1 
1 1 1 1 1 1 1 1 1 1 
P23 P43 T8

Map
1 1 S 1 1 1 1 G 1 1 
1 0 0 0 H # 0 0 0 1 
1 0 1 1 F 0 0 0 0 1 
1 0 0 F H F # H F 1 
1 0 0 0 0 0 0 H 0 1 
1 0 0 1 F 0 0 0 0 1 
1 1 0 0 0 0 F 0 F 1 
1 0 0 0 0 0 0 0 H 1 
1 0 0 0 0 0 F 0 1 1 
1 1 1 1 1 1 1 1 1 1 
P81 P67 T11

Map
1 1 1 G 1 1 1 S 1 1 
1 0 1 0 # 1 F 0 0 1 
1 0 0 1 0 0 0 0 0 1 
1 1 0 0 1 1 0 # 0 1 
1 0 0 0 0 F 0 0 H 1 
1 0 0 0 0 0 1 0 0 1 
1 0 F 0 0 0 0 0 0 1 
1 0 0 0 0 0 0 H 0 1 
1 0 0 0 0 0 0 # 0 1 
1 1 1 1 1 1 1 1 1 1 
P81 P74 T8

Map
1 1 1 1 1 1 S 1 1 1 
1 F 0 # 0 F # 0 0 1 
1 # 0 0 0 0 # 0 0 1 
1 0 1 0 # 1 0 0 # 1 
1 # 0 F 0 0 H 0 H 1 
1 0 0 0 0 0 F 0 0 1 
1 0 0 H H 1 0 H # 1 
G 0 H H 0 0 F 0 0 1 
1 # 0 0 0 0 0 0 0 1 
1 1 1 1 1 1 1 1 1 1 
P63 P16 T8

Map
1 1 1 1 1 1 1 G 1 1 
1 0 0 0 0 0 0 0 0 1 
1 0 0 0 0 0 0 1 0 1 
1 H 0 1 0 H 1 0 H 1 
1 0 H 0 0 0 0 0 0 1 
S 0 0 1 0 0 0 F 0 1 
1 0 0 0 0 0 F 0 0 1 
1 H 0 0 1 0 0 0 0 1 
1 0 0 0 0 0 0 0 0 1 
1 1 1 1 1 1 1 1 1 1 
P81 P84 T8

Map
1 1 1 1 1 1 1 G 1 1 
S 0 0 0 0 0 0 0 # 1 
1 1 0 0 0 # 0 F F 1 
1 0 0 0 0 F # 0 # 1 
1 0 0 F 0 0 0 H 0 1 
1 0 0 1 0 # H F 0 1 
1 0 0 F 0 0 H 0 # 1 
1 0 0 0 0 0 F 0 0 1 
1 0 0 # 0 H 0 0 0 1 
1 1 1 1 1 1 1 1 1 1 
P31 P61 T8

Map
1 1 1 1 1 G 1 1 1 1 
1 0 0 0 F 0 0 0 1 1 
1 1 0 1 0 0 0 0 H 1 
1 0 F H 0 0 0 1 0 1 
1 0 0 F 0 0 0 0 0 1 
1 0 F F 0 0 F 0 H 1 
1 0 1 0 0 0 # H H 1 
S 0 0 F 0 0 H 1 0 1 
1 0 0 F 0 0 F 0 0 1 
1 1 1 1 1 1 1 1 1 1 
P42 P57 T8

Map
1 1 1 S 1 1 1 1 1 1 
1 H 0 0 0 0 0 0 0 1 
1 0 # 0 0 # 0 0 0 1 
1 0 0 0 0 0 0 0 0 1 
1 0 0 H 0 0 0 H 0 1 
G 0 0 0 0 0 0 H # 1 
1 # 0 0 0 H 0 F F 1 
1 0 0 0 0 0 H 0 0 1 
1 0 0 H 0 0 1 0 0 1 
1 1 1 1 1 1 1 1 1 1 
P33 P14 T8

Map
1 1 1 1 1 1 1 1 1 1 
1 0 0 1 0 # H 0 0 1 
1 # 0 # 0 0 0 0 F 1 
1 # 1 0 0 0 0 0 0 1 
1 0 0 # 0 0 0 0 # 1 
1 0 0 0 0 0 F 0 0 1 
S 0 1 H 0 0 0 0 0 1 
G F # H H 0 0 H 0 1 
1 0 0 0 F # 0 H 0 1 
1 1 1 1 1 1 1 1 1 1 
P62 P18 T9

Map
1 1 1 1 1 1 1 S 1 1 
1 0 0 0 0 0 0 0 0 1 
1 0 0 0 0 H 0 1 1 1 
1 H 0 1 0 0 0 0 0 1 
1 0 0 0 0 1 0 0 0 1 
1 0 0 0 0 0 0 0 0 1 
G 0 1 1 0 0 0 0 0 1 
1 # 0 0 1 0 H 0 0 1 
1 0 0 # # F 0 0 0 1 
1 1 1 1 1 1 1 1 1 1 
P11 P15 T8

Map
1 1 1 1 1 1 1 S 1 1 
1 1 H 0 0 0 0 0 0 1 
1 0 0 0 0 0 1 0 # 1 
1 0 0 0 0 # H 0 0 1 
1 # # H 0 1 0 0 0 1 
1 0 0 1 # 0 0 0 1 1 
G 0 1 # # 0 H 0 0 1 
1 0 0 0 1 0 0 0 0 1 
1 # 0 0 0 0 # H 0 1 
1 1 1 1 1 1 1 1 1 1 
P15 P76 T8

Map
1 1 1 1 1 1 1 1 1 1 
1 # 0 0 0 # 0 0 0 1 
1 0 # 0 0 0 0 0 0 1 
G F 0 F 0 0 # 0 1 1 
1 0 0 0 0 F 0 0 0 1 
S F # 0 F 1 0 0 0 1 
1 0 0 0 0 1 0 1 0 1 
1 # F 0 0 0 # 1 F 1 
1 0 # 0 0 # 0 0 1 1 
1 1 1 1 1 1 1 1 1 1 
P62 P35 T9

Map
1 1 G 1 1 1 1 1 1 1 
1 F 0 0 0 0 0 # 0 1 
1 0 0 0 1 0 F H 0 1 
1 0 1 0 F F 0 0 0 1 
S # 0 0 0 0 1 0 0 1 
1 F 0 0 0 # 0 0 1 1 
1 0 1 0 F 0 0 0 0 1 
1 0 0 0 F 0 F 0 0 1 
1 0 # F # # F 0 0 1 
1 1 1 1 1 1 1 1 1 1 
P31 P12 T8

Map
1 1 1 1 S 1 1 1 1 1 
1 1 0 # # 0 0 0 0 1 
1 0 0 0 0 0 # 0 H 1 
1 0 0 0 0 0 0 0 0 1 
1 H 0 0 0 0 # 0 0 1 
1 0 0 # 0 0 1 0 0 1 
G 0 1 0 H 0 0 1 0 1 
1 # 0 0 0 0 0 # 1 1 
1 0 0 0 H 0 # 0 0 1 
1 1 1 1 1 1 1 1 1 1 
P15 P45 T9

Map
1 1 G 1 1 1 1 1 1 1 
1 1 0 # F 1 0 0 0 1 
1 H 0 0 F 0 0 0 1 1 
1 0 1 1 0 0 0 0 0 1 
S 0 0 0 0 F 0 0 0 1 
1 0 F 0 1 0 F 0 0 1 
1 0 0 0 0 0 0 0 0 1 
1 F # 0 0 # 0 0 0 1 
1 0 0 0 0 F 0 0 0 1 
1 1 1 1 1 1 1 1 1 1 
P22 P43 T8

Map
1 1 1 G 1 1 1 1 1 1 
1 0 0 0 # 1 0 # H 1 
1 0 0 H # # # 1 0 1 
1 0 H 0 0 0 0 0 0 1 
1 1 # 0 0 0 0 0 0 1 
S 0 0 0 1 0 0 0 0 1 
1 0 # 0 # # 0 0 0 1 
1 # 0 0 0 0 1 0 0 1 
1 0 0 0 0 0 1 0 0 1 
1 1 1 1 1 1 1 1 1 1 
P21 P33 T10

Map
1 1 1 1 1 1 1 G 1 1 
1 # H 0 1 0 0 # 0 1 
1 0 0 0 # 0 0 0 0 1 
1 F 0 H 0 0 # 0 0 1 
1 1 # F 0 1 H # 0 1 
S 0 0 0 0 # 0 1 1 1 
1 # 0 0 0 0 0 # 0 1 
1 0 0 0 0 0 0 0 0 1 
1 H 0 # 0 0 0 # 0 1 
1 1 1 1 1 1 1 1 1 1 
P82 P36 T8

Map
1 1 1 1 S 1 1 1 1 1 
1 0 0 1 0 0 0 0 0 1 
1 F 0 0 0 0 0 0 # 1 
1 0 0 0 H 1 0 0 0 1 
1 0 0 0 F 0 1 0 0 1 
G 0 0 0 0 0 1 0 0 1 
1 0 1 0 0 0 0 0 0 1 
1 0 1 0 0 0 0 0 0 1 
1 0 0 0 0 H 0 1 0 1 
1 1 1 1 1 1 1 1 1 1 
P42 P87 T10

Map
1 1 1 1 1 S 1 1 1 1 
1 0 0 0 0 0 0 0 0 1 
1 0 0 H 0 0 0 0 # 1 
1 0 F 0 0 0 # F 0 1 
1 0 0 0 F 0 0 0 # 1 
G 0 # 0 0 H F 1 H 1 
1 F 0 F F 0 H 0 F 1 
1 # # H 0 H F 0 0 1 
1 # # 0 # 0 0 0 0 1 
1 1 1 1 1 1 1 1 1 1 
P53 P14 T9

Map
1 1 1 1 1 1 1 S 1 1 
1 F 0 0 0 0 0 0 0 1 
1 0 0 0 0 0 H 0 F 1 
1 F 0 F 0 0 0 # # 1 
G 0 1 F 0 0 0 0 0 1 
1 0 # # 0 0 0 # F 1 
1 # # 0 0 # 1 0 0 1 
1 0 0 F 0 0 0 0 0 1 
1 # 0 0 0 0 0 0 H 1 
1 1 1 1 1 1 1 1 1 1 
P51 P15 T8

Map
1 1 1 1 1 1 1 1 1 1 
1 0 0 1 1 0 F 0 0 1 
1 0 0 F 0 1 H 0 0 1 
1 0 0 0 0 0 F # 1 1 
1 0 1 0 0 0 0 0 0 1 
1 F 0 0 1 0 0 # 0 1 
S 0 1 H 1 0 0 0 0 1 
G 0 0 0 0 0 0 0 0 1 
1 # 0 H 0 0 0 # # 1 
1 1 1 1 1 1 1 1 1 1 
P56 P48 T9

Map
1 G 1 1 1 1 1 S 1 1 
1 0 0 0 1 0 0 # 0 1 
1 1 0 H 1 F F # 0 1 
1 0 # 0 1 0 0 1 0 1 
1 # # 0 0 0 0 0 0 1 
1 0 0 0 0 0 0 0 # 1 
1 0 0 0 0 0 0 0 # 1 
1 0 0 0 F 0 0 0 0 1 
1 F # F 0 0 0 1 0 1 
1 1 1 1 1 1 1 1 1 1 
P15 P56 T8

Map
1 1 1 1 1 1 1 G 1 1 
1 0 0 0 F 0 0 0 0 1 
1 0 0 0 F 0 0 1 0 1 
1 1 0 0 1 0 0 0 1 1 
1 0 1 0 F F 0 0 0 1 
1 0 F 0 0 0 F 0 0 1 
1 0 0 0 0 0 0 0 0 1 
S 0 0 0 F F H 0 0 1 
1 0 0 0 0 0 0 0 0 1 
1 1 1 1 1 1 1 1 1 1 
P81 P27 T9

Map
1 1 1 1 1 1 1 G 1 1 
1 # F 0 1 0 0 0 0 1 
1 0 0 0 0 F 0 1 0 1 
S # # 0 H 0 0 0 F 1 
1 0 0 0 0 0 F 0 0 1 
1 0 0 H 0 1 0 0 0 1 
1 0 0 0 0 0 0 F 1 1 
1 0 0 0 # 0 0 0 # 1 
1 0 1 1 0 # # 0 0 1 
1 1 1 1 1 1 1 1 1 1 
P81 P33 T9

Map
1 S G 1 1 1 1 1 1 1 
1 0 0 # 0 0 0 F 0 1 
1 0 # # H 0 # 0 0 1 
1 0 0 H 0 # 1 0 0 1 
1 0 0 F F 0 0 0 1 1 
1 0 0 # # H 0 0 0 1 
1 0 0 # 0 0 1 H 0 1 
1 0 1 0 0 # 0 0 H 1 
1 0 0 0 # F 1 1 # 1 
1 1 1 1 1 1 1 1 1 1 
P14 P75 T8

Map
1 1 1 1 1 1 1 S 1 1 
1 H 0 0 0 # 0 0 0 1 
1 1 0 0 0 1 # F 0 1 
1 # 0 0 # 1 1 0 0 1 
G 0 0 1 0 0 # 0 0 1 
1 0 0 0 0 0 # 0 0 1 
1 0 0 # # H F 0 0 1 
1 0 0 0 0 # 0 0 F 1 
1 0 # 0 F 1 0 0 0 1 
1 1 1 1 1 1 1 1 1 1 
P41 P25 T8

Map
1 1 1 1 1 G 1 1 1 1 
1 1 0 1 # 0 F H 0 1 
1 H 0 0 0 0 0 0 0 1 
1 0 0 0 1 1 0 0 F 1 
1 0 0 0 0 0 0 0 0 1 
1 0 F F 0 0 0 0 0 1 
S 0 0 F 0 0 0 0 1 1 
1 F 0 F 0 0 0 0 1 1 
1 0 0 F 1 0 0 0 0 1 
1 1 1 1 1 1 1 1 1 1 
P81 P42 T8

Map
1 1 1 1 1 1 1 S 1 1 
1 1 0 0 0 0 0 0 0 1 
1 0 0 0 0 0 0 # 0 1 
1 H # 0 0 0 0 0 0 1 
1 0 0 0 0 # 1 0 0 1 
1 # 0 # 0 0 # 0 H 1 
G 0 0 0 1 0 0 H 0 1 
1 0 F 0 0 0 0 0 0 1 
1 # # 0 0 0 0 1 1 1 
1 1 1 1 1 1 1 1 1 1 
P73 P17 T9

Map
1 1 1 1 1 1 G 1 1 1 
S 0 0 1 # 0 0 # 0 1 
1 0 0 0 0 0 H H 0 1 
1 0 0 1 0 0 0 0 F 1 
1 0 # 0 0 0 0 H 0 1 
1 0 1 # 0 0 # 0 0 1 
1 0 H 1 0 0 0 0 0 1 
1 0 # 0 1 0 0 0 0 1 
1 0 0 0 H 0 0 0 0 1 
1 1 1 1 1 1 1 1 1 1 
P51 P44 T8

Map
1 1 S 1 1 G 1 1 1 1 
1 0 0 0 0 0 H 0 H 1 
1 F 0 0 F F 0 0 0 1 
1 0 1 0 0 # # 1 0 1 
1 0 1 0 0 0 H 0 0 1 
1 F 0 0 0 F # 0 0 1 
1 0 0 0 0 # 0 0 0 1 
1 F 0 0 1 0 0 H 0 1 
1 H H 0 1 0 # F # 1 
1 1 1 1 1 1 1 1 1 1 
P41 P37 T8

Map
1 1 1 1 1 1 G 1 1 1 
1 0 F # 0 0 0 # F 1 
1 0 # 0 # 0 0 # 0 1 
1 0 # 0 1 0 H 0 0 1 
S 0 1 # 0 0 0 0 0 1 
1 1 0 0 0 0 0 0 0 1 
1 0 0 0 0 0 0 # 0 1 
1 F 0 0 0 0 0 0 # 1 
1 0 0 0 1 0 0 F F 1 
1 1 1 1 1 1 1 1 1 1 
P51 P82 T8

Map
1 1 S 1 1 1 1 1 1 1 
1 0 0 F 0 0 0 0 H 1 
1 H 0 0 1 0 F # 0 1 
1 0 0 0 0 0 0 0 0 1 
G 0 H 0 1 0 0 0 0 1 
1 0 0 0 0 0 0 0 0 1 
1 0 0 0 # 0 # 0 0 1 
1 0 0 0 0 0 H 0 H 1 
1 0 H # 0 1 H 0 0 1 
1 1 1 1 1 1 1 1 1 1 
P13 P23 T8

Map
1 G 1 1 1 1 1 S 1 1 
1 0 0 0 H 0 # 0 0 1 
1 1 0 # 0 1 F # 0 1 
1 0 0 0 H 0 0 0 # 1 
1 0 0 H 0 0 0 0 0 1 
1 0 H F 0 # 0 0 0 1 
1 0 0 0 0 1 0 1 F 1 
1 0 0 0 0 0 0 0 0 1 
1 0 0 H 0 0 1 0 0 1 
1 1 1 1 1 1 1 1 1 1 
P51 P33 T10

Map
1 1 1 1 1 S 1 1 1 1 
1 0 # H F F 0 0 # 1 
1 # 0 # F 0 H 0 0 1 
1 0 0 0 0 F 0 0 0 1 
1 0 F 0 F 0 0 0 0 1 
1 H F 0 0 1 # 0 0 1 
1 0 0 F 0 0 0 F 0 1 
G 0 0 0 0 0 # 0 0 1 
1 # 0 0 1 0 H H H 1 
1 1 1 1 1 1 1 1 1 1 
P16 P87 T8

Map
1 1 1 G S 1 1 1 1 1 
1 F F 0 0 0 0 0 0 1 
1 1 H F 0 F 0 0 H 1 
1 0 # 0 0 F 0 0 # 1 
1 0 F 0 H 0 0 0 0 1 
1 0 # 0 F 0 0 0 0 1 
1 0 1 # 1 F 0 0 1 1 
1 0 0 0 0 0 0 0 F 1 
1 0 0 0 # 0 H 0 0 1 
1 1 1 1 1 1 1 1 1 1 
P61 P43 T8

Map
1 1 1 1 1 1 1 1 1 1 
1 H 0 0 0 0 # 1 # 1 
1 # 0 0 0 0 0 1 0 1 
G 0 1 0 # 0 0 0 0 1 
1 0 0 1 0 0 0 0 0 1 
1 1 F # 0 # 0 0 1 1 
1 0 0 # 0 1 0 0 F 1 
S 0 0 0 0 0 0 0 0 1 
1 1 0 0 0 0 0 0 H 1 
1 1 1 1 1 1 1 1 1 1 
P41 P14 T8

Map
1 1 1 1 S 1 1 1 1 1 
1 0 F 0 0 H 1 # H 1 
1 F 1 0 0 F 0 0 0 1 
1 0 0 1 0 0 0 0 0 1 
1 0 0 F 1 0 0 1 0 1 
1 0 1 F # 0 F 0 F 1 
1 0 # 0 # 0 0 F H 1 
G 0 0 1 0 # F H 0 1 
1 # 0 F 0 1 0 0 0 1 
1 1 1 1 1 1 1 1 1 1 
P63 P16 T9

Map
1 1 1 1 1 1 S 1 1 1 
1 0 0 0 1 0 0 0 F 1 
1 F F 0 F 0 0 0 0 1 
G 0 1 0 0 H 0 0 0 1 
1 0 0 0 0 0 1 0 0 1 
1 0 1 0 0 0 0 0 0 1 
1 0 0 0 H 0 H F 0 1 
1 0 0 0 0 0 0 F 1 1 
1 H 0 0 0 F F F 0 1 
1 1 1 1 1 1 1 1 1 1 
P14 P86 T8

Map
1 1 G 1 1 1 1 S 1 1 
1 F 0 F 0 0 0 0 0 1 
1 0 0 0 0 0 # 0 0 1 
1 0 1 0 0 # 0 # 0 1 
1 0 0 0 0 F 0 # 0 1 
1 0 H 1 0 0 0 0 0 1 
1 0 0 H 0 0 0 0 1 1 
1 0 0 0 0 0 F # 0 1 
1 0 1 0 0 0 0 # # 1 
1 1 1 1 1 1 1 1 1 1 
P41 P12 T9

Map
1 1 1 G 1 S 1 1 1 1 
1 0 1 F 0 0 # 0 # 1 
1 0 0 0 0 0 0 # 0 1 
1 0 0 0 1 # 0 0 0 1 
1 F F 0 0 0 0 0 0 1 
1 1 0 # # F 0 0 H 1 
1 0 0 1 0 0 0 0 0 1 
1 # 0 0 0 0 0 0 F 1 
1 0 0 0 0 F 0 # 0 1 
1 1 1 1 1 1 1 1 1 1 
P22 P57 T9

Map
1 1 1 1 G 1 1 1 1 1 
1 0 0 0 # H 0 0 0 1 
1 0 H 0 0 0 0 0 0 1 
1 0 1 0 0 1 F # 0 1 
1 0 0 H H 0 0 0 0 1 
1 1 0 # 0 0 0 0 H 1 
1 0 0 0 0 F 0 0 0 1 
S 0 1 0 0 0 0 0 0 1 
1 0 H 0 # 1 # 0 0 1 
1 1 1 1 1 1 1 1 1 1 
P61 P32 T8

Map
1 1 1 G 1 1 1 1 1 1 
1 0 0 # # 0 0 0 0 1 
1 0 0 H # 0 1 0 0 1 
S 0 0 1 0 0 1 0 0 1 
1 0 # H 1 0 0 0 0 1 
1 0 0 0 # 1 0 0 0 1 
1 # 0 0 H 0 0 # 0 1 
1 0 # H 0 0 0 0 0 1 
1 1 0 0 0 0 0 0 H 1 
1 1 1 1 1 1 1 1 1 1 
P21 P68 T8

Map
1 1 1 1 1 1 S 1 1 1 
1 0 0 # F 0 0 F 0 1 
1 H 0 0 F # 0 0 0 1 
1 0 0 0 0 0 0 # 1 1 
G 0 0 F 0 1 H # 0 1 
1 0 0 0 # 0 0 0 0 1 
1 0 1 0 0 # 0 1 0 1 
1 0 F H F 0 0 0 # 1 
1 0 0 H 0 0 0 0 0 1 
1 1 1 1 1 1 1 1 1 1 
P62 P13 T8

Map
1 1 S 1 1 1 1 1 1 1 
1 0 0 0 H 0 F # 0 1 
1 0 0 0 0 0 0 0 1 1 
1 0 H 1 0 0 # 0 0 1 
1 0 0 0 0 H # 0 1 1 
1 0 0 # 0 1 0 0 0 1 
1 1 0 0 H 0 0 H 0 1 
G 0 0 0 0 F 0 0 H 1 
1 0 F 0 1 0 0 0 0 1 
1 1 1 1 1 1 1 1 1 1 
P22 P45 T8

Map
1 1 1 1 G 1 1 1 1 1 
1 0 0 0 0 F 0 0 0 1 
1 0 F 0 H 0 0 0 0 1 
1 0 0 # # 0 0 0 0 1 
1 0 0 0 0 # 0 F 0 1 
1 # # # 0 0 0 0 # 1 
S 0 0 H 0 0 1 1 0 1 
1 F H # 0 0 0 0 0 1 
1 0 0 0 H H 0 F 0 1 
1 1 1 1 1 1 1 1 1 1 
P31 P26 T8

Map
1 S 1 1 1 1 1 1 1 1 
1 0 0 0 0 H F 0 0 1 
1 0 # 0 0 0 # # 1 1 
1 F 0 0 0 0 0 0 0 1 
1 1 0 0 0 0 0 0 0 1 
1 1 0 # 0 0 0 0 0 1 
1 0 0 0 0 0 1 1 0 1 
G 0 # 0 # F 0 0 # 1 
1 # 0 0 0 1 0 F 0 1 
1 1 1 1 1 1 1 1 1 1 
P41 P12 T13

Map
1 1 1 1 1 1 S 1 1 1 
1 0 0 0 0 H 0 0 0 1 
1 0 0 0 0 0 0 0 0 1 
1 1 # 0 0 0 H 0 0 1 
1 0 # H 0 0 # 0 0 1 
1 0 H 0 # H 0 0 1 1 
G 0 0 0 0 0 0 0 0 1 
1 H 0 0 # # # 0 0 1 
1 0 0 H 0 0 0 0 0 1 
1 1 1 1 1 1 1 1 1 1 
P62 P54 T8

Map
1 1 1 1 1 1 1 S 1 1 
1 0 1 0 0 0 0 0 # 1 
1 # 1 1 0 F 0 0 F 1 
1 0 0 0 0 F # F F 1 
G F 0 0 1 0 0 # 0 1 
1 0 0 1 0 0 H 0 0 1 
1 0 # # 0 0 0 0 0 1 
1 0 0 # 0 F 0 0 F 1 
1 F 0 0 0 1 0 0 0 1 
1 1 1 1 1 1 1 1 1 1 
P31 P23 T9

Map
1 1 1 1 G 1 1 S 1 1 
1 0 0 # 0 0 0 0 F 1 
1 0 0 0 0 # 0 0 0 1 
1 0 0 0 1 0 0 H 0 1 
1 0 0 0 0 0 0 0 0 1 
1 0 0 0 0 0 0 0 0 1 
1 0 0 0 0 1 0 0 0 1 
1 0 1 0 0 0 1 0 0 1 
1 0 1 0 # 0 0 0 0 1 
1 1 1 1 1 1 1 1 1 1 
P51 P72 T9

Map
1 G 1 1 1 1 1 S 1 1 
1 0 0 0 0 1 0 # 0 1 
1 0 0 0 0 H 0 0 0 1 
1 1 0 H 0 0 # 0 1 1 
1 F 0 F F F 0 1 F 1 
1 0 F 0 # 0 0 0 F 1 
1 0 0 0 0 0 0 0 # 1 
1 0 1 1 H 0 0 0 # 1 
1 # 0 0 F F 0 0 0 1 
1 1 1 1 1 1 1 1 1 1 
P35 P66 T8

Map
1 1 1 1 G 1 1 1 1 1 
S 0 0 H 0 0 0 0 # 1 
1 # # 0 0 # 0 0 0 1 
1 0 0 0 0 0 0 0 0 1 
1 0 0 0 0 # 0 0 0 1 
1 0 0 # 0 0 0 0 0 1 
1 0 0 0 0 0 0 0 # 1 
1 0 0 0 0 0 0 0 0 1 
1 0 0 0 0 # 0 0 0 1 
1 1 1 1 1 1 1 1 1 1 
P21 P38 T8

Map
1 1 1 1 G 1 1 1 1 1 
1 0 H 0 F 1 0 0 # 1 
1 0 0 0 0 0 # 0 0 1 
1 0 H 0 0 # 0 # 0 1 
1 0 0 H H # 0 F 0 1 
1 1 0 0 0 0 H F 1 1 
S 0 1 0 0 0 F # 0 1 
1 # 1 0 F H 0 0 0 1 
1 0 0 0 # 0 0 0 0 1 
1 1 1 1 1 1 1 1 1 1 
P32 P46 T8

Map
1 G 1 1 1 1 1 1 1 1 
1 0 0 H 0 0 0 1 0 1 
1 1 0 0 0 0 0 0 0 1 
S 0 1 0 0 0 0 0 0 1 
1 0 # F F # 1 0 F 1 
1 0 0 F 0 1 F 0 0 1 
1 0 0 F 0 F 0 0 0 1 
1 0 0 # 0 0 0 F 0 1 
1 0 0 0 1 0 0 0 0 1 
1 1 1 1 1 1 1 1 1 1 
P41 P16 T8

Map
1 1 1 1 1 1 1 G 1 1 
1 0 0 0 0 0 0 0 # 1 
1 1 0 0 0 0 0 1 0 1 
1 # 0 0 # 0 # 1 0 1 
1 0 0 0 0 0 0 0 0 1 
S 0 0 # 0 0 H 1 1 1 
1 0 H 0 0 1 1 0 0 1 
1 # 0 0 0 # 0 H 0 1 
1 F 0 0 # 0 # 1 0 1 
1 1 1 1 1 1 1 1 1 1 
P61 P55 T8

Map
1 1 1 1 S 1 1 1 1 1 
1 H 0 1 0 0 0 0 H 1 
1 0 1 0 0 0 F 0 0 1 
G 0 0 0 H 0 0 F 0 1 
1 0 0 H 0 0 0 0 # 1 
1 0 0 0 # 0 F 0 0 1 
1 1 F 0 0 0 1 0 0 1 
1 0 0 1 # 0 0 0 0 1 
1 0 # 0 0 0 H 1 0 1 
1 1 1 1 1 1 1 1 1 1 
P61 P42 T8

Map
1 1 1 1 1 1 1 S 1 1 
G 0 0 0 1 F 0 # 1 1 
1 F H 0 0 0 0 0 0 1 
1 1 # 0 0 0 H 1 F 1 
1 0 0 0 0 0 F 0 F 1 
1 0 0 0 F 0 0 H H 1 
1 F # H 0 0 0 0 0 1 
1 0 0 F F 0 0 0 0 1 
1 # 0 0 0 0 F 0 F 1 
1 1 1 1 1 1 1 1 1 1 
P42 P44 T8

Map
1 1 1 S 1 1 1 1 1 1 
1 1 0 0 0 0 H 0 0 1 
G 0 0 1 0 0 F 1 0 1 
1 0 F H 0 0 H 0 H 1 
1 0 0 0 F 0 0 0 1 1 
1 1 F 0 F 0 1 0 0 1 
1 F 0 0 0 0 F F 0 1 
1 0 0 F H 0 1 0 0 1 
1 0 0 0 0 1 0 # 0 1 
1 1 1 1 1 1 1 1 1 1 
P73 P27 T10

Map
1 1 S 1 G 1 1 1 1 1 
1 0 F 1 0 # 0 F 1 1 
1 0 0 0 1 0 1 0 0 1 
1 0 F 0 F 0 H 1 0 1 
1 1 0 0 0 0 0 0 0 1 
1 # # # 0 0 F 0 0 1 
1 F 0 # H 0 0 0 0 1 
1 F 0 F 0 1 0 0 F 1 
1 # 0 H 0 0 0 0 0 1 
1 1 1 1 1 1 1 1 1 1 
P83 P44 T9

Map
1 1 1 1 1 1 1 G 1 1 
1 0 0 0 # 0 0 0 H 1 
1 # 1 0 0 1 0 0 0 1 
1 # 0 0 0 0 0 1 H 1 
1 0 0 0 0 0 0 0 0 1 
S 0 0 0 0 0 0 0 0 1 
1 0 0 1 1 0 0 0 0 1 
1 1 0 0 0 0 0 0 1 1 
1 0 H H 0 0 0 0 0 1 
1 1 1 1 1 1 1 1 1 1 
P61 P82 T8

Map
1 1 1 G 1 1 1 S 1 1 
1 0 H F 0 0 F 0 F 1 
1 # 0 0 F # 1 0 0 1 
1 0 0 H 0 0 0 # 0 1 
1 1 0 0 0 0 0 0 0 1 
1 0 0 0 0 0 0 0 0 1 
1 0 0 0 H F F 0 0 1 
1 0 0 F 1 0 0 0 0 1 
1 0 0 F F 0 0 0 1 1 
1 1 1 1 1 1 1 1 1 1 
P51 P22 T9

Map
1 1 1 1 S 1 1 1 1 1 
1 F 0 0 0 1 0 F 0 1 
1 F 0 0 0 F 0 0 0 1 
1 0 0 0 1 0 0 0 H 1 
1 F 0 H 0 0 0 1 0 1 
1 0 0 0 0 0 0 0 F 1 
G 0 0 0 0 H F 0 1 1 
1 H 0 0 0 0 # 0 H 1 
1 # 0 0 0 0 0 0 1 1 
1 1 1 1 1 1 1 1 1 1 
P35 P28 T8

Map
1 1 1 1 1 1 1 S 1 1 
1 0 # 0 # 0 0 F 0 1 
G F 0 0 0 1 0 0 F 1 
1 0 F 0 # 0 0 0 0 1 
1 0 0 0 1 0 # F 0 1 
1 0 # 1 0 0 0 # F 1 
1 0 0 # F 0 0 0 0 1 
1 0 1 0 1 0 0 0 0 1 
1 0 # 0 F 0 1 1 0 1 
1 1 1 1 1 1 1 1 1 1 
P31 P15 T8

Map
1 1 1 1 1 1 G 1 1 1 
1 0 0 0 0 0 0 # 0 1 
1 0 # 1 0 # 1 0 0 1 
1 F 1 # 0 1 0 0 0 1 
S 0 0 0 0 0 0 F 1 1 
1 0 0 0 0 # # 1 0 1 
1 0 0 0 0 0 0 0 0 1 
1 0 0 0 0 # F 0 # 1 
1 0 0 0 F 0 0 1 0 1 
1 1 1 1 1 1 1 1 1 1 
P51 P24 T8

Map
1 S 1 1 G 1 1 1 1 1 
1 0 1 0 0 0 # 0 0 1 
1 # H 0 H 0 F 0 0 1 
1 0 0 1 0 0 0 0 0 1 
1 0 0 0 H # 0 0 0 1 
1 H 0 0 0 0 # 0 0 1 
1 1 0 0 H 0 0 0 0 1 
1 0 0 # 0 0 0 0 0 1 
1 0 0 H 0 0 H 0 # 1 
1 1 1 1 1 1 1 1 1 1 
P31 P14 T9

Map
1 1 1 1 1 S 1 1 1 1 
1 # 0 0 0 # 0 1 0 1 
1 0 1 # F F 0 0 0 1 
1 0 0 # 1 0 0 # 0 1 
1 0 H F 0 0 0 0 0 1 
G 0 F 1 0 F 0 0 1 1 
1 0 1 0 0 1 0 0 0 1 
1 0 0 F 0 0 1 0 0 1 
1 0 0 0 0 0 0 0 0 1 
1 1 1 1 1 1 1 1 1 1 
P54 P16 T8

Map
1 1 1 1 1 1 S 1 1 1 
1 0 0 1 0 0 0 0 0 1 
1 # # 0 0 1 1 0 0 1 
G 0 F # F 0 0 1 # 1 
1 0 0 0 0 0 0 1 0 1 
1 0 H H 0 H 0 0 0 1 
1 F 0 0 0 # 0 0 0 1 
1 # # H 0 0 F 0 1 1 
1 0 0 0 F 0 0 0 H 1 
1 1 1 1 1 1 1 1 1 1 
P14 P45 T8

Map
1 1 1 1 1 S 1 1 1 1 
1 0 0 0 0 0 0 0 0 1 
1 0 0 0 H 0 F 0 H 1 
1 0 0 1 0 1 1 # F 1 
1 0 F H H 0 0 0 0 1 
1 0 0 F 0 0 H F 0 1 
1 0 0 0 0 0 0 1 # 1 
G F F 0 0 0 0 0 F 1 
1 0 0 0 0 # 1 F 0 1 
1 1 1 1 1 1 1 1 1 1 
P55 P16 T11

Map
1 1 1 1 S 1 G 1 1 1 
1 H 0 0 F 0 F 0 0 1 
1 0 # 0 0 1 0 1 1 1 
1 0 0 F 0 1 0 0 0 1 
1 H 0 0 0 H F 0 0 1 
1 0 0 0 1 0 0 F 0 1 
1 0 0 0 0 0 0 F 0 1 
1 0 0 H 0 0 0 0 0 1 
1 0 F 0 0 0 0 # 1 1 
1 1 1 1 1 1 1 1 1 1 
P24 P36 T9

Map
1 1 1 1 1 1 S 1 1 1 
1 0 1 0 0 0 0 H 0 1 
1 0 0 1 0 0 0 0 # 1 
1 # 0 0 1 0 0 0 # 1 
1 0 0 0 H 0 F 0 1 1 
1 0 0 0 0 0 1 # 0 1 
G 0 1 # # 0 0 # 0 1 
1 0 # 0 0 0 0 0 0 1 
1 0 0 0 0 0 0 0 H 1 
1 1 1 1 1 1 1 1 1 1 
P63 P15 T8

Map
1 1 1 1 G 1 1 1 1 1 
S 0 0 F F H F 0 0 1 
1 0 0 0 F 0 H 0 0 1 
1 F 0 F 0 0 0 0 0 1 
1 # 0 1 0 0 1 H 0 1 
1 F 0 0 1 0 0 0 1 1 
1 # 0 0 0 F 0 0 0 1 
1 0 0 0 0 0 0 0 0 1 
1 0 0 F 0 0 0 1 0 1 
1 1 1 1 1 1 1 1 1 1 
P21 P53 T8

Map
1 1 1 1 1 1 1 S 1 1 
1 1 0 0 0 0 H 0 0 1 
1 0 0 1 0 0 0 F # 1 
1 F 0 0 F 1 0 0 0 1 
G 0 0 H 0 F 0 0 0 1 
1 0 0 0 0 0 0 H F 1 
1 0 0 0 F 0 F 0 0 1 
1 0 0 0 0 0 0 0 0 1 
1 0 0 0 0 0 1 0 0 1 
1 1 1 1 1 1 1 1 1 1 
P74 P25 T8

Map
1 1 1 1 G 1 1 1 1 1 
1 0 0 0 F 0 F 1 F 1 
1 1 0 0 0 0 0 0 F 1 
1 0 0 0 1 H 0 0 1 1 
1 0 H 0 0 0 1 0 0 1 
S 0 0 H 0 0 0 H 0 1 
1 0 0 1 0 0 0 0 0 1 
1 0 0 0 F 0 0 0 0 1 
1 0 0 0 F 0 # 0 0 1 
1 1 1 1 1 1 1 1 1 1 
P32 P25 T8

Map
1 1 1 1 1 G 1 1 1 1 
1 # 1 0 F 0 0 0 F 1 
S 0 1 0 0 0 # 0 1 1 
1 0 0 0 0 1 0 0 0 1 
1 0 F # 0 0 0 1 0 1 
1 0 # 0 0 0 0 0 1 1 
1 F F 0 0 F 0 0 F 1 
1 0 0 1 1 0 H 0 0 1 
1 0 0 0 # 0 0 0 0 1 
1 1 1 1 1 1 1 1 1 1 
P61 P15 T8

Map
1 1 1 1 1 G 1 1 1 1 
1 0 0 0 1 0 0 0 0 1 
1 0 1 0 0 0 F 0 1 1 
1 0 0 0 H 0 0 0 0 1 
1 H 0 0 0 0 0 0 0 1 
1 0 0 0 0 # 0 0 0 1 
S 0 0 H 0 0 F H 0 1 
1 # 0 0 F 0 0 0 0 1 
1 0 # 0 0 0 F 0 0 1 
1 1 1 1 1 1 1 1 1 1 
P53 P26 T8

Map
1 S 1 1 1 1 1 1 1 1 
1 # 0 0 0 0 0 1 0 1 
1 0 0 0 0 # 0 0 1 1 
1 0 0 0 0 0 0 0 0 1 
1 # 0 0 0 0 0 0 0 1 
1 H # 0 0 0 0 # 0 1 
1 0 0 0 0 0 0 0 0 1 
G 0 0 0 0 H 0 0 0 1 
1 0 0 # H 0 0 0 # 1 
1 1 1 1 1 1 1 1 1 1 
P13 P28 T9

Map
1 1 G 1 1 1 1 1 1 1 
1 0 0 0 1 0 0 0 0 1 
1 0 0 1 F 0 H 0 0 1 
1 0 # 0 0 0 0 0 0 1 
1 1 H 0 0 1 F H # 1 
1 0 # F 0 0 # F 0 1 
S 0 0 F 1 H 0 0 0 1 
1 0 0 0 1 0 0 0 0 1 
1 0 F H 0 F H 0 1 1 
1 1 1 1 1 1 1 1 1 1 
P13 P26 T8

Map
1 S 1 1 1 1 1 1 1 1 
1 0 0 0 0 0 0 0 0 1 
1 0 0 0 0 0 0 0 F 1 
1 0 0 0 0 0 0 0 1 1 
1 H 1 0 0 F 1 0 0 1 
1 1 0 0 # 0 1 0 F 1 
G 0 F 1 0 0 0 0 0 1 
1 0 0 0 # 0 0 0 0 1 
1 0 # H 0 0 H 0 0 1 
1 1 1 1 1 1 1 1 1 1 
P41 P12 T8

Map
1 1 1 1 1 1 G 1 1 1 
S 0 0 1 0 0 0 0 0 1 
1 H 0 1 0 0 1 0 0 1 
1 0 0 H 0 1 0 0 H 1 
1 0 0 F 0 0 0 # 0 1 
1 0 0 0 # 0 0 # 0 1 
1 0 0 0 H F 0 0 0 1 
1 0 0 F 0 0 0 0 0 1 
1 0 0 0 0 0 0 0 # 1 
1 1 1 1 1 1 1 1 1 1 
P51 P68 T10

Map
1 1 1 1 1 1 1 1 1 1 
1 H 0 0 0 H 0 H 1 1 
1 0 0 0 0 0 0 # H 1 
G 0 0 0 0 0 F 0 0 1 
1 1 # 1 0 0 0 0 F 1 
S 0 1 0 1 0 # 0 0 1 
1 0 # 0 0 1 0 0 0 1 
1 F 0 0 0 # H # 0 1 
1 0 0 0 0 0 # 0 0 1 
1 1 1 1 1 1 1 1 1 1 
P61 P85 T9

Map
1 1 1 1 G 1 1 1 1 1 
1 0 1 H 0 1 0 0 0 1 
1 # 0 # 0 0 0 H 0 1 
1 0 0 H 1 0 F 0 0 1 
1 0 0 0 0 0 0 0 0 1 
S 0 0 F 0 0 1 0 0 1 
1 0 F 0 0 0 0 0 0 1 
1 H 0 0 0 0 0 0 F 1 
1 0 F 0 0 0 0 0 0 1 
1 1 1 1 1 1 1 1 1 1 
P11 P52 T10

Map
1 1 1 1 1 1 1 1 1 1 
1 0 0 0 0 H 0 F H 1 
G 0 H # 0 0 0 0 0 1 
1 1 1 H F 1 F 0 1 1 
1 H 0 0 0 # 0 0 0 1 
S # 0 H 1 0 0 0 # 1 
1 0 0 F 0 1 0 0 # 1 
1 0 F 0 # 0 H 0 F 1 
1 0 0 0 F 0 F # 0 1 
1 1 1 1 1 1 1 1 1 1 
P34 P25 T9

Map
1 1 1 1 1 1 G 1 1 1 
1 1 0 0 0 0 # H 0 1 
1 0 H 0 0 0 0 1 # 1 
1 1 # # 0 0 0 0 F 1 
S # 1 F # 0 0 0 0 1 
1 0 0 0 0 0 1 0 0 1 
1 F 0 0 0 # 0 0 0 1 
1 0 0 1 0 0 H 0 0 1 
1 0 1 0 0 0 1 # 0 1 
1 1 1 1 1 1 1 1 1 1 
P51 P18 T8

Map
1 1 1 1 1 1 S 1 1 1 
1 0 0 1 0 0 0 0 0 1 
1 0 0 0 H 0 0 0 0 1 
1 0 0 0 0 0 F 0 0 1 
1 0 0 0 0 0 0 0 0 1 
G 0 0 0 0 F H 1 0 1 
1 0 1 0 0 0 0 0 F 1 
1 0 0 F 0 0 0 F F 1 
1 0 0 0 0 0 0 H # 1 
1 1 1 1 1 1 1 1 1 1 
P41 P62 T8

Map
1 1 1 1 G 1 1 1 1 1 
1 0 # 0 0 H F 0 0 1 
1 0 # 0 # 0 1 0 0 1 
1 0 # 0 0 # 0 0 1 1 
1 0 0 0 1 0 0 F 0 1 
S 0 0 0 0 0 0 H 0 1 
1 0 1 # 0 0 0 1 # 1 
1 0 0 0 0 0 0 H 0 1 
1 # 0 0 0 1 0 0 0 1 
1 1 1 1 1 1 1 1 1 1 
P33 P45 T8

Map
1 1 1 1 1 G 1 1 1 1 
1 0 0 0 0 0 1 1 0 1 
1 H 0 H 0 0 0 0 0 1 
S 0 1 0 0 H 0 0 0 1 
1 F 0 0 0 0 0 0 0 1 
1 0 0 0 # F 0 0 0 1 
1 0 0 0 1 F F F 0 1 
1 0 0 0 0 0 0 0 0 1 
1 # 0 # H 0 1 0 0 1 
1 1 1 1 1 1 1 1 1 1 
P42 P16 T8

Map
1 1 1 1 1 S 1 1 1 1 
1 F 0 # 0 0 1 0 F 1 
1 H 0 # 0 1 0 0 0 1 
1 0 0 1 0 0 0 0 F 1 
G 0 0 # 0 0 0 0 # 1 
1 # # 0 # 0 0 # 0 1 
1 1 0 0 0 0 1 # 0 1 
1 0 0 0 0 0 0 # 0 1 
1 0 0 1 0 0 0 0 0 1 
1 1 1 1 1 1 1 1 1 1 
P21 P47 T12

Map
1 1 1 1 S 1 1 1 1 1 
1 1 0 0 0 0 0 0 0 1 
1 # 0 # F 0 # 0 0 1 
1 # 0 H 0 1 0 1 0 1 
1 0 0 H F 0 0 0 # 1 
1 F 0 1 0 0 0 0 # 1 
G 0 H 0 0 0 0 0 0 1 
1 0 0 0 1 F 0 F 0 1 
1 0 0 0 0 0 0 0 # 1 
1 1 1 1 1 1 1 1 1 1 
P23 P17 T8

Map
1 1 1 1 1 1 S 1 1 1 
1 0 F # 0 H 0 # 0 1 
G # H 0 H 1 0 0 0 1 
1 0 0 0 0 0 1 0 0 1 
1 1 F 0 0 F 0 0 0 1 
1 0 0 0 0 0 0 0 0 1 
1 0 0 0 0 # # 0 0 1 
1 0 0 0 # 0 0 0 0 1 
1 0 0 F 0 0 0 0 0 1 
1 1 1 1 1 1 1 1 1 1 
P11 P48 T8

Map
1 1 1 1 1 1 1 1 1 1 
1 0 0 0 0 0 0 F 0 1 
1 0 0 0 # 0 0 0 0 1 
S 0 0 0 0 0 0 H 0 1 
1 0 0 0 1 H 0 0 0 1 
1 1 0 0 0 0 F 0 0 1 
G 0 1 1 0 H F F F 1 
1 0 H 0 H 0 F F # 1 
1 0 0 # F 0 0 H 0 1 
1 1 1 1 1 1 1 1 1 1 
P51 P43 T11

Map
1 1 1 1 1 1 1 G 1 1 
1 0 0 1 # 0 0 0 0 1 
1 0 0 F 0 H 0 1 0 1 
1 0 0 0 0 0 1 0 0 1 
1 1 0 0 1 0 F 0 0 1 
1 # 0 0 0 0 H 1 0 1 
1 0 # 1 0 0 0 0 0 1 
S 0 0 0 0 0 H 0 0 1 
1 1 0 0 H 0 0 0 0 1 
1 1 1 1 1 1 1 1 1 1 
P61 P37 T10

Map
1 1 1 1 1 1 1 G 1 1 
1 0 # 1 0 0 # 0 0 1 
1 0 0 0 0 F 1 1 0 1 
1 0 0 0 1 0 F 0 F 1 
1 F 0 0 0 0 0 0 F 1 
1 0 0 0 0 0 F # # 1 
S 0 1 F 0 0 0 0 0 1 
1 F 0 0 F 0 # 0 0 1 
1 F 0 0 0 0 F 0 0 1 
1 1 1 1 1 1 1 1 1 1 
P81 P48 T10

Map
1 1 S 1 1 1 1 G 1 1 
1 0 0 H 0 0 F 0 0 1 
1 0 0 0 0 0 0 1 0 1 
1 0 0 0 0 1 0 0 0 1 
1 F F 0 H 0 0 0 0 1 
1 0 0 0 0 0 1 F 0 1 
1 0 0 0 0 H 0 0 0 1 
1 0 0 1 0 1 0 0 0 1 
1 1 0 1 0 1 0 0 F 1 
1 1 1 1 1 1 1 1 1 1 
P81 P22 T9

Map
1 1 1 G 1 1 1 1 1 1 
1 0 0 0 1 0 0 0 0 1 
1 1 F H 0 0 0 H 1 1 
1 0 0 0 F 0 F 0 0 1 
S 0 F 0 0 1 0 H F 1 
1 # 0 F 0 0 0 F 1 1 
1 0 0 H 0 0 0 0 0 1 
1 0 0 F H 0 0 0 F 1 
1 H 0 0 0 0 0 0 0 1 
1 1 1 1 1 1 1 1 1 1 
P33 P46 T8

Map
1 1 1 1 1 1 1 1 1 1 
1 1 0 0 1 # 0 F 1 1 
1 0 0 # 0 0 0 0 0 1 
1 # 0 0 0 0 0 1 0 1 
S F 0 0 1 # 0 0 0 1 
1 F 0 F # 0 0 # 0 1 
1 0 H H 0 0 0 H 0 1 
G 0 H 0 0 # 0 0 H 1 
1 0 0 0 0 0 1 H # 1 
1 1 1 1 1 1 1 1 1 1 
P34 P16 T11

Map
1 S 1 1 1 1 1 1 1 1 
1 0 0 0 0 0 0 0 1 1 
1 0 # 0 0 0 1 0 F 1 
G 0 0 F 0 1 0 # 0 1 
1 # 0 H # # 0 1 0 1 
1 0 F # F 0 0 0 0 1 
1 0 0 0 1 0 0 0 H 1 
1 H 0 # 0 0 # F 0 1 
1 H 0 0 0 H # # 0 1 
1 1 1 1 1 1 1 1 1 1 
P12 P66 T8

Map
1 1 1 1 1 1 1 G 1 1 
1 0 0 0 F 0 0 F H 1 
S 0 0 0 0 H 0 0 0 1 
1 0 0 0 0 0 1 0 0 1 
1 0 1 0 0 0 0 F 0 1 
1 0 0 0 0 0 0 0 F 1 
1 0 0 0 0 0 0 1 1 1 
1 1 H 0 0 0 0 0 0 1 
1 1 0 1 0 0 H 0 0 1 
1 1 1 1 1 1 1 1 1 1 
P22 P82 T8

Map
1 1 1 1 1 S 1 1 1 1 
1 0 0 0 1 # F 0 0 1 
1 0 0 0 0 1 H 0 F 1 
1 0 0 0 0 0 F H 0 1 
1 F 0 1 0 0 0 0 0 1 
G 0 0 H 0 0 0 0 0 1 
1 0 H F 0 0 0 0 H 1 
1 F 0 1 0 0 # 0 H 1 
1 H 0 0 0 0 1 0 0 1 
1 1 1 1 1 1 1 1 1 1 
P85 P16 T8

Map
1 1 1 1 1 1 G 1 1 1 
1 0 0 0 0 1 0 H 0 1 
1 0 0 0 0 0 # 1 0 1 
1 1 # H 0 0 # # 0 1 
1 0 0 0 # F 0 F F 1 
1 F 0 0 1 0 # 0 0 1 
1 F # 0 0 H 0 H 0 1 
S # 0 # 0 0 H 0 1 1 
1 0 0 0 0 0 0 0 0 1 
1 1 1 1 1 1 1 1 1 1 
P34 P27 T8

Map
1 1 1 1 1 1 1 G 1 1 
S 0 0 0 0 1 0 # 0 1 
1 0 0 F 0 0 0 0 0 1 
1 H 0 0 F F 0 0 0 1 
1 0 0 0 0 1 F 1 0 1 
1 0 0 F F # 0 0 0 1 
1 0 F 1 0 0 0 0 1 1 
1 0 # 0 0 1 0 # 0 1 
1 0 0 # 0 1 # 0 0 1 
1 1 1 1 1 1 1 1 1 1 
P81 P47 T8

Map
1 1 1 1 1 1 S 1 1 1 
1 0 # F 0 H F 0 0 1 
G 0 H 0 0 F 0 # 0 1 
1 0 0 0 1 1 0 0 # 1 
1 0 # 0 0 0 F # 0 1 
1 H 0 0 0 0 0 0 F 1 
1 0 1 0 # F 0 F # 1 
1 0 0 0 0 0 F 0 1 1 
1 # 1 0 0 1 0 F # 1 
1 1 1 1 1 1 1 1 1 1 
P11 P63 T10

Map
1 1 1 1 1 1 G 1 1 1 
1 0 0 H 0 F 0 0 0 1 
1 0 1 0 0 0 0 H 0 1 
1 0 # 0 0 0 1 1 0 1 
1 0 0 # F 0 0 0 1 1 
1 0 0 0 0 0 0 0 1 1 
S 0 0 # 1 0 0 0 0 1 
1 H 0 0 0 0 H 0 0 1 
1 1 0 0 0 0 0 0 0 1 
1 1 1 1 1 1 1 1 1 1 
P71 P53 T8

Map
1 1 1 1 1 G 1 1 1 1 
1 0 0 1 0 0 0 0 0 1 
1 0 0 0 0 0 0 H 0 1 
1 0 1 0 0 0 0 # 0 1 
1 0 0 0 0 H H # # 1 
1 0 # 0 0 0 0 0 0 1 
1 1 0 1 0 # H # 0 1 
S 0 0 0 0 F 1 1 0 1 
1 1 # 0 0 # H 0 # 1 
1 1 1 1 1 1 1 1 1 1 
P41 P37 T8

Map
1 1 1 1 1 1 1 1 1 1 
1 0 0 0 0 0 0 F 0 1 
1 0 F 0 0 0 0 0 0 1 
G F 0 1 0 0 0 0 0 1 
S 0 0 0 0 0 1 F 0 1 
1 0 0 0 F 0 0 0 0 1 
1 0 0 0 F 0 0 1 0 1 
1 0 0 0 0 0 F F 0 1 
1 0 0 0 1 0 0 1 F 1 
1 1 1 1 1 1 1 1 1 1 
P11 P24 T9

Map
1 1 1 1 1 1 1 1 1 1 
S 0 F 0 0 0 0 0 1 1 
1 0 0 # 0 0 0 0 0 1 
1 F 0 0 # 0 0 # F 1 
G 0 H 0 1 0 0 F 0 1 
1 0 0 0 0 0 0 0 0 1 
1 0 0 0 1 0 0 0 0 1 
1 1 0 0 0 0 0 F 0 1 
1 F 0 0 # 0 0 0 H 1 
1 1 1 1 1 1 1 1 1 1 
P15 P76 T8

Map
1 1 1 1 1 1 1 1 1 1 
G 0 0 1 0 0 1 0 0 1 
1 H 0 0 0 0 0 0 F 1 
1 0 F F 0 0 # 0 F 1 
1 # F # 0 0 # H 0 1 
1 0 0 # 0 F F 0 # 1 
S 0 1 0 0 0 # 0 1 1 
1 0 0 1 1 0 # 0 0 1 
1 0 0 # 0 # 1 H 0 1 
1 1 1 1 1 1 1 1 1 1 
P15 P46 T9

Map
1 1 1 1 1 S 1 1 1 1 
1 0 H 1 F 0 H 0 0 1 
1 0 0 1 H 0 0 0 0 1 
1 1 0 0 0 1 0 0 0 1 
1 0 0 0 0 F 0 0 0 1 
1 0 1 0 F F 0 0 F 1 
1 0 0 0 0 0 0 0 0 1 
G 0 0 0 H F 0 0 F 1 
1 0 0 0 0 H 1 0 0 1 
1 1 1 1 1 1 1 1 1 1 
P73 P18 T8

Map
1 1 1 1 S 1 1 1 1 1 
1 0 F 0 0 0 0 0 0 1 
1 0 0 # 1 0 1 0 0 1 
G 0 F 1 F 0 0 0 0 1 
1 F # 0 F 0 0 0 F 1 
1 0 0 0 0 0 0 0 F 1 
1 0 0 1 F 0 0 0 0 1 
1 1 0 0 0 0 0 0 0 1 
1 H 0 H 0 0 1 0 0 1 
1 1 1 1 1 1 1 1 1 1 
P12 P74 T8

Map
1 1 1 1 S 1 1 1 1 1 
1 # 0 0 # 0 # 0 # 1 
1 0 1 0 1 0 0 0 1 1 
1 0 F # 0 0 0 0 H 1 
1 1 0 # 0 0 0 # H 1 
1 0 0 0 # 0 H 0 0 1 
G 0 1 0 0 1 0 0 0 1 
1 0 # 0 0 0 0 0 F 1 
1 1 H 0 H 0 # 0 F 1 
1 1 1 1 1 1 1 1 1 1 
P63 P17 T8

Map
1 1 1 1 G 1 1 1 1 1 
1 0 0 1 0 # 0 1 0 1 
S 0 0 F H 0 # # 0 1 
1 0 0 0 0 1 0 0 1 1 
1 0 0 0 H 1 0 0 0 1 
1 0 F 0 0 1 H 0 0 1 
1 0 0 0 0 0 0 0 0 1 
1 0 H 0 0 0 0 0 0 1 
1 0 0 H 1 0 0 0 # 1 
1 1 1 1 1 1 1 1 1 1 
P22 P17 T8

Map
1 1 1 1 G 1 1 1 1 1 
1 0 0 0 0 # H 0 0 1 
1 H 0 0 1 0 0 0 1 1 
1 0 0 # 1 H 0 0 0 1 
S 0 0 0 # 0 0 0 0 1 
1 # # 0 0 1 0 0 0 1 
1 1 1 0 0 0 0 0 0 1 
1 0 H 0 0 0 0 # 0 1 
1 0 0 0 # # 1 0 0 1 
1 1 1 1 1 1 1 1 1 1 
P31 P71 T8

Map
1 1 1 1 1 1 1 S 1 1 
1 F 0 0 # 0 0 0 # 1 
1 0 0 0 0 F 1 1 0 1 
1 0 1 0 0 0 0 0 1 1 
1 1 0 0 1 # 0 0 0 1 
1 0 0 0 # 0 0 0 # 1 
1 0 0 # 0 0 0 0 0 1 
G # 0 H 0 0 # 0 0 1 
1 0 0 # 0 F 0 0 0 1 
1 1 1 1 1 1 1 1 1 1 
P31 P16 T8

Map
1 1 G 1 1 S 1 1 1 1 
1 0 0 0 1 0 0 1 0 1 
1 F 1 H 0 1 0 0 # 1 
1 0 0 1 0 F 0 0 F 1 
1 1 0 # 0 0 0 0 F 1 
1 F 0 0 0 0 0 H 0 1 
1 0 F 0 F # F 0 0 1 
1 0 0 F 0 0 0 0 1 1 
1 0 0 0 0 0 F H 1 1 
1 1 1 1 1 1 1 1 1 1 
P31 P65 T9

Map
1 1 1 1 1 1 G 1 1 1 
1 # # 0 0 F 0 F 0 1 
1 0 0 # 0 0 0 # # 1 
1 0 1 1 0 0 0 0 F 1 
S 0 0 1 0 0 0 0 F 1 
1 1 0 # 1 # H 0 F 1 
1 0 0 0 0 0 F 0 # 1 
1 0 0 H F 0 0 0 1 1 
1 0 0 0 F 0 0 F 0 1 
1 1 1 1 1 1 1 1 1 1 
P81 P52 T8

Map
1 1 S 1 1 1 1 1 1 1 
1 0 0 H 0 1 0 F # 1 
1 0 1 0 0 0 # 1 0 1 
1 0 1 0 0 0 0 0 0 1 
1 0 0 0 F 0 0 0 0 1 
1 0 F 0 0 1 0 H 0 1 
G 0 H 0 0 0 # F 0 1 
1 F F 0 0 0 F H 0 1 
1 0 0 0 H 0 0 0 0 1 
1 1 1 1 1 1 1 1 1 1 
P82 P15 T10

Map
1 1 1 1 1 1 1 1 1 1 
G 0 # 1 1 H 0 0 0 1 
1 0 0 0 0 # # 0 0 1 
1 1 0 # # # 0 0 0 1 
1 0 H 0 # H 0 0 0 1 
1 0 0 0 # 0 0 0 0 1 
1 0 0 H F 0 0 0 0 1 
S 0 0 1 0 # 0 H 0 1 
1 F 0 # 1 # 0 0 0 1 
1 1 1 1 1 1 1 1 1 1 
P81 P14 T8

Map
1 1 1 1 1 1 G 1 1 1 
1 F F # 0 0 0 0 0 1 
1 0 # 1 0 0 0 0 # 1 
S 0 1 H 0 H 0 0 0 1 
1 0 # 0 0 0 0 H 0 1 
1 0 H 0 0 0 0 0 0 1 
1 0 0 0 0 0 # 1 F 1 
1 # # 0 0 0 0 H # 1 
1 # 0 1 0 0 0 0 1 1 
1 1 1 1 1 1 1 1 1 1 
P44 P15 T8

Map
1 1 1 1 1 1 1 S 1 1 
1 # 0 H H # 0 F 0 1 
1 0 F # 0 0 0 0 0 1 
1 H 1 0 0 0 # 0 0 1 
1 0 F 0 1 0 # F 0 1 
G 0 F 0 0 0 0 F 1 1 
1 0 0 0 0 0 0 1 0 1 
1 0 1 0 0 0 0 0 0 1 
1 0 0 0 0 1 0 1 0 1 
1 1 1 1 1 1 1 1 1 1 
P52 P73 T11

Map
1 1 1 1 1 1 G 1 1 1 
1 0 1 0 0 0 0 # H 1 
1 F 0 1 0 0 H 0 0 1 
1 0 1 H 0 0 F 0 # 1 
S 0 # # 0 0 1 0 0 1 
1 0 0 1 F 0 0 0 0 1 
1 H 0 0 0 0 0 1 0 1 
1 0 H # 0 1 0 0 # 1 
1 # 0 0 0 0 0 0 0 1 
1 1 1 1 1 1 1 1 1 1 
P51 P85 T8

Map
1 1 1 1 1 G 1 1 1 1 
1 0 0 H 0 F 0 0 0 1 
1 0 0 0 0 0 H 0 0 1 
1 0 # 0 # 0 0 # 0 1 
S 0 # 0 0 0 H 0 0 1 
1 0 # 0 0 0 0 0 0 1 
1 0 0 0 0 0 0 0 # 1 
1 0 0 0 H 0 0 0 0 1 
1 0 0 # 0 0 # 0 0 1 
1 1 1 1 1 1 1 1 1 1 
P34 P48 T8

Map
1 1 1 1 1 1 1 S 1 1 
1 0 0 0 0 0 0 0 0 1 
1 0 0 0 0 H 0 0 0 1 
1 1 0 0 0 0 0 0 0 1 
1 0 0 0 0 0 0 H 0 1 
G 0 0 0 0 0 0 1 0 1 
1 0 0 0 0 0 0 0 0 1 
1 0 0 0 0 0 0 0 0 1 
1 0 1 0 0 0 1 0 0 1 
1 1 1 1 1 1 1 1 1 1 
P72 P14 T9

Map
1 1 1 1 1 1 1 G 1 1 
1 # 0 0 0 H 0 0 0 1 
1 0 0 # 0 0 F H 0 1 
1 F 0 H 0 0 0 0 0 1 
1 0 0 0 # 0 0 # # 1 
S 0 # 0 0 0 0 H # 1 
1 0 F # 0 0 1 0 0 1 
1 # 0 0 F 0 0 # 0 1 
1 0 F 0 0 0 0 1 0 1 
1 1 1 1 1 1 1 1 1 1 
P61 P45 T8

Map
1 1 1 1 1 1 1 G 1 1 
1 0 0 0 0 0 H 0 0 1 
1 # 0 0 0 # # 0 0 1 
1 0 0 0 0 0 # 0 1 1 
1 0 H 0 0 0 0 0 0 1 
1 0 # 0 0 1 0 0 0 1 
S 0 0 H 0 0 0 0 0 1 
1 0 0 0 # 0 0 0 0 1 
1 0 1 # 0 0 0 0 0 1 
1 1 1 1 1 1 1 1 1 1 
P14 P26 T8

Map
1 1 1 1 1 S 1 1 1 1 
G 0 1 0 0 0 0 0 H 1 
1 0 0 0 1 0 0 H 0 1 
1 1 0 F 0 0 0 F 0 1 
1 H 0 # 0 # 0 0 F 1 
1 1 1 1 0 F 0 0 F 1 
1 0 0 0 0 0 0 F 0 1 
1 H 1 H 0 0 # 0 0 1 
1 # 0 # 0 0 1 0 0 1 
1 1 1 1 1 1 1 1 1 1 
P82 P57 T8

Map
1 1 1 1 1 1 1 S 1 1 
G 0 0 H 0 0 0 0 # 1 
1 # 0 F 0 1 # 1 # 1 
1 0 # 0 F 0 1 0 0 1 
1 1 F 0 F 0 0 0 0 1 
1 0 0 0 0 0 0 0 0 1 
1 0 0 0 0 F 1 0 0 1 
1 0 0 0 # 0 0 0 0 1 
1 1 H 0 # 0 # 0 0 1 
1 1 1 1 1 1 1 1 1 1 
P41 P38 T9

Map
1 1 1 1 1 1 1 G 1 1 
1 # 0 0 0 # H F 0 1 
1 # 0 F 0 0 0 0 # 1 
S 0 1 1 1 0 0 0 0 1 
1 F 0 1 1 0 0 0 0 1 
1 H 0 # 0 0 0 F 0 1 
1 0 0 0 0 1 0 0 F 1 
1 # 0 0 0 0 1 0 F 1 
1 0 0 0 0 # 0 0 # 1 
1 1 1 1 1 1 1 1 1 1 
P31 P68 T8

Map
1 1 1 1 1 1 1 G 1 1 
1 0 H 0 # 0 0 0 1 1 
S 0 0 H 0 # 1 0 # 1 
1 0 0 0 1 0 0 0 # 1 
1 0 0 0 0 0 F H 0 1 
1 F # 0 0 F 0 0 0 1 
1 0 0 1 0 0 # 0 0 1 
1 H 0 1 0 0 0 F F 1 
1 # 0 0 0 # 0 # # 1 
1 1 1 1 1 1 1 1 1 1 
P22 P14 T8

Map
1 1 1 G 1 1 1 1 1 1 
1 1 H 0 0 0 0 0 0 1 
1 0 0 0 # 0 0 # # 1 
1 0 0 1 0 # 0 0 F 1 
1 # 0 0 F 0 0 1 0 1 
1 # 0 0 F 0 0 0 F 1 
1 0 0 # 0 1 0 0 0 1 
S 0 1 0 F H # 0 0 1 
1 0 0 0 1 0 # # 0 1 
1 1 1 1 1 1 1 1 1 1 
P61 P22 T9

Map
1 S 1 1 1 1 1 1 1 1 
1 0 0 H 0 0 0 0 1 1 
1 0 0 0 0 # 1 0 # 1 
1 0 0 F F 0 0 # F 1 
G 0 # H H F 0 0 1 1 
1 F 0 F F 1 0 0 0 1 
1 1 0 # 0 0 0 0 0 1 
1 # # 0 0 0 F 0 F 1 
1 1 # 0 0 0 F 0 0 1 
1 1 1 1 1 1 1 1 1 1 
P13 P23 T8

Map
1 1 1 1 1 1 1 G 1 1 
1 0 0 # F 0 0 F 0 1 
1 0 0 0 0 # 1 0 0 1 
1 0 0 0 0 F 0 0 0 1 
S # 0 0 0 0 0 H 0 1 
1 0 F 0 1 0 # 1 0 1 
1 0 0 0 0 0 0 0 1 1 
1 0 0 0 0 0 1 0 # 1 
1 1 0 0 0 0 # 0 0 1 
1 1 1 1 1 1 1 1 1 1 
P83 P54 T9

Map
1 1 1 S 1 G 1 1 1 1 
1 1 0 0 0 0 # 1 0 1 
1 0 # 0 0 1 0 0 0 1 
1 0 0 0 0 0 0 0 0 1 
1 0 0 0 0 0 0 # F 1 
1 0 0 0 # 0 0 0 0 1 
1 0 0 0 0 0 0 0 0 1 
1 0 1 0 0 0 0 0 0 1 
1 H 0 0 H 0 0 H 0 1 
1 1 1 1 1 1 1 1 1 1 
P41 P76 T8

Map
1 1 1 1 S 1 1 1 1 1 
1 H F F 0 0 0 0 0 1 
1 0 # 0 F 0 1 0 0 1 
1 0 0 1 0 0 0 0 # 1 
G 0 1 F 1 0 0 F 1 1 
1 0 F 0 # F 0 0 0 1 
1 F 0 # 0 0 0 1 H 1 
1 F 0 0 0 0 0 0 0 1 
1 0 0 0 0 H 0 1 0 1 
1 1 1 1 1 1 1 1 1 1 
P61 P13 T8

Map
1 1 G 1 1 1 1 S 1 1 
1 # 0 0 0 F 0 0 0 1 
1 0 1 0 0 F 0 0 1 1 
1 0 1 F 0 0 0 0 0 1 
1 0 0 0 0 0 # 1 0 1 
1 0 0 0 0 0 0 0 0 1 
1 0 0 0 0 0 0 0 1 1 
1 1 0 0 # 0 0 0 H 1 
1 0 0 0 0 0 1 F # 1 
1 1 1 1 1 1 1 1 1 1 
P31 P43 T8

Map
1 1 S 1 1 1 1 1 1 1 
1 0 0 0 0 # 0 0 0 1 
1 0 0 0 0 0 0 F 0 1 
1 F 0 H 0 # 0 0 0 1 
1 0 # 0 0 # 0 0 0 1 
G 0 1 0 0 0 0 0 # 1 
1 F F 0 0 # # 0 1 1 
1 0 0 0 0 0 0 0 H 1 
1 # 0 F 0 H H H 0 1 
1 1 1 1 1 1 1 1 1 1 
P31 P14 T8

Map
1 1 1 1 1 1 1 1 1 1 
S 0 0 # 0 0 0 0 0 1 
1 H 0 1 0 0 # 0 0 1 
1 0 # 0 0 0 1 0 0 1 
1 0 0 H # 0 0 0 1 1 
1 0 0 0 # 0 0 0 0 1 
1 0 0 # 0 0 0 0 0 1 
G 0 0 H 0 0 0 0 0 1 
1 H 0 0 0 0 0 0 0 1 
1 1 1 1 1 1 1 1 1 1 
P15 P28 T10

Map
1 1 1 1 1 1 S 1 1 1 
1 # 0 1 H 0 0 F # 1 
1 0 0 0 F 0 1 0 0 1 
1 1 # 0 0 1 0 0 0 1 
1 0 # 0 0 H 0 0 F 1 
1 0 0 # # 0 0 0 0 1 
G # # H 0 1 0 1 0 1 
1 # 0 0 0 # 0 0 1 1 
1 0 # 0 0 0 0 0 0 1 
1 1 1 1 1 1 1 1 1 1 
P15 P86 T8

Map
1 1 G 1 1 1 1 1 1 1 
1 0 # 1 0 0 0 # # 1 
1 0 0 0 0 F F 1 0 1 
1 F 1 0 # # # 0 0 1 
1 1 1 0 0 0 0 1 0 1 
S 0 0 H 0 0 0 0 0 1 
1 0 0 0 F 0 F 0 0 1 
1 F # 0 0 0 0 1 0 1 
1 0 0 0 F # 0 0 0 1 
1 1 1 1 1 1 1 1 1 1 
P82 P25 T10

Map
1 1 1 1 1 1 1 S 1 1 
1 H F F 1 0 0 0 1 1 
1 0 0 0 0 F H 0 0 1 
1 1 0 0 0 0 0 0 0 1 
1 0 0 H 0 0 F F 0 1 
G 0 1 0 F 0 H H H 1 
1 0 0 1 0 0 0 0 F 1 
1 1 0 0 0 0 1 0 F 1 
1 0 0 F 0 1 0 F 0 1 
1 1 1 1 1 1 1 1 1 1 
P72 P14 T8

Map
1 1 1 1 S 1 1 1 1 1 
1 0 0 0 0 0 0 1 0 1 
1 0 0 0 0 0 1 0 0 1 
1 0 0 0 H 0 0 0 0 1 
G 0 1 F 0 0 0 0 0 1 
1 # 0 0 F 0 0 0 0 1 
1 1 0 1 0 0 0 # 0 1 
1 F 0 0 F 0 # 0 0 1 
1 0 0 0 0 0 0 0 F 1 
1 1 1 1 1 1 1 1 1 1 
P42 P13 T8

Map
1 1 1 1 1 S 1 1 1 1 
1 1 0 0 0 0 1 0 # 1 
G 0 H 0 0 0 0 0 0 1 
1 F F H H 0 0 1 0 1 
1 0 1 F # 0 H 0 0 1 
1 0 0 0 0 0 F 0 F 1 
1 0 # H 1 # 1 0 0 1 
1 F 0 0 F H 0 0 0 1 
1 0 F 0 0 0 0 0 1 1 
1 1 1 1 1 1 1 1 1 1 
P53 P87 T8

Map
1 1 1 G 1 1 1 S 1 1 
1 0 # 0 0 0 0 # H 1 
1 F H 0 0 0 0 0 0 1 
1 F 0 F 0 0 1 0 1 1 
1 0 1 1 0 0 0 0 0 1 
1 0 0 0 1 F 0 0 0 1 
1 0 0 0 0 H H 0 0 1 
1 0 # 0 0 0 # H 0 1 
1 0 0 F # 0 0 0 0 1 
1 1 1 1 1 1 1 1 1 1 
P41 P75 T8

Map
1 1 S 1 1 1 1 1 1 1 
1 0 0 0 0 0 1 0 # 1 
1 1 0 H 0 0 0 # 0 1 
1 H 0 0 0 0 0 1 H 1 
1 0 H 0 0 1 0 0 # 1 
1 0 0 F 0 # 0 H 0 1 
G # 0 0 # 0 0 1 1 1 
1 0 1 F # 0 F 0 H 1 
1 0 0 0 0 0 F 0 # 1 
1 1 1 1 1 1 1 1 1 1 
P23 P15 T9

Map
1 1 1 1 1 1 S 1 1 1 
1 0 0 0 H H 0 0 0 1 
G 0 F 1 H 0 0 0 0 1 
1 0 1 0 0 0 1 0 0 1 
1 0 0 0 0 0 0 0 1 1 
1 0 0 1 F 0 0 0 H 1 
1 0 F 0 0 0 0 F 0 1 
1 0 0 F 1 F 0 0 0 1 
1 0 0 1 0 F 0 H 0 1 
1 1 1 1 1 1 1 1 1 1 
P11 P75 T8

Map
1 1 1 1 1 S 1 1 1 1 
1 0 0 F 0 0 1 0 0 1 
1 0 0 F 0 0 F 0 0 1 
1 0 0 H 0 0 0 F 0 1 
1 0 0 0 0 H 0 0 0 1 
1 1 0 0 0 0 0 0 0 1 
G 0 1 0 0 0 H 0 F 1 
1 0 0 0 0 0 0 H 0 1 
1 0 F F 0 0 0 F F 1 
1 1 1 1 1 1 1 1 1 1 
P52 P13 T8

Map
1 1 1 1 1 1 1 1 1 1 
1 0 H 0 0 0 0 0 1 1 
G 0 0 0 0 0 0 0 0 1 
1 0 0 0 0 0 0 0 0 1 
1 F 0 H 0 0 0 F 0 1 
1 1 0 0 0 1 0 0 0 1 
S 0 0 0 1 0 0 1 0 1 
1 0 1 H 0 0 0 0 0 1 
1 F 1 0 0 0 0 0 0 1 
1 1 1 1 1 1 1 1 1 1 
P24 P36 T10

Map
1 1 1 1 1 1 1 S 1 1 
1 0 0 0 1 0 0 0 0 1 
1 0 0 0 1 0 0 0 0 1 
1 0 # 0 0 0 0 H 0 1 
1 0 F 0 1 1 0 0 0 1 
G F 0 0 1 0 0 0 0 1 
1 0 0 0 0 0 0 0 0 1 
1 0 0 0 0 0 0 0 0 1 
1 0 0 0 0 0 1 0 0 1 
1 1 1 1 1 1 1 1 1 1 
P72 P36 T8

Map
1 1 1 1 1 1 1 G 1 1 
1 0 0 0 H 0 1 0 0 1 
1 0 0 0 0 0 0 0 0 1 
1 0 0 0 0 0 0 0 1 1 
1 0 0 0 0 0 0 H 0 1 
1 1 0 0 # 0 0 0 0 1 
1 0 # 0 0 0 0 0 F 1 
S 0 0 F 1 0 # 0 H 1 
1 0 H 0 H 0 0 0 1 1 
1 1 1 1 1 1 1 1 1 1 
P76 P27 T8

Map
1 1 1 1 1 1 S 1 1 1 
1 0 0 0 0 H 0 0 0 1 
1 0 0 # 0 0 0 0 0 1 
1 0 F 0 0 1 0 # 1 1 
1 # 0 1 0 F 0 0 0 1 
1 H 0 0 0 0 0 H 0 1 
1 # 0 1 0 0 0 0 0 1 
G 0 1 0 0 0 # 0 1 1 
1 0 # 1 F # 0 # H 1 
1 1 1 1 1 1 1 1 1 1 
P12 P18 T9

Map
1 G 1 1 1 1 1 1 1 1 
1 0 0 0 F 0 1 0 F 1 
1 H 1 F 0 0 0 0 0 1 
1 0 0 F F 0 0 0 0 1 
1 0 0 0 0 0 0 0 0 1 
1 0 0 F 0 0 0 1 0 1 
1 0 0 0 0 F 0 0 0 1 
S 0 0 H H 0 0 1 0 1 
1 F 0 0 1 0 0 0 H 1 
1 1 1 1 1 1 1 1 1 1 
P14 P27 T8

Map
1 1 1 1 1 1 1 1 1 1 
1 0 0 0 0 1 0 0 1 1 
1 0 0 1 0 0 0 0 0 1 
1 F 0 0 0 0 H 0 0 1 
G # 1 0 H 0 0 0 0 1 
1 0 0 0 0 0 0 0 0 1 
S # 0 0 0 F H 0 0 1 
1 0 H 1 F 0 # 0 0 1 
1 0 0 0 0 0 0 0 0 1 
1 1 1 1 1 1 1 1 1 1 
P15 P26 T9

Map
1 1 1 1 1 1 S 1 1 1 
1 0 0 0 F 0 # 0 F 1 
1 # 0 0 0 0 0 # 0 1 
1 H 0 1 1 # 1 0 0 1 
1 # # 1 0 0 0 F 0 1 
1 # H 0 0 F F 0 F 1 
1 0 0 F 0 0 0 0 0 1 
G # # H H H 0 0 0 1 
1 # 0 0 1 0 0 0 0 1 
1 1 1 1 1 1 1 1 1 1 
P16 P87 T8

Map
1 1 1 1 1 1 1 1 1 1 
S 0 1 0 0 0 0 0 0 1 
1 0 0 0 1 0 0 0 0 1 
1 0 0 0 H 0 0 0 # 1 
1 # 0 H 0 0 0 0 0 1 
1 1 0 0 0 0 H 1 0 1 
G # H 0 1 1 0 0 0 1 
1 0 0 0 0 0 0 # 0 1 
1 0 # 0 H 0 0 0 0 1 
1 1 1 1 1 1 1 1 1 1 
P13 P88 T9

Map
1 1 1 1 1 1 1 1 1 1 
1 0 0 H 0 0 0 0 1 1 
1 0 1 0 0 0 0 0 0 1 
S 0 0 0 H 0 0 0 0 1 
1 0 0 0 0 0 0 0 0 1 
1 H 1 0 # 0 0 0 0 1 
1 0 0 0 0 1 0 0 0 1 
G 0 1 0 0 0 0 0 0 1 
1 0 0 0 0 0 0 0 1 1 
1 1 1 1 1 1 1 1 1 1 
P33 P16 T10

Map
1 1 1 1 1 1 1 1 1 1 
1 1 0 0 0 F 1 0 0 1 
S 0 1 # 0 F 0 0 0 1 
1 0 0 0 0 0 1 0 0 1 
1 0 0 1 0 # 0 0 0 1 
1 0 0 0 0 0 # 0 1 1 
G # 1 # 0 0 0 0 0 1 
1 # 0 0 1 0 # 0 0 1 
1 F 0 0 0 0 0 0 # 1 
1 1 1 1 1 1 1 1 1 1 
P15 P38 T13

Map
1 S 1 1 1 1 1 1 1 1 
1 0 F F 0 1 # # 0 1 
1 0 0 0 0 0 0 F 0 1 
1 # 0 F 0 F 0 0 0 1 
G F 0 1 # 0 0 F 1 1 
1 0 0 0 # 0 0 0 0 1 
1 0 0 0 0 0 F 0 0 1 
1 0 0 0 # # 0 0 # 1 
1 0 F 0 1 0 0 # 0 1 
1 1 1 1 1 1 1 1 1 1 
P12 P25 T11

Map
1 1 1 1 1 1 1 G 1 1 
1 0 H H 0 0 F 0 0 1 
1 0 0 0 0 0 0 1 1 1 
1 0 1 0 0 0 0 0 0 1 
1 F 0 0 0 0 0 0 0 1 
S 0 0 0 1 0 F 0 0 1 
1 0 0 0 0 # 0 F 0 1 
1 0 F H 0 0 0 F 1 1 
1 F 0 0 0 F 0 0 H 1 
1 1 1 1 1 1 1 1 1 1 
P81 P33 T8

Map
1 S 1 1 G 1 1 1 1 1 
1 0 0 0 0 # 0 0 0 1 
1 0 0 0 1 0 H 0 0 1 
1 0 0 0 0 # 0 0 H 1 
1 0 0 0 F 0 0 0 0 1 
1 0 1 0 0 0 0 0 0 1 
1 0 0 0 0 0 0 # H 1 
1 0 0 0 0 0 0 0 0 1 
1 # 0 0 1 0 0 0 0 1 
1 1 1 1 1 1 1 1 1 1 
P31 P64 T8

Map
1 1 1 1 1 1 1 G 1 1 
1 0 H 0 F 0 H F 0 1 
S 0 0 1 0 0 0 0 0 1 
1 0 0 F 1 0 0 0 0 1 
1 0 F 1 0 0 1 0 0 1 
1 0 0 0 0 1 F F H 1 
1 1 0 0 # F 0 F 0 1 
1 0 0 0 H 0 0 0 F 1 
1 0 0 H 1 0 0 1 F 1 
1 1 1 1 1 1 1 1 1 1 
P51 P82 T9

Map
1 1 1 1 1 1 G 1 1 1 
1 0 0 0 0 0 0 # 0 1 
1 0 F 0 1 0 0 0 1 1 
1 0 0 0 0 0 0 F F 1 
1 0 0 0 F 0 0 0 0 1 
1 # 0 0 0 0 0 0 1 1 
1 0 0 1 0 0 F 0 0 1 
S F 0 0 0 F 0 F 0 1 
1 H 0 1 0 0 0 1 0 1 
1 1 1 1 1 1 1 1 1 1 
P51 P46 T8

Map
1 1 1 1 1 1 G 1 1 1 
1 0 H 0 0 0 0 0 1 1 
1 0 0 0 # 0 1 0 0 1 
1 0 0 0 0 0 0 0 0 1 
1 1 0 0 1 0 0 H 0 1 
1 0 0 0 0 0 0 F 0 1 
S 0 0 0 H 0 0 0 0 1 
1 0 1 0 0 0 0 0 0 1 
1 1 1 0 0 H 0 0 0 1 
1 1 1 1 1 1 1 1 1 1 
P51 P26 T8

Map
1 1 1 1 1 1 G 1 1 1 
1 0 0 H 0 1 0 0 H 1 
1 0 H H # F H # 0 1 
1 0 0 0 F 0 0 F 0 1 
S 0 1 0 0 0 0 0 0 1 
1 # 1 0 # 0 H F 0 1 
1 0 0 0 # 0 0 0 # 1 
1 0 # 0 0 0 0 0 # 1 
1 # 0 0 0 H 0 0 0 1 
1 1 1 1 1 1 1 1 1 1 
P17 P68 T8

Map
1 1 1 1 1 1 G 1 1 1 
S 0 1 0 0 0 0 0 0 1 
1 0 0 0 0 0 0 H 0 1 
1 0 0 0 H 0 0 0 0 1 
1 0 0 1 0 # H 0 0 1 
1 1 0 0 0 0 0 # 0 1 
1 0 H 0 H 0 0 0 0 1 
1 0 0 0 0 0 0 0 0 1 
1 0 0 0 # 0 1 0 0 1 
1 1 1 1 1 1 1 1 1 1 
P71 P42 T8

Map
1 1 1 1 1 1 1 1 1 1 
1 0 0 0 0 0 0 1 1 1 
S 0 1 0 1 0 0 1 0 1 
1 H 0 # 0 0 0 0 0 1 
G 0 0 H 0 0 0 0 0 1 
1 0 0 1 0 0 0 0 0 1 
1 # 0 0 0 0 0 0 0 1 
1 0 0 0 H 0 0 0 1 1 
1 0 0 1 H 0 0 0 # 1 
1 1 1 1 1 1 1 1 1 1 
P23 P67 T9

Map
1 1 1 G 1 1 1 S 1 1 
1 0 # # 0 0 0 0 0 1 
1 0 # 0 0 1 0 0 0 1 
1 0 0 1 0 0 0 F 0 1 
1 F 0 1 # H 0 0 1 1 
1 0 # 0 H 0 0 0 0 1 
1 0 0 0 0 H # 1 1 1 
1 0 H 0 0 0 0 0 # 1 
1 0 0 1 H H F 0 0 1 
1 1 1 1 1 1 1 1 1 1 
P41 P72 T10

Map
1 G 1 1 1 1 1 1 1 1 
1 # 0 1 0 0 # 0 F 1 
1 # 0 F 0 F # 1 F 1 
1 F 0 F 0 0 0 0 0 1 
1 0 0 0 1 0 H 0 H 1 
1 1 0 # 0 0 0 # 1 1 
1 0 F 0 # 0 1 0 0 1 
S 0 0 F H 0 0 0 0 1 
1 # 0 0 1 F F 0 0 1 
1 1 1 1 1 1 1 1 1 1 
P43 P27 T8

Map
1 1 1 1 1 1 1 1 1 1 
1 0 0 0 0 0 0 0 0 1 
1 0 0 0 0 0 0 H 0 1 
S 0 1 H 0 0 0 # 0 1 
1 0 # 0 # 0 0 0 0 1 
G 0 H 0 F 1 0 0 1 1 
1 F 0 0 # 0 F 0 0 1 
1 0 F 0 0 0 0 0 F 1 
1 0 1 F 0 0 0 1 0 1 
1 1 1 1 1 1 1 1 1 1 
P14 P64 T9

Map
1 1 S 1 1 1 1 1 1 1 
1 0 0 0 0 1 H 0 0 1 
1 0 0 F 0 0 0 0 0 1 
G 0 0 # 0 0 0 0 # 1 
1 # F 0 # 0 0 1 1 1 
1 0 H 1 0 H 0 1 0 1 
1 1 0 0 1 0 H 0 0 1 
1 0 0 F # 0 0 0 0 1 
1 0 0 F 0 0 0 0 0 1 
1 1 1 1 1 1 1 1 1 1 
P12 P23 T8

Map
1 1 1 1 1 1 1 S 1 1 
1 1 1 H 0 0 0 F 0 1 
1 1 0 0 0 0 0 # # 1 
1 0 0 F F 0 # # 0 1 
1 F # 0 0 0 0 0 H 1 
1 0 H 0 H 1 0 0 F 1 
G 0 1 0 0 # 0 1 0 1 
1 # 0 0 0 0 0 0 0 1 
1 0 # # 0 0 F 0 F 1 
1 1 1 1 1 1 1 1 1 1 
P15 P67 T8

Map
1 1 1 1 1 S 1 1 1 1 
1 0 0 0 # 0 0 F 0 1 
1 0 0 0 0 0 0 0 0 1 
1 0 0 F 0 0 1 0 0 1 
1 0 0 0 1 0 0 # 0 1 
1 1 1 # 1 F # 0 0 1 
1 0 0 0 0 1 0 0 0 1 
G 0 0 1 0 0 0 # # 1 
1 0 0 0 0 0 1 0 0 1 
1 1 1 1 1 1 1 1 1 1 
P52 P18 T8

Map
1 1 1 1 1 1 G 1 1 1 
1 F 0 0 0 1 0 0 F 1 
1 0 0 0 0 0 H F 0 1 
S 0 0 0 0 0 0 0 # 1 
1 0 1 H 1 0 0 H 0 1 
1 0 1 0 F 0 0 F 0 1 
1 # 0 # H 0 0 0 0 1 
1 0 # H H 0 # 0 0 1 
1 0 # 0 0 0 0 # 0 1 
1 1 1 1 1 1 1 1 1 1 
P82 P63 T8

Map
1 1 1 1 1 1 1 1 1 1 
S 0 1 0 # 0 F 0 F 1 
1 0 # 1 0 0 0 0 F 1 
1 0 0 0 0 0 0 0 F 1 
G 0 1 0 0 0 0 0 0 1 
1 # 1 0 0 0 0 0 # 1 
1 0 0 0 0 0 0 0 0 1 
1 0 0 H 0 # 0 0 0 1 
1 0 0 F 0 0 0 1 0 1 
1 1 1 1 1 1 1 1 1 1 
P13 P53 T9

Map
1 1 1 1 1 S 1 1 1 1 
1 0 0 0 0 0 0 # 0 1 
1 H 0 1 0 0 0 F 0 1 
1 # H # H 0 0 0 0 1 
1 # 0 0 F 1 0 0 0 1 
G 0 0 1 0 0 # 0 0 1 
1 0 # 0 # 0 F 1 1 1 
1 0 0 0 0 0 0 0 0 1 
1 0 0 0 0 0 0 0 1 1 
1 1 1 1 1 1 1 1 1 1 
P24 P18 T8

Map
1 1 1 1 1 S 1 1 1 1 
1 F H 0 1 0 0 F 0 1 
1 0 F 0 F 0 # 0 1 1 
1 1 0 0 H 1 0 0 H 1 
1 1 0 0 0 0 0 1 0 1 
1 H F F 0 0 0 0 0 1 
G 0 # 0 0 0 H 0 0 1 
1 H F 0 0 0 0 0 0 1 
1 0 0 0 0 1 H 0 0 1 
1 1 1 1 1 1 1 1 1 1 
P45 P65 T10

Map
1 1 1 G 1 1 1 1 1 1 
S 0 0 # H # 0 0 1 1 
1 0 F 0 0 0 0 0 0 1 
1 0 0 0 0 # 0 # 0 1 
1 0 0 0 0 0 1 0 0 1 
1 0 0 0 # 1 0 0 0 1 
1 0 0 # 0 0 0 0 0 1 
1 0 0 0 0 0 1 0 0 1 
1 0 0 1 0 0 0 # 0 1 
1 1 1 1 1 1 1 1 1 1 
P21 P26 T8

Map
1 1 G 1 1 1 1 1 1 1 
1 H # 0 H 0 0 0 0 1 
1 0 0 0 H 0 0 1 0 1 
1 0 1 0 0 0 # 0 0 1 
1 0 0 0 H 0 0 1 1 1 
1 0 H 0 0 0 0 0 0 1 
S 0 0 # 0 0 1 0 0 1 
1 0 0 H 0 0 0 # 0 1 
1 0 0 1 0 # 0 0 0 1 
1 1 1 1 1 1 1 1 1 1 
P31 P12 T8

Map
1 1 1 1 1 1 1 S 1 1 
1 H 0 0 0 0 0 0 0 1 
G 0 0 H 1 H H 0 0 1 
1 0 0 0 H 0 0 F 0 1 
1 1 0 0 F 0 F 0 0 1 
1 0 0 0 1 0 H # 0 1 
1 0 0 0 0 0 # 0 0 1 
1 0 0 # 0 0 0 0 0 1 
1 1 0 0 0 H 0 0 0 1 
1 1 1 1 1 1 1 1 1 1 
P21 P77 T8

Map
1 1 1 1 1 G 1 S 1 1 
1 0 H 0 # 0 0 0 0 1 
1 0 0 1 F 0 0 1 0 1 
1 # H 1 1 0 0 0 # 1 
1 0 0 0 0 0 1 1 # 1 
1 0 0 1 # 0 # 0 # 1 
1 0 0 0 0 # 0 # 0 1 
1 0 0 0 0 0 0 0 0 1 
1 0 0 0 0 F # 0 0 1 
1 1 1 1 1 1 1 1 1 1 
P31 P86 T8

Map
1 1 1 1 1 1 1 G 1 1 
1 0 0 0 1 0 0 0 1 1 
1 0 0 0 1 0 0 0 0 1 
1 0 F 0 F 0 F 0 0 1 
1 0 0 H 1 0 0 0 0 1 
1 0 0 0 0 0 0 0 0 1 
S 0 0 H 0 0 0 F 1 1 
1 0 0 0 0 F 0 0 0 1 
1 F 0 0 0 0 0 0 0 1 
1 1 1 1 1 1 1 1 1 1 
P12 P26 T8

Map
1 1 1 1 G 1 1 1 1 1 
1 1 # F 0 F 0 0 0 1 
1 1 0 0 0 # 0 1 F 1 
1 0 0 0 0 F 0 F 0 1 
1 0 # F 1 0 F 0 # 1 
1 0 0 # 0 F 0 1 # 1 
S 0 0 # 0 F 0 0 0 1 
1 # 0 0 # 0 H 0 0 1 
1 F 0 0 # 1 1 1 0 1 
1 1 1 1 1 1 1 1 1 1 
P62 P33 T10

Map
1 1 1 1 1 1 1 S 1 1 
1 0 0 F F 0 0 F 0 1 
1 0 0 0 0 0 0 0 0 1 
G 0 0 H 0 # # # 0 1 
1 1 F 0 H # H F 0 1 
1 0 1 H 0 H # # 0 1 
1 F 0 0 0 0 0 0 0 1 
1 0 F 0 # 0 0 0 0 1 
1 0 0 0 0 F 0 0 0 1 
1 1 1 1 1 1 1 1 1 1 
P81 P18 T8

Map
1 1 1 1 1 1 1 S 1 1 
1 0 0 0 0 # 0 F 0 1 
1 H 0 0 0 F 0 F 0 1 
1 0 0 0 F 0 0 0 F 1 
G 0 F 0 1 0 # # 0 1 
1 0 0 # H 0 0 0 0 1 
1 # F 0 H 1 0 1 0 1 
1 0 0 0 0 0 F 0 0 1 
1 H H 0 F 0 1 0 0 1 
1 1 1 1 1 1 1 1 1 1 
P13 P55 T9

Map
1 1 1 1 1 S 1 1 1 1 
1 0 1 H 0 # 0 1 1 1 
1 0 0 0 # 0 0 # 0 1 
1 # 0 # 0 H 0 0 0 1 
G 0 0 0 H 0 0 1 0 1 
1 0 0 0 0 0 0 1 # 1 
1 0 # # 1 H 1 0 1 1 
1 0 0 0 0 0 0 # 0 1 
1 0 # 0 0 0 0 0 # 1 
1 1 1 1 1 1 1 1 1 1 
P52 P15 T8

Map
1 1 S 1 1 1 1 1 1 1 
1 0 0 0 0 0 0 0 # 1 
1 0 0 0 0 0 0 0 0 1 
1 0 0 0 0 0 0 0 0 1 
1 0 0 0 0 0 0 0 0 1 
G 0 1 0 0 0 0 0 0 1 
1 # 0 0 1 1 0 1 0 1 
1 0 0 0 0 0 0 1 0 1 
1 1 0 0 0 0 0 1 0 1 
1 1 1 1 1 1 1 1 1 1 
P14 P44 T8

Map
1 1 G 1 1 1 1 1 1 1 
1 # 0 0 0 # 0 0 0 1 
1 0 0 H 0 0 0 0 0 1 
1 0 0 0 0 0 0 0 0 1 
1 H 0 # 0 0 0 0 1 1 
1 0 # 0 H H 1 0 0 1 
S 0 1 H 0 0 0 0 # 1 
1 0 0 0 0 0 # 0 # 1 
1 0 # 0 0 0 1 0 0 1 
1 1 1 1 1 1 1 1 1 1 
P13 P18 T11

Map
1 1 1 1 1 1 G 1 1 1 
1 0 F F 0 0 F 1 F 1 
1 F 0 0 0 0 0 0 0 1 
1 # # 0 0 0 1 0 F 1 
1 0 0 1 0 0 0 1 0 1 
1 # 0 0 0 # 0 0 0 1 
1 # 0 0 1 0 0 0 0 1 
S 0 0 0 0 0 F 0 1 1 
1 0 0 0 0 F 0 0 0 1 
1 1 1 1 1 1 1 1 1 1 
P51 P72 T9

Map
1 1 1 1 G 1 1 S 1 1 
1 H 0 H # 1 0 0 0 1 
1 0 0 0 0 0 H 0 F 1 
1 # 0 0 F # 0 0 0 1 
1 # 1 F 1 0 0 0 0 1 
1 F 0 0 H H 0 # 0 1 
1 # 0 1 F 0 0 0 0 1 
1 1 F F 0 0 0 # 0 1 
1 0 F # F # 0 0 1 1 
1 1 1 1 1 1 1 1 1 1 
P32 P85 T9

Map
1 1 1 1 1 1 1 1 1 1 
G 0 0 0 # 0 0 0 0 1 
1 0 # 0 0 0 # 1 0 1 
1 H 0 0 # 0 0 0 0 1 
1 0 1 1 # 0 0 0 0 1 
1 0 0 0 1 0 0 # 0 1 
S 0 0 0 0 0 F H 0 1 
1 0 0 1 0 0 0 0 H 1 
1 0 0 0 0 1 H 0 0 1 
1 1 1 1 1 1 1 1 1 1 
P46 P67 T8

Map
1 1 1 1 1 1 1 G 1 1 
1 0 F # F 0 0 0 # 1 
1 0 0 0 H 0 0 0 0 1 
1 0 0 0 0 F F 0 0 1 
1 0 0 1 # 0 # # 0 1 
S 0 0 0 0 0 F 0 H 1 
1 0 0 0 F 0 # 0 0 1 
1 0 0 0 0 0 H 0 0 1 
1 1 0 0 H 0 0 0 # 1 
1 1 1 1 1 1 1 1 1 1 
P61 P55 T9

Map
1 1 1 1 1 1 S 1 1 1 
1 1 0 0 # 0 F 0 0 1 
1 # 0 0 1 F 0 # 0 1 
1 F 0 0 1 H 0 0 # 1 
1 0 0 # 0 0 # 0 0 1 
1 # # 0 0 H 0 0 0 1 
1 0 0 0 0 F H 0 0 1 
G F 0 0 0 H 0 0 0 1 
1 0 0 F F F 0 # 0 1 
1 1 1 1 1 1 1 1 1 1 
P65 P28 T8

Map
1 1 1 1 1 1 1 G 1 1 
1 0 0 0 0 0 0 F 0 1 
S 0 0 1 0 0 0 0 0 1 
1 0 0 0 0 0 0 H 0 1 
1 0 0 0 0 0 H # 0 1 
1 0 H 1 # 0 0 0 0 1 
1 0 F F 1 # # 0 0 1 
1 0 0 0 F 0 0 1 1 1 
1 0 0 0 1 1 # 0 0 1 
1 1 1 1 1 1 1 1 1 1 
P51 P82 T10

Map
1 1 1 1 1 1 G 1 1 1 
1 1 0 0 0 0 0 0 F 1 
1 F 0 0 0 0 0 0 0 1 
1 # 0 F 0 0 0 0 0 1 
1 H 0 0 1 0 0 H F 1 
1 H F 0 0 0 1 0 1 1 
S 0 1 0 # F 0 0 0 1 
1 # F 0 0 0 0 1 0 1 
1 0 H 0 H 0 F 1 F 1 
1 1 1 1 1 1 1 1 1 1 
P71 P18 T8

Map
1 1 1 1 1 G 1 1 1 1 
S 0 0 0 1 0 0 0 0 1 
1 H 0 0 0 1 # # 0 1 
1 H 0 1 0 0 0 # H 1 
1 1 1 0 1 0 0 0 0 1 
1 # 0 0 0 0 0 0 0 1 
1 0 0 0 0 0 0 0 0 1 
1 0 0 0 1 0 H 1 0 1 
1 # 0 0 0 0 0 0 0 1 
1 1 1 1 1 1 1 1 1 1 
P63 P85 T12

Map
1 1 1 1 S 1 G 1 1 1 
1 0 0 H F # 0 0 0 1 
1 0 0 0 0 H 0 0 0 1 
1 0 0 0 0 0 0 0 0 1 
1 1 H 0 H 0 0 0 0 1 
1 0 0 0 0 0 0 0 0 1 
1 0 0 0 F 0 # 0 0 1 
1 0 F 0 0 F 0 0 0 1 
1 0 0 0 0 0 H 0 0 1 
1 1 1 1 1 1 1 1 1 1 
P43 P75 T9

Map
1 1 1 1 1 S 1 1 1 1 
1 0 0 0 H F 0 0 # 1 
1 0 0 F 0 0 0 0 F 1 
1 F 0 0 0 # F 0 0 1 
G 0 H 0 F 0 0 0 0 1 
1 0 0 0 F 0 0 # 0 1 
1 # 0 0 0 0 F # # 1 
1 0 # 1 0 0 0 F 0 1 
1 # 0 0 0 0 1 0 0 1 
1 1 1 1 1 1 1 1 1 1 
P15 P46 T8

Map
1 1 1 1 1 1 1 G 1 1 
1 1 0 0 H 1 1 0 0 1 
1 1 1 # 0 F 0 0 0 1 
1 0 0 H 0 0 0 # F 1 
1 F 0 0 1 0 0 0 0 1 
1 0 0 0 0 0 0 0 0 1 
1 0 0 1 # 0 0 0 0 1 
S # 1 0 0 0 0 0 0 1 
1 F 0 F 0 0 0 # 0 1 
1 1 1 1 1 1 1 1 1 1 
P24 P15 T8

Map
1 1 1 1 1 1 G 1 1 1 
1 0 0 0 0 0 F 0 H 1 
1 0 0 F 0 0 0 H 0 1 
1 0 0 1 0 0 F 1 F 1 
S 0 0 H 0 0 0 0 0 1 
1 0 1 0 0 0 0 0 0 1 
1 1 0 0 0 0 0 0 0 1 
1 0 0 0 0 0 0 1 H 1 
1 0 0 0 # 0 0 0 0 1 
1 1 1 1 1 1 1 1 1 1 
P51 P24 T8

Map
1 1 1 1 1 1 G 1 1 1 
1 0 0 0 0 0 0 F 0 1 
1 0 0 0 0 0 1 1 0 1 
1 0 F 0 # 1 H 0 # 1 
1 1 1 0 0 0 0 F 0 1 
1 # # 0 F 0 0 0 # 1 
1 # 0 0 0 0 0 0 0 1 
S 0 F 0 0 0 # 0 F 1 
1 0 0 F # 0 F F 0 1 
1 1 1 1 1 1 1 1 1 1 
P51 P47 T8

Map
1 1 G 1 1 1 1 1 1 1 
1 0 F 0 H 0 0 0 F 1 
1 # 0 0 1 0 0 0 0 1 
1 0 F # 0 0 0 1 0 1 
1 0 0 0 0 0 0 0 0 1 
1 0 0 0 0 0 0 0 0 1 
1 0 0 0 0 0 0 0 1 1 
S 0 0 F 0 0 F 0 F 1 
1 0 0 H 0 H 0 H 0 1 
1 1 1 1 1 1 1 1 1 1 
P15 P27 T9

Map
1 1 1 1 1 S 1 1 1 1 
1 0 0 0 0 0 0 0 0 1 
1 H 0 0 0 0 0 0 0 1 
1 H 0 0 1 0 0 0 0 1 
1 0 0 # # H # 0 1 1 
1 0 0 0 0 0 0 F 0 1 
G 0 0 0 0 0 0 H 0 1 
1 0 0 H 0 1 # 0 0 1 
1 0 0 0 # 0 0 0 0 1 
1 1 1 1 1 1 1 1 1 1 
P53 P15 T8

Map
1 1 1 S 1 1 1 1 1 1 
1 # 0 0 # 0 0 0 F 1 
1 0 F 0 H 0 0 0 0 1 
1 0 0 0 H 0 # 0 0 1 
1 0 0 F 0 0 0 0 0 1 
1 0 0 0 # 0 0 # 0 1 
G 0 H F 0 0 0 # 0 1 
1 F 0 0 # 0 0 0 0 1 
1 0 0 F 0 0 0 0 0 1 
1 1 1 1 1 1 1 1 1 1 
P32 P15 T8

