Map10
1 1 1 1 S 1 1 1 1 1 
1 1 F 1 0 0 0 F 0 1 
1 1 0 0 0 0 0 0 0 1 
1 # 0 0 0 0 1 0 1 1 
1 0 1 # 0 0 F F # 1 
1 # 0 0 F 0 0 0 0 1 
G 0 0 # 0 1 1 # # 1 
1 # F 0 0 0 0 0 1 1 
1 F 0 F 0 F 0 0 0 1 
1 1 1 1 1 1 1 1 1 1 
l46 T10

Map10
1 1 1 S 1 1 1 1 1 1 
1 0 0 0 0 F 0 F 0 1 
1 0 0 1 0 0 0 0 0 1 
1 0 0 0 0 1 0 0 # 1 
1 F 0 0 0 F 0 F 0 1 
G # 0 0 0 0 0 0 1 1 
1 0 0 0 0 F 0 0 0 1 
1 0 0 # 0 F 0 0 0 1 
1 1 0 0 0 0 1 1 # 1 
1 1 1 1 1 1 1 1 1 1 
p46 T11

Map10
1 1 1 1 1 1 1 1 1 1 
1 # 0 1 0 0 0 0 0 1 
1 # 0 0 0 0 H 0 0 1 
1 0 # 0 0 0 1 0 0 1 
1 0 H 0 H 0 0 H 0 1 
S 0 0 0 # # F 0 1 1 
1 0 1 0 0 0 0 # 0 1 
G 0 0 0 1 0 1 0 0 1 
1 0 0 0 H 0 0 # 0 1 
1 1 1 1 1 1 1 1 1 1 
U38 T11

Map10
1 1 1 1 1 1 1 1 1 1 
1 0 0 0 0 0 F 0 0 1 
1 0 0 1 # 0 # F 0 1 
1 0 F 0 1 0 0 1 # 1 
G 0 0 0 0 0 1 0 F 1 
S F 0 0 0 F F # 0 1 
1 0 0 0 F 0 # F 0 1 
1 0 0 0 0 0 0 0 1 1 
1 0 # 0 0 1 0 0 0 1 
1 1 1 1 1 1 1 1 1 1 
R13 T10

Map10
1 1 S 1 1 1 1 1 1 1 
1 F 0 0 0 0 1 0 0 1 
1 # F 1 H F # 0 0 1 
1 F 0 0 # 0 0 0 # 1 
1 0 0 0 0 0 1 1 0 1 
G 0 0 0 0 # F 0 0 1 
1 F 0 1 0 0 0 0 # 1 
1 0 0 0 1 0 0 0 0 1 
1 0 H 0 0 0 0 0 0 1 
1 1 1 1 1 1 1 1 1 1 
U23 T10

Map10
1 1 1 1 1 1 G 1 1 1 
1 0 0 0 0 F 0 0 0 1 
1 # 0 1 0 0 0 # 0 1 
1 0 0 1 0 # 0 0 0 1 
1 0 0 0 1 0 0 0 0 1 
1 0 1 0 0 0 F 0 0 1 
S 0 0 0 F # F 0 0 1 
1 F 0 0 0 1 0 0 0 1 
1 1 0 # 0 0 0 0 1 1 
1 1 1 1 1 1 1 1 1 1 
p73 T11

Map10
1 1 1 1 1 1 1 1 1 1 
1 0 0 1 0 0 0 0 0 1 
1 # 0 H 0 # 0 0 0 1 
1 0 0 0 0 0 0 # 0 1 
1 1 0 0 # 0 # F 1 1 
1 1 0 0 0 0 0 0 # 1 
G F 0 F 0 0 1 0 # 1 
S 0 0 0 0 0 0 H 0 1 
1 0 H 0 0 0 0 0 # 1 
1 1 1 1 1 1 1 1 1 1 
P47 T13

Map10
1 1 1 1 G S 1 1 1 1 
1 0 0 H 0 0 0 0 0 1 
1 0 0 0 0 0 0 0 1 1 
1 0 0 0 0 0 1 0 0 1 
1 1 0 0 0 0 0 0 0 1 
1 F 0 1 1 0 0 0 0 1 
1 # 0 0 0 F 0 1 0 1 
1 0 0 0 0 0 0 0 0 1 
1 0 0 0 0 1 H 0 F 1 
1 1 1 1 1 1 1 1 1 1 
p53 T13

Map10
1 S 1 1 1 1 1 1 1 1 
1 0 0 # 0 0 0 0 0 1 
1 0 0 0 # 0 1 # 0 1 
1 0 0 F 0 0 # 0 0 1 
G 0 F 0 # 0 0 0 0 1 
1 F # F 0 # 1 0 0 1 
1 0 0 0 0 0 F 0 1 1 
1 # 0 0 0 # 0 0 0 1 
1 0 H 0 0 # F 0 0 1 
1 1 1 1 1 1 1 1 1 1 
U13 T10

Map10
1 1 1 1 1 1 1 1 1 1 
1 0 # 0 1 0 0 0 1 1 
1 1 0 0 0 0 # 0 # 1 
1 0 # 0 0 0 0 0 # 1 
G 0 0 F 0 0 0 1 0 1 
1 0 # 0 0 F 0 0 0 1 
S 0 0 0 1 0 # 0 0 1 
1 0 0 1 0 0 0 1 0 1 
1 # 0 F 0 1 0 F # 1 
1 1 1 1 1 1 1 1 1 1 
D15 T10

Map10
1 1 1 S G 1 1 1 1 1 
1 0 0 0 0 0 0 0 1 1 
1 0 0 0 0 0 0 0 0 1 
1 0 1 F 0 0 0 # 0 1 
1 # F 0 0 0 1 0 0 1 
1 0 0 # 0 0 H F 0 1 
1 0 0 0 0 F H 0 0 1 
1 0 0 0 H 0 0 1 0 1 
1 0 0 0 F 1 0 0 F 1 
1 1 1 1 1 1 1 1 1 1 
u32 T10

Map10
1 1 1 1 1 1 1 1 1 1 
1 0 F 0 0 1 0 0 0 1 
1 F 0 0 0 0 0 0 F 1 
G 0 0 0 F # 0 0 0 1 
1 0 H 1 F 0 0 0 0 1 
S F 0 0 0 1 0 1 0 1 
1 0 1 # 0 0 1 0 F 1 
1 0 0 0 0 0 0 0 1 1 
1 0 0 0 0 0 1 # 0 1 
1 1 1 1 1 1 1 1 1 1 
D14 T10

Map10
1 1 1 1 1 1 1 1 1 1 
1 0 F 1 0 0 1 0 0 1 
1 0 0 0 0 0 1 F 0 1 
1 0 0 0 0 0 0 1 1 1 
1 0 # 0 1 0 0 0 0 1 
G 0 1 0 0 # 0 0 0 1 
1 0 1 1 F # 0 0 0 1 
S 0 0 0 0 0 0 0 0 1 
1 0 0 0 0 0 0 0 # 1 
1 1 1 1 1 1 1 1 1 1 
D16 T10

Map10
1 1 1 1 1 1 G 1 1 1 
1 0 0 # 0 0 # 0 H 1 
1 0 0 0 0 0 0 0 # 1 
1 # 0 0 F 0 0 0 0 1 
S 0 0 0 0 1 0 0 0 1 
1 H # # # 0 0 1 0 1 
1 0 0 F H 0 0 # 0 1 
1 1 # 0 0 0 0 0 0 1 
1 0 H 0 0 0 0 0 1 1 
1 1 1 1 1 1 1 1 1 1 
p24 T11

Map10
1 1 1 1 S 1 G 1 1 1 
1 0 0 0 0 0 0 0 F 1 
1 # 0 0 0 0 F F 0 1 
1 # 0 0 0 0 0 0 0 1 
1 1 F 0 0 1 0 H 0 1 
1 0 F 0 # 1 F # F 1 
1 0 0 0 # 0 0 # 0 1 
1 0 0 # 0 0 F F 0 1 
1 0 0 0 0 0 0 0 0 1 
1 1 1 1 1 1 1 1 1 1 
L58 T10

Map10
1 1 1 1 1 1 1 1 1 1 
1 0 # 0 0 0 0 0 0 1 
1 1 1 0 # # 0 0 0 1 
1 0 0 # 1 0 1 0 0 1 
S 0 F H 1 # 0 0 0 1 
1 0 1 0 # 0 0 F 0 1 
G 0 0 0 0 1 0 0 1 1 
1 0 0 0 0 0 0 0 0 1 
1 0 0 0 0 0 0 0 1 1 
1 1 1 1 1 1 1 1 1 1 
U15 T10

Map10
1 1 1 S G 1 1 1 1 1 
1 0 0 0 0 0 0 0 0 1 
1 0 0 0 0 0 # 0 0 1 
1 0 0 0 # 0 0 1 # 1 
1 # 0 0 0 # 0 0 1 1 
1 1 0 F # # 0 0 0 1 
1 1 F F 0 1 # 0 0 1 
1 0 0 0 0 0 0 0 0 1 
1 # 0 0 1 # 1 1 0 1 
1 1 1 1 1 1 1 1 1 1 
p37 T11

Map10
1 1 1 1 1 G 1 1 1 1 
1 0 0 0 # 0 0 # 0 1 
1 0 0 H 0 0 0 0 0 1 
S 0 0 1 0 0 0 0 0 1 
1 0 # 0 0 0 0 0 # 1 
1 F # 0 1 0 0 0 0 1 
1 1 0 0 1 1 0 0 # 1 
1 0 0 # 0 0 # 0 0 1 
1 0 # 0 1 # 0 0 1 1 
1 1 1 1 1 1 1 1 1 1 
L85 T11

Map10
1 1 1 1 1 1 1 1 1 1 
1 0 0 F F 0 0 1 0 1 
1 F 0 0 1 0 0 F 0 1 
G 0 0 0 F 1 0 # 0 1 
1 0 0 0 0 0 0 0 0 1 
1 0 0 1 # 0 0 0 0 1 
S 0 0 0 1 0 0 # 0 1 
1 0 1 0 0 0 0 F 0 1 
1 # # F 0 1 0 0 0 1 
1 1 1 1 1 1 1 1 1 1 
R14 T11

Map10
1 1 1 1 1 1 1 G 1 1 
S 0 0 0 0 0 # 0 F 1 
1 0 0 H # 0 0 0 0 1 
1 # 0 0 0 0 0 0 1 1 
1 0 1 1 0 1 0 0 0 1 
1 0 F 0 0 # 1 1 0 1 
1 0 F 0 0 0 0 0 0 1 
1 0 0 0 0 0 F 0 0 1 
1 1 0 0 0 1 F 0 0 1 
1 1 1 1 1 1 1 1 1 1 
L41 T10

Map10
1 S 1 1 1 1 1 1 1 1 
1 0 # 0 F 0 0 1 0 1 
1 0 # 0 0 H # 0 0 1 
1 0 0 0 0 0 1 0 0 1 
1 0 F # F # 1 0 0 1 
G 0 # 1 0 0 0 1 0 1 
1 0 0 0 0 0 0 1 0 1 
1 0 0 0 0 0 0 F 0 1 
1 0 1 0 0 # 0 0 0 1 
1 1 1 1 1 1 1 1 1 1 
U14 T10

Map10
1 1 1 G S 1 1 1 1 1 
1 0 0 0 0 1 0 0 0 1 
1 0 1 0 0 0 0 0 0 1 
1 0 0 0 0 0 # 0 0 1 
1 F 0 H 0 0 0 0 1 1 
1 0 0 0 0 # 1 0 H 1 
1 0 0 0 0 0 0 # 1 1 
1 0 # F # 0 0 0 0 1 
1 0 0 0 F 0 0 # 1 1 
1 1 1 1 1 1 1 1 1 1 
U44 T11

Map10
1 1 1 1 1 1 G 1 1 1 
1 1 0 0 0 1 0 0 0 1 
1 0 F 0 0 1 0 0 0 1 
1 0 0 0 F 0 0 0 0 1 
1 0 1 0 0 0 1 0 0 1 
S 0 0 0 0 0 F 0 F 1 
1 0 0 0 0 0 0 1 1 1 
1 # 0 0 0 1 0 0 1 1 
1 F 0 F 0 0 0 0 0 1 
1 1 1 1 1 1 1 1 1 1 
L45 T10

Map10
1 1 1 1 1 S 1 G 1 1 
1 0 # 0 0 0 0 0 0 1 
1 0 0 0 0 0 H F F 1 
1 0 H 0 0 0 0 0 0 1 
1 0 0 0 0 1 # 1 0 1 
1 1 0 0 0 0 0 0 # 1 
1 0 0 0 # 0 0 0 0 1 
1 0 0 0 0 0 0 0 H 1 
1 0 0 0 0 0 0 0 0 1 
1 1 1 1 1 1 1 1 1 1 
L61 T10

Map10
1 1 S 1 1 1 1 1 1 1 
1 1 0 0 0 1 # 0 0 1 
1 0 0 0 0 # 0 0 0 1 
G 0 # 0 0 1 0 1 1 1 
1 0 F 0 0 0 0 0 0 1 
1 1 0 # F 0 # F F 1 
1 0 0 # 0 F 0 F 0 1 
1 # 0 # 0 0 0 0 0 1 
1 0 1 0 0 # 0 1 # 1 
1 1 1 1 1 1 1 1 1 1 
P44 T10

Map10
1 1 S 1 1 1 G 1 1 1 
1 0 0 0 0 0 0 0 0 1 
1 0 0 # 0 0 # F 1 1 
1 F 0 0 # H H 0 0 1 
1 0 0 0 0 0 0 0 0 1 
1 1 0 0 0 0 0 F 0 1 
1 0 0 0 0 0 0 0 0 1 
1 H 0 0 0 0 0 0 0 1 
1 1 0 H 0 0 1 0 0 1 
1 1 1 1 1 1 1 1 1 1 
L51 T10

Map10
1 1 1 1 1 G 1 S 1 1 
1 0 1 0 0 F 0 0 0 1 
1 0 0 0 0 0 0 0 0 1 
1 0 0 0 0 H H 1 0 1 
1 H 0 H 0 1 H 0 0 1 
1 H # 0 # 1 0 0 0 1 
1 1 0 0 1 0 0 0 1 1 
1 0 0 0 0 0 0 0 0 1 
1 0 0 1 0 0 1 0 0 1 
1 1 1 1 1 1 1 1 1 1 
R62 T10

Map10
1 1 1 1 S 1 1 1 1 1 
1 0 1 0 0 0 0 0 F 1 
G 0 0 0 # 0 0 F 0 1 
1 0 0 H F 0 0 0 0 1 
1 F F 1 0 0 0 0 0 1 
1 1 F 0 1 1 1 0 F 1 
1 0 F 0 0 # 0 0 0 1 
1 0 0 0 0 0 0 0 1 1 
1 0 0 1 0 0 1 0 0 1 
1 1 1 1 1 1 1 1 1 1 
P46 T12

Map10
1 1 1 S 1 G 1 1 1 1 
1 0 0 0 0 0 0 0 F 1 
1 # 0 0 0 0 0 0 0 1 
1 0 0 # 0 0 0 0 0 1 
1 0 0 0 0 0 0 0 0 1 
1 0 H 0 F 0 0 0 0 1 
1 0 0 0 0 0 0 0 0 1 
1 0 0 0 0 0 0 0 0 1 
1 0 0 0 0 1 0 0 0 1 
1 1 1 1 1 1 1 1 1 1 
L41 T10

Map10
1 S 1 1 1 1 1 1 1 1 
1 # 0 F 1 0 0 # 1 1 
1 0 1 # 0 F 0 0 # 1 
1 0 F 0 0 1 # F 0 1 
1 0 0 F 0 0 0 # 0 1 
1 0 F 0 0 F 0 0 0 1 
1 0 0 1 1 # 0 0 0 1 
G F # 0 0 H H 0 1 1 
1 F 1 # 0 0 0 0 0 1 
1 1 1 1 1 1 1 1 1 1 
P14 T10

Map10
1 1 1 1 1 1 1 S 1 1 
1 0 0 0 0 0 1 0 0 1 
1 0 0 0 0 0 0 1 # 1 
1 # 0 0 # 0 0 0 0 1 
1 1 0 0 0 0 0 0 # 1 
G 0 # 0 0 # 0 0 0 1 
1 0 0 0 F 0 0 1 0 1 
1 0 0 1 0 0 # 0 0 1 
1 H # 0 0 0 # # 0 1 
1 1 1 1 1 1 1 1 1 1 
p83 T11

Map10
1 1 1 1 1 1 S 1 1 1 
1 F 0 0 1 0 0 0 0 1 
1 1 F 0 # # 1 F # 1 
1 0 1 0 0 1 0 F 0 1 
1 0 0 0 # 0 0 # 0 1 
1 1 0 0 0 0 0 0 1 1 
1 F # 0 0 0 F 1 0 1 
G 0 0 0 0 0 0 0 0 1 
1 0 0 0 0 1 # H 0 1 
1 1 1 1 1 1 1 1 1 1 
P64 T10

Map10
1 S 1 1 1 1 1 1 1 1 
1 0 0 0 # 0 0 # 0 1 
1 0 0 H 1 0 0 0 0 1 
1 0 0 0 0 1 0 # 0 1 
1 0 0 0 1 0 F 0 0 1 
1 0 0 0 0 1 1 0 0 1 
1 0 0 0 # # 0 0 1 1 
G 0 1 1 0 0 0 0 0 1 
1 0 0 # # 0 0 1 0 1 
1 1 1 1 1 1 1 1 1 1 
U16 T10

Map10
1 1 1 1 G 1 1 1 1 1 
1 0 # # 0 # 1 0 0 1 
1 0 0 0 # 0 0 0 # 1 
1 0 1 0 0 F 0 0 0 1 
1 0 0 0 1 0 0 0 1 1 
S 0 0 0 0 0 0 # 1 1 
1 1 0 0 0 0 0 0 # 1 
1 0 # 0 0 0 1 0 0 1 
1 # 0 1 0 0 # 0 0 1 
1 1 1 1 1 1 1 1 1 1 
p33 T13

Map10
1 1 1 1 1 1 1 1 1 1 
1 0 0 0 0 H F 0 0 1 
1 # 0 1 0 0 0 0 0 1 
1 0 0 0 0 # 0 0 1 1 
G 0 H 0 0 0 # 1 0 1 
S 0 0 0 0 # 0 0 0 1 
1 0 # # 0 0 1 0 0 1 
1 0 0 # 0 # 0 0 0 1 
1 0 # 0 0 0 0 0 0 1 
1 1 1 1 1 1 1 1 1 1 
r13 T14

Map10
1 1 1 1 1 S 1 1 1 1 
1 0 1 0 0 0 1 0 0 1 
1 0 # 0 0 0 0 0 0 1 
G 0 0 0 0 1 H # 0 1 
1 0 0 H 0 0 0 0 1 1 
1 0 F 0 0 # 0 0 0 1 
1 F 0 # H 0 0 F 0 1 
1 0 F 0 0 0 0 0 0 1 
1 0 1 1 1 0 0 0 0 1 
1 1 1 1 1 1 1 1 1 1 
r12 T11

Map10
1 1 1 1 1 1 1 G 1 1 
1 F 0 0 0 F F 0 0 1 
1 0 0 0 1 0 1 0 0 1 
S 0 0 0 0 0 0 0 0 1 
1 0 0 0 0 0 0 0 # 1 
1 # 1 F F 0 0 1 0 1 
1 0 0 0 0 0 # 0 0 1 
1 1 F 0 0 0 0 0 0 1 
1 0 1 0 0 0 # 0 0 1 
1 1 1 1 1 1 1 1 1 1 
L83 T10

Map10
1 1 1 G 1 S 1 1 1 1 
1 1 0 0 0 0 0 0 0 1 
1 0 0 1 1 0 0 0 0 1 
1 0 0 1 0 0 0 0 1 1 
1 0 # 0 0 0 0 0 0 1 
1 0 0 0 0 F 0 0 0 1 
1 0 0 0 # 0 0 0 H 1 
1 0 # F 0 0 0 1 0 1 
1 0 0 0 0 0 0 0 0 1 
1 1 1 1 1 1 1 1 1 1 
R41 T10

Map10
1 1 1 1 1 1 1 1 1 1 
G 0 0 1 0 0 F 0 # 1 
1 0 0 0 # 0 0 0 # 1 
1 0 0 H H 0 F 0 0 1 
1 0 0 F 1 0 1 0 0 1 
1 # 0 0 0 0 1 0 0 1 
1 1 F H 0 F 0 1 0 1 
S 0 1 0 1 0 1 # 0 1 
1 0 0 0 0 0 0 0 0 1 
1 1 1 1 1 1 1 1 1 1 
P83 T11

Map10
1 1 1 1 1 1 1 1 1 1 
1 0 0 0 0 0 1 0 1 1 
1 0 0 0 0 1 0 0 0 1 
S 0 0 F 1 0 F 0 0 1 
1 0 0 0 0 0 0 0 H 1 
1 1 0 0 0 0 F 0 0 1 
1 1 0 0 0 F 0 0 0 1 
G 0 1 F F 1 0 0 0 1 
1 0 0 0 0 0 # 0 1 1 
1 1 1 1 1 1 1 1 1 1 
U34 T12

Map10
1 1 1 G 1 1 1 S 1 1 
1 0 0 0 0 0 F 0 0 1 
1 F 0 F F 1 0 F 0 1 
1 0 0 0 0 0 0 # 0 1 
1 0 F 0 1 0 0 0 0 1 
1 0 0 0 F 0 0 F 0 1 
1 1 0 0 0 0 0 1 0 1 
1 F 0 0 0 0 0 0 0 1 
1 0 0 0 1 0 0 1 0 1 
1 1 1 1 1 1 1 1 1 1 
R65 T12

Map10
1 1 1 1 1 1 1 1 1 1 
1 # 0 F 0 1 0 F 1 1 
1 0 0 0 0 0 1 0 0 1 
1 0 0 0 0 0 # 0 F 1 
S F 1 1 F 0 0 0 0 1 
1 0 0 0 0 0 # 1 0 1 
G 0 0 0 0 0 # 0 0 1 
1 0 0 F 0 1 0 0 1 1 
1 # 1 # 0 0 0 # 0 1 
1 1 1 1 1 1 1 1 1 1 
U15 T10

Map10
1 1 1 1 1 1 1 1 1 1 
1 0 0 0 0 0 0 0 0 1 
1 0 0 0 0 1 0 # 0 1 
S F 0 0 0 0 0 0 0 1 
1 0 0 0 F # F 0 0 1 
G 0 0 # 0 0 F 0 1 1 
1 # 0 0 0 # 0 0 0 1 
1 1 0 0 0 0 0 0 0 1 
1 1 1 0 0 0 0 0 # 1 
1 1 1 1 1 1 1 1 1 1 
U14 T10

Map10
1 1 1 1 1 1 1 G 1 1 
1 0 1 0 F 0 H 0 1 1 
1 # 0 0 F H 0 F 0 1 
1 0 0 # 0 0 0 0 F 1 
1 1 0 # 0 # # 1 0 1 
1 # 0 0 H 0 F F 0 1 
1 0 0 0 F F 0 0 0 1 
S 0 0 0 1 0 0 0 0 1 
1 1 0 # 0 H 0 0 0 1 
1 1 1 1 1 1 1 1 1 1 
U73 T11

Map10
1 1 1 1 1 1 1 1 1 1 
1 0 0 1 0 0 F 0 0 1 
S 0 0 0 0 0 0 F 0 1 
1 H 0 0 0 0 0 0 0 1 
1 H 0 # 0 0 F F # 1 
1 F # 0 0 0 0 0 0 1 
1 # 0 0 0 0 0 0 0 1 
G 0 0 0 F 0 H # # 1 
1 0 0 0 0 0 H 0 1 1 
1 1 1 1 1 1 1 1 1 1 
P28 T11

Map10
1 1 1 1 1 S G 1 1 1 
1 1 0 0 0 0 0 # 0 1 
1 H 0 1 0 0 0 H 1 1 
1 0 0 0 1 0 0 0 1 1 
1 0 0 0 1 # F # 0 1 
1 # 0 0 # 0 0 F 0 1 
1 0 0 0 0 0 0 0 0 1 
1 1 0 0 0 # # 0 1 1 
1 # 0 0 1 # 0 0 0 1 
1 1 1 1 1 1 1 1 1 1 
p56 T14

Map10
1 1 1 1 1 1 1 1 1 1 
1 0 F 0 F 0 0 0 1 1 
1 0 0 1 0 0 F # 1 1 
1 F 0 0 0 0 # 1 1 1 
S 0 0 F 1 F 0 0 1 1 
1 0 # 0 F 0 # 0 1 1 
G 0 0 0 0 # 0 0 1 1 
1 0 F 0 # 0 0 0 1 1 
1 1 1 1 1 1 1 1 1 1 
1 1 1 1 1 1 1 1 1 1 
U15 T10

Map10
1 1 1 1 1 1 1 1 1 1 
1 0 0 F 0 1 0 0 1 1 
1 1 0 # # 0 0 0 1 1 
1 0 # 0 # 0 1 F 1 1 
1 0 0 0 H 0 0 0 1 1 
1 0 # H F 0 F 0 1 1 
1 0 0 0 0 0 0 0 1 1 
1 0 # 1 0 0 F 1 1 1 
1 1 S 1 1 1 G 1 1 1 
1 1 1 1 1 1 1 1 1 1 
U56 T10

Map10
1 1 1 1 1 1 1 1 1 1 
1 0 0 H 1 0 0 0 1 1 
1 0 F 0 # H 0 H 1 1 
1 0 F 0 0 1 1 0 1 1 
1 0 0 H 0 0 # 0 1 1 
1 # 0 H 0 0 H 0 G 1 
1 # 0 F 0 0 0 1 1 1 
1 1 0 0 0 0 0 0 1 1 
1 1 1 S 1 1 1 1 1 1 
1 1 1 1 1 1 1 1 1 1 
L47 T11

Map10
1 1 1 1 1 1 G 1 1 1 
1 1 # F 0 0 0 0 1 1 
1 1 F 0 0 1 0 0 0 1 
1 1 H 0 F # 0 0 0 1 
1 1 0 H # F H # 0 1 
1 1 0 0 0 0 0 F 1 1 
1 1 # 0 0 0 0 F 0 1 
1 1 0 0 0 F F 0 0 1 
1 1 1 S 1 1 1 1 1 1 
1 1 1 1 1 1 1 1 1 1 
L46 T10

Map10
1 1 1 1 1 1 1 1 1 1 
1 1 1 1 1 1 G 1 1 1 
1 1 F 1 0 0 0 H # 1 
1 S 0 0 1 0 0 0 0 1 
1 1 0 0 0 0 0 0 0 1 
1 1 F 0 0 0 0 0 1 1 
1 1 1 0 0 0 1 0 0 1 
1 1 # 0 0 0 # 1 F 1 
1 1 0 0 1 0 0 0 F 1 
1 1 1 1 1 1 1 1 1 1 
p54 T13

Map10
1 1 1 S G 1 1 1 1 1 
1 1 0 0 0 0 0 # 0 1 
1 1 0 0 0 0 0 0 0 1 
1 1 0 # F 0 1 0 0 1 
1 1 # 0 0 0 0 0 F 1 
1 1 0 0 F 1 F 0 1 1 
1 1 0 0 F 1 0 0 1 1 
1 1 F 1 0 0 1 0 1 1 
1 1 1 1 1 1 1 1 1 1 
1 1 1 1 1 1 1 1 1 1 
d51 T10

Map10
1 1 1 1 1 1 1 1 1 1 
1 1 1 1 1 1 1 1 1 1 
1 1 1 # 0 # 0 0 # 1 
1 1 0 0 0 0 0 0 # 1 
1 1 0 0 0 H # # 0 1 
1 G 0 0 1 1 H 1 # 1 
1 S 0 0 0 0 1 0 # 1 
1 1 0 H 0 H 0 1 1 1 
1 1 0 0 0 F 0 F F 1 
1 1 1 1 1 1 1 1 1 1 
l36 T11

Map10
1 1 1 1 1 1 1 1 1 1 
1 1 1 1 1 1 1 G 1 1 
1 1 0 0 0 # F 0 1 1 
1 0 0 0 0 0 0 1 1 1 
1 F 0 1 0 1 0 0 1 1 
S # # 0 # 0 0 0 1 1 
1 # 0 0 1 0 # 0 1 1 
1 # 0 0 0 0 0 0 1 1 
1 # 0 0 1 0 0 0 1 1 
1 1 1 1 1 1 1 1 1 1 
L35 T10

Map10
1 1 1 1 1 1 1 1 1 1 
1 1 1 1 1 1 1 1 1 1 
1 1 0 F # 0 0 0 S 1 
1 0 # 0 F 0 1 0 G 1 
1 0 0 0 1 0 0 0 1 1 
1 0 0 1 0 0 F 0 1 1 
1 1 0 0 # 0 0 1 1 1 
1 0 0 0 0 0 0 0 1 1 
1 # # 0 # 1 0 0 1 1 
1 1 1 1 1 1 1 1 1 1 
L74 T12

Map10
1 1 1 1 1 1 1 1 1 1 
1 1 1 1 S 1 1 1 1 1 
1 1 0 0 0 H 0 0 G 1 
1 0 0 0 0 0 F 0 1 1 
1 0 # 0 H 0 F 0 1 1 
1 0 1 0 H 0 0 0 1 1 
1 F 0 0 0 0 0 0 1 1 
1 0 0 1 0 0 H 0 1 1 
1 0 H 0 0 0 0 0 1 1 
1 1 1 1 1 1 1 1 1 1 
P43 T10

Map10
1 1 1 1 1 1 1 1 1 1 
1 1 1 1 1 1 1 G 1 1 
1 1 0 0 1 # 0 0 1 1 
1 0 0 0 0 0 F 1 1 1 
S 0 0 0 0 0 0 0 1 1 
1 0 0 0 # 1 1 0 1 1 
1 0 # 1 0 F 0 0 1 1 
1 1 0 # 0 0 0 # 1 1 
1 0 # 0 0 0 0 # 1 1 
1 1 1 1 1 1 1 1 1 1 
L44 T10

Map10
1 1 1 1 1 1 1 1 1 1 
1 1 1 1 1 1 1 1 1 1 
1 0 0 0 # 0 0 0 1 1 
1 0 1 1 0 0 0 # 1 1 
S 0 F 1 0 0 0 0 1 1 
1 0 0 0 0 # 0 1 1 1 
G 0 1 0 0 0 0 0 1 1 
1 # 0 0 0 0 0 0 1 1 
1 1 0 F 0 0 1 0 1 1 
1 1 1 1 1 1 1 1 1 1 
U15 T10

Map10
1 1 1 1 1 1 1 1 1 1 
1 0 1 0 0 0 0 0 1 1 
1 0 F 0 0 0 0 F 1 1 
1 0 0 0 # 0 H 0 1 1 
1 0 0 F 0 1 0 0 G 1 
1 0 0 1 0 0 1 0 1 1 
S 0 0 0 0 0 0 0 1 1 
1 0 0 0 0 1 0 0 1 1 
1 1 1 1 1 1 1 1 1 1 
1 1 1 1 1 1 1 1 1 1 
D75 T10

Map10
1 1 1 1 1 1 1 1 1 1 
1 1 1 1 S 1 1 1 1 1 
1 0 # 0 0 # F 0 1 1 
1 0 0 0 0 1 F 0 1 1 
1 0 F 0 0 # F 0 1 1 
1 0 0 1 1 0 1 1 1 1 
1 0 0 1 # F # F G 1 
1 H 0 # H 0 0 0 1 1 
1 F 0 # 0 1 0 0 1 1 
1 1 1 1 1 1 1 1 1 1 
P44 T11

Map10
1 1 1 1 1 1 1 1 1 1 
1 1 1 1 1 G 1 1 1 1 
1 F 0 F 0 0 0 0 S 1 
1 1 1 # # 0 0 0 1 1 
1 1 # 0 0 1 0 0 1 1 
1 0 0 1 0 0 1 0 1 1 
1 # 0 0 0 1 0 # 1 1 
1 0 # 0 F 0 0 0 1 1 
1 0 # # 0 0 0 0 1 1 
1 1 1 1 1 1 1 1 1 1 
R62 T10

Map10
1 1 1 1 1 1 1 1 1 1 
1 1 F 0 0 1 0 0 0 1 
1 1 0 0 F # # 0 0 1 
1 1 1 0 H 0 F H 0 1 
1 1 1 F 0 F F 0 1 1 
1 1 # 0 0 0 # 0 1 1 
1 1 0 0 0 F 0 0 F 1 
1 1 # # # 0 0 0 0 1 
1 1 1 1 G S 1 1 1 1 
1 1 1 1 1 1 1 1 1 1 
r55 T10

Map10
1 1 1 1 1 1 1 1 1 1 
1 1 1 S G 1 1 1 1 1 
1 0 0 0 0 0 0 1 1 1 
1 0 0 0 0 0 0 # 1 1 
1 0 0 # H 0 0 F 1 1 
1 F 0 F # H # 0 1 1 
1 0 0 0 F 0 0 F 1 1 
1 0 0 0 # # 0 0 1 1 
1 0 0 0 0 H 0 0 1 1 
1 1 1 1 1 1 1 1 1 1 
u33 T10

Map10
1 1 1 1 1 1 1 1 1 1 
1 1 1 1 1 G 1 1 1 1 
1 1 0 0 0 0 0 1 0 1 
1 S F 0 0 # # 0 0 1 
1 1 # 0 0 # 0 0 0 1 
1 1 0 0 0 1 0 0 0 1 
1 1 0 0 0 # 0 0 0 1 
1 1 0 0 # 0 0 0 0 1 
1 1 0 0 0 0 1 # 0 1 
1 1 1 1 1 1 1 1 1 1 
P43 T10

Map10
1 1 1 1 G 1 1 1 1 1 
1 1 1 1 0 0 0 0 1 1 
1 S 0 0 0 F 0 F F 1 
1 1 0 F 0 0 0 0 1 1 
1 1 F 0 0 0 # 0 0 1 
1 1 0 1 0 0 0 0 0 1 
1 1 0 0 F 0 F 0 1 1 
1 1 0 1 0 0 0 0 0 1 
1 1 1 1 1 1 1 1 1 1 
1 1 1 1 1 1 1 1 1 1 
P42 T10

Map10
1 1 1 1 1 1 S 1 1 1 
1 G 0 1 0 0 F F # 1 
1 1 0 0 F 0 0 0 F 1 
1 1 F 0 0 0 # 0 0 1 
1 1 # 0 F 0 1 0 F 1 
1 1 # 1 0 0 0 0 0 1 
1 1 0 0 0 0 1 0 0 1 
1 1 0 0 0 0 0 1 # 1 
1 1 1 1 1 1 1 1 1 1 
1 1 1 1 1 1 1 1 1 1 
l85 T10

Map10
1 1 G 1 1 1 1 1 1 1 
1 0 0 0 0 0 0 1 1 1 
1 1 0 0 0 0 # 0 1 1 
1 0 0 0 0 F 0 1 1 1 
1 0 0 0 0 H 0 0 1 1 
1 H 0 1 0 0 0 0 1 1 
S 0 0 F 0 0 1 # 1 1 
1 0 1 0 0 0 0 0 1 1 
1 1 1 1 1 1 1 1 1 1 
1 1 1 1 1 1 1 1 1 1 
D63 T11

Map10
1 1 1 1 1 1 1 1 1 1 
1 0 0 0 1 # 1 0 S 1 
1 0 0 0 0 0 # 0 1 1 
1 0 0 0 0 0 0 0 1 1 
1 0 0 0 0 0 0 0 1 1 
G 0 1 0 0 0 0 0 1 1 
1 F 0 0 0 0 0 0 1 1 
1 0 0 0 0 1 0 # 1 1 
1 1 1 1 1 1 1 1 1 1 
1 1 1 1 1 1 1 1 1 1 
U14 T11

Map10
1 1 1 1 1 1 1 1 1 1 
1 1 1 1 1 1 1 1 1 1 
1 0 1 0 0 # F 0 1 1 
1 0 0 0 F 0 0 0 1 1 
1 0 0 1 0 0 0 0 1 1 
1 1 0 0 1 0 1 0 S 1 
1 0 0 0 0 1 0 0 G 1 
1 # 0 0 1 0 0 0 1 1 
1 0 0 0 0 0 0 F 1 1 
1 1 1 1 1 1 1 1 1 1 
U68 T12

Map10
1 1 1 1 1 1 1 1 1 1 
S 0 0 # 0 0 # 0 1 1 
1 0 0 0 0 1 # 0 1 1 
1 # 0 0 0 0 0 0 1 1 
G 0 0 0 0 0 0 1 1 1 
1 # 0 0 0 0 0 0 1 1 
1 0 0 # 0 0 0 0 1 1 
1 0 1 0 0 0 0 0 1 1 
1 1 1 1 1 1 1 1 1 1 
1 1 1 1 1 1 1 1 1 1 
p33 T10

Map10
1 1 1 1 1 G 1 1 1 1 
1 1 # F 0 0 0 1 F 1 
1 1 0 0 0 F 0 0 0 1 
1 1 0 0 0 0 # 0 0 1 
1 1 1 0 1 0 0 0 1 1 
1 1 0 0 0 F 0 0 0 1 
1 1 0 0 0 0 0 0 H 1 
1 1 F F # 0 0 F F 1 
1 1 S 1 1 1 1 1 1 1 
1 1 1 1 1 1 1 1 1 1 
p65 T12

Map10
1 1 1 1 1 1 1 1 1 1 
1 1 1 1 1 1 G S 1 1 
1 1 0 F 0 H F # 0 1 
1 1 0 0 0 0 0 0 0 1 
1 1 1 0 0 0 0 0 0 1 
1 1 0 0 0 1 F F 0 1 
1 1 0 0 1 0 H 0 0 1 
1 1 0 0 0 0 0 0 0 1 
1 1 0 # 0 0 F 0 1 1 
1 1 1 1 1 1 1 1 1 1 
P73 T11

Map10
1 1 1 1 1 1 1 1 1 1 
1 1 1 G 1 1 1 1 1 1 
1 0 # 0 # 0 0 0 1 1 
S # 0 0 0 0 F 0 1 1 
1 0 0 0 0 # 0 H 1 1 
1 0 0 0 # F F 0 1 1 
1 0 0 0 # 0 0 0 1 1 
1 0 0 F 0 0 0 1 1 1 
1 # # 1 0 0 0 F 1 1 
1 1 1 1 1 1 1 1 1 1 
p26 T11

Map10
1 1 1 1 1 1 1 1 1 1 
1 1 1 1 S 1 1 1 1 1 
1 0 0 0 0 0 0 0 1 1 
1 0 0 0 0 0 0 0 1 1 
1 0 1 0 H 0 0 1 1 1 
1 0 0 0 1 0 0 0 1 1 
1 0 0 H 0 0 0 0 1 1 
G 0 0 0 0 0 0 0 1 1 
1 # 0 1 0 0 0 1 1 1 
1 1 1 1 1 1 1 1 1 1 
P43 T10

Map10
1 1 1 1 1 1 1 1 1 1 
1 1 1 1 1 1 G 1 1 1 
S 0 0 0 0 0 0 0 1 1 
1 0 0 0 0 0 0 0 1 1 
1 # 0 # 0 1 1 0 1 1 
1 0 0 1 0 0 0 0 1 1 
1 0 # 0 0 0 0 1 1 1 
1 0 0 0 1 0 0 1 1 1 
1 1 0 H # # H 0 1 1 
1 1 1 1 1 1 1 1 1 1 
L52 T10

Map10
1 1 1 1 1 1 1 1 1 1 
1 1 1 1 1 G 1 1 1 1 
1 S 0 0 0 0 0 0 0 1 
1 1 0 0 1 # # 0 0 1 
1 1 1 0 0 0 0 H # 1 
1 1 1 0 0 0 0 0 1 1 
1 1 # 0 0 0 0 1 0 1 
1 1 # 0 # 0 0 F F 1 
1 1 0 1 0 0 0 1 0 1 
1 1 1 1 1 1 1 1 1 1 
L42 T10

Map10
1 1 1 1 1 1 1 1 1 1 
1 1 1 1 1 1 1 1 1 1 
1 0 1 0 1 0 0 0 1 1 
1 0 0 0 0 0 0 0 1 1 
G 0 0 0 F 1 H 0 1 1 
1 0 0 0 0 0 0 1 1 1 
S 0 1 0 0 F H 0 1 1 
1 0 0 0 0 0 1 0 1 1 
1 0 0 1 0 F 1 # 1 1 
1 1 1 1 1 1 1 1 1 1 
D15 T10

Map10
1 1 1 1 1 1 1 1 1 1 
1 0 # 1 0 0 # 0 1 1 
1 0 0 F 0 0 0 1 1 1 
1 1 0 0 F 0 0 0 1 1 
1 # 0 0 0 F F F G 1 
1 # 0 0 # 0 F 0 1 1 
1 0 0 F 0 # 0 0 1 1 
1 1 0 0 0 0 0 0 1 1 
1 1 1 1 S 1 1 1 1 1 
1 1 1 1 1 1 1 1 1 1 
P46 T12

Map10
1 1 1 1 G 1 1 S 1 1 
1 0 1 0 0 0 1 0 1 1 
1 1 0 F # 0 0 0 1 1 
1 0 0 0 0 0 0 0 1 1 
1 0 0 1 0 F 0 0 1 1 
1 0 1 1 # F 0 F 1 1 
1 0 F 0 # 0 0 0 1 1 
1 0 1 0 1 F 0 0 1 1 
1 1 1 1 1 1 1 1 1 1 
1 1 1 1 1 1 1 1 1 1 
P73 T11

Map10
1 1 1 1 1 1 1 1 1 1 
1 1 1 G 1 S 1 1 1 1 
1 0 0 F 0 0 0 1 1 1 
1 0 0 # 0 0 0 0 1 1 
1 1 0 1 0 0 0 0 1 1 
1 0 F 0 H 0 0 0 1 1 
1 0 0 # 0 0 # 0 1 1 
1 0 0 0 0 0 0 # 1 1 
1 0 0 1 0 0 0 1 1 1 
1 1 1 1 1 1 1 1 1 1 
R43 T10

Map10
1 1 1 1 1 1 1 1 1 1 
1 1 1 1 1 1 1 1 1 1 
1 0 H 1 # F # 1 1 1 
1 H 0 # 0 1 0 # S 1 
G 0 0 F 0 0 1 0 1 1 
1 0 0 0 0 F 0 1 1 1 
1 0 1 H 0 0 0 # 1 1 
1 0 0 # 0 1 F # 1 1 
1 0 0 0 0 0 0 0 1 1 
1 1 1 1 1 1 1 1 1 1 
U56 T10

Map10
1 1 1 1 1 1 1 1 1 1 
1 1 1 1 1 1 1 G 1 1 
S 0 # 0 0 H 0 0 1 1 
1 # 0 0 0 0 0 1 1 1 
1 F 0 1 # 0 1 0 1 1 
1 0 1 0 0 0 0 F 1 1 
1 0 0 1 0 0 0 0 1 1 
1 1 0 0 0 0 0 0 1 1 
1 0 0 0 0 1 0 F 1 1 
1 1 1 1 1 1 1 1 1 1 
L42 T10

Map10
1 1 1 1 1 1 1 1 1 1 
1 1 1 1 1 1 1 1 1 1 
1 1 0 0 0 0 # F 0 1 
1 1 0 0 1 0 F 0 0 1 
1 1 # 0 0 0 F 0 1 1 
1 S 0 0 0 0 # 0 0 1 
1 1 H H 0 # 0 1 0 1 
1 G # F F 0 # 0 1 1 
1 1 0 H 0 # 1 1 0 1 
1 1 1 1 1 1 1 1 1 1 
L55 T11

Map10
1 1 1 1 1 1 1 1 1 1 
1 1 1 1 1 1 1 G 1 1 
1 0 1 1 0 0 0 F 1 1 
1 0 1 0 0 H 0 0 1 1 
1 0 0 0 0 0 0 0 1 1 
1 1 # # 0 0 0 H 1 1 
S 0 0 0 0 H 0 H 1 1 
1 0 0 1 0 0 0 0 1 1 
1 0 0 0 0 0 0 1 1 1 
1 1 1 1 1 1 1 1 1 1 
L46 T10

Map10
1 1 1 1 1 G 1 1 1 1 
1 1 0 0 # 0 0 0 0 1 
1 1 0 0 0 0 0 0 0 1 
1 1 0 0 0 H 0 0 0 1 
1 1 1 0 1 0 0 # 0 1 
1 1 1 0 0 0 F 0 0 1 
1 1 0 0 0 0 0 0 0 1 
1 1 0 0 0 1 0 F 1 1 
1 1 1 1 1 1 1 S 1 1 
1 1 1 1 1 1 1 1 1 1 
R61 T10

Map10
1 1 1 1 1 1 1 1 1 1 
1 1 1 1 1 1 1 1 1 1 
1 0 0 1 F 0 0 0 1 1 
1 0 0 0 0 F 0 F 1 1 
1 1 0 0 0 # 0 0 1 1 
S # 0 1 0 0 0 0 G 1 
1 0 0 0 0 0 0 0 1 1 
1 0 0 0 0 F 0 0 1 1 
1 F 1 # 0 0 0 0 1 1 
1 1 1 1 1 1 1 1 1 1 
D76 T10

Map10
1 1 1 1 1 1 1 1 1 1 
1 1 0 0 0 0 0 F 1 1 
1 1 0 0 1 0 1 0 0 1 
1 G 0 0 1 0 0 0 0 1 
1 1 1 0 0 0 # 0 0 1 
1 1 0 F F 0 0 0 0 1 
1 1 0 0 F # 1 # 0 1 
1 1 1 0 0 1 0 0 # 1 
1 1 1 1 1 1 1 S 1 1 
1 1 1 1 1 1 1 1 1 1 
D74 T10

Map10
1 1 1 1 1 1 1 1 1 1 
1 1 1 1 1 1 1 1 1 1 
1 0 0 # 0 0 0 F 1 1 
1 0 0 0 0 0 0 0 1 1 
1 1 0 F 0 1 0 0 G 1 
1 0 0 0 # 1 F 0 1 1 
1 # # H # 0 # 0 S 1 
1 0 0 0 0 1 0 0 1 1 
1 0 F 0 F 0 0 # 1 1 
1 1 1 1 1 1 1 1 1 1 
D75 T10

Map10
1 1 1 1 1 1 1 1 1 1 
1 1 1 1 1 1 1 G 1 1 
1 0 0 0 0 0 H 0 1 1 
1 1 H F F 0 0 0 1 1 
1 0 0 0 0 0 1 0 1 1 
1 0 H 0 0 0 1 1 1 1 
1 0 0 0 # # 0 H 1 1 
S F 0 0 1 0 0 0 1 1 
1 1 # 1 0 0 0 0 1 1 
1 1 1 1 1 1 1 1 1 1 
P52 T10

Map10
1 1 1 1 1 1 1 1 1 1 
1 S # 0 # # 0 # 0 1 
1 1 0 0 F 0 0 0 0 1 
1 1 1 H # F 0 # 0 1 
1 1 0 0 1 0 0 0 H 1 
1 1 # 0 0 0 0 0 # 1 
1 1 0 0 F H 0 0 0 1 
1 1 0 0 0 0 0 0 0 1 
1 1 1 G 1 1 1 1 1 1 
1 1 1 1 1 1 1 1 1 1 
L61 T10

Map10
1 1 1 S 1 1 1 1 1 1 
1 1 0 0 0 0 0 0 # 1 
1 1 0 0 1 0 0 0 0 1 
1 1 0 0 0 0 # H 1 1 
1 1 1 0 0 0 # 0 0 1 
1 1 0 0 1 0 0 0 0 1 
1 1 0 0 0 1 0 # 0 1 
1 1 0 0 0 0 0 0 # 1 
1 1 1 1 1 G 1 1 1 1 
1 1 1 1 1 1 1 1 1 1 
L47 T12

Map10
1 1 1 1 1 1 1 1 1 1 
1 0 0 0 0 0 0 0 1 1 
1 0 0 0 0 1 0 0 1 1 
1 0 1 1 0 0 1 0 1 1 
1 # 0 # 0 0 0 1 1 1 
1 0 0 0 0 0 0 # 1 1 
1 1 0 # 0 0 0 # G 1 
1 0 0 0 0 0 # # 1 1 
1 1 1 1 1 1 S 1 1 1 
1 1 1 1 1 1 1 1 1 1 
p47 T14

Map10
1 1 1 1 1 1 1 1 1 1 
1 1 1 1 1 1 S 1 1 1 
1 1 H 0 0 0 0 0 1 1 
1 G 0 0 F 1 0 0 0 1 
1 1 0 0 0 1 F 0 # 1 
1 1 # 0 0 0 0 0 1 1 
1 1 0 0 0 0 0 1 1 1 
1 1 1 0 0 0 0 H 0 1 
1 1 0 H 1 # 0 # F 1 
1 1 1 1 1 1 1 1 1 1 
P32 T10

Map10
1 1 1 1 1 1 1 1 1 1 
1 S 0 0 0 0 0 0 0 1 
1 1 0 0 0 0 # 1 0 1 
1 1 1 0 1 0 F 0 1 1 
1 1 0 # 1 # 0 # 0 1 
1 1 1 0 1 0 # # # 1 
1 1 0 0 0 0 0 0 0 1 
1 1 # 0 0 1 0 0 F 1 
1 1 1 1 1 1 1 G 1 1 
1 1 1 1 1 1 1 1 1 1 
p64 T10

Map10
1 1 1 1 1 1 1 1 1 1 
1 1 1 1 G S 1 1 1 1 
1 0 0 0 0 0 1 0 1 1 
1 0 0 1 0 1 0 0 1 1 
1 1 0 0 0 # 0 1 1 1 
1 0 0 0 0 F 0 0 1 1 
1 0 0 0 0 0 0 0 1 1 
1 1 0 0 1 F 0 0 1 1 
1 0 0 0 0 0 0 1 1 1 
1 1 1 1 1 1 1 1 1 1 
R56 T12

Map10
1 1 1 1 1 1 1 1 1 1 
1 1 1 G 1 1 1 1 1 1 
1 0 0 0 H 1 0 0 1 1 
1 0 H 0 0 0 0 0 1 1 
1 # 0 0 0 0 0 1 1 1 
1 0 0 0 0 # 1 0 1 1 
1 F # 1 1 # 0 0 1 1 
S 0 0 1 0 1 0 1 1 1 
1 H 0 0 0 0 0 0 1 1 
1 1 1 1 1 1 1 1 1 1 
P24 T10

Map10
1 1 1 1 1 1 1 1 1 1 
1 1 1 1 1 1 1 G 1 1 
1 S 0 0 0 # 0 0 0 1 
1 1 0 0 1 0 0 # 0 1 
1 1 1 0 0 0 0 0 0 1 
1 1 0 0 0 0 0 0 0 1 
1 1 0 0 H 0 0 0 0 1 
1 1 H # 0 0 0 1 0 1 
1 1 # 1 0 0 0 0 0 1 
1 1 1 1 1 1 1 1 1 1 
L62 T10

Map10
1 1 1 1 1 1 1 1 1 1 
1 1 1 1 1 1 1 S 1 1 
1 1 0 1 0 0 0 0 0 1 
1 1 F # 0 F 0 1 0 1 
1 1 0 0 0 0 0 0 F 1 
1 1 0 0 F 1 # 0 0 1 
1 1 1 0 # 0 0 # F 1 
1 G 0 F 0 # 0 0 F 1 
1 1 1 # # 0 0 0 0 1 
1 1 1 1 1 1 1 1 1 1 
p68 T11

Map10
1 1 1 1 1 S 1 1 1 1 
1 1 0 # 0 0 0 0 1 1 
1 1 F 0 0 1 0 0 F 1 
1 1 0 # F 0 0 0 1 1 
1 1 1 1 # 1 0 0 0 1 
1 1 0 0 F 0 0 0 0 1 
1 1 0 # # 0 0 1 0 1 
1 1 0 H 0 0 0 0 0 1 
1 1 1 1 1 G 1 1 1 1 
1 1 1 1 1 1 1 1 1 1 
p65 T12

Map10
1 1 1 1 G 1 1 1 1 1 
1 # 1 0 0 0 0 0 1 1 
1 0 # # 0 0 0 0 1 1 
1 0 # # 0 0 0 0 1 1 
1 F 0 1 F 0 0 F 1 1 
1 0 0 F 0 0 0 0 1 1 
1 0 F 0 # 0 1 0 1 1 
1 F 0 # 0 1 0 0 1 1 
1 S 1 1 1 1 1 1 1 1 
1 1 1 1 1 1 1 1 1 1 
p13 T10

Map10
1 1 1 1 1 1 1 1 1 1 
1 1 1 G S 1 1 1 1 1 
1 1 1 0 0 0 H 0 0 1 
1 1 0 0 # 0 1 0 0 1 
1 1 0 1 F 0 0 0 0 1 
1 1 1 0 0 0 0 0 0 1 
1 1 1 0 0 0 0 0 1 1 
1 1 0 0 0 1 H 0 # 1 
1 1 1 0 0 0 0 H 0 1 
1 1 1 1 1 1 1 1 1 1 
p45 T10

Map10
1 1 1 1 1 1 1 1 1 1 
1 1 1 G S 1 1 1 1 1 
1 0 0 0 # 0 # 1 1 1 
1 0 F 0 1 0 0 # 1 1 
1 0 0 0 F F 1 0 1 1 
1 0 0 # F 0 1 0 1 1 
1 0 1 0 0 F 1 0 1 1 
1 0 F 0 0 0 # 0 1 1 
1 F 0 0 1 0 0 1 1 1 
1 1 1 1 1 1 1 1 1 1 
r12 T10

Map10
1 1 1 1 1 1 1 1 1 1 
1 1 S 1 1 1 1 1 1 1 
1 0 F 0 0 F 0 0 1 1 
1 0 0 0 F 0 0 0 1 1 
1 0 0 0 0 0 0 0 1 1 
1 1 1 1 0 0 0 1 1 1 
1 0 0 F 0 F 0 0 1 1 
G # 0 # 0 0 0 0 1 1 
1 0 0 0 0 F F 1 1 1 
1 1 1 1 1 1 1 1 1 1 
L32 T11

Map10
1 1 1 1 1 1 1 1 1 1 
1 H 0 0 0 1 0 0 1 1 
1 # 0 0 0 0 0 # 1 1 
1 0 0 0 0 0 1 0 S 1 
1 0 0 1 0 1 1 1 1 1 
1 0 0 0 0 0 0 # 1 1 
G 0 1 0 0 0 # 0 1 1 
1 # # 0 # 0 0 0 1 1 
1 1 1 1 1 1 1 1 1 1 
1 1 1 1 1 1 1 1 1 1 
R15 T12

Map10
1 1 1 1 1 1 1 1 1 1 
1 H 0 # 0 0 1 0 G 1 
1 H 0 0 0 0 0 0 1 1 
1 0 F # H 0 0 0 1 1 
1 0 0 0 0 0 0 0 1 1 
1 1 # # 0 0 0 1 1 1 
1 H # # 0 H H 0 1 1 
1 0 0 # 0 1 0 # 1 1 
1 1 1 S 1 1 1 1 1 1 
1 1 1 1 1 1 1 1 1 1 
r34 T10

Map10
1 1 1 1 1 1 1 1 1 1 
1 0 F 1 0 0 0 0 1 1 
1 1 0 0 0 # F 0 1 1 
1 0 F 0 0 H 0 0 1 1 
1 0 F 0 0 0 0 0 1 1 
1 0 H 0 0 0 0 0 1 1 
1 0 F 0 1 1 0 0 1 1 
1 0 0 F 0 0 0 0 1 1 
1 1 1 G S 1 1 1 1 1 
1 1 1 1 1 1 1 1 1 1 
p43 T10

Map10
1 1 1 1 1 1 1 1 1 1 
1 1 1 1 1 1 1 S 1 1 
1 # 1 0 # 0 0 0 1 1 
1 0 0 0 0 0 # 0 1 1 
1 0 F F 0 # # 0 1 1 
G 0 0 0 0 0 0 0 1 1 
1 0 F 0 F 0 0 0 1 1 
1 0 0 # 0 0 0 0 1 1 
1 1 # 0 1 0 0 0 1 1 
1 1 1 1 1 1 1 1 1 1 
U74 T10

Map10
1 S 1 1 1 G 1 1 1 1 
1 0 F 0 1 # 0 0 1 1 
1 0 0 0 0 0 0 0 1 1 
1 F 0 0 0 F H H 1 1 
1 0 F 0 0 F 0 F 1 1 
1 F 0 0 0 H 0 F 1 1 
1 0 0 0 0 H 0 # 1 1 
1 0 0 1 0 1 0 0 1 1 
1 1 1 1 1 1 1 1 1 1 
1 1 1 1 1 1 1 1 1 1 
R12 T10

Map10
1 1 1 1 1 1 1 G 1 1 
1 S 0 0 0 0 0 0 0 1 
1 1 0 0 0 0 0 0 0 1 
1 1 0 0 F 0 0 0 0 1 
1 1 0 0 0 0 0 H F 1 
1 1 0 1 H # 0 0 0 1 
1 1 0 0 0 0 1 0 0 1 
1 1 0 0 1 0 0 F 0 1 
1 1 1 1 1 1 1 1 1 1 
1 1 1 1 1 1 1 1 1 1 
L61 T10

Map10
1 S 1 1 1 1 1 1 1 1 
1 0 # 0 0 0 F 0 1 1 
1 0 0 0 0 0 0 # 1 1 
1 0 0 0 0 0 0 1 1 1 
1 # 1 1 0 0 # 0 G 1 
1 # 0 0 0 # 0 0 1 1 
1 H 0 0 0 1 0 0 1 1 
1 0 0 # 0 H # 0 1 1 
1 1 1 1 1 1 1 1 1 1 
1 1 1 1 1 1 1 1 1 1 
P12 T10

Map10
1 1 1 1 1 1 1 1 1 1 
1 1 G 1 1 1 1 1 1 1 
1 0 0 0 # 0 # 0 S 1 
1 0 0 0 1 1 0 0 1 1 
1 # 1 0 0 1 0 1 1 1 
1 H 0 1 0 0 0 # 1 1 
1 0 F 0 0 0 0 0 1 1 
1 H 0 0 F H 0 0 1 1 
1 1 # 0 0 0 1 0 1 1 
1 1 1 1 1 1 1 1 1 1 
R32 T14

Map10
1 1 1 1 1 1 1 1 1 1 
1 1 1 1 1 1 1 S 1 1 
1 0 # 0 0 F 0 0 1 1 
1 0 F # 0 F F 0 1 1 
1 0 0 0 1 0 H 0 1 1 
1 0 0 F 0 0 0 1 1 1 
1 F 0 F 0 # # 1 1 1 
1 # 1 # # 0 1 0 G 1 
1 1 0 1 0 0 0 0 1 1 
1 1 1 1 1 1 1 1 1 1 
D32 T10

Map10
1 1 1 1 1 1 1 1 1 1 
1 1 1 1 1 1 1 1 1 1 
1 0 F 0 # 0 0 F 1 1 
1 0 F 0 1 0 0 # G 1 
1 1 0 0 F 0 0 0 1 1 
1 0 F 0 1 0 0 0 1 1 
S 0 0 0 0 1 0 0 1 1 
1 0 F 0 0 0 0 0 1 1 
1 0 0 0 0 1 0 0 1 1 
1 1 1 1 1 1 1 1 1 1 
P62 T12

Map10
1 1 1 1 1 1 1 1 1 1 
1 1 1 1 1 1 G 1 1 1 
1 0 F # 0 1 0 0 1 1 
1 0 0 F 0 0 0 0 1 1 
1 1 0 0 0 0 H # 1 1 
1 0 0 # 0 0 0 1 1 1 
S 0 0 0 0 0 0 0 1 1 
1 0 0 0 H F 0 F 1 1 
1 0 0 0 1 H # # 1 1 
1 1 1 1 1 1 1 1 1 1 
L46 T12

Map10
1 1 1 1 1 1 1 1 1 1 
1 0 # 0 H 0 0 0 1 1 
1 0 0 0 H 0 0 0 1 1 
1 0 H 0 H 1 0 0 1 1 
S # 0 0 0 H H 1 1 1 
1 0 # 0 0 1 0 0 1 1 
1 # 0 0 # 0 # 0 1 1 
1 0 0 # 1 0 0 0 1 1 
1 1 1 1 1 G 1 1 1 1 
1 1 1 1 1 1 1 1 1 1 
L34 T10

Map10
1 1 1 G 1 S 1 1 1 1 
1 1 0 0 0 0 0 0 0 1 
1 1 0 0 0 0 0 0 0 1 
1 1 0 H 0 F 0 0 0 1 
1 1 0 0 0 1 0 1 0 1 
1 1 0 0 0 0 0 0 0 1 
1 1 0 0 0 1 0 # 0 1 
1 1 1 0 0 0 0 0 1 1 
1 1 1 1 1 1 1 1 1 1 
1 1 1 1 1 1 1 1 1 1 
R41 T10

Map10
1 1 1 1 1 G 1 1 1 1 
1 1 1 0 F 0 0 0 0 1 
1 1 0 0 0 F 0 0 F 1 
1 S 0 1 0 0 1 0 0 1 
1 1 0 H 0 0 0 0 0 1 
1 1 0 0 0 0 0 0 0 1 
1 1 0 # 0 0 F 0 F 1 
1 1 0 1 0 # 0 0 0 1 
1 1 1 1 1 1 1 1 1 1 
1 1 1 1 1 1 1 1 1 1 
P42 T10

Map10
1 1 1 1 1 1 1 1 1 1 
1 0 # 0 0 0 0 0 1 1 
1 0 0 0 0 0 1 0 S 1 
1 0 1 0 1 1 F 0 1 1 
1 1 0 0 # 0 0 0 1 1 
1 0 # 1 0 # 0 H 1 1 
1 0 # 0 0 0 0 0 1 1 
1 0 1 H # 0 1 0 G 1 
1 1 1 1 1 1 1 1 1 1 
1 1 1 1 1 1 1 1 1 1 
D31 T10

Map10
1 1 1 1 1 1 1 1 1 1 
1 1 0 0 0 0 0 0 # 1 
1 1 H H 0 0 0 0 H 1 
1 1 # 0 # 0 1 # 0 1 
1 1 0 0 0 0 0 0 1 1 
1 S 0 # # 1 0 0 0 1 
1 1 0 0 0 F 0 0 0 1 
1 1 0 0 H # 0 0 0 1 
1 1 1 1 1 1 G 1 1 1 
1 1 1 1 1 1 1 1 1 1 
r44 T10

Map10
1 1 1 1 1 1 1 1 1 1 
1 1 1 G 1 S 1 1 1 1 
1 0 F 0 0 0 0 H 1 1 
1 0 0 0 0 0 0 0 1 1 
1 1 0 0 # F 0 0 1 1 
1 0 0 0 0 F 0 1 1 1 
1 0 0 F 0 0 0 0 1 1 
1 0 0 H 0 H H 0 1 1 
1 1 0 0 0 0 0 0 1 1 
1 1 1 1 1 1 1 1 1 1 
R43 T14

Map10
1 1 1 1 1 1 1 1 1 1 
1 1 1 1 1 1 1 1 1 1 
1 0 # 1 F 1 0 0 1 1 
1 H # 0 F 0 # # 1 1 
1 0 0 0 0 0 0 F G 1 
S 0 1 F 1 0 0 0 1 1 
1 0 F 0 0 0 0 0 1 1 
1 0 0 0 F 0 1 F 1 1 
1 0 0 0 1 0 F 0 1 1 
1 1 1 1 1 1 1 1 1 1 
p53 T12

Map10
1 1 1 1 G 1 1 1 1 1 
1 1 0 0 0 0 # 0 1 1 
1 0 0 0 0 0 0 0 1 1 
1 0 0 0 1 0 0 1 1 1 
1 1 1 0 0 1 0 # 1 1 
1 0 0 0 0 0 0 0 1 1 
1 0 0 1 0 1 # 0 1 1 
1 0 0 0 0 0 0 0 S 1 
1 1 1 1 1 1 1 1 1 1 
1 1 1 1 1 1 1 1 1 1 
R51 T12

Map10
1 1 1 1 1 1 1 1 1 1 
1 1 1 1 1 S 1 1 1 1 
1 1 0 0 0 0 0 0 0 1 
1 1 0 F # # 0 0 1 1 
1 1 0 0 0 0 F 0 0 1 
1 1 1 0 0 0 1 0 F 1 
1 1 0 0 0 0 0 # 1 1 
1 G 0 0 0 0 0 0 0 1 
1 1 0 0 0 F 1 # 0 1 
1 1 1 1 1 1 1 1 1 1 
U54 T12

Map10
1 1 1 1 1 1 G 1 1 1 
1 # 0 0 0 1 0 H 1 1 
1 1 0 0 0 0 0 0 1 1 
1 0 0 H 0 0 0 0 1 1 
1 0 0 0 1 0 F 0 1 1 
1 0 H 0 1 0 0 0 1 1 
1 0 0 0 0 1 1 0 1 1 
1 0 0 0 0 0 0 0 1 1 
1 S 1 1 1 1 1 1 1 1 
1 1 1 1 1 1 1 1 1 1 
P73 T12

Map10
1 1 1 1 G 1 1 1 1 1 
1 0 0 F 0 F F 0 1 1 
1 0 0 0 0 0 0 0 1 1 
1 F 0 H 0 0 0 1 1 1 
1 1 0 0 0 0 0 F 1 1 
1 1 0 F 1 0 0 # 1 1 
1 0 0 1 0 0 0 0 1 1 
1 0 0 0 0 0 F 0 1 1 
1 1 1 S 1 1 1 1 1 1 
1 1 1 1 1 1 1 1 1 1 
L32 T10

Map10
1 1 1 1 1 1 1 1 1 1 
1 1 0 0 0 0 0 0 0 1 
1 S 0 # 0 0 0 0 1 1 
1 1 # 0 # 0 0 1 F 1 
1 1 1 0 # H 0 0 0 1 
1 1 0 0 0 0 0 0 # 1 
1 1 0 0 0 0 0 0 0 1 
1 1 0 0 # 0 # 0 0 1 
1 1 1 1 1 G 1 1 1 1 
1 1 1 1 1 1 1 1 1 1 
P65 T11

Map10
1 1 1 1 1 1 1 1 1 1 
1 1 1 1 G 1 1 1 1 1 
1 0 0 0 0 1 0 0 1 1 
1 H 0 0 0 0 0 0 1 1 
1 0 0 0 0 0 0 0 1 1 
1 0 0 F H 0 0 0 S 1 
1 0 # 0 0 0 0 0 1 1 
1 0 0 0 0 0 0 0 1 1 
1 0 0 1 0 0 0 # 1 1 
1 1 1 1 1 1 1 1 1 1 
P65 T10

Map10
1 1 1 1 1 1 1 1 1 1 
1 1 1 1 1 1 1 1 1 1 
1 1 0 0 0 0 1 0 0 1 
1 1 0 0 0 0 # 0 F 1 
1 S 0 0 0 0 0 0 0 1 
1 1 0 0 0 0 0 0 0 1 
1 1 0 0 0 0 # 0 0 1 
1 G 0 0 1 1 0 # 0 1 
1 1 # 0 0 1 0 0 0 1 
1 1 1 1 1 1 1 1 1 1 
U26 T10

Map10
1 1 1 1 1 1 1 1 1 1 
1 1 1 1 1 1 1 1 1 1 
1 1 0 0 0 0 F 0 0 1 
1 1 0 0 0 0 0 0 0 1 
1 1 0 0 1 0 0 H 0 1 
1 1 0 # # 1 1 1 H 1 
1 G 0 1 0 0 0 0 0 1 
1 S 0 0 0 0 0 0 0 1 
1 1 0 0 0 0 # 0 0 1 
1 1 1 1 1 1 1 1 1 1 
r25 T10

Map10
1 1 1 1 1 1 1 1 1 1 
1 1 1 1 1 1 1 S 1 1 
1 # 0 0 # 1 0 0 1 1 
1 0 0 0 0 0 0 0 1 1 
1 0 0 0 0 0 0 0 1 1 
1 0 H 0 1 # 0 0 1 1 
1 0 0 0 1 1 1 0 G 1 
1 0 0 0 0 0 0 0 1 1 
1 0 # 0 0 0 0 0 1 1 
1 1 1 1 1 1 1 1 1 1 
U75 T10

Map10
1 1 1 1 1 1 1 1 1 1 
1 1 1 0 0 0 # # 0 1 
1 1 0 0 0 1 0 # 0 1 
1 1 0 0 # 0 0 0 0 1 
1 1 F 0 0 0 1 1 0 1 
1 1 0 0 F 0 0 1 1 1 
1 1 0 # 0 0 0 0 0 1 
1 1 H 0 0 F 0 0 0 1 
1 1 1 1 S 1 G 1 1 1 
1 1 1 1 1 1 1 1 1 1 
L56 T10

Map10
1 1 1 1 1 1 1 1 1 1 
1 1 1 1 1 1 S 1 1 1 
1 0 0 0 0 0 0 0 1 1 
1 0 0 0 0 0 0 0 G 1 
1 0 0 1 0 1 0 # 1 1 
1 H 0 0 0 0 0 0 1 1 
1 0 1 0 0 0 0 0 1 1 
1 0 1 0 0 0 # 0 1 1 
1 0 1 1 0 0 1 0 1 1 
1 1 1 1 1 1 1 1 1 1 
d42 T13

Map10
1 1 1 1 1 1 1 1 1 1 
1 1 1 1 1 1 S 1 1 1 
1 1 1 1 F 0 0 0 1 1 
1 G 0 0 0 F 0 0 0 1 
1 1 0 H 0 0 # 0 0 1 
1 1 0 F 1 # 0 0 F 1 
1 1 0 0 0 0 # 0 1 1 
1 1 0 0 1 0 0 0 0 1 
1 1 0 1 0 0 0 1 0 1 
1 1 1 1 1 1 1 1 1 1 
U65 T10

Map10
1 1 1 1 1 1 1 1 1 1 
1 1 1 1 1 1 S 1 1 1 
1 1 0 0 # # 0 0 0 1 
1 1 0 H 0 0 0 # 0 1 
1 1 1 0 0 0 # 0 # 1 
1 G 0 0 0 0 F # 0 1 
1 1 0 0 0 1 0 0 0 1 
1 1 0 0 0 0 0 0 1 1 
1 1 # F 0 1 0 0 # 1 
1 1 1 1 1 1 1 1 1 1 
U66 T10

Map10
1 1 1 1 S 1 1 1 1 1 
1 # 0 0 0 0 # 0 1 1 
1 0 0 0 F F 0 0 1 1 
1 1 0 0 0 F 0 1 1 1 
1 0 1 0 0 F 0 0 1 1 
1 # 0 0 H 0 0 0 1 1 
1 0 1 0 0 0 0 0 1 1 
1 1 0 0 H 0 0 # 1 1 
1 1 G 1 1 1 1 1 1 1 
1 1 1 1 1 1 1 1 1 1 
L51 T12

Map10
1 1 1 1 1 1 1 1 1 1 
1 1 G 1 1 S 1 1 1 1 
1 0 0 1 0 0 0 0 1 1 
1 0 0 # 0 1 0 0 1 1 
1 0 H 0 0 0 0 1 1 1 
1 0 1 0 F 0 0 H 1 1 
1 0 0 F F H 0 0 1 1 
1 0 0 1 0 0 # # 1 1 
1 1 0 1 0 0 0 # 1 1 
1 1 1 1 1 1 1 1 1 1 
r42 T12

Map10
1 1 1 1 1 G 1 1 1 1 
1 1 0 # 0 0 F F 1 1 
1 0 # # 1 0 0 0 1 1 
1 0 F 1 # 0 0 F 1 1 
S 0 0 # 1 # 0 0 1 1 
1 F 0 F 0 0 1 0 1 1 
1 0 0 # 1 H 0 0 1 1 
1 0 0 H 0 0 # H 1 1 
1 1 1 1 1 1 1 1 1 1 
1 1 1 1 1 1 1 1 1 1 
r25 T11

Map10
1 1 1 1 1 1 1 1 1 1 
1 0 0 0 1 0 0 0 1 1 
1 0 0 0 0 0 0 0 1 1 
1 0 0 0 0 0 # 0 S 1 
1 0 0 1 0 0 0 1 1 1 
G 0 1 1 0 0 1 0 1 1 
1 0 0 0 0 0 0 0 1 1 
1 1 0 # # 1 0 0 1 1 
1 1 1 1 1 1 1 1 1 1 
1 1 1 1 1 1 1 1 1 1 
U14 T10

Map10
1 1 1 1 1 1 1 1 1 1 
1 1 1 1 1 1 1 1 1 1 
1 0 0 1 0 0 0 0 1 1 
1 0 0 0 0 0 0 0 1 1 
1 0 1 0 0 0 1 0 1 1 
G 0 1 0 H 0 1 # S 1 
1 0 0 0 1 0 0 0 1 1 
1 0 0 0 0 0 0 0 1 1 
1 0 0 1 0 1 0 0 1 1 
1 1 1 1 1 1 1 1 1 1 
D16 T14

Map10
1 1 1 1 1 1 1 1 1 1 
1 1 1 G 1 1 S 1 1 1 
1 1 1 0 0 0 0 1 0 1 
1 1 0 0 H 0 0 0 F 1 
1 1 # 0 0 1 F 0 0 1 
1 1 0 0 0 0 0 0 1 1 
1 1 0 0 0 0 # 0 0 1 
1 1 0 1 F 0 0 0 0 1 
1 1 0 0 0 0 0 1 0 1 
1 1 1 1 1 1 1 1 1 1 
p26 T10

Map10
1 1 1 1 1 1 1 1 1 1 
1 1 G 1 1 1 S 1 1 1 
1 1 0 0 1 F 0 0 # 1 
1 1 0 F 1 0 0 0 H 1 
1 1 1 F 0 # F 0 # 1 
1 1 0 0 0 # 0 0 1 1 
1 1 0 1 0 0 0 F 0 1 
1 1 0 0 0 0 0 # 0 1 
1 1 0 0 1 0 0 # 0 1 
1 1 1 1 1 1 1 1 1 1 
D45 T10

Map10
1 1 1 1 1 1 1 1 1 1 
1 1 H 0 0 0 0 0 1 1 
1 0 1 0 0 # 1 # S 1 
1 0 H 0 0 0 0 0 1 1 
1 # 0 0 0 0 0 0 1 1 
1 # 0 0 0 1 0 0 1 1 
1 1 0 0 # F 1 0 1 1 
1 # 0 0 0 # 0 1 1 1 
1 1 1 G 1 1 1 1 1 1 
1 1 1 1 1 1 1 1 1 1 
P41 T10

Map10
1 1 1 1 1 1 1 1 1 1 
1 1 0 F 0 1 0 1 1 1 
1 0 0 0 # 0 0 0 1 1 
1 0 # 1 0 0 # 0 1 1 
1 1 1 0 0 F 0 0 1 1 
G F 0 F 0 0 1 # 1 1 
1 0 F 1 0 0 F 0 1 1 
1 0 F 0 0 0 0 0 1 1 
1 1 1 1 S 1 1 1 1 1 
1 1 1 1 1 1 1 1 1 1 
D46 T10

Map10
1 1 1 1 1 1 1 1 1 1 
1 1 1 1 G 1 1 S 1 1 
1 1 1 0 0 0 # 0 1 1 
1 0 0 0 0 0 0 0 1 1 
1 0 0 0 0 0 0 F 1 1 
1 1 F 1 0 H 0 0 1 1 
1 # 1 H 0 # # # 1 1 
1 0 # F # 1 0 0 1 1 
1 0 H 0 0 0 0 1 1 1 
1 1 1 1 1 1 1 1 1 1 
R53 T10

Map10
1 1 1 1 1 1 G 1 1 1 
1 1 0 0 0 F 0 0 # 1 
1 1 0 0 0 0 0 0 0 1 
1 1 1 # 0 0 0 0 1 1 
1 1 0 0 # 0 1 1 0 1 
1 1 0 0 0 # 0 0 1 1 
1 1 0 0 0 1 0 0 # 1 
1 S # 0 0 # 0 1 0 1 
1 1 1 1 1 1 1 1 1 1 
1 1 1 1 1 1 1 1 1 1 
P52 T11

Map10
1 1 1 1 1 1 1 1 1 1 
1 1 1 1 1 G 1 1 1 1 
1 1 1 0 0 # H 0 # 1 
1 1 0 0 1 0 F 0 0 1 
1 1 1 0 0 H H # 0 1 
1 S 0 0 0 0 0 0 0 1 
1 1 0 0 1 0 # 0 0 1 
1 1 0 0 # 0 0 0 1 1 
1 1 0 1 0 0 1 H 0 1 
1 1 1 1 1 1 1 1 1 1 
D84 T11

Map10
1 1 1 1 1 1 1 1 1 1 
1 1 1 S 1 1 1 1 1 1 
1 0 0 0 0 0 0 0 1 1 
1 # 0 0 0 F 0 1 1 1 
1 1 0 # 0 0 # 1 1 1 
1 F 1 H # 0 0 0 1 1 
1 F 0 0 0 0 0 0 G 1 
1 0 0 0 0 0 0 F 1 1 
1 1 0 0 0 0 0 0 1 1 
1 1 1 1 1 1 1 1 1 1 
P33 T10

Map10
1 1 1 1 1 1 1 1 1 1 
1 1 1 1 S 1 1 1 1 1 
1 0 0 1 0 0 0 1 1 1 
1 0 0 0 0 0 # 0 1 1 
1 0 F 0 0 0 0 # 1 1 
G 0 0 0 0 0 0 0 1 1 
1 0 0 0 0 0 0 0 1 1 
1 0 # 1 0 1 0 0 1 1 
1 0 0 0 1 0 0 # 1 1 
1 1 1 1 1 1 1 1 1 1 
U14 T12

Map10
1 1 1 1 1 1 1 1 1 1 
1 1 1 1 1 S 1 1 1 1 
1 1 0 0 0 F # 0 H 1 
1 1 0 F 0 F 0 0 0 1 
1 1 F 0 0 0 0 0 0 1 
1 1 0 0 0 0 0 0 # 1 
1 1 1 0 0 F 0 0 0 1 
1 G 0 # 0 1 0 H 1 1 
1 1 0 F 0 H # 0 0 1 
1 1 1 1 1 1 1 1 1 1 
P55 T12

Map10
1 1 1 1 1 1 1 1 1 1 
1 1 1 S 1 1 G 1 1 1 
1 1 0 0 0 0 0 0 0 1 
1 1 0 1 0 0 # 0 0 1 
1 1 0 1 F 0 F 0 0 1 
1 1 # 0 0 0 1 # 0 1 
1 1 0 0 F 0 0 0 0 1 
1 1 0 F 0 1 # 1 0 1 
1 1 # # 1 0 0 # 0 1 
1 1 1 1 1 1 1 1 1 1 
L52 T11

Map10
1 1 1 1 1 1 1 G 1 1 
1 S # 0 0 0 0 0 0 1 
1 1 0 0 0 0 0 1 0 1 
1 1 1 0 0 1 0 0 0 1 
1 1 H 0 0 0 0 0 0 1 
1 1 0 0 0 0 0 0 0 1 
1 1 0 0 0 0 0 0 1 1 
1 1 0 0 0 0 1 0 0 1 
1 1 1 1 1 1 1 1 1 1 
1 1 1 1 1 1 1 1 1 1 
L61 T10

Map10
1 1 1 1 1 1 1 1 1 1 
1 1 0 # 0 1 0 0 0 1 
1 1 0 # 0 0 0 0 0 1 
1 1 0 0 0 1 0 0 0 1 
1 1 F 0 0 1 0 0 0 1 
1 1 0 F 0 F 0 0 0 1 
1 1 0 # 0 0 0 0 # 1 
1 1 0 0 0 0 0 # F 1 
1 1 1 S 1 G 1 1 1 1 
1 1 1 1 1 1 1 1 1 1 
L47 T10

Map10
1 1 1 1 1 1 1 1 1 1 
1 1 1 1 1 G 1 1 1 1 
1 1 # 0 0 # F 0 1 1 
1 1 0 H 0 0 0 0 # 1 
1 S F 1 0 F 0 0 0 1 
1 1 0 0 0 0 0 1 0 1 
1 1 0 0 0 0 1 1 0 1 
1 1 0 0 0 0 0 0 # 1 
1 1 H 1 # 1 # # 0 1 
1 1 1 1 1 1 1 1 1 1 
U25 T11

Map10
1 1 1 1 1 1 1 1 1 1 
1 1 1 1 1 1 1 1 1 1 
S 0 # 0 0 0 0 F 1 1 
1 0 0 F F F 0 0 1 1 
1 0 F # # 0 F 0 1 1 
1 1 H 0 F 0 0 0 1 1 
G 0 0 F 0 # # 0 1 1 
1 0 # 0 # 0 0 0 1 1 
1 0 0 0 1 0 # 0 1 1 
1 1 1 1 1 1 1 1 1 1 
L32 T11

Map10
1 1 1 1 1 1 1 1 1 1 
1 1 S 1 1 1 1 1 1 1 
1 1 0 F 0 0 0 1 0 1 
1 1 F 0 F 0 0 0 0 1 
1 1 0 0 0 # 1 0 # 1 
1 1 1 1 F 0 0 0 F 1 
1 G 0 1 # 0 0 # # 1 
1 1 0 0 0 0 0 0 0 1 
1 1 # 0 1 0 0 # 0 1 
1 1 1 1 1 1 1 1 1 1 
U56 T12

Map10
1 1 1 1 1 1 1 1 1 1 
1 1 # 0 0 0 0 0 1 1 
1 H # # # 0 0 0 1 1 
1 F 0 0 0 F 1 0 1 1 
1 0 0 0 0 0 0 F 1 1 
1 # 1 0 0 0 0 0 G 1 
1 0 1 0 # 0 0 # 1 1 
1 0 1 0 1 0 # 0 1 1 
1 1 1 1 1 1 1 S 1 1 
1 1 1 1 1 1 1 1 1 1 
P54 T10

Map10
1 1 1 1 1 1 1 1 1 1 
1 G # F 0 1 0 0 0 1 
1 1 F 0 0 F 0 H 0 1 
1 1 0 F 0 0 0 H # 1 
1 1 H H 1 # 0 F 0 1 
1 1 0 0 0 F 0 0 0 1 
1 1 0 H 0 0 0 0 0 1 
1 S 0 0 # 1 0 0 # 1 
1 1 1 1 1 1 1 1 1 1 
1 1 1 1 1 1 1 1 1 1 
D64 T10

Map10
1 1 1 1 1 1 1 1 1 1 
1 1 G 1 1 1 S 1 1 1 
1 0 0 F 0 1 0 0 1 1 
1 0 0 0 0 0 F 0 1 1 
1 1 F 0 0 # F 0 1 1 
1 0 0 F # F 0 0 1 1 
1 0 0 F 1 # 0 0 1 1 
1 0 0 1 0 0 0 0 1 1 
1 0 0 0 0 0 1 0 1 1 
1 1 1 1 1 1 1 1 1 1 
R38 T12

Map10
1 1 1 1 1 1 1 1 1 1 
1 S 0 F 0 0 0 # 0 1 
1 1 0 0 F 0 0 0 0 1 
1 1 1 F # # 0 0 0 1 
1 1 F # 0 0 0 F 0 1 
1 1 0 0 0 0 0 H 0 1 
1 1 # 0 1 1 0 0 # 1 
1 1 1 0 H # 0 0 # 1 
1 1 1 G 1 1 1 1 1 1 
1 1 1 1 1 1 1 1 1 1 
L41 T10

Map10
1 1 1 1 1 1 1 1 1 1 
1 1 1 1 1 1 1 1 1 1 
S 0 0 0 0 0 0 0 1 1 
G F 0 0 0 0 0 0 1 1 
1 0 0 0 0 0 0 F 1 1 
1 0 0 F F 0 # 1 1 1 
1 # 0 0 0 0 0 0 1 1 
1 F 0 0 0 0 0 # 1 1 
1 0 0 0 0 1 0 F 1 1 
1 1 1 1 1 1 1 1 1 1 
p42 T10

Map10
1 1 1 1 1 1 1 1 1 1 
1 1 1 1 1 1 1 1 1 1 
1 S 0 0 0 0 0 # F 1 
1 G 0 0 0 1 0 0 0 1 
1 1 0 F 0 0 0 # 1 1 
1 1 1 1 0 0 0 0 0 1 
1 1 0 # # 0 # 0 0 1 
1 1 1 0 0 # 0 1 F 1 
1 1 0 0 0 0 0 # 1 1 
1 1 1 1 1 1 1 1 1 1 
P42 T10

Map10
1 1 1 1 1 1 1 1 1 1 
S # 1 0 0 0 0 F 1 1 
1 # 0 0 0 0 # 0 G 1 
1 # 0 0 0 1 0 H 1 1 
1 0 0 0 0 0 H 0 1 1 
1 0 0 0 0 0 H # 1 1 
1 0 1 0 0 0 1 1 1 1 
1 0 0 1 H 0 0 0 1 1 
1 1 1 1 1 1 1 1 1 1 
1 1 1 1 1 1 1 1 1 1 
P14 T11

Map10
1 1 1 1 1 1 1 1 1 1 
1 1 1 1 G 1 1 1 1 1 
1 S 0 # 0 0 0 0 0 1 
1 1 0 0 F 0 0 0 0 1 
1 1 0 1 0 0 0 0 0 1 
1 1 0 1 1 1 0 0 0 1 
1 1 0 0 0 0 H # F 1 
1 1 0 0 F 0 H 0 0 1 
1 1 1 0 1 0 F 0 1 1 
1 1 1 1 1 1 1 1 1 1 
p62 T11

Map10
1 1 1 1 1 1 1 1 1 1 
1 1 1 1 1 1 1 1 1 1 
1 1 0 0 0 0 # 1 0 1 
1 1 # 1 0 0 0 0 0 1 
1 S # 0 0 0 0 0 0 1 
1 G 0 1 # F 0 # 0 1 
1 1 0 0 # # 0 1 H 1 
1 1 0 0 1 0 1 1 0 1 
1 1 0 0 0 0 0 0 0 1 
1 1 1 1 1 1 1 1 1 1 
r26 T10

Map10
1 1 1 1 1 1 1 1 1 1 
1 1 1 1 S 1 1 1 1 1 
1 0 0 0 0 1 0 0 1 1 
1 0 0 0 0 0 0 1 1 1 
1 0 F 0 0 0 0 0 1 1 
1 1 0 0 H 0 0 F 1 1 
1 1 0 0 # 0 0 F 1 1 
1 # 0 0 # 0 # 0 G 1 
1 F F 0 0 # 1 0 1 1 
1 1 1 1 1 1 1 1 1 1 
U44 T10

Map10
1 1 1 1 1 1 1 1 1 1 
1 1 G 1 1 1 1 1 1 1 
1 0 0 1 1 0 0 0 1 1 
1 0 0 0 0 # 1 0 1 1 
1 1 1 # 0 0 0 # 1 1 
1 0 0 H 0 0 0 # S 1 
1 F # 1 # 0 0 0 1 1 
1 F 0 1 0 # 0 H 1 1 
1 0 0 0 0 # H 0 1 1 
1 1 1 1 1 1 1 1 1 1 
R55 T10

Map10
1 1 1 1 1 1 1 1 1 1 
1 0 # H 0 0 # H 1 1 
1 0 0 0 # 0 0 0 1 1 
1 0 0 H 0 0 # 0 1 1 
G 0 F 0 1 1 0 0 1 1 
1 0 0 0 0 1 0 1 1 1 
1 0 F 0 0 0 0 # 1 1 
1 0 # # 0 1 0 0 S 1 
1 1 1 1 1 1 1 1 1 1 
1 1 1 1 1 1 1 1 1 1 
D15 T11

Map10
1 1 1 1 1 1 1 1 1 1 
1 1 1 1 G 1 1 1 1 1 
1 1 0 1 0 0 0 0 0 1 
1 1 F F H 0 0 0 F 1 
1 1 0 1 0 0 0 F 0 1 
1 1 1 H # 0 1 0 0 1 
1 1 0 1 0 F # 0 F 1 
1 S 0 1 F 0 0 H # 1 
1 1 0 0 F 0 # 1 0 1 
1 1 1 1 1 1 1 1 1 1 
R44 T11

Map10
1 1 1 1 1 1 1 1 1 1 
1 1 S 1 1 1 1 1 1 1 
1 1 0 # # 0 1 0 0 1 
1 1 0 0 F F 0 0 # 1 
1 1 0 0 0 # F 0 0 1 
1 G 0 1 0 0 0 0 1 1 
1 1 0 0 0 1 0 0 0 1 
1 1 H 0 0 F 0 0 F 1 
1 1 1 0 0 0 1 F # 1 
1 1 1 1 1 1 1 1 1 1 
U24 T10

Map10
1 1 1 1 1 1 1 1 1 1 
1 S 1 1 1 G 1 1 1 1 
1 0 0 0 1 # H 0 1 1 
1 # 0 0 0 F 1 1 1 1 
1 0 0 0 0 0 # 0 1 1 
1 0 0 0 0 0 # 0 1 1 
1 0 # # 0 0 F 0 1 1 
1 0 F 0 0 1 1 0 1 1 
1 0 0 1 # # 0 1 1 1 
1 1 1 1 1 1 1 1 1 1 
P44 T10

Map10
1 1 1 1 1 1 1 1 1 1 
1 1 1 1 1 1 1 1 1 1 
1 # 0 0 1 F 1 0 1 1 
1 0 0 # 0 # 0 0 1 1 
1 1 0 0 0 F 0 0 1 1 
1 0 0 0 0 1 0 0 S 1 
G 0 F 0 1 0 0 0 1 1 
1 1 # 0 0 0 0 0 1 1 
1 0 0 0 0 1 0 0 1 1 
1 1 1 1 1 1 1 1 1 1 
U24 T12

Map10
1 1 1 1 1 1 1 1 1 1 
1 1 1 1 1 1 1 1 1 1 
1 0 0 H 0 1 0 0 1 1 
1 0 # 0 0 0 0 0 1 1 
S 0 # 0 # 1 0 0 1 1 
1 F # H # 0 0 0 G 1 
1 0 0 0 # F 1 H 1 1 
1 F 0 F H H 1 F 1 1 
1 F 0 H 0 F F 0 1 1 
1 1 1 1 1 1 1 1 1 1 
p14 T10

Map10
1 1 1 1 1 1 1 1 1 1 
1 0 0 1 0 0 0 0 1 1 
1 0 0 0 1 0 1 0 1 1 
1 H 0 # 0 0 0 0 S 1 
1 1 0 1 0 0 0 0 1 1 
1 0 0 # 0 0 # 0 1 1 
1 0 0 H 0 1 0 0 1 1 
1 0 0 1 0 0 0 0 1 1 
1 1 G 1 1 1 1 1 1 1 
1 1 1 1 1 1 1 1 1 1 
R63 T10

Map10
1 1 1 G 1 1 1 1 1 1 
1 1 F F 0 0 0 0 0 1 
1 1 0 # 0 1 0 0 # 1 
1 1 0 0 0 H 0 1 0 1 
1 1 1 0 F # F 0 0 1 
1 1 0 0 0 0 0 0 0 1 
1 1 0 F 0 0 # 0 0 1 
1 1 0 1 0 # # 0 # 1 
1 1 1 1 1 1 S 1 1 1 
1 1 1 1 1 1 1 1 1 1 
p43 T10

Map10
1 1 1 1 1 1 1 1 1 1 
1 1 0 F 1 0 0 0 0 1 
1 1 # # 0 0 0 0 0 1 
1 G 0 0 0 0 F 0 0 1 
1 1 1 F 0 0 1 0 0 1 
1 1 0 0 0 0 0 0 # 1 
1 1 0 F 1 1 1 0 0 1 
1 1 # 0 # F # 0 1 1 
1 1 1 S 1 1 1 1 1 1 
1 1 1 1 1 1 1 1 1 1 
D35 T10

Map10
1 1 1 1 1 1 1 1 1 1 
1 1 S 1 1 1 1 1 1 1 
1 1 0 0 1 0 H 0 0 1 
1 1 0 0 1 1 0 0 0 1 
1 1 0 0 0 0 0 0 1 1 
1 G 0 1 0 0 0 H 0 1 
1 1 0 0 0 0 0 0 0 1 
1 1 0 0 0 0 0 F 0 1 
1 1 1 0 0 # 0 0 1 1 
1 1 1 1 1 1 1 1 1 1 
U24 T14

Map10
1 1 1 1 1 1 1 1 1 1 
1 1 1 0 F 0 0 0 1 1 
1 0 H 0 0 1 0 0 1 1 
1 0 0 0 0 0 F 1 1 1 
1 0 0 # H 0 0 F 1 1 
S 0 1 0 1 # 0 0 1 1 
1 0 0 0 0 0 1 0 1 1 
1 # 0 0 0 # 0 F 1 1 
1 1 1 1 G 1 1 1 1 1 
1 1 1 1 1 1 1 1 1 1 
U37 T13

Map10
1 1 1 1 1 1 1 1 1 1 
1 1 1 1 1 1 1 S 1 1 
1 0 # 0 1 0 0 0 1 1 
1 0 0 0 0 0 1 0 1 1 
1 0 0 0 0 1 0 0 1 1 
1 0 0 0 H H 0 1 1 1 
1 0 0 0 0 0 0 0 1 1 
G # # 0 0 0 H 1 1 1 
1 0 0 0 0 0 0 0 1 1 
1 1 1 1 1 1 1 1 1 1 
U16 T11

Map10
1 1 1 1 1 1 1 1 1 1 
1 1 0 0 # 0 0 0 # 1 
1 1 0 0 # 0 0 0 # 1 
1 1 0 # # 0 1 1 0 1 
1 G 0 F F 0 1 0 0 1 
1 1 H 0 0 1 # 0 F 1 
1 1 0 1 0 1 0 0 0 1 
1 1 0 # 0 0 0 0 0 1 
1 1 1 1 1 S 1 1 1 1 
1 1 1 1 1 1 1 1 1 1 
P61 T10

Map10
1 1 1 1 1 1 1 1 1 1 
1 1 1 1 1 1 1 G 1 1 
1 1 F 0 0 0 1 0 0 1 
1 1 0 0 0 0 0 0 F 1 
1 1 0 0 0 0 H H F 1 
1 1 F 0 0 0 0 0 0 1 
1 1 0 0 1 0 0 0 # 1 
1 S 0 0 0 0 0 0 F 1 
1 1 1 0 0 0 0 0 1 1 
1 1 1 1 1 1 1 1 1 1 
P57 T10

Map10
1 1 1 1 1 1 1 1 1 1 
1 1 1 1 1 1 1 G 1 1 
1 # 1 0 0 0 0 F 1 1 
1 0 1 # 0 0 0 0 1 1 
1 0 1 1 0 0 0 # 1 1 
S 0 # 0 0 0 0 H 1 1 
1 0 # 0 0 0 1 # 1 1 
1 0 # F 0 0 0 0 1 1 
1 0 0 0 1 0 # 0 1 1 
1 1 1 1 1 1 1 1 1 1 
L35 T10

Map10
1 1 1 1 1 1 1 1 1 1 
1 1 1 1 1 G 1 1 1 1 
1 1 F 0 0 F 0 0 0 1 
1 1 # 0 0 0 0 0 0 1 
1 S # 1 0 0 F 0 0 1 
1 1 0 0 # 0 0 0 0 1 
1 1 # 0 F # 0 1 F 1 
1 1 1 # 0 0 0 F F 1 
1 1 0 0 0 # # 0 0 1 
1 1 1 1 1 1 1 1 1 1 
p48 T11

Map10
1 1 1 S 1 1 1 1 1 1 
1 0 # 0 1 0 1 0 1 1 
1 # 0 0 0 0 0 0 1 1 
1 0 0 1 0 1 1 0 G 1 
1 1 0 F 0 0 1 F 1 1 
1 # # 0 0 0 0 0 1 1 
1 0 0 F 0 # 0 # 1 1 
1 0 # 0 0 0 1 0 1 1 
1 1 1 1 1 1 1 1 1 1 
1 1 1 1 1 1 1 1 1 1 
L72 T10

Map10
1 1 1 1 1 1 1 1 1 1 
1 0 1 1 0 # # 0 1 1 
1 # 0 0 1 0 0 # G 1 
1 0 0 0 0 0 0 0 1 1 
1 0 0 1 0 0 0 0 S 1 
1 # 0 1 H 1 0 0 1 1 
1 0 0 0 0 0 0 0 1 1 
1 0 0 1 H 0 0 1 1 1 
1 1 1 1 1 1 1 1 1 1 
1 1 1 1 1 1 1 1 1 1 
D73 T12

Map10
1 1 1 1 1 1 1 1 1 1 
1 G 1 1 1 1 1 1 1 1 
1 0 0 0 H H 0 0 1 1 
1 # 0 0 H 0 H F 1 1 
1 0 0 F 0 F 0 0 1 1 
1 1 1 0 0 0 0 0 1 1 
1 0 F 0 0 0 # 0 S 1 
1 0 F 0 0 # 1 0 1 1 
1 0 1 1 0 # F 0 1 1 
1 1 1 1 1 1 1 1 1 1 
R46 T10

Map10
1 1 1 1 1 1 S 1 1 1 
1 1 0 0 0 0 0 0 0 1 
1 1 H 1 0 0 0 1 F 1 
1 1 # 0 0 # 0 F 0 1 
1 1 0 F 1 F # H 1 1 
1 1 1 0 F 0 1 # 0 1 
1 1 # 1 0 0 0 0 F 1 
1 1 0 F 0 # 0 0 0 1 
1 1 1 1 1 1 1 G 1 1 
1 1 1 1 1 1 1 1 1 1 
p61 T10

Map10
1 1 1 1 1 S G 1 1 1 
1 0 0 F # 0 0 # 1 1 
1 0 0 0 H 0 0 0 1 1 
1 0 F 0 0 F 1 1 1 1 
1 # 0 1 0 F F 1 1 1 
1 0 0 # 0 0 0 0 1 1 
1 0 0 0 F # 0 0 1 1 
1 1 # 1 1 0 0 0 1 1 
1 1 1 1 1 1 1 1 1 1 
1 1 1 1 1 1 1 1 1 1 
u52 T10

Map10
1 1 1 1 1 1 1 1 1 1 
1 1 1 1 1 1 1 1 1 1 
1 S 0 F 0 0 0 F 0 1 
1 1 0 0 0 1 0 0 0 1 
1 G 0 0 0 0 0 # F 1 
1 1 1 0 0 0 0 0 0 1 
1 1 0 0 0 0 1 0 0 1 
1 1 0 0 1 0 0 1 0 1 
1 1 0 0 0 0 0 0 1 1 
1 1 1 1 1 1 1 1 1 1 
l85 T11

Map10
1 1 1 1 1 1 1 1 1 1 
1 1 1 1 1 S 1 G 1 1 
1 1 0 0 0 # 0 0 0 1 
1 1 0 0 0 0 0 1 # 1 
1 1 0 0 1 0 # 0 0 1 
1 1 0 0 0 0 0 0 1 1 
1 1 # 1 0 F 0 0 0 1 
1 1 # 1 # 0 0 0 0 1 
1 1 0 0 0 0 # 0 0 1 
1 1 1 1 1 1 1 1 1 1 
L62 T12

Map10
1 1 1 1 1 1 1 1 1 1 
1 1 1 1 1 1 1 1 1 1 
1 1 1 0 0 0 0 0 0 1 
1 1 0 0 # 0 1 0 0 1 
1 G # 1 0 0 0 1 0 1 
1 1 0 0 0 # 0 0 0 1 
1 S 0 0 0 0 0 F 0 1 
1 1 F 1 0 0 # 0 # 1 
1 1 0 0 0 0 0 0 1 1 
1 1 1 1 1 1 1 1 1 1 
D25 T10

Map10
1 1 1 1 1 1 1 1 1 1 
1 1 1 1 1 G 1 S 1 1 
1 1 0 1 0 0 0 F 0 1 
1 1 0 0 # 0 0 0 0 1 
1 1 0 0 0 0 0 0 0 1 
1 1 0 0 0 0 0 0 0 1 
1 1 F 0 0 0 0 0 0 1 
1 1 0 0 0 0 0 0 0 1 
1 1 0 0 1 1 0 0 0 1 
1 1 1 1 1 1 1 1 1 1 
R63 T10

Map10
1 1 1 1 1 1 1 1 1 1 
1 1 1 1 1 1 1 1 1 1 
1 0 0 0 0 1 0 0 1 1 
1 0 0 1 0 0 0 0 1 1 
1 1 1 0 0 0 0 0 1 1 
1 F 0 0 # H 0 0 1 1 
1 0 0 0 0 F 0 0 1 1 
G F 0 0 0 F 1 0 S 1 
1 1 0 0 0 1 F 0 1 1 
1 1 1 1 1 1 1 1 1 1 
p46 T10

Map10
1 1 1 1 1 1 1 1 1 1 
1 1 1 1 G 1 S 1 1 1 
1 1 0 # 0 1 0 0 0 1 
1 1 0 0 F 0 1 0 0 1 
1 1 0 0 0 0 1 H 0 1 
1 1 H 0 1 0 0 0 F 1 
1 1 0 0 H 0 0 0 0 1 
1 1 0 0 0 F 0 0 1 1 
1 1 0 0 F 0 0 0 F 1 
1 1 1 1 1 1 1 1 1 1 
U56 T10

Map10
1 1 S 1 1 1 1 1 1 1 
1 0 0 0 0 1 0 F 1 1 
1 1 0 0 # 0 0 H 1 1 
1 1 0 0 F 0 0 0 1 1 
G 0 1 0 0 H # 0 1 1 
1 # 0 0 0 0 0 1 1 1 
1 0 # 0 F 1 # H 1 1 
1 0 1 0 0 0 # 0 1 1 
1 1 1 1 1 1 1 1 1 1 
1 1 1 1 1 1 1 1 1 1 
R35 T10

Map10
1 S 1 1 G 1 1 1 1 1 
1 0 0 0 0 0 0 # 1 1 
1 0 0 1 0 F F 0 1 1 
1 F 0 0 0 # 0 # 1 1 
1 0 0 0 F 0 # 0 1 1 
1 # 1 0 0 0 0 # 1 1 
1 0 0 F 0 0 0 1 1 1 
1 0 F # 0 0 # 0 1 1 
1 1 1 1 1 1 1 1 1 1 
1 1 1 1 1 1 1 1 1 1 
p57 T10

Map10
1 1 1 1 1 1 1 1 1 1 
1 1 1 1 1 G 1 1 1 1 
1 1 0 # 0 0 # 1 0 1 
1 1 1 0 # 0 0 0 0 1 
1 1 1 0 0 0 0 0 F 1 
1 S 0 0 0 F 1 0 1 1 
1 1 0 0 0 0 1 0 0 1 
1 1 0 # 0 0 # # # 1 
1 1 0 0 0 0 0 0 0 1 
1 1 1 1 1 1 1 1 1 1 
D44 T11

Map10
1 1 1 1 1 1 1 1 1 1 
1 1 1 1 1 1 1 1 1 1 
1 0 0 1 0 0 0 1 1 1 
S F 0 0 1 0 0 F G 1 
1 0 0 0 0 0 1 0 1 1 
1 0 0 0 0 0 1 H 1 1 
1 F 0 0 0 1 0 F 1 1 
1 # 0 H 0 1 F 0 1 1 
1 0 0 # 1 0 0 F 1 1 
1 1 1 1 1 1 1 1 1 1 
U14 T10

Map10
1 1 G 1 1 1 1 1 1 1 
1 1 # 0 1 # 0 0 0 1 
1 1 0 # 0 1 0 0 # 1 
1 1 F 0 0 F 0 0 0 1 
1 1 1 1 0 F F 0 0 1 
1 1 0 0 F 0 0 0 1 1 
1 1 0 0 1 # 0 1 # 1 
1 1 0 0 0 0 0 0 0 1 
1 1 1 1 1 S 1 1 1 1 
1 1 1 1 1 1 1 1 1 1 
R55 T10

Map10
1 1 1 1 1 1 1 1 1 1 
1 1 1 S 1 1 G 1 1 1 
1 1 0 0 H H 0 F 0 1 
1 1 0 0 # # 0 0 0 1 
1 1 1 0 0 0 0 # 0 1 
1 1 0 0 1 # 0 0 F 1 
1 1 0 0 0 0 0 0 # 1 
1 1 F F 0 0 F 0 0 1 
1 1 0 0 0 0 0 F 0 1 
1 1 1 1 1 1 1 1 1 1 
L58 T11

Map10
1 1 1 1 1 1 1 1 1 1 
1 0 0 1 1 # F 0 1 1 
1 1 # 0 0 0 0 0 1 1 
1 0 0 1 0 0 H 0 1 1 
1 1 F 0 0 # 0 F 1 1 
S # 1 0 0 # 0 0 1 1 
1 0 0 0 # 0 0 # 1 1 
1 1 1 F 0 0 0 H 1 1 
1 1 1 G 1 1 1 1 1 1 
1 1 1 1 1 1 1 1 1 1 
P56 T10

Map10
1 1 1 1 1 1 1 1 1 1 
1 1 1 1 1 1 1 1 1 1 
1 0 0 0 0 F 0 # 1 1 
1 0 0 0 0 0 0 1 1 1 
S 0 1 0 0 # 0 0 G 1 
1 1 H 0 0 0 0 0 1 1 
1 # # 0 1 0 H 0 1 1 
1 0 0 # 0 # 0 0 1 1 
1 0 0 0 H 0 1 0 1 1 
1 1 1 1 1 1 1 1 1 1 
P32 T11

Map10
1 1 1 1 1 1 1 G 1 1 
1 1 1 0 0 0 # 0 0 1 
1 1 0 0 # 0 0 0 # 1 
1 1 0 0 0 1 F 1 1 1 
1 1 F # 0 # 0 0 0 1 
1 1 0 0 1 0 H # 0 1 
1 1 F 0 F 0 1 0 F 1 
1 1 # F 0 0 0 0 F 1 
1 1 1 1 1 1 1 S 1 1 
1 1 1 1 1 1 1 1 1 1 
P62 T10

Map10
1 1 1 1 1 1 1 1 1 1 
1 1 0 0 0 0 0 1 0 1 
1 1 # # 1 0 0 0 F 1 
1 1 0 0 1 0 0 0 # 1 
1 1 1 0 0 0 0 F 0 1 
1 1 0 0 0 # 0 0 0 1 
1 1 0 H 0 F 0 0 H 1 
1 G 0 H # 0 0 # 1 1 
1 1 1 1 1 1 S 1 1 1 
1 1 1 1 1 1 1 1 1 1 
D66 T10

Map10
1 1 1 1 1 1 1 1 1 1 
1 1 1 1 1 1 1 S 1 1 
1 H 0 H 0 0 0 0 1 1 
1 0 0 0 0 0 0 0 1 1 
1 0 0 0 0 H 0 0 1 1 
1 0 1 0 0 0 0 1 1 1 
G 0 0 F 0 0 0 0 1 1 
1 0 0 0 0 0 0 # 1 1 
1 0 0 0 # 1 0 0 1 1 
1 1 1 1 1 1 1 1 1 1 
p72 T11

Map10
1 1 1 1 1 1 1 1 1 1 
1 1 1 1 S 1 1 1 1 1 
1 1 0 0 # 0 0 0 0 1 
1 1 0 0 1 0 1 0 0 1 
1 1 # 0 0 0 0 0 0 1 
1 G 0 # 0 0 0 1 1 1 
1 1 0 0 0 0 0 0 0 1 
1 1 0 0 0 0 0 0 0 1 
1 1 0 1 0 # 0 0 # 1 
1 1 1 1 1 1 1 1 1 1 
p44 T11

Map10
1 1 G 1 1 1 1 1 1 1 
1 1 0 0 1 0 F 0 0 1 
1 1 0 0 0 H # 0 0 1 
1 1 1 0 0 0 0 0 0 1 
1 1 0 0 0 H 0 0 1 1 
1 1 0 0 0 0 H F 1 1 
1 1 0 0 H 0 0 0 0 1 
1 1 0 1 # 0 0 0 0 1 
1 1 1 1 1 1 S 1 1 1 
1 1 1 1 1 1 1 1 1 1 
P66 T11

Map10
1 1 1 1 1 1 1 1 1 1 
1 1 # # 0 # 1 0 0 1 
1 1 0 H 0 0 0 0 1 1 
1 1 0 # 0 0 0 0 0 1 
1 1 0 0 0 # # 0 0 1 
1 1 H 0 0 F 0 0 # 1 
1 S 0 0 0 1 0 0 0 1 
1 1 0 0 0 0 F 0 0 1 
1 1 1 1 1 1 G 1 1 1 
1 1 1 1 1 1 1 1 1 1 
L53 T11

Map10
1 1 1 1 1 1 1 1 1 1 
1 1 1 0 1 0 0 0 0 1 
1 1 0 # 1 0 1 0 0 1 
1 1 0 0 0 0 1 1 0 1 
1 1 0 0 0 0 0 0 0 1 
1 1 # F 0 0 1 0 0 1 
1 1 0 0 0 0 0 # 1 1 
1 1 # 0 F # # 0 0 1 
1 1 1 S G 1 1 1 1 1 
1 1 1 1 1 1 1 1 1 1 
p34 T10

Map10
1 1 1 1 1 1 1 1 1 1 
1 1 1 0 0 0 0 # 1 1 
1 # 0 0 # 0 0 0 1 1 
1 0 0 0 0 0 0 1 1 1 
1 0 H 0 0 0 0 0 G 1 
1 0 0 H 0 F 0 0 1 1 
1 0 0 1 0 0 0 0 1 1 
S # 0 1 0 0 0 1 1 1 
1 1 1 1 1 1 1 1 1 1 
1 1 1 1 1 1 1 1 1 1 
R34 T11

Map10
1 1 1 1 1 1 1 1 1 1 
1 1 1 1 G 1 1 1 1 1 
1 1 0 0 0 F # 0 F 1 
1 1 F 0 0 # 0 0 F 1 
1 1 0 0 0 1 0 0 0 1 
1 1 0 0 0 H 0 0 # 1 
1 1 0 # 1 F H 0 0 1 
1 S 0 0 F 0 0 0 0 1 
1 1 0 0 0 # 0 0 0 1 
1 1 1 1 1 1 1 1 1 1 
P25 T10

Map10
1 1 1 1 1 G 1 1 1 1 
1 1 0 1 0 # F 0 0 1 
1 1 1 0 0 # 0 # 0 1 
1 1 0 # # 0 H 0 # 1 
1 1 0 0 0 0 0 0 1 1 
1 1 1 1 0 0 0 0 # 1 
1 1 0 # 0 1 0 0 0 1 
1 S 0 0 1 0 1 0 0 1 
1 1 1 1 1 1 1 1 1 1 
1 1 1 1 1 1 1 1 1 1 
p45 T11

Map10
1 1 1 1 1 1 1 1 1 1 
1 1 1 # 0 0 0 0 0 1 
1 1 # 0 0 1 # 0 0 1 
1 1 0 0 1 0 0 0 0 1 
1 S 0 # 0 0 0 # 1 1 
1 1 0 0 0 0 0 0 0 1 
1 G 0 1 0 0 H 0 1 1 
1 1 0 0 0 1 # H 0 1 
1 1 1 1 1 1 1 1 1 1 
1 1 1 1 1 1 1 1 1 1 
U25 T12

Map10
1 1 1 1 1 1 1 1 1 1 
1 1 1 1 1 S 1 1 1 1 
1 0 0 0 0 0 0 0 1 1 
1 0 1 1 0 0 0 0 1 1 
1 # F 0 0 # 0 0 1 1 
G 0 0 0 # 1 1 1 1 1 
1 0 0 0 0 0 0 0 1 1 
1 0 # 0 0 0 1 0 1 1 
1 0 1 0 0 0 0 # 1 1 
1 1 1 1 1 1 1 1 1 1 
p34 T10

Map10
1 1 1 1 1 1 1 1 1 1 
1 1 1 1 1 1 1 1 1 1 
1 1 0 0 0 # 0 0 1 1 
1 H 0 0 1 1 0 0 S 1 
1 0 0 0 0 # 0 0 1 1 
1 0 0 1 0 0 0 0 G 1 
1 # # 0 0 0 # 0 1 1 
1 0 0 0 0 0 0 0 1 1 
1 0 # 0 0 0 1 0 1 1 
1 1 1 1 1 1 1 1 1 1 
U74 T10

Map10
1 1 1 1 1 1 1 1 1 1 
1 1 1 1 1 1 1 1 1 1 
1 1 0 0 F 0 0 0 1 1 
1 1 F 0 0 0 0 # 1 1 
1 S 0 # 0 0 0 F 0 1 
1 1 0 0 F 0 0 F # 1 
1 1 1 1 0 F 0 1 0 1 
1 G 0 0 0 0 1 # 0 1 
1 1 1 0 # H 0 # 0 1 
1 1 1 1 1 1 1 1 1 1 
L54 T11

Map10
1 1 1 1 1 G 1 1 1 1 
1 0 0 0 0 0 # 0 1 1 
1 0 0 0 0 # F F 1 1 
1 0 F 1 0 0 0 0 1 1 
1 0 0 0 # 0 0 1 1 1 
1 F 0 0 0 # 0 0 1 1 
S 0 0 0 0 H 0 0 1 1 
1 0 0 0 # 0 1 F 1 1 
1 1 1 1 1 1 1 1 1 1 
1 1 1 1 1 1 1 1 1 1 
D45 T13

Map10
1 1 1 1 1 1 1 1 1 1 
1 1 1 1 1 1 1 1 1 1 
1 1 0 0 0 0 0 0 1 1 
1 1 # 0 1 0 1 # 0 1 
1 G 0 H 0 # H 0 1 1 
1 1 0 0 1 0 0 0 0 1 
1 S 0 0 # 0 0 0 0 1 
1 1 0 # 0 0 1 1 0 1 
1 1 0 0 0 1 0 0 0 1 
1 1 1 1 1 1 1 1 1 1 
D25 T10

Map10
1 1 1 1 1 1 1 1 1 1 
1 G 0 0 1 0 1 0 1 1 
1 1 0 0 0 1 0 F 0 1 
1 1 0 H 0 0 # 0 0 1 
1 1 1 0 0 0 0 0 0 1 
1 1 0 0 0 0 1 0 0 1 
1 1 F 0 F # H 0 0 1 
1 1 0 0 1 0 0 0 0 1 
1 1 1 1 1 S 1 1 1 1 
1 1 1 1 1 1 1 1 1 1 
p55 T11

Map10
1 1 1 1 1 1 1 1 1 1 
1 1 1 1 1 1 1 1 1 1 
1 0 0 0 # 0 # 0 1 1 
1 0 1 0 0 0 0 1 1 1 
1 # 0 0 0 0 1 # 1 1 
1 1 0 0 0 # 1 0 S 1 
G 0 0 1 0 1 0 # 1 1 
1 0 0 # 0 0 0 0 1 1 
1 F # 0 0 0 0 0 1 1 
1 1 1 1 1 1 1 1 1 1 
U48 T16

Map10
1 1 1 S 1 1 1 1 1 1 
1 1 1 0 0 0 0 0 # 1 
1 1 0 0 0 H 1 0 # 1 
1 1 0 1 0 0 H 0 1 1 
1 1 1 0 0 0 0 0 0 1 
1 1 0 0 0 0 0 0 # 1 
1 1 0 0 # 0 0 0 1 1 
1 1 1 # # 0 0 # # 1 
1 1 1 1 1 G 1 1 1 1 
1 1 1 1 1 1 1 1 1 1 
R64 T15

Map10
1 1 S 1 1 1 1 1 1 1 
1 1 0 0 # 0 0 0 1 1 
1 1 0 0 0 0 0 0 0 1 
1 1 0 0 # 0 0 0 1 1 
1 1 0 0 0 0 # 0 0 1 
1 G 0 0 1 0 0 0 0 1 
1 1 0 # 0 # 0 0 0 1 
1 1 0 0 0 1 0 # 0 1 
1 1 1 1 1 1 1 1 1 1 
1 1 1 1 1 1 1 1 1 1 
U24 T10

Map10
1 1 1 1 1 1 1 1 1 1 
1 1 1 1 1 1 1 1 1 1 
1 0 F 0 1 0 0 0 S 1 
1 0 0 0 0 0 # 0 1 1 
1 0 1 0 0 0 0 0 1 1 
1 F 0 0 0 0 F # 1 1 
1 0 0 0 0 0 F 0 1 1 
G 0 0 0 0 0 0 F 1 1 
1 F 0 0 0 F F 0 1 1 
1 1 1 1 1 1 1 1 1 1 
P38 T10

Map10
1 1 1 1 1 1 1 1 1 1 
1 1 1 S 1 1 1 G 1 1 
1 1 0 0 0 0 H 0 0 1 
1 1 0 0 0 0 0 # F 1 
1 1 1 0 0 F 0 0 1 1 
1 1 1 # 0 # 0 1 # 1 
1 1 0 0 0 0 0 F 0 1 
1 1 1 0 1 0 0 0 0 1 
1 1 0 1 0 1 0 F 0 1 
1 1 1 1 1 1 1 1 1 1 
P63 T12

Map10
1 1 1 1 1 1 1 1 1 1 
1 0 0 0 0 H 0 1 1 1 
1 0 0 F 1 0 F # S 1 
1 0 0 0 0 F 1 0 1 1 
1 0 1 0 0 0 0 F 1 1 
1 # 1 1 0 1 F F 1 1 
1 0 0 0 0 0 0 0 1 1 
1 0 0 # 0 1 0 0 1 1 
1 1 1 1 1 1 G 1 1 1 
1 1 1 1 1 1 1 1 1 1 
U45 T11

Map10
1 1 1 1 1 1 1 G 1 1 
1 1 0 0 0 0 0 0 0 1 
1 1 0 0 1 0 0 1 0 1 
1 1 0 0 0 0 1 0 0 1 
1 1 0 0 0 # 0 0 0 1 
1 1 0 # 0 0 0 1 0 1 
1 1 0 0 0 1 1 0 0 1 
1 1 1 0 0 0 0 1 0 1 
1 1 1 S 1 1 1 1 1 1 
1 1 1 1 1 1 1 1 1 1 
L61 T13

Map10
1 1 1 1 1 1 1 1 1 1 
1 1 1 1 1 1 1 1 1 1 
1 1 0 0 0 0 1 0 0 1 
1 S 0 1 0 0 0 0 0 1 
1 1 0 1 0 0 0 0 0 1 
1 1 0 # 0 1 0 0 0 1 
1 1 0 0 0 1 0 0 1 1 
1 G 0 0 H 0 1 0 0 1 
1 1 0 0 0 0 0 0 0 1 
1 1 1 1 1 1 1 1 1 1 
U26 T11

Map10
1 1 1 1 1 1 1 1 1 1 
1 1 0 0 1 1 H H 1 1 
1 1 0 0 0 0 0 1 0 1 
1 S 0 0 0 0 0 0 0 1 
1 1 1 0 0 0 0 0 H 1 
1 1 0 0 0 1 0 # 0 1 
1 1 0 0 0 0 0 0 0 1 
1 1 0 0 0 0 0 0 0 1 
1 1 1 1 1 1 1 G 1 1 
1 1 1 1 1 1 1 1 1 1 
L67 T15

Map10
1 1 1 1 1 1 1 S 1 1 
1 0 0 1 0 F 0 0 1 1 
G 0 # 1 0 0 0 0 1 1 
1 0 0 1 # 0 0 1 1 1 
1 0 0 0 0 0 1 0 1 1 
1 0 # 0 0 0 0 0 1 1 
1 0 # 0 0 0 0 # 1 1 
1 0 1 0 0 0 0 0 1 1 
1 1 1 1 1 1 1 1 1 1 
1 1 1 1 1 1 1 1 1 1 
D23 T11

Map10
1 1 1 1 1 S 1 1 1 1 
1 1 0 F 0 0 F F 0 1 
1 1 0 0 1 1 0 0 0 1 
1 1 1 0 0 0 0 0 H 1 
1 G # 0 # 0 0 0 # 1 
1 1 F # 0 1 0 H 0 1 
1 1 0 0 0 0 1 0 0 1 
1 1 # F 0 0 0 # 1 1 
1 1 1 1 1 1 1 1 1 1 
1 1 1 1 1 1 1 1 1 1 
R36 T11

Map10
1 1 1 1 1 1 1 1 1 1 
1 S 1 1 1 1 G 1 1 1 
1 0 1 0 0 0 0 0 1 1 
1 0 # # 0 0 F 0 1 1 
1 1 0 0 0 0 0 0 1 1 
1 F 0 0 1 0 0 F 1 1 
1 # 0 # 0 0 1 0 1 1 
1 0 0 F 0 # # 0 1 1 
1 0 1 0 # 0 0 F 1 1 
1 1 1 1 1 1 1 1 1 1 
D52 T10

Map10
1 1 1 1 1 1 1 1 1 1 
1 1 1 1 1 1 1 1 1 1 
1 1 0 0 0 # 0 # H 1 
1 1 0 0 0 H 0 0 0 1 
1 1 0 0 0 0 0 0 0 1 
1 1 1 0 0 0 0 0 0 1 
1 S 0 # 0 0 H 0 0 1 
1 G 0 # 0 0 0 H # 1 
1 1 0 0 1 0 0 0 0 1 
1 1 1 1 1 1 1 1 1 1 
L56 T11

Map10
1 1 1 1 1 1 1 1 1 1 
1 1 1 1 1 1 1 G 1 1 
1 1 0 0 1 0 0 0 0 1 
1 1 0 F 0 0 H 0 F 1 
1 S # 0 0 # H 0 1 1 
1 1 0 0 # 0 0 0 # 1 
1 1 # 0 0 0 0 0 0 1 
1 1 0 0 0 # 0 0 1 1 
1 1 0 0 1 0 0 0 # 1 
1 1 1 1 1 1 1 1 1 1 
U35 T11

Map10
1 1 1 1 1 1 1 1 1 1 
1 1 1 S 1 G 1 1 1 1 
1 # # 0 0 0 0 0 1 1 
1 0 0 0 1 0 0 H 1 1 
1 # # 0 0 1 0 1 1 1 
1 0 # 0 1 0 0 1 1 1 
1 0 1 0 0 0 1 0 1 1 
1 0 0 0 0 # H 0 1 1 
1 0 0 F 0 1 0 # 1 1 
1 1 1 1 1 1 1 1 1 1 
L42 T10

Map10
1 1 1 1 1 S 1 1 1 1 
1 1 0 0 0 0 F 1 0 1 
1 1 1 0 0 # H 1 0 1 
1 1 0 # H 0 0 0 1 1 
1 1 0 H 0 1 0 0 0 1 
1 1 0 0 0 0 # 0 0 1 
1 1 # 0 0 0 0 0 0 1 
1 1 0 0 0 0 0 0 0 1 
1 1 1 1 1 G 1 1 1 1 
1 1 1 1 1 1 1 1 1 1 
R67 T10

Map10
1 1 1 1 1 1 1 1 1 1 
1 G F 0 0 1 0 0 0 1 
1 1 0 0 F F # F 1 1 
1 1 1 0 0 0 0 F 0 1 
1 1 0 1 0 H 0 0 0 1 
1 1 0 1 0 0 0 0 1 1 
1 S 0 0 F 0 0 0 0 1 
1 1 0 1 0 0 0 0 0 1 
1 1 1 1 1 1 1 1 1 1 
1 1 1 1 1 1 1 1 1 1 
P66 T11

Map10
1 1 1 1 1 1 1 1 1 1 
1 1 S G 1 1 1 1 1 1 
1 0 0 0 1 0 0 0 1 1 
1 1 0 F 0 0 0 1 1 1 
1 0 0 F 0 0 0 0 1 1 
1 0 F 0 0 0 1 0 1 1 
1 0 0 0 0 # 1 F 1 1 
1 F F F 0 0 0 0 1 1 
1 0 0 0 F 1 0 1 1 1 
1 1 1 1 1 1 1 1 1 1 
p54 T12

Map10
1 1 1 1 1 1 1 1 1 1 
1 H # H 0 0 0 0 1 1 
1 0 0 0 0 0 0 0 1 1 
1 # 0 0 0 0 # 0 1 1 
1 0 0 0 0 0 0 0 1 1 
1 H # 1 # 0 0 0 1 1 
1 0 0 0 F 0 0 # 1 1 
1 1 0 0 0 0 # 0 1 1 
1 1 1 1 1 G S 1 1 1 
1 1 1 1 1 1 1 1 1 1 
u47 T10

Map10
1 1 1 1 1 1 1 1 1 1 
1 1 1 1 1 1 1 1 1 1 
1 # 0 0 0 # 0 0 1 1 
S 0 0 0 F 0 # 0 1 1 
1 F 0 0 H 0 1 1 1 1 
1 0 0 F 0 0 0 0 1 1 
1 1 F 0 0 0 # 0 G 1 
1 0 0 F 0 0 F F 1 1 
1 1 1 0 1 0 0 F 1 1 
1 1 1 1 1 1 1 1 1 1 
p55 T10

Map10
1 1 1 1 1 G 1 1 1 1 
1 1 0 0 0 0 0 0 0 1 
1 1 0 0 0 0 0 F F 1 
1 1 0 0 0 0 0 0 0 1 
1 1 0 0 0 1 0 0 0 1 
1 1 F F F 0 0 0 1 1 
1 1 1 F 0 0 1 0 F 1 
1 S # 0 0 0 1 F 0 1 
1 1 1 1 1 1 1 1 1 1 
1 1 1 1 1 1 1 1 1 1 
R61 T11

Map10
1 1 1 1 G 1 S 1 1 1 
1 1 0 0 0 0 0 # 0 1 
1 1 0 0 0 0 1 0 0 1 
1 1 0 F 1 # # 0 1 1 
1 1 0 0 0 0 0 0 0 1 
1 1 H 0 0 0 # # F 1 
1 1 0 H 0 0 0 0 0 1 
1 1 0 0 1 F 0 0 0 1 
1 1 1 1 1 1 1 1 1 1 
1 1 1 1 1 1 1 1 1 1 
R51 T10

Map10
1 1 1 1 1 1 1 1 1 1 
1 0 1 0 H # 0 0 1 1 
1 F 1 0 0 0 0 0 1 1 
1 0 1 0 1 0 0 0 1 1 
1 0 0 0 0 0 # 1 1 1 
1 1 H 0 0 0 # # 1 1 
1 0 0 0 0 0 0 0 1 1 
1 0 1 0 0 # # F 1 1 
1 1 1 S G 1 1 1 1 1 
1 1 1 1 1 1 1 1 1 1 
p35 T10

Map10
1 1 1 1 S 1 1 1 1 1 
1 1 0 0 0 0 0 0 0 1 
1 1 0 1 0 1 0 1 0 1 
1 1 1 0 0 # 1 0 0 1 
1 1 0 0 0 0 0 0 1 1 
1 1 0 0 0 0 0 0 0 1 
1 1 0 0 H 0 0 0 0 1 
1 1 # 0 0 0 0 1 H 1 
1 1 1 G 1 1 1 1 1 1 
1 1 1 1 1 1 1 1 1 1 
U44 T11

Map10
1 1 1 1 1 1 1 1 1 1 
1 1 1 1 G 1 1 1 1 1 
1 1 0 0 0 # 1 0 0 1 
1 1 0 0 0 0 0 0 0 1 
1 1 0 0 0 0 0 0 1 1 
1 1 0 0 F 0 0 0 0 1 
1 S 0 1 0 0 0 0 0 1 
1 1 0 1 0 F 0 0 F 1 
1 1 0 0 1 0 1 0 0 1 
1 1 1 1 1 1 1 1 1 1 
P55 T12

Map10
1 1 1 G 1 1 S 1 1 1 
1 1 0 0 0 0 0 0 0 1 
1 1 0 0 # 0 0 H 0 1 
1 1 0 1 0 0 0 F 0 1 
1 1 1 1 # 0 0 0 0 1 
1 1 0 H 1 0 0 0 1 1 
1 1 # 0 H 0 1 0 0 1 
1 1 0 0 # F 0 0 0 1 
1 1 1 1 1 1 1 1 1 1 
1 1 1 1 1 1 1 1 1 1 
R41 T10

Map10
1 1 1 1 1 1 1 1 1 1 
1 1 1 1 1 1 1 1 1 1 
1 1 F F 0 0 0 0 0 1 
1 S F # 0 1 1 0 0 1 
1 1 0 0 1 # H # # 1 
1 1 0 0 F F 0 0 0 1 
1 G 0 # 0 1 0 0 0 1 
1 1 1 0 0 H 0 0 # 1 
1 1 0 1 # 0 0 0 1 1 
1 1 1 1 1 1 1 1 1 1 
l85 T11

Map10
1 1 1 1 1 1 1 S 1 1 
1 0 0 H 0 0 F 0 1 1 
1 1 0 0 0 0 0 1 1 1 
1 0 0 1 0 0 0 # 1 1 
1 1 # 0 0 F 0 F 1 1 
1 0 0 0 # 0 # 0 1 1 
1 0 1 0 H 0 0 0 1 1 
G 0 0 1 0 0 F 0 1 1 
1 1 1 1 1 1 1 1 1 1 
1 1 1 1 1 1 1 1 1 1 
P41 T12

Map10
1 1 1 1 1 S 1 1 1 1 
1 0 0 0 0 0 0 0 1 1 
1 0 0 0 0 0 0 F 1 1 
1 1 F 0 1 0 0 0 1 1 
1 0 0 0 0 H 0 1 1 1 
1 1 1 1 0 0 0 0 1 1 
1 0 # 1 F 0 F 0 1 1 
1 0 0 0 0 0 0 0 1 1 
1 1 1 1 G 1 1 1 1 1 
1 1 1 1 1 1 1 1 1 1 
P53 T10

Map10
1 1 1 1 1 1 1 1 1 1 
1 1 1 G 1 1 1 1 1 1 
1 1 F 0 0 1 0 0 # 1 
1 1 0 0 0 0 0 0 0 1 
1 1 0 # 0 0 0 0 0 1 
1 S # 1 0 0 0 0 0 1 
1 1 0 0 # 0 0 F 0 1 
1 1 0 # 0 0 F H 0 1 
1 1 0 H 1 0 0 H 0 1 
1 1 1 1 1 1 1 1 1 1 
P23 T10

Map10
1 1 1 1 S 1 1 G 1 1 
1 1 0 0 0 0 0 0 0 1 
1 1 # F F 0 0 0 1 1 
1 1 0 0 F 0 F 0 0 1 
1 1 0 0 0 1 0 0 0 1 
1 1 0 0 0 F 0 0 0 1 
1 1 1 0 0 0 0 0 0 1 
1 1 H 0 0 0 0 F 0 1 
1 1 1 1 1 1 1 1 1 1 
1 1 1 1 1 1 1 1 1 1 
p85 T10

Map10
1 1 1 1 1 S 1 1 1 1 
1 1 0 0 0 0 0 0 H 1 
1 1 0 0 0 0 0 0 0 1 
1 1 # 0 F 0 0 0 0 1 
1 1 1 0 1 0 0 0 0 1 
1 G 0 0 0 0 F 1 1 1 
1 1 0 0 0 F # 0 0 1 
1 1 0 H 0 H 0 0 1 1 
1 1 1 1 1 1 1 1 1 1 
1 1 1 1 1 1 1 1 1 1 
P54 T10

Map10
1 1 1 1 S 1 G 1 1 1 
1 1 # 0 0 0 0 0 0 1 
1 1 # 0 0 0 1 0 0 1 
1 1 0 0 0 # 0 0 0 1 
1 1 0 0 0 0 0 0 1 1 
1 1 0 1 0 0 0 0 0 1 
1 1 0 0 0 0 # 0 0 1 
1 1 1 0 0 1 0 # 0 1 
1 1 1 1 1 1 1 1 1 1 
1 1 1 1 1 1 1 1 1 1 
L51 T10

Map10
1 1 1 1 1 1 1 1 1 1 
1 F 0 F 0 0 # # 1 1 
1 F # 1 0 0 0 F 1 1 
S 0 0 0 1 # 0 0 1 1 
1 0 0 1 0 0 1 0 1 1 
1 0 H 0 0 0 0 # 1 1 
1 0 1 F 0 0 0 # 1 1 
1 0 0 0 0 1 0 1 1 1 
1 1 1 1 1 1 G 1 1 1 
1 1 1 1 1 1 1 1 1 1 
U56 T11

Map10
1 1 1 1 1 1 1 1 1 1 
1 1 0 0 0 0 0 0 H 1 
1 1 F 0 0 0 0 0 0 1 
1 1 H 1 0 H 1 H # 1 
1 1 # 0 1 0 0 0 0 1 
1 1 1 0 0 # # # # 1 
1 1 0 0 H 0 # 0 H 1 
1 G 0 1 0 0 0 1 0 1 
1 1 1 1 1 S 1 1 1 1 
1 1 1 1 1 1 1 1 1 1 
D56 T10
