Level203//3early
1 1 1 1 1 1 1 1 1 1 
1 1 1 1 1 1 1 1 1 1 
1 G 0 H 0 # 0 1 # 1 
1 1 0 0 0 1 # 0 # 1 
1 1 0 F 0 0 H F # 1 
1 1 H H 1 H 0 1 0 1 
1 S 0 0 1 0 # # 0 1 
1 1 0 0 H 1 1 0 0 1 
1 1 0 F # 0 1 F F 1 
1 1 1 1 1 1 1 1 1 1 
PU37 PR33 T6

Level185//nb
1 G 1 1 1 1 1 1 1 1 
1 0 # 1 0 0 0 0 0 1 
1 0 0 0 0 0 H 0 0 1 
1 H 0 0 0 0 F 0 0 1 
1 0 0 0 0 0 0 0 0 1 
1 0 0 0 0 0 0 0 1 1 
S 0 0 F F 1 0 0 0 1 
1 1 0 1 0 0 0 0 0 1 
1 0 0 0 0 0 0 0 0 1 
1 1 1 1 1 1 1 1 1 1 
PU26 PR14 T9

Level189//decent
1 1 1 1 1 1 1 1 
1 0 0 0 0 F # 1 
1 # 1 1 0 0 1 1 
G 0 1 0 F # # 1 
1 1 0 # 1 0 F 1 
S 0 0 0 0 0 0 1 
1 1 0 0 0 0 F 1 
1 1 1 1 1 1 1 1 
PU42 PR33 T6

Level169//mehish
1 1 1 1 1 1 1 1 
1 1 1 1 1 1 1 1 
1 S 0 1 0 0 0 1 
1 1 0 F 0 F 0 1 
1 1 1 1 # F # 1 
1 1 0 0 # 0 1 1 
1 G 0 0 H F # 1 
1 1 1 1 1 1 1 1 
PU36 PR42 T8

Map8//couldgo
1 1 1 1 1 1 1 1 
1 1 1 1 1 1 1 1 
1 1 F 0 # 0 S 1 
1 1 0 F H 0 1 1 
1 1 # 0 0 1 1 1 
1 1 0 # 0 0 1 1 
1 1 G 1 1 1 1 1 
1 1 1 1 1 1 1 1 
PR34 PU53 P32 T6

Map8//early
1 1 1 1 1 1 1 1 
1 1 1 1 1 S 1 1 
1 1 0 0 1 # 1 1 
1 1 0 0 F 0 1 1 
1 G # 0 1 F 1 1 
1 1 0 # 0 H 1 1 
1 1 1 1 1 1 1 1 
1 1 1 1 1 1 1 1 
PR22 PU53 P23 T5

Level167//couldgo?
1 1 1 1 1 1 1 1 
1 1 1 1 1 G 1 1 
1 1 H 0 1 0 1 1 
1 0 0 0 F 0 1 1 
1 0 0 1 0 0 1 1 
1 H # 0 0 1 1 1 
1 0 0 # 0 0 1 1 
1 1 S 1 1 1 1 1 
PU46 PR23 T7

Level170//comparar
1 1 1 1 1 1 1 1 
1 1 1 1 1 1 1 1 
1 1 # 0 0 # 1 1 
1 1 0 F # 0 1 1 
1 G 0 0 H F 1 1 
1 1 # # 1 0 1 1 
1 1 1 1 1 S 1 1 
1 1 1 1 1 1 1 1 
PU23 PR42 T7

Level192//chvr
1 1 1 1 1 1 1 1 
1 1 0 1 0 # 0 1 
1 1 1 F H 0 F G 
1 1 1 F 0 0 0 1 
1 1 # H F # # 1 
1 1 # 0 0 0 0 1 
1 1 S 1 1 1 1 1 
1 1 1 1 1 1 1 1 
PU65 PR52 T6

Level193/trickywal
1 1 1 1 1 1 1 1 
1 H # 0 0 1 0 S 
1 0 # 0 F 1 F 1 
1 # 0 0 0 F # 1 
1 0 0 0 0 0 0 1 
1 1 0 F 0 # H 1 
1 0 # 0 # 0 0 1 
1 1 G 1 1 1 1 1 
PU34 PR61 T6

Level195//2
1 1 1 1 1 1 1 1 1 1 
G 0 0 F H F 0 0 0 1 
1 1 0 0 0 0 F F 0 1 
S 0 0 H # 0 0 0 1 1 
1 0 0 1 1 0 0 H 0 1 
1 0 0 0 0 0 0 0 H 1 
1 0 0 H 0 1 0 0 0 1 
1 0 F F 0 F 0 0 0 1 
1 0 0 F F 0 0 0 0 1 
1 1 1 1 1 1 1 1 1 1 
PU23 PR18 T6

Level199
1 1 1 1 1 1 1 1 1 1 
1 1 # 0 1 0 0 0 1 1 
1 1 0 0 # 0 0 0 0 1 
1 G # # 0 0 1 0 H 1 
1 1 0 0 0 H 0 0 0 1 
1 1 0 0 1 0 0 H 0 1 
1 1 H 0 0 1 0 0 0 1 
1 1 H 0 0 0 0 # 0 1 
1 1 1 1 S 1 1 1 1 1 
1 1 1 1 1 1 1 1 1 1 
PU22 PR36 T7

Level204//2early
1 S 1 1 1 1 1 G 1 1 
1 F 0 0 0 0 0 # 0 1 
1 F 0 F 0 0 0 # F 1 
1 F 0 0 0 0 1 F 1 1 
1 0 1 0 0 F 1 0 0 1 
1 0 0 0 # 0 0 1 H 1 
1 0 # 0 0 0 0 H # 1 
1 # F # 0 F 0 0 0 1 
1 0 0 # F 0 0 1 0 1 
1 1 1 1 1 1 1 1 1 1 
PU74 PR25 T4

Level212//facil
1 1 1 1 S 1 1 1 1 1 
1 0 F F # 0 H 0 1 1 
1 F 0 0 1 F 0 0 1 1 
1 1 F 0 0 0 # 0 1 1 
1 0 # 0 0 # 0 # 1 1 
1 0 0 0 F H # 1 1 1 
1 0 # 0 # 0 0 0 1 1 
1 0 0 0 0 0 0 H 1 1 
1 1 1 G 1 1 1 1 1 1 
1 1 1 1 1 1 1 1 1 1 
PU47 PR11 T8

Level215
1 1 1 1 S 1 1 1 1 1 
1 F 1 0 0 F 0 F 0 1 
1 0 H 0 H F 1 1 0 1 
1 0 0 0 # 0 # 0 0 1 
G 0 1 0 0 # 1 0 0 1 
1 1 0 0 0 0 H 1 1 1 
1 0 0 0 0 0 0 1 0 1 
1 F 0 0 0 H 0 # # 1 
1 F # 0 0 F 0 0 H 1 
1 1 1 1 1 1 1 1 1 1 
PU41 PR61 T7

Level164//eztreicky//canleave
1 1 1 1 1 1 1 1 
1 1 1 1 1 1 1 1 
1 1 0 H 0 0 1 1 
1 1 0 # 1 0 S 1 
1 1 # 0 # 1 1 1 
1 1 0 F F 0 1 1 
1 1 1 1 G 1 1 1 
1 1 1 1 1 1 1 1 
PU25 PR53 T4

Map8
1 1 1 1 1 1 1 1 
1 0 0 F F 0 1 1 
1 # 1 0 F 0 1 1 
G # H 0 0 F 1 1 
1 0 0 0 0 0 1 1 
1 F F 0 1 # 1 1 
1 1 S 1 1 1 1 1 
1 1 1 1 1 1 1 1 
PR14 PU52 L34 T4

Level196//2.3
1 1 1 1 1 1 S 1 1 1 
1 1 # 0 0 0 0 0 F 1 
1 0 0 # 0 0 H H F 1 
1 0 0 0 0 0 0 0 0 1 
G 0 0 0 0 0 0 1 H 1 
1 # 0 0 H 0 H # 1 1 
1 0 0 0 0 0 0 0 # 1 
1 0 F 0 F # # 1 # 1 
1 # F 0 0 0 0 0 0 1 
1 1 1 1 1 1 1 1 1 1 
PU61 PR13 T8

Map8
1 1 1 1 1 1 1 1 
1 1 0 H # 0 1 1 
1 1 0 # 0 F H 1 
1 1 F 0 1 # 0 S 
1 1 F F 0 H 0 1 
1 1 # 0 # 1 F 1 
1 1 1 G 1 1 1 1 
1 1 1 1 1 1 1 1 
PR22 PU64 U42 T4

Level190//couldgo
1 1 1 1 1 1 1 1 
1 1 0 0 H 0 1 1 
1 1 0 1 0 0 0 G 
1 1 H 0 0 1 H 1 
1 1 0 0 0 0 0 1 
1 1 0 0 0 0 0 S 
1 1 1 1 1 1 1 1 
1 1 1 1 1 1 1 1 
PU45 PR42 T8

Level181//early//mehish
1 1 1 1 1 1 1 1 
1 0 0 0 0 0 0 1 
1 0 H 0 0 F # S 
1 0 0 H 0 0 0 1 
1 0 F 1 0 0 0 1 
1 0 F 0 0 1 0 1 
1 1 0 0 0 1 0 1 
1 1 1 G 1 1 1 1 
PU45 PR32 T5

Level188//sporadizegud
1 1 1 1 1 1 1 1 
1 1 S 1 1 1 1 1 
1 0 0 F F 0 1 1 
1 0 0 0 0 0 1 1 
G 0 0 0 0 1 1 1 
1 # H 0 0 0 1 1 
1 0 0 0 F H 1 1 
1 1 1 1 1 1 1 1 
PU23 PR35 T7

Level198//2.5
1 1 1 1 S 1 1 1 1 1 
1 0 0 1 0 H 0 0 0 1 
1 0 # 0 1 0 1 0 0 1 
1 0 F # 0 # 0 F 0 1 
1 1 0 F 0 0 0 F 0 1 
1 # 0 0 0 # 0 # 0 1 
G 0 0 F 0 0 0 0 0 1 
1 # 0 0 0 0 0 0 0 1 
1 # 0 0 # 0 0 0 0 1 
1 1 1 1 1 1 1 1 1 1 
PU41 PR27 T8

Level205//ezmaybeearly//bye?
1 1 1 1 1 1 1 G 1 1 
1 0 0 0 0 0 0 F 0 1 
1 1 0 0 0 # F # 0 1 
1 0 0 1 0 0 F F 0 1 
1 0 0 0 0 H 1 0 # 1 
1 0 # F F 0 0 0 0 1 
S 0 0 0 0 0 0 0 F 1 
1 0 0 0 F F H # 0 1 
1 0 0 0 0 F 0 0 0 1 
1 1 1 1 1 1 1 1 1 1 
PU76 PR15 T3

Map8
1 1 1 1 1 1 1 1 
1 1 1 1 1 1 1 1 
1 1 0 0 0 0 F 1 
1 1 0 # H 0 0 S 
1 1 F # 0 # # 1 
1 1 0 # 0 0 F 1 
1 1 0 F 0 0 0 1 
1 1 1 1 1 G 1 1 
PR46 PU53 p66 T5

Level183
1 1 1 1 1 1 1 1 
1 1 1 S 1 1 1 1 
1 1 1 0 0 1 1 1 
1 1 H 0 # F 1 1 
1 G # 0 0 # 1 1 
1 1 0 F 0 0 1 1 
1 1 1 1 1 1 1 1 
1 1 1 1 1 1 1 1 
PU33 PR45 T5

Level191//CHEVERISIMO
1 1 1 1 1 1 G 1 
1 1 1 # # F 0 1 
1 1 F 0 1 F # 1 
1 1 H 1 0 # 0 1 
1 1 0 0 0 0 1 1 
1 S F 0 0 H 0 1 
1 1 1 1 1 1 1 1 
1 1 1 1 1 1 1 1 
PU45 PR24 T5

Map8
1 1 1 S 1 1 1 1 
1 1 # # F F 0 1 
1 1 0 F 0 H 0 1 
1 1 0 0 0 0 0 1 
1 1 0 F 0 0 0 1 
1 1 0 H F 0 0 1 
1 1 1 1 1 G 1 1 
1 1 1 1 1 1 1 1 
PR24 PU33 p44 T3

Map8
1 1 1 1 1 1 1 1 
1 1 G 1 1 1 1 1 
1 1 0 H # 0 # 1 
1 1 0 1 0 0 F 1 
1 1 0 1 0 F 0 1 
1 1 1 # # 0 # 1 
1 1 H H 0 0 F 1 
1 1 1 1 S 1 1 1 
PR52 PU22 p46 T5

Map8
1 1 1 1 1 1 1 1 
1 1 1 1 1 1 S 1 
1 1 0 # # 0 0 1 
1 G 0 # 0 0 # 1 
1 1 0 0 0 0 H 1 
1 1 0 0 0 F 1 1 
1 1 1 0 0 F 0 1 
1 1 1 1 1 1 1 1 
PR22 PU62 p34 T7

Map8
1 S 1 1 1 1 1 1 
1 0 1 0 0 0 F 1 
G 0 1 F 0 F 0 1 
1 F 0 0 0 1 # 1 
1 0 0 1 F 1 0 1 
1 1 0 0 # 0 # 1 
1 0 0 0 # 0 0 1 
1 1 1 1 1 1 1 1 
PR16 PU11 p25 T7

Level172//prettysweet//couldgo
1 1 G 1 1 1 1 1 
1 1 0 F F 0 0 1 
1 1 0 0 0 0 0 1 
1 1 H 1 0 1 H 1 
1 1 0 F 0 0 0 1 
1 1 1 H 0 0 0 1 
1 1 1 1 S 1 1 1 
1 1 1 1 1 1 1 1 
PU65 PR42 T9

Level173//gudtough
1 S 1 1 1 1 1 1 
1 0 0 # H 0 1 1 
G # 0 F 1 0 1 1 
1 # # F 1 0 1 1 
1 F 0 0 0 0 1 1 
1 1 0 F 0 0 1 1 
1 1 1 1 1 1 1 1 
1 1 1 1 1 1 1 1 
PU11 PR24 T8

Level176//VeryNice
1 1 1 1 1 1 1 1 
1 # F 0 0 F # 1 
1 0 F 0 0 0 0 1 
1 0 0 0 0 F 0 1 
1 0 0 0 # # 0 1 
1 1 # 0 0 1 0 1 
1 0 F 0 0 0 0 S 
1 1 1 G 1 1 1 1 
PU46 PR41 T8

Level180//4
1 1 1 1 1 1 1 1 
1 0 F 1 0 0 0 1 
1 0 0 H 0 0 0 1 
1 H 0 0 0 1 0 S 
1 0 F 0 1 F F 1 
1 0 1 0 F H 0 1 
1 0 0 0 0 1 1 1 
1 1 G 1 1 1 1 1 
PU36 PR33 T9

Level186//verygud//siestabaalli
1 1 1 S 1 1 1 1 1 1 
1 F 0 0 0 0 1 0 0 1 
1 0 0 0 1 H H 0 # 1 
1 0 1 F 0 0 # # # 1 
1 0 # 1 0 0 0 0 0 1 
1 0 H 0 0 1 0 0 F 1 
1 0 F 0 H 0 F 0 # 1 
G 0 0 F 0 0 0 0 1 1 
1 H F 0 1 0 0 0 0 1 
1 1 1 1 1 1 1 1 1 1 
PU31 PR56 T7

Level178//trickyhard
1 1 1 1 1 1 1 1 
1 0 1 1 F 0 0 1 
1 1 # 0 0 H 0 1 
1 0 0 0 0 F 0 1 
1 0 0 0 0 H F 1 
1 H 0 0 0 0 0 1 
1 # # F 0 # 0 S 
1 1 1 1 G 1 1 1 
PU35 PR66 T8

Level182
1 1 1 1 1 1 1 1 
1 1 1 S 1 1 1 1 
1 1 1 0 0 1 1 1 
1 1 0 0 0 F 1 1 
1 1 1 H # F G 1 
1 1 0 # 0 # 1 1 
1 1 1 1 1 1 1 1 
1 1 1 1 1 1 1 1 
PU33 PR45 T5

Level171//cango
1 1 1 1 1 1 1 1 
1 1 S 1 1 1 1 1 
1 1 0 0 0 0 0 1 
1 1 # # 0 0 0 1 
1 G F # 0 0 1 1 
1 1 0 0 0 F # 1 
1 1 0 0 0 # F 1 
1 1 1 1 1 1 1 1 
PR32 PU22 p43 T5

Level189//nicetrick
1 1 1 1 1 1 1 1 
1 0 0 0 # # # 1 
1 0 0 # 0 1 0 1 
S 0 1 # H # 0 1 
1 0 1 1 0 0 0 1 
1 1 0 0 0 0 H 1 
1 1 0 0 0 0 0 1 
1 1 G 1 1 1 1 1 
PU64 PR44 T7

Map8
1 1 1 1 1 1 1 1 
1 1 1 1 1 G 1 1 
1 S # 0 # F 1 1 
1 1 F 0 0 0 1 1 
1 1 # 1 0 H 1 1 
1 1 0 0 0 0 1 1 
1 1 1 1 1 1 1 1 
1 1 1 1 1 1 1 1 
PR32 PU53 p35 T6

Map10
1 1 1 1 1 1 S 1 1 1 
1 1 1 0 0 0 0 0 F 1 
1 1 # F 0 H 0 0 H 1 
1 1 1 0 0 0 F 0 F 1 
1 1 0 1 0 0 0 0 1 1 
1 G 0 H 0 0 H 0 0 1 
1 1 0 0 0 H 0 0 F 1 
1 1 0 0 # F 0 1 F 1 
1 1 1 1 1 1 1 1 1 1 
1 1 1 1 1 1 1 1 1 1 
PR31 PU61 p26 T7

Map10
1 1 1 1 1 1 1 G 1 1 
1 0 # F 0 # 0 F H 1 
1 F 0 1 # 0 0 0 0 1 
1 0 0 0 0 H H 0 0 1 
1 F 0 0 0 H 0 0 F 1 
1 0 0 # # 0 0 F 0 1 
S 0 0 0 0 0 0 0 F 1 
1 0 # 0 0 0 0 H 0 1 
1 0 F 0 H F # 0 0 1 
1 1 1 1 1 1 1 1 1 1 
PR11 PU76 p16 T4

Map10
1 1 1 1 1 S 1 1 1 1 
1 F 0 # # 0 0 0 # 1 
1 0 0 H 0 0 0 0 0 1 
G # 0 0 0 H 1 0 0 1 
1 0 0 0 0 0 0 H 0 1 
1 1 0 0 0 # F 0 1 1 
1 0 0 # 1 0 0 0 0 1 
1 0 0 # # 0 1 1 F 1 
1 # 0 F 1 0 0 0 0 1 
1 1 1 1 1 1 1 1 1 1 
PR21 PU51 p42 T4

Map10
1 1 1 1 1 1 G 1 1 1 
1 H 0 0 0 1 # 0 F 1 
1 0 0 0 1 H 0 0 0 1 
1 0 0 H 1 0 0 1 F 1 
1 1 0 H 1 # 1 0 0 1 
1 F F 0 0 1 # 0 0 1 
S 0 0 0 0 0 0 0 H 1 
1 0 0 0 F # 0 0 0 1 
1 0 0 0 0 0 0 0 0 1 
1 1 1 1 1 1 1 1 1 1 
PR26 PU62 p48 T6

Level175
1 1 1 1 1 1 1 1 
1 # 1 F H 0 0 1 
1 F H 1 0 # # 1 
1 0 0 H 0 H 0 S 
1 1 0 F 1 0 0 1 
1 0 F 0 0 0 0 1 
1 0 0 0 # 0 F 1 
1 1 1 G 1 1 1 1 
PR63 PU65 p26 T9

Level171
1 1 1 1 1 1 1 1
1 1 1 S 1 1 1 1 
1 1 # 0 F # 1 1
1 1 0 0 0 0 1 1
1 G 0 F # 1 1 1
1 1 0 H 0 0 1 1
1 1 1 1 1 1 1 1
1 1 1 1 1 1 1 1 
PU33 PR45 T7

Level181
1 1 1 1 1 1 1 1 
1 1 H 0 # 1 F 1 
1 1 F 0 # 1 0 1 
1 1 0 0 # 0 0 1 
1 1 0 0 0 F 1 1 
1 1 0 0 H F 0 1 
1 1 S 1 1 G 1 1 
1 1 1 1 1 1 1 1 
PR23 PU44 U63 T6

Level178
1 1 1 1 1 1 1 1 
1 1 1 S 1 1 1 1 
1 1 F 0 0 # 1 1 
1 1 0 F # 0 1 1 
1 G 0 1 0 0 1 1 
1 1 0 H # 0 1 1 
1 1 1 1 1 1 1 1 
1 1 1 1 1 1 1 1 
PR44 PU32 P25 T7

Level184
1 1 1 1 1 S 1 1 
1 1 1 1 F 0 0 1 
1 G 0 0 0 1 F 1 
1 1 H 0 0 0 0 1 
1 1 F 0 0 # 0 1 
1 1 0 0 H F 0 1 
1 1 1 1 1 1 1 1 
1 1 1 1 1 1 1 1 
PR34 PU33 p63 T6

Map8
1 1 1 1 1 1 1 1 
1 1 1 1 1 1 1 1 
1 1 0 # 0 F S 1 
1 1 1 0 # 0 1 1 
1 1 0 0 0 0 1 1 
1 G # H 0 F 1 1 
1 1 1 1 1 1 1 1 
1 1 1 1 1 1 1 1 
PU45 PR22 l44 T5

Map8
1 1 1 1 1 1 1 1 
1 1 1 1 S 1 1 1 
1 1 # 1 # 0 1 1 
1 1 0 0 1 F 1 1 
1 1 0 0 0 0 G 1 
1 1 0 H F # 1 1 
1 1 1 1 1 1 1 1 
1 1 1 1 1 1 1 1 
PL52 PU25 r24 T5

Map8
1 1 1 1 1 1 1 1 
1 1 1 1 1 1 1 1 
1 1 0 0 H 0 G 1 
1 1 F 0 1 0 1 1 
1 F 0 F F # 1 1 
1 0 0 0 0 0 1 1 
1 0 1 0 F 0 1 1 
1 1 1 1 S 1 1 1 
PL32 PD45 r24 T6

Map8
1 1 1 1 1 G 1 1 
1 0 F 0 1 0 1 1 
1 0 0 F H F 1 1 
1 1 F 0 0 0 1 1 
1 # 0 0 0 1 1 1 
1 1 F 0 0 0 S 1 
1 1 1 1 1 1 1 1 
1 1 1 1 1 1 1 1 
PL22 PR35 r33 T7

Map8
1 1 1 1 1 1 1 1 
1 1 1 1 1 1 1 1 
1 1 0 0 H 0 1 1 
1 1 # 1 1 0 S 1 
1 1 0 0 # # 1 1 
1 1 0 F 0 F G 1 
1 1 1 1 1 1 1 1 
1 1 1 1 1 1 1 1 
PR53 PU25 p34 T6

Map8
1 1 1 1 1 1 1 1 
1 1 1 1 1 G 1 1 
1 S 0 # 1 0 1 1 
1 1 # 0 # 1 1 1 
1 1 F H F 0 1 1 
1 1 0 0 0 0 1 1 
1 1 1 1 1 1 1 1 
1 1 1 1 1 1 1 1 
PR33 PU52 p35 T7

Map8
1 1 1 1 1 1 1 1 
1 1 1 G 1 1 1 1 
1 1 H 0 # # 1 1 
1 1 0 1 F # 1 1 
1 1 1 0 0 F 1 1 
1 1 0 0 0 0 1 1 
1 1 S 1 1 1 1 1 
1 1 1 1 1 1 1 1 
PR34 PU32 p45 T6

Map10
1 1 S 1 1 1 1 1 1 1 
1 0 # 0 0 0 1 0 0 1 
G 0 F H 0 0 0 0 0 1 
1 0 0 1 0 0 0 H 0 1 
1 0 H 1 0 0 0 0 0 1 
1 0 0 0 0 0 0 0 0 1 
1 0 0 0 0 0 0 H 0 1 
1 0 0 0 0 0 1 0 0 1 
1 1 0 1 0 0 0 0 0 1 
1 1 1 1 1 1 1 1 1 1 
PR11 PU23 p54 T6

Map8
1 1 1 1 1 1 1 1 
1 0 0 F 0 H 0 G 
1 0 # 0 # 0 1 1 
1 0 # 1 H 0 0 1 
1 0 0 0 0 H 0 1 
1 1 1 0 0 0 0 1 
1 0 0 # 0 0 0 S 
1 1 1 1 1 1 1 1 
PR61 PU14 p46 T7

Map8
1 1 1 1 1 1 1 1 
1 H # 0 1 H 0 1 
1 # # 1 H 0 0 1 
1 1 0 # 0 # 1 1 
1 0 # 0 # 0 H 1 
1 1 0 0 H 0 1 1 
S 0 0 1 0 # 0 1 
1 1 1 1 1 1 G 1 
PR14 PU34 p25 T8

Map10
1 1 1 S 1 1 1 1 1 1 
1 F 0 0 0 0 F 0 0 1 
1 F 0 0 # 0 # 0 0 1 
1 0 H 0 0 0 1 0 0 1 
1 0 F 0 0 0 # 0 H 1 
1 0 0 H 0 H H # 0 1 
G 0 H 0 0 0 F 0 1 1 
1 0 0 0 0 0 0 0 # 1 
1 0 0 1 0 0 0 0 0 1 
1 1 1 1 1 1 1 1 1 1 
PR17 PU31 p45 T8

Map8
1 1 1 1 1 1 1 1 
1 1 1 1 1 1 1 1 
1 1 0 # 1 0 1 1 
1 1 F 0 F 0 S 1 
1 1 0 # 0 0 1 1 
1 1 0 H 0 # G 1 
1 1 1 1 1 1 1 1 
1 1 1 1 1 1 1 1 
PR53 PU25 r24 T5

Map8
1 1 1 1 1 1 1 1 
1 1 1 G 1 1 1 1 
1 1 0 F F 0 0 1 
1 1 # 0 # 0 0 1 
1 1 # 1 0 F 0 1 
1 1 0 F 0 # H 1 
1 1 0 0 F 0 # 1 
1 1 1 1 S 1 1 1 
PR22 PU44 u33 T6

Map10
1 1 1 S 1 1 1 1 1 1 
1 0 0 F F 0 0 0 0 1 
G 0 F 0 0 H F F 0 1 
1 0 0 F # 0 0 0 0 1 
1 # 0 1 H # 1 0 F 1 
1 0 0 F # 0 0 0 0 1 
1 0 0 0 0 0 # 0 0 1 
1 1 0 0 0 1 # 0 0 1 
1 0 0 F 0 # # H 0 1 
1 1 1 1 1 1 1 1 1 1 
PR13 PU32 U24 T4

Map10
1 1 1 1 1 G 1 1 1 1 
1 0 0 # # 0 0 # 0 1 
1 F 0 0 0 1 # 0 0 1 
1 0 1 0 0 0 0 0 0 1 
S 0 H F F # 0 # # 1 
1 0 0 0 H 0 0 0 0 1 
1 H 0 H # 0 0 0 0 1 
1 0 0 F 1 0 0 0 # 1 
1 0 0 0 H H 0 0 0 1 
1 1 1 1 1 1 1 1 1 1 
PL14 PD61 L73 T4

Map10
1 1 G 1 1 1 1 1 1 1 
1 1 # 0 1 1 0 0 1 1 
1 0 0 0 0 1 # 0 0 1 
S 0 F 0 F F 0 F 0 1 
1 # 0 0 0 H H 0 0 1 
1 0 F 0 0 # 0 0 0 1 
1 F 0 0 0 H 0 0 # 1 
1 0 0 0 H F 0 F H 1 
1 0 1 0 0 0 1 0 F 1 
1 1 1 1 1 1 1 1 1 1 
PR12 PD82 u33 T4

Map10
1 1 1 1 1 1 S 1 1 1 
1 F 0 # F 0 0 # 0 1 
1 H 1 0 H # F 0 0 1 
1 0 0 0 # 0 H 0 0 1 
1 0 0 # 1 1 0 0 0 1 
G 0 0 F F # 0 H 1 1 
1 F H 0 # 0 F 0 0 1 
1 0 0 # 0 0 F # 0 1 
1 0 0 0 0 0 1 # 0 1 
1 1 1 1 1 1 1 1 1 1 
PD13 PL81 R51 T4

Map10
1 G 1 1 1 1 1 1 1 1 
1 0 1 # F 0 0 0 1 1 
1 0 0 0 0 F H 0 0 1 
1 1 # 0 1 1 0 # # 1 
1 # H 0 1 1 0 0 H 1 
1 0 0 1 H H # 0 0 1 
S 0 1 0 0 0 0 0 0 1 
1 0 0 0 0 0 0 F 0 1 
1 0 F 0 H 0 0 0 # 1 
1 1 1 1 1 1 1 1 1 1 
PR18 PL22 D36 T5

Map10
1 1 1 1 1 1 S 1 1 1 
1 1 0 0 H 0 0 H 0 1 
1 0 F 0 0 F 1 F 0 1 
1 0 0 0 0 0 0 H 0 1 
1 0 1 0 0 0 0 0 0 1 
G 0 0 0 0 0 0 1 0 1 
1 0 0 F # 0 0 0 0 1 
1 # 0 1 F 0 1 0 0 1 
1 F 0 0 0 0 0 F 0 1 
1 1 1 1 1 1 1 1 1 1 
PR51 PD63 U27 T4

Map10
1 1 G 1 1 1 1 1 1 1 
1 0 0 F F 0 0 F 0 1 
S F 1 0 0 0 0 1 0 1 
1 0 0 1 0 0 0 0 0 1 
1 0 0 0 0 F 0 0 0 1 
1 F F H 1 1 # H F 1 
1 H 0 1 0 0 H 0 0 1 
1 0 1 F 0 0 1 0 0 1 
1 0 0 # # 0 0 0 H 1 
1 1 1 1 1 1 1 1 1 1 
PU13 PD42 D11 T5

Map10
1 1 1 1 1 G 1 1 1 1 
1 0 0 0 0 0 H 0 0 1 
1 F F 0 0 0 # 0 0 1 
1 F 0 0 0 0 H 1 H 1 
1 0 0 0 1 1 H 1 0 1 
1 0 0 0 0 F 0 0 0 1 
S 0 H F 0 0 1 0 0 1 
1 0 F 0 0 0 0 0 0 1 
1 0 0 0 0 H 0 0 F 1 
1 1 1 1 1 1 1 1 1 1 
PU51 PR23 U17 T4

Level173
1 1 1 1 1 1 1 1 
1 1 1 1 1 1 1 1 
1 1 0 0 # # 1 1 
1 G 0 # 0 1 1 1 
1 1 F F 1 0 1 1 
1 1 0 H 0 0 1 1 
1 1 1 1 1 S 1 1 
1 1 1 1 1 1 1 1 
PR45 PU25 p32 T7

Level177//tut
1 1 S 1 1 1 1 1 
1 0 0 H # 0 0 1 
1 # H 0 # 0 0 1 
1 1 0 # # 1 H 1 
1 0 0 F 0 F H 1 
1 1 0 1 0 0 0 1 
1 F F F 1 1 1 1 
1 1 G 1 1 1 1 1 
PR32 PU21 P44 T5

Map10
1 1 1 1 1 1 1 1 1 1 
1 0 F 0 0 0 0 0 S 1 
1 # 0 0 0 0 0 0 1 1 
1 F 0 H H 1 0 0 1 1 
1 0 H 0 1 1 0 0 G 1 
1 # # 0 F # F H 1 1 
1 H 0 0 0 F 0 0 1 1 
1 H 0 0 F 0 F 0 1 1 
1 1 1 1 1 1 1 1 1 1 
1 1 1 1 1 1 1 1 1 1 
PL41 PU66 r64 T7

Level192/cango
1 1 1 1 1 1 1 1 
1 0 1 H H H 0 S 
1 0 0 0 1 0 0 1 
1 H 0 0 0 1 0 1 
1 0 # 1 0 H 0 1 
1 0 0 0 0 0 0 1 
1 0 0 F 0 0 # 1 
1 1 1 G 1 1 1 1 
PR61 PU25 p44 T8

Level174//cango
1 1 1 1 1 1 1 1 
1 1 1 1 1 1 1 1 
1 S 0 0 1 0 1 1 
1 1 0 0 # 0 1 1 
1 G 0 0 F # 1 1 
1 1 H F # 0 1 1 
1 1 1 1 1 1 1 1 
1 1 1 1 1 1 1 1 
PR33 PU23 P55 T5

Level193//facil
1 1 1 1 1 1 1 1 1 1 
1 0 0 0 1 # 0 0 1 1 
1 0 0 0 # 0 # 0 1 1 
1 1 # 1 # 0 0 0 1 1 
1 0 0 0 0 # 0 0 1 1 
1 0 0 0 0 1 0 H 1 1 
1 H 0 0 0 # # 1 1 1 
1 0 0 0 0 H H 0 S 1 
1 1 1 G 1 1 1 1 1 1 
1 1 1 1 1 1 1 1 1 1 
PU24 PR77 T9

Level211
1 1 1 1 1 1 G 1 1 1 
1 # 0 0 # 0 0 0 0 1 
1 1 0 0 0 0 0 0 0 1 
1 0 1 F 1 0 1 H 0 1 
1 0 0 H 0 0 H F 0 1 
1 0 0 1 0 0 1 0 0 1 
1 0 H 0 0 1 0 0 1 1 
S 0 0 0 0 # 0 0 F 1 
1 F 0 0 0 H 0 F 0 1 
1 1 1 1 1 1 1 1 1 1 
PR21 PU47 p51 T6

Level166
1 1 1 1 1 1 1 1 
1 1 1 1 1 G 1 1 
1 1 F # 0 F 1 1 
1 S 0 1 0 # 1 1 
1 1 0 H 0 0 1 1 
1 1 1 0 # 0 1 1 
1 1 1 1 1 1 1 1 
1 1 1 1 1 1 1 1 
PL23 PL55 R43 T6

Level185
1 1 1 1 1 1 1 1 
1 1 1 1 1 1 1 1 
1 0 1 F # # S 1 
1 0 # 0 0 0 1 1 
1 H 0 # 0 0 1 1 
1 0 F 0 0 0 1 1 
1 1 # F 0 1 1 1 
1 1 1 G 1 1 1 1 
PR13 PU53 U43 T4

Level163//eazy
1 1 1 1 1 1 1 1 
1 1 1 1 1 1 1 1 
1 1 0 0 0 0 0 1 
1 1 1 0 0 0 0 1 
1 S 0 0 H 1 0 1 
1 1 0 0 1 1 0 1 
1 1 0 0 H 0 0 G 
1 1 1 1 1 1 1 1 
PU34 PR26 T8

Level168
1 1 1 1 1 1 1 1 
1 1 1 1 1 1 1 1 
1 1 0 1 0 0 1 1 
1 1 0 1 # 0 1 1 
1 G F F 0 # 1 1 
1 1 H 0 # 0 S 1 
1 1 1 1 1 1 1 1 
1 1 1 1 1 1 1 1 
PU53 PR35 T4

Level199//awesome
1 1 1 1 1 1 S 1 1 1 
1 0 # 0 0 # F 0 0 1 
1 1 # # 0 H 0 0 0 1 
1 # 0 0 0 0 0 0 0 1 
G 0 0 0 1 0 H 0 0 1 
1 0 0 1 H H 0 0 0 1 
1 0 1 # H 0 0 0 0 1 
1 0 0 0 0 0 0 # 0 1 
1 # # 0 0 0 0 0 0 1 
1 1 1 1 1 1 1 1 1 1 
PU62 PR43 T7

Level197//facil
1 S 1 1 1 1 1 1 1 1 
1 0 0 1 0 0 0 0 0 1 
1 0 0 1 0 0 0 F 0 1 
1 0 0 0 F 0 0 0 # 1 
1 0 0 0 0 0 0 0 0 1 
1 0 0 0 F F 1 0 1 1 
1 0 0 F 0 0 0 0 0 1 
G 0 0 # 0 0 0 F F 1 
1 F F 0 0 0 0 0 0 1 
1 1 1 1 1 1 1 1 1 1 
PU11 PR48 T6

Level178
1 1 1 S 1 1 1 1 
G 0 F # # F 1 1 
1 # 0 F # 0 1 1 
1 1 0 0 0 F 1 1 
1 1 0 # 1 F 1 1 
1 0 1 0 0 F 1 1 
1 1 1 1 1 1 1 1 
1 1 1 1 1 1 1 1 
PR24 PU43 p33 T4

Level180
1 1 1 1 1 1 1 1 
1 1 1 1 1 1 1 1 
1 1 0 F 0 1 # 1 
1 1 F 0 1 0 0 1 
1 1 F 0 0 0 F 1 
1 1 0 0 F 0 0 G 
1 1 0 1 F H 0 1 
1 1 1 1 S 1 1 1 
PR34 PU54 P66 T5

Map8
1 1 1 1 1 1 1 1 
1 F 0 1 F 1 # 1 
S 0 # 0 H # 0 1 
1 1 1 # 0 0 0 G 
1 0 0 # 0 # # 1 
1 0 0 0 0 0 1 1 
1 # 0 1 0 F 1 1 
1 1 1 1 1 1 1 1 
PD21 PD32 r53 T6

Map8
1 1 1 1 1 1 1 1 
1 0 H H F 0 H 1 
1 0 F 0 0 H 0 1 
G 0 0 0 0 0 1 1 
1 0 0 0 0 0 0 1 
1 0 0 0 0 0 F 1 
1 F 0 0 0 0 0 1 
1 1 S 1 1 1 1 1 
PR24 PD32 u34 T6

Map8
1 1 1 1 1 1 1 1 
1 0 1 0 0 0 1 1 
S 0 F 0 0 0 0 1 
1 H 0 1 0 1 1 1 
1 1 # 0 1 0 H 1 
1 0 H 0 F 0 0 1 
1 0 0 F # 0 # 1 
1 1 1 1 1 G 1 1 
PU52 PR35 d55 T6

Map8
1 1 1 S 1 1 1 1 
1 0 # 0 0 0 0 1 
1 # 0 1 1 # 1 1 
1 # 0 0 H 0 H 1 
1 1 0 0 0 H 0 G 
1 0 1 H 0 # # 1 
1 0 0 H # 1 0 1 
1 1 1 1 1 1 1 1 
PR64 PD11 l22 T7

Map8
1 1 1 G 1 1 1 1 
1 H F 0 F # 0 1 
1 0 # 0 1 # 0 1 
1 0 # F 0 0 F S 
1 0 0 H 0 H H 1 
1 0 0 # 0 0 0 1 
1 H 0 0 1 0 0 1 
1 1 1 1 1 1 1 1 
PD13 PR12 l24 T7

Map8
1 1 1 G 1 S 1 1 
1 # 0 F H 0 0 1 
1 0 0 0 # 0 0 1 
1 0 H 1 0 H # 1 
1 0 0 0 H 0 0 1 
1 0 1 0 0 H 0 1 
1 0 1 # # # 0 1 
1 1 1 1 1 1 1 1 
PR14 PL52 u32 T8

Map8
1 1 1 1 1 1 1 1 
1 H F # 0 F F 1 
1 # # 1 1 0 0 1 
1 0 0 1 F H 0 1 
G 0 1 # 0 1 0 1 
1 H 0 F 0 0 0 S 
1 0 # 0 # 0 1 1 
1 1 1 1 1 1 1 1 
PU45 PL14 u36 T8

Map8
1 1 1 1 1 1 1 1 
G F 0 H 0 0 0 1 
1 1 0 0 0 1 0 1 
1 F 1 0 0 F 0 1 
1 1 0 0 1 0 0 1 
1 0 0 0 0 H 0 1 
1 0 0 # 0 1 H 1 
1 1 1 S 1 1 1 1 
PR35 PD41 l42 T8

Map8
1 1 S 1 G 1 1 1 
1 0 0 0 F 1 # 1 
1 0 # 0 0 # F 1 
1 0 # 0 0 # 0 1 
1 # H 0 1 H H 1 
1 # F 1 0 H F 1 
1 0 0 # 0 H 0 1 
1 1 1 1 1 1 1 1 
PL63 PU21 u42 T7

Map8
1 1 1 G 1 1 1 1 
1 H 0 0 F 0 0 1 
1 # 0 # F 0 F 1 
1 0 0 0 # F 0 1 
1 0 H H 0 H 0 S 
1 # # 1 0 0 0 1 
1 # # 0 0 0 0 1 
1 1 1 1 1 1 1 1 
PR21 PR64 u33 T6