Map8
1 1 1 1 1 1 1 1 
1 0 H 1 H # F 1 
1 F 1 0 0 1 1 1 
1 H 0 0 1 0 0 1 
1 0 0 # 0 0 F 1 
1 # 1 F 0 # 0 S 
1 0 # 0 1 # 0 1 
1 1 G 1 1 1 1 1 
U36 P33 T5

Map8
1 1 1 G 1 1 1 1 
1 0 # 0 0 F 0 1 
1 1 0 1 0 0 0 1 
1 0 # 0 # 1 0 S 
1 0 F 0 0 0 F 1 
1 0 0 0 0 1 0 1 
1 0 0 1 1 0 0 1 
1 1 1 1 1 1 1 1 
P61 D41 T9

Map8
1 1 1 1 1 1 1 1 
1 H 0 0 # H 0 1 
1 # 0 0 0 0 # 1 
1 0 0 0 0 0 0 1 
1 # 0 0 # 0 # 1 
1 0 H # F # F 1 
1 1 F 0 0 0 0 1 
1 1 1 S G 1 1 1 
u36 p31 T6

Map8
1 1 1 1 1 1 1 1 
S 0 0 # 0 1 0 1 
1 0 H 0 1 # F 1 
1 1 # F F 1 1 1 
1 # 0 # 0 1 1 1 
1 0 0 0 # 0 0 1 
1 0 0 # 0 H F 1 
1 1 1 1 1 1 G 1 
L46 p21 T8

Map8
1 1 1 1 1 1 G 1 
1 0 0 1 F F 0 1 
1 F 0 1 0 0 0 1 
1 0 0 1 1 0 # 1 
1 1 0 0 0 0 1 1 
1 # H 0 H 0 0 1 
1 0 # 0 F 0 0 S 
1 1 1 1 1 1 1 1 
R42 U56 T4

Map8
1 1 1 1 1 G 1 1 
1 0 0 1 # 0 0 1 
1 0 0 0 0 0 1 1 
1 0 0 F 0 0 0 1 
1 0 0 0 F 0 0 1 
S # 0 0 H 0 0 1 
1 0 0 # 0 H 0 1 
1 1 1 1 1 1 1 1 
U16 p11 T4

Map8
1 1 1 S 1 1 1 1 
1 0 0 0 0 0 0 1 
1 0 0 0 0 # 0 1 
1 0 0 H 0 0 0 G 
1 0 1 0 F 0 F 1 
1 0 0 0 0 0 0 1 
1 1 0 0 0 H 0 1 
1 1 1 1 1 1 1 1 
p35 L42 T6

Map8
1 1 1 1 1 1 1 1 
1 0 0 # F 0 1 1 
1 # # 1 # # 0 1 
1 # F F H 0 # S 
G 0 0 1 0 1 H 1 
1 0 0 F 0 0 0 1 
1 1 0 F 0 1 0 1 
1 1 1 1 1 1 1 1 
L24 U53 T5

Map8
1 1 1 1 1 G 1 1 
1 1 F 0 0 0 0 1 
1 1 1 F 0 H F S 
1 1 0 0 0 0 0 1 
1 0 0 1 0 1 0 1 
1 0 0 0 0 0 0 1 
1 0 0 0 0 0 0 1 
1 1 1 1 1 1 1 1 
D61 p56 T6

Map8
1 1 1 1 G S 1 1 
1 0 H # 0 0 # 1 
1 # 0 0 0 # H 1 
1 0 # 1 0 0 0 1 
1 0 0 # 0 0 0 1 
1 1 H 0 0 0 0 1 
1 H 0 0 0 0 0 1 
1 1 1 1 1 1 1 1 
p51 p42 T7

Map8
1 1 1 1 G 1 1 1 
1 H F 0 # 1 0 1 
1 0 0 0 # 1 0 1 
1 F 0 # F 0 # 1 
S 0 F F 1 # 0 1 
1 1 0 1 0 0 # 1 
1 1 0 0 0 0 # 1 
1 1 1 1 1 1 1 1 
p64 D23 T8

Map8
1 1 1 1 1 1 1 1 
1 0 # 1 H 0 0 1 
1 0 # 1 0 F 0 1 
G 0 F F 0 0 H 1 
S F # 1 0 0 # 1 
1 1 0 F # 0 1 1 
1 1 0 # 0 # 0 1 
1 1 1 1 1 1 1 1 
L53 p46 T7

Map8
1 1 1 1 G S 1 1 
1 0 1 0 F 0 0 1 
1 0 0 0 0 0 0 1 
1 # 1 0 0 F 0 1 
1 0 0 0 1 0 0 1 
1 0 1 F 0 0 0 1 
1 0 0 0 0 # 0 1 
1 1 1 1 1 1 1 1 
p63 u42 T8

Map8
1 1 G 1 1 1 1 1 
1 0 0 F 1 # F 1 
1 # 0 0 0 0 0 1 
1 0 0 H 0 0 0 1 
1 0 0 1 1 0 0 1 
S 0 F 0 0 0 0 1 
1 0 0 0 0 # F 1 
1 1 1 1 1 1 1 1 
P13 d35 T8

Map8
1 1 1 1 G 1 1 1 
1 1 0 0 0 0 1 1 
1 0 # # 1 1 # 1 
1 0 0 0 0 0 0 1 
1 # 0 1 0 0 0 1 
1 0 0 # 1 0 0 1 
1 H 0 0 0 0 0 1 
1 1 1 1 1 1 S 1 
L63 P51 T9

Map8
1 1 1 1 1 1 1 1 
1 F 1 0 0 0 0 1 
1 0 0 0 0 0 0 1 
1 1 1 0 0 F H 1 
1 1 0 0 F F F 1 
1 0 1 0 0 # 0 G 
1 0 0 0 # 0 1 1 
1 S 1 1 1 1 1 1 
P61 P56 T7

Map8
1 1 1 1 1 1 1 1 
1 # 0 0 0 1 0 1 
1 F 1 0 0 0 0 1 
S # 0 0 H H 0 G 
1 # 1 1 0 0 1 1 
1 0 F H 0 0 0 1 
1 0 # 1 F H H 1 
1 1 1 1 1 1 1 1 
P33 p21 T9

Map8
1 1 1 1 1 1 1 1 
1 0 0 0 0 0 0 1 
G 0 0 F 0 0 0 1 
1 0 0 0 0 0 F 1 
1 H 0 0 0 0 0 S 
1 0 0 0 0 0 H 1 
1 0 0 0 0 0 1 1 
1 1 1 1 1 1 1 1 
p51 R24 T8

Map8
1 1 1 1 1 1 1 1 
1 # 0 1 1 1 H 1 
1 0 H 0 0 0 0 S 
G 0 0 0 1 0 0 1 
1 0 0 0 0 0 0 1 
1 0 0 0 1 0 0 1 
1 0 0 0 1 0 # 1 
1 1 1 1 1 1 1 1 
P32 p63 T9

Map8
1 1 1 1 G 1 1 1 
1 1 1 0 0 0 0 1 
1 1 F F H 0 F 1 
1 H 0 H H 1 # 1 
1 0 0 0 0 F 0 1 
1 0 0 1 0 0 0 1 
1 0 0 0 1 0 F 1 
1 1 1 S 1 1 1 1 
R14 p51 T9

Map8
1 1 1 1 1 1 1 1 
1 0 0 0 1 # 0 1 
1 # 0 1 1 # H 1 
S # 0 1 0 # 0 1 
1 0 H H H 0 # G 
1 0 H # 0 # 0 1 
1 0 0 0 0 0 0 1 
1 1 1 1 1 1 1 1 
r54 p46 T9

Map8
1 S 1 1 1 1 1 1 
1 0 # H H 0 0 1 
1 # 0 0 0 # H 1 
1 0 # 0 0 0 0 G 
1 # 0 0 F # 0 1 
1 0 0 0 0 0 # 1 
1 0 0 F 0 0 1 1 
1 1 1 1 1 1 1 1 
r13 p35 T7

Map8
1 1 1 1 1 1 1 1 
1 # # 0 0 0 0 1 
1 H H # # 1 # 1 
1 0 0 0 H H 0 S 
1 0 0 0 1 0 0 1 
1 # 0 0 0 0 # 1 
G 0 H 0 0 0 0 1 
1 1 1 1 1 1 1 1 
U64 p41 T9

Map8
1 1 1 1 1 1 S 1 
1 0 1 0 0 # 0 1 
1 0 H 0 0 # 0 1 
1 0 # F 0 F 1 1 
1 # 0 0 0 0 0 1 
G 0 0 H 1 0 0 1 
1 # 0 0 0 0 # 1 
1 1 1 1 1 1 1 1 
p36 R24 T9

Map8
1 S 1 1 1 1 1 1 
1 0 0 0 0 0 0 1 
1 0 1 H 0 0 0 1 
1 0 0 0 0 0 0 1 
1 H 0 H H 1 0 1 
1 0 0 0 0 0 H 1 
1 # 0 0 0 0 0 1 
1 1 1 1 1 1 G 1 
U13 P61 T7

Map8
1 1 1 1 1 1 1 1 
1 0 0 1 0 0 # 1 
1 1 # 0 0 0 0 1 
1 # F 0 0 0 # 1 
1 0 0 F H 1 0 1 
1 F 1 # 0 0 0 1 
1 1 0 F # 0 # 1 
1 1 1 S 1 G 1 1 
p64 d55 T8

Map8
1 1 1 1 1 1 1 1 
1 H # 0 0 # 0 1 
1 0 1 # 0 0 0 1 
1 H 0 0 1 H 0 1 
1 0 0 0 0 H 0 1 
1 0 0 # H 0 0 1 
1 0 1 0 0 0 0 1 
1 G 1 1 S 1 1 1 
R36 p63 T7

Map8
1 1 1 1 1 1 1 1 
G 0 1 F 0 0 F 1 
1 0 0 # 0 0 0 1 
1 F 0 # 0 # 0 1 
1 1 0 1 0 1 0 1 
S 0 1 0 1 0 0 1 
1 0 F 0 0 0 # 1 
1 1 1 1 1 1 1 1 
L62 P43 T8

Map8
1 1 1 1 G 1 S 1 
1 0 # F 0 F 0 1 
1 1 0 F 0 # 0 1 
1 1 0 # 0 0 0 1 
1 H # 0 0 0 0 1 
1 H 0 0 0 # H 1 
1 0 1 1 # 0 F 1 
1 1 1 1 1 1 1 1 
P64 P25 T7

Map8
1 1 1 1 1 1 1 1 
1 0 F 1 # 0 0 1 
1 0 # 0 0 0 0 1 
1 0 0 0 F 1 0 1 
1 1 0 1 0 # 1 1 
G 0 0 1 0 # 0 1 
1 0 1 0 # 0 # S 
1 1 1 1 1 1 1 1 
p12 L52 T8

Map8
1 1 1 1 1 1 1 1 
S # 0 0 0 H 0 1 
1 0 0 F 1 F 0 1 
1 0 # 0 1 0 0 1 
1 # 0 0 1 0 0 1 
1 0 # # H 0 0 1 
1 0 0 0 F 0 0 1 
1 1 1 1 1 G 1 1 
P21 l64 T8

Map8
1 1 1 1 1 1 1 1 
1 H 0 1 0 H # G 
1 # 0 0 F 0 0 S 
1 1 0 0 0 0 # 1 
1 1 0 0 1 F H 1 
1 F 0 H # 0 0 1 
1 F 1 # 0 0 0 1 
1 1 1 1 1 1 1 1 
p32 p23 T9

Map8
1 1 1 1 G 1 1 1 
1 0 H 0 0 0 H 1 
1 1 0 1 0 0 0 1 
1 H 0 0 1 0 0 1 
1 1 H 1 H 0 0 1 
S 0 1 0 0 0 0 1 
1 0 0 F 0 1 0 1 
1 1 1 1 1 1 1 1 
R35 L62 T8

Map8
1 1 1 1 1 1 1 1 
1 1 1 0 1 0 0 1 
1 0 0 1 0 0 0 G 
1 F # 0 1 # 0 1 
1 # 0 0 0 # 0 1 
1 F 0 0 0 0 # 1 
1 0 0 0 1 # # 1 
1 1 S 1 1 1 1 1 
p25 D63 T8

Map8
1 1 1 S 1 1 1 1 
1 0 0 0 0 0 0 1 
1 1 0 0 0 0 # 1 
1 0 1 H 1 0 0 G 
1 0 F 0 F F 0 1 
1 1 1 0 H F 0 1 
1 H 0 1 1 0 0 1 
1 1 1 1 1 1 1 1 
P32 r53 T8

Map8
1 1 1 1 1 1 1 1 
1 F 1 F 0 1 0 1 
G 0 0 0 0 1 0 1 
1 0 0 0 0 1 0 1 
1 1 1 0 # 0 F 1 
1 0 F 0 0 0 0 1 
1 0 0 0 # 0 0 1 
1 1 S 1 1 1 1 1 
L36 p43 T8

Map8
1 1 1 1 1 1 G 1 
1 0 1 H # 0 # 1 
1 # H 0 H 0 0 1 
1 # 0 # 0 # H 1 
1 0 # 0 1 0 F 1 
1 H 0 0 0 1 0 1 
1 1 # 0 0 1 1 1 
1 1 1 1 S 1 1 1 
U54 R23 T8

Map8
1 1 1 1 1 1 1 1 
1 1 H H H # # 1 
1 # H 0 0 F 0 G 
1 # 0 0 # 0 0 1 
1 H 0 F F # 0 1 
1 0 0 1 1 0 0 1 
S 0 # 1 0 0 1 1 
1 1 1 1 1 1 1 1 
P23 D63 T8

Map8
1 1 1 1 1 1 1 1 
1 0 0 0 1 0 0 1 
1 0 0 0 0 0 1 1 
S 0 F 1 0 # 0 1 
1 0 0 0 0 H 0 1 
1 # 1 0 1 F # 1 
1 F 1 0 # F 0 1 
1 1 1 G 1 1 1 1 
U24 L63 T8

Map8
1 1 1 1 1 1 1 1 
1 0 # # F 1 # 1 
1 1 0 0 H 1 0 1 
S 0 0 # 1 0 0 1 
1 F 0 1 0 # 0 1 
1 1 0 1 0 0 F 1 
1 # 0 F 0 0 # 1 
1 1 1 1 G 1 1 1 
l64 p13 T9

Map8
1 G 1 1 1 1 1 1 
1 # F 0 H # F 1 
1 1 # # 0 # # 1 
1 0 F 0 0 0 0 1 
1 0 F 0 0 0 0 1 
1 H 0 1 0 0 0 1 
1 0 0 F 0 0 0 1 
1 1 1 1 1 S 1 1 
R43 l64 T11

Map8
1 1 1 S 1 1 G 1 
1 0 0 0 H # F 1 
1 # # 0 0 F 0 1 
1 1 0 H H 0 0 1 
1 0 0 0 F 0 0 1 
1 1 0 0 0 H 0 1 
1 0 0 1 0 0 H 1 
1 1 1 1 1 1 1 1 
P32 p23 T8

Map8
1 1 1 1 1 1 1 1 
1 0 0 0 F 1 1 1 
1 0 0 0 0 0 0 1 
1 # # 0 F 0 0 S 
1 0 0 0 0 F 1 1 
1 0 0 1 0 0 0 G 
1 0 0 0 H 0 0 1 
1 1 1 1 1 1 1 1 
r14 d53 T8

Map8
1 1 1 1 1 1 1 1 
1 0 0 # 1 0 1 1 
1 # 1 # 0 0 0 1 
S # 0 0 H # 0 1 
1 0 0 0 0 H 0 1 
1 0 1 1 0 0 0 G 
1 0 0 1 H 1 0 1 
1 1 1 1 1 1 1 1 
p64 L33 T8

Map8
1 G 1 1 1 1 1 1 
1 0 0 0 0 0 F 1 
1 0 F 0 # 0 H 1 
1 H 0 1 0 0 0 1 
1 0 0 # 0 0 0 1 
1 0 1 0 0 0 F 1 
1 0 0 # # 0 # 1 
1 S 1 1 1 1 1 1 
p26 P14 T9

Map8
1 1 1 1 1 1 1 1 
1 F 0 0 0 0 0 1 
1 0 F 0 1 0 # 1 
1 0 # F 0 1 0 1 
G # 1 0 0 0 0 1 
1 0 F 0 # # 0 1 
1 0 F # 0 # 1 1 
1 1 S 1 1 1 1 1 
R15 D34 T8

Map8
1 1 1 1 1 1 1 1 
1 F 0 0 0 # 0 S 
1 0 0 0 0 1 0 1 
1 0 0 0 F 0 F 1 
1 0 0 0 0 0 F 1 
1 0 0 0 0 0 0 G 
1 0 0 0 0 0 0 1 
1 1 1 1 1 1 1 1 
R31 p46 T8

Map8
1 1 1 1 1 1 1 1 
1 0 0 # 0 1 H 1 
1 0 0 0 0 0 0 1 
1 1 # 0 0 H 0 1 
1 0 0 F H # 0 1 
1 0 0 0 0 0 0 1 
1 0 0 0 0 1 0 G 
1 1 1 1 S 1 1 1 
p15 L55 T8

Map8
1 S 1 1 1 1 1 1 
1 0 0 1 0 0 0 1 
1 0 0 H 0 0 0 1 
1 0 0 0 1 1 0 G 
1 0 0 0 0 0 0 1 
1 F 0 0 0 1 0 1 
1 0 0 H 0 0 1 1 
1 1 1 1 1 1 1 1 
P62 P13 T9

Map8
1 1 1 1 1 1 1 1 
1 0 0 1 0 0 0 1 
1 F # F 0 0 0 1 
1 0 0 H 0 0 0 G 
S # 0 0 0 # F 1 
1 0 0 H 0 0 1 1 
1 0 0 # 0 0 0 1 
1 1 1 1 1 1 1 1 
L44 p46 T8

Map8
1 1 1 1 1 1 1 1 
1 H 1 0 H # 0 1 
1 0 1 H 0 0 0 1 
1 0 0 0 0 0 # 1 
1 0 0 0 1 0 H 1 
1 1 0 H 0 0 0 G 
1 0 0 0 0 # 0 S 
1 1 1 1 1 1 1 1 
p43 p36 T9

Map8
1 1 1 S 1 1 1 1 
1 0 # 0 # 1 0 1 
1 0 0 0 # 1 # G 
1 1 # H H 0 0 1 
1 # 0 0 0 H 0 1 
1 # 1 0 0 0 0 1 
1 0 0 0 0 0 0 1 
1 1 1 1 1 1 1 1 
P32 p63 T11

Map8
1 1 1 1 1 1 1 1 
1 0 1 0 0 # 0 1 
1 1 0 0 0 F 1 1 
1 # 0 0 0 1 0 1 
S 0 0 F 1 0 # 1 
1 0 0 0 # 0 0 1 
1 0 0 0 # F 0 1 
1 1 1 1 G 1 1 1 
P24 P36 T8

Map8
1 1 1 1 1 1 1 1 
1 0 0 H H 0 0 G 
1 # # # 1 0 0 1 
1 0 # # 0 0 0 1 
1 0 H 0 1 0 1 1 
1 # 0 F 0 1 0 1 
1 0 # 0 # 0 1 1 
1 1 1 1 S 1 1 1 
D34 P11 T9

Map8
1 1 1 1 1 S 1 1 
1 0 H 0 # 0 0 1 
1 0 1 0 0 0 0 1 
1 0 0 0 1 0 0 1 
1 0 0 0 0 0 0 1 
1 0 0 H 0 0 0 1 
1 0 0 0 0 H 0 1 
1 1 1 1 G 1 1 1 
u34 L64 T9

Map8
1 1 1 1 1 1 1 1 
1 0 0 0 0 0 0 1 
1 0 0 0 # F # 1 
1 0 0 1 0 H 0 S 
1 0 0 F 0 0 0 1 
1 F H 1 1 0 0 G 
1 F 0 F 0 0 0 1 
1 1 1 1 1 1 1 1 
U64 R14 T9

Map8
1 1 1 1 1 G 1 1 
1 0 0 0 1 0 0 1 
1 0 # 0 F 0 0 1 
1 1 0 0 0 1 1 1 
1 0 0 # 0 1 F 1 
1 0 0 1 0 0 0 1 
1 0 0 0 0 0 0 1 
1 1 1 1 S 1 1 1 
p16 L56 T9

Map8
1 1 1 1 1 1 1 1 
1 # # F 0 0 0 S 
1 1 0 0 0 # 0 1 
1 # 0 0 0 0 # 1 
1 # 0 0 0 H 0 1 
G 0 # 0 0 0 0 1 
1 0 0 0 1 0 H 1 
1 1 1 1 1 1 1 1 
P41 P53 T9

Map8
1 1 1 1 1 1 1 1 
1 # 0 0 1 0 # 1 
1 0 0 0 0 0 # 1 
S 0 0 H 0 0 0 1 
1 H 0 0 0 0 0 1 
1 0 H 0 0 # # 1 
1 0 0 0 1 0 H 1 
1 1 1 1 1 G 1 1 
P31 P23 T8

Map8
1 1 1 1 1 1 1 1 
1 0 1 0 0 0 0 1 
1 1 0 0 1 0 0 1 
1 F # 1 0 0 0 1 
1 0 0 # 0 # 0 1 
1 0 0 1 0 0 0 G 
1 0 0 0 1 # F 1 
1 S 1 1 1 1 1 1 
l63 R14 T9

Map8
1 1 S 1 1 1 1 1 
1 0 0 0 0 # 0 1 
1 0 H F 0 0 0 1 
1 0 0 0 0 0 0 1 
1 0 0 0 0 0 1 1 
1 # 0 0 0 0 # 1 
1 0 1 0 # F F 1 
1 1 1 G 1 1 1 1 
P14 L31 T8

Map8
1 1 1 1 1 1 1 1 
1 1 0 0 H # 0 1 
1 # 1 0 1 0 0 1 
1 0 # 0 0 # 0 1 
1 0 0 0 0 0 # 1 
G # 0 # 1 1 0 1 
1 H 0 # 1 1 0 S 
1 1 1 1 1 1 1 1 
p34 P63 T8

Map8
1 1 1 1 1 G 1 1 
1 0 H # 0 F 0 1 
1 0 0 0 # 0 1 1 
1 0 0 0 0 1 # S 
1 1 0 1 0 0 0 1 
1 0 # 0 # F 0 1 
1 # 0 0 0 0 0 1 
1 1 1 1 1 1 1 1 
u46 p41 T8

Map8
1 1 1 1 1 1 1 1 
1 0 0 1 F 0 # S 
1 0 # # 0 0 F 1 
1 0 0 0 1 0 0 1 
1 0 0 1 0 H 1 1 
G F 0 0 H 0 F 1 
1 0 0 0 H 0 0 1 
1 1 1 1 1 1 1 1 
P51 P26 T9

Map8
1 S 1 1 1 1 1 1 
1 0 0 0 0 0 # 1 
1 F 0 0 0 0 0 1 
1 0 0 # 1 0 F G 
1 # 0 0 1 # F 1 
1 # 0 0 0 0 0 1 
1 0 0 1 0 0 0 1 
1 1 1 1 1 1 1 1 
r53 D51 T8

Map8
1 1 1 1 1 1 1 1 
1 0 0 0 0 F 1 1 
1 0 0 0 0 0 F 1 
1 0 1 0 0 0 0 1 
1 F 0 1 F # 0 S 
1 1 0 F 0 0 0 1 
1 0 0 0 0 0 0 1 
1 G 1 1 1 1 1 1 
d31 U45 T9

Map8
1 1 1 1 1 1 1 1 
1 # 0 0 0 0 0 1 
1 0 F H 0 H 0 1 
S 0 0 0 F 1 F 1 
1 0 0 1 H 0 0 G 
1 0 0 F 0 0 0 1 
1 # # 0 F # 0 1 
1 1 1 1 1 1 1 1 
U14 p65 T8

Map8
1 1 1 G 1 1 1 1 
1 0 0 0 # 0 F 1 
S 0 F H 0 0 F 1 
1 H 0 0 # 1 0 1 
1 0 0 0 0 0 1 1 
1 0 0 0 0 F # 1 
1 H 0 1 0 0 0 1 
1 1 1 1 1 1 1 1 
D21 p23 T8

Map8
1 1 1 1 1 1 G 1 
1 0 0 0 1 0 # 1 
1 0 0 F 0 0 H 1 
1 # 0 # # 0 # 1 
S # 0 0 # H 0 1 
1 1 0 1 0 # 0 1 
1 0 0 0 1 0 0 1 
1 1 1 1 1 1 1 1 
P34 U53 T9

Map8
1 1 1 G S 1 1 1 
1 # 0 # 0 # 0 1 
1 0 F 0 F 0 0 1 
1 0 0 0 H 0 1 1 
1 1 0 0 F 0 # 1 
1 1 # 0 0 0 0 1 
1 0 0 # 0 0 0 1 
1 1 1 1 1 1 1 1 
p41 R32 T10

Map8
1 1 G 1 1 1 1 1 
1 # 0 0 0 0 0 1 
1 F 1 0 0 0 0 S 
1 0 F 0 0 1 0 1 
1 0 0 F 0 1 0 1 
1 0 0 1 0 0 0 1 
1 1 0 0 0 0 F 1 
1 1 1 1 1 1 1 1 
D31 R24 T8

Map8
1 1 1 1 1 1 1 1 
1 1 # 0 # 0 # 1 
S 0 0 H 1 0 0 G 
1 0 # 0 0 # 0 1 
1 0 0 0 1 0 # 1 
1 1 0 0 0 0 0 1 
1 0 0 0 0 0 0 1 
1 1 1 1 1 1 1 1 
P22 P63 T11

Map8
1 1 1 1 1 1 1 1 
1 0 0 1 H 1 0 G 
1 0 0 0 0 0 0 1 
1 1 0 0 0 0 1 1 
1 H 0 1 H F 0 1 
1 0 F 0 0 0 0 1 
1 0 0 1 0 # 0 1 
1 S 1 1 1 1 1 1 
R15 p45 T8

Map8
1 1 1 G 1 1 1 1 
1 # 1 0 0 1 0 1 
1 0 0 H 0 0 0 1 
1 0 0 0 0 0 0 1 
1 H # 0 0 0 0 1 
1 0 0 H 0 0 0 1 
1 0 0 0 0 # 0 1 
1 1 1 1 1 S 1 1 
p25 p36 T12

Map8
1 1 1 1 1 1 1 1 
S 0 # 1 0 1 1 1 
1 0 0 # 1 H 0 1 
1 H 0 # # # 1 1 
1 0 H F 0 F H 1 
G 0 0 H 1 0 0 1 
1 0 0 # # 0 # 1 
1 1 1 1 1 1 1 1 
R23 P14 T8

Map8
1 1 S 1 1 1 1 1 
1 0 0 0 0 0 0 1 
1 0 0 0 0 0 F 1 
1 0 # 0 0 0 0 1 
1 1 0 0 0 0 F G 
1 0 # 0 0 # # 1 
1 0 0 F 0 0 0 1 
1 1 1 1 1 1 1 1 
L46 r54 T9

Map8
1 1 1 1 1 1 1 1 
1 H 0 F 0 1 0 1 
1 0 1 0 F 0 0 1 
1 0 F 0 0 0 H 1 
1 1 0 0 H F H 1 
1 H 0 0 0 0 0 1 
G 0 # 1 # 0 0 S 
1 1 1 1 1 1 1 1 
R35 P65 T8

Map8
1 1 1 1 1 G 1 1 
1 1 0 0 0 F 0 1 
1 # 0 0 0 F 0 1 
S 0 0 0 0 0 F 1 
1 0 # # 0 0 0 1 
1 0 0 # # 0 0 1 
1 # 0 0 0 0 # 1 
1 1 1 1 1 1 1 1 
L33 P46 T8

Map8
1 1 1 1 G 1 1 1 
1 # 0 0 0 F 0 1 
1 1 # 0 0 0 0 1 
1 F 0 # 0 0 0 1 
1 1 # 0 # 0 F 1 
1 1 0 0 0 1 0 1 
1 # 0 0 H 0 0 1 
1 S 1 1 1 1 1 1 
P21 P36 T9

Map8
1 1 1 1 1 S 1 1 
1 0 0 # # 0 1 1 
1 # 0 0 0 0 0 1 
1 0 H 0 0 0 0 1 
1 F 0 0 0 # 0 1 
1 # 0 0 0 0 0 G 
1 F # 0 0 # H 1 
1 1 1 1 1 1 1 1 
p51 p44 T8

Map8
1 1 1 1 1 1 1 1 
1 0 0 # 0 0 0 1 
G F 0 H 0 1 1 1 
1 # 1 0 0 0 # 1 
1 1 0 0 F 0 1 1 
1 0 H 0 1 0 0 1 
1 0 0 # # # 0 1 
1 1 1 S 1 1 1 1 
P11 D33 T10

Map8
1 G 1 1 1 1 1 1 
1 0 0 1 0 F 0 1 
1 0 0 1 0 0 0 1 
1 0 0 F 0 0 0 1 
1 0 0 0 0 F 0 1 
1 0 0 0 0 H 0 S 
1 0 1 0 0 0 0 1 
1 1 1 1 1 1 1 1 
D64 p56 T8

Map8
1 1 1 1 1 1 1 1 
1 F 1 0 1 0 # S 
1 1 1 0 F H 0 1 
1 0 0 1 0 F 0 1 
1 0 1 # # 0 # 1 
1 # H 0 # F 0 G 
1 # 0 0 0 0 # 1 
1 1 1 1 1 1 1 1 
p62 p46 T11

Map8
1 1 1 G 1 1 1 1 
1 0 0 # 0 # 0 1 
1 0 0 H # # H 1 
1 # 0 0 H 1 H 1 
1 0 0 0 0 0 0 1 
1 # 0 1 1 0 0 1 
1 # H 0 0 0 0 1 
1 1 1 S 1 1 1 1 
L64 p21 T9

Map8
1 1 1 1 1 1 1 1 
1 1 0 1 F 0 0 G 
S 0 0 0 H 0 1 1 
1 0 0 0 0 0 0 1 
1 # 0 F F # 0 1 
1 0 0 H 0 0 1 1 
1 0 0 1 F 0 F 1 
1 1 1 1 1 1 1 1 
p43 P22 T8

Map8
1 1 1 1 1 1 1 1 
1 # 0 0 # 0 1 1 
G 0 0 0 H 0 0 S 
1 0 0 # # 0 0 1 
1 0 0 1 # 0 0 1 
1 0 F 0 0 0 F 1 
1 # 0 # 0 0 1 1 
1 1 1 1 1 1 1 1 
P13 D51 T8

Map8
1 1 1 1 1 G 1 1 
1 0 0 # 0 0 H 1 
1 0 # 0 0 0 0 1 
1 # 0 0 0 # # 1 
1 0 0 1 0 0 0 1 
1 # 1 H F # 1 1 
1 H 0 0 0 F 0 1 
1 1 1 1 1 1 S 1 
p44 P36 T8

Map8
1 1 1 1 1 1 1 1 
1 H 0 0 0 1 0 G 
1 0 0 0 0 1 0 1 
1 0 0 1 1 0 0 1 
S 0 0 0 0 0 H 1 
1 0 0 0 0 0 # 1 
1 0 0 1 0 0 0 1 
1 1 1 1 1 1 1 1 
D44 P66 T8

Map8
1 1 S 1 1 1 1 1 
1 0 # 0 0 0 0 1 
1 0 0 0 0 0 0 1 
G 0 H 0 0 0 1 1 
1 0 H 0 0 0 0 1 
1 F 0 0 H 0 # 1 
1 0 0 0 0 0 0 1 
1 1 1 1 1 1 1 1 
p14 P22 T9

Map8
1 1 1 1 1 1 1 1 
1 0 0 H 0 0 0 1 
S F 0 0 0 0 1 1 
1 F 0 1 0 H 1 1 
1 0 1 H 0 0 # 1 
1 1 F 0 0 0 0 1 
1 0 0 # 1 1 0 1 
1 1 1 G 1 1 1 1 
d44 u46 T0

Map8
1 1 1 1 1 1 1 1 
1 # 0 0 1 0 # 1 
1 # # 0 0 F 1 1 
G 0 1 0 F 1 0 1 
1 0 0 0 0 0 1 1 
1 # # 0 0 0 H 1 
S # # F 0 0 0 1 
1 1 1 1 1 1 1 1 
P14 u46 T11

Map8
1 1 1 1 1 1 G 1 
1 0 0 0 0 # 0 1 
1 0 0 0 H 1 0 1 
1 H # 1 0 0 # 1 
1 0 0 0 0 0 H 1 
1 # 0 0 # 0 0 1 
1 0 H 0 0 0 0 1 
1 S 1 1 1 1 1 1 
p25 P14 T8

Map8
1 1 1 1 1 1 1 1 
1 0 # 0 # 1 # 1 
1 0 0 0 0 0 # 1 
1 0 1 0 0 0 0 1 
1 0 # 0 # 0 0 1 
1 # H 0 0 F 0 1 
1 0 0 0 0 0 # 1 
1 1 S 1 1 G 1 1 
P46 R16 T8

Map8
1 1 1 1 G 1 1 1 
1 0 1 F F H 0 1 
1 # 0 H 0 1 # 1 
S 0 0 1 0 F H 1 
1 0 F 0 # # # 1 
1 0 0 1 # 0 0 1 
1 0 0 H # 1 H 1 
1 1 1 1 1 1 1 1 
r14 p34 T8

Map8
1 1 1 G 1 1 1 1 
S 0 # # 0 # 0 1 
1 0 0 # 0 0 0 1 
1 0 F 0 0 F 0 1 
1 0 1 1 0 0 0 1 
1 0 1 0 0 0 F 1 
1 0 1 0 0 0 0 1 
1 1 1 1 1 1 1 1 
p41 p61 T9

Map8
1 1 1 1 1 1 1 1 
1 0 1 0 1 0 # 1 
1 0 0 F 0 0 # 1 
1 # # H H 0 0 S 
1 0 # 0 0 1 0 1 
1 0 0 0 1 1 0 1 
1 0 1 # 0 1 0 1 
1 1 1 G 1 1 1 1 
P53 p14 T9

Map8
1 1 1 G 1 1 S 1 
1 H # # 0 0 0 1 
1 0 0 0 0 0 1 1 
1 0 0 # 0 1 H 1 
1 H F 0 F 0 # 1 
1 0 # 0 0 1 0 1 
1 0 0 F 1 F 0 1 
1 1 1 1 1 1 1 1 
D41 u35 T9

Map8
1 S 1 1 1 1 1 1 
1 0 1 0 # # 0 1 
1 # 0 0 # F H 1 
1 # H 0 0 0 1 1 
1 0 0 0 # 0 0 1 
1 0 1 0 0 H 0 G 
1 H H 0 0 # # 1 
1 1 1 1 1 1 1 1 
P64 P15 T8

Map8
1 1 1 1 1 1 1 1 
1 0 0 0 0 0 0 1 
G 0 1 0 0 0 # 1 
1 # 0 1 0 1 0 1 
1 H F 0 0 H 0 1 
1 1 0 0 0 0 0 1 
1 # # 0 F 0 0 1 
1 1 1 1 S 1 1 1 
r11 P66 T9

Map8
1 1 1 1 1 1 1 1 
1 # 1 H 0 H 0 G 
1 1 F 0 0 F 0 1 
1 0 0 0 0 0 H 1 
1 H 0 F 0 0 1 1 
1 0 0 # 0 0 0 1 
1 0 0 0 0 0 0 1 
1 1 1 S 1 1 1 1 
L45 R42 T8

Map8
1 1 1 1 1 S 1 1 
1 0 0 0 0 0 0 1 
1 1 0 0 0 H 0 G 
1 0 0 0 0 0 0 1 
1 0 0 0 0 H 0 1 
1 0 0 0 0 0 0 1 
1 0 0 H 0 H H 1 
1 1 1 1 1 1 1 1 
p11 L61 T8

Map8
1 S 1 1 1 G 1 1 
1 0 0 0 F 0 0 1 
1 # 0 F 0 1 0 1 
1 0 0 0 0 # # 1 
1 F 1 # 0 # 0 1 
1 0 0 # F 0 0 1 
1 1 0 0 0 F 0 1 
1 1 1 1 1 1 1 1 
d61 P26 T8

Map8
1 1 1 1 1 S 1 1 
1 # # 0 0 0 0 1 
1 0 H 0 0 0 # 1 
1 0 0 0 0 1 0 1 
1 1 1 0 1 0 0 1 
1 F 0 # 0 0 0 1 
1 0 0 F 0 0 0 1 
1 1 1 1 G 1 1 1 
d45 P16 T9

Map8
1 G 1 1 1 1 S 1 
1 0 # 0 1 # 0 1 
1 H # 0 1 0 0 1 
1 0 1 0 0 0 1 1 
1 0 # 0 0 # # 1 
1 0 0 # 0 0 1 1 
1 0 0 0 # H 1 1 
1 1 1 1 1 1 1 1 
P55 U34 T8

Map8
1 1 1 1 1 1 1 1 
1 H 0 0 0 0 0 1 
1 0 0 # 0 1 0 1 
1 0 0 H 0 0 0 1 
1 0 0 0 # H # 1 
G F 0 H 0 0 0 1 
1 0 0 0 0 0 0 1 
1 1 1 1 S 1 1 1 
l25 p36 T8

Map8
1 1 1 G 1 1 1 1 
1 0 F 0 1 0 0 1 
1 0 0 0 H 0 F 1 
1 0 H 0 # # 0 1 
1 F 1 H 0 0 0 S 
1 0 0 0 0 H 0 1 
1 # F F 0 H 0 1 
1 1 1 1 1 1 1 1 
U33 P54 T10

Map8
1 1 1 1 1 1 1 1 
S 0 # 0 0 F 0 1 
1 0 0 # 0 1 0 1 
1 F 1 0 0 0 0 1 
1 H 0 1 0 1 H 1 
G 0 # 0 0 1 0 1 
1 1 F 0 0 0 0 1 
1 1 1 1 1 1 1 1 
p44 D31 T9

Map8
1 1 1 1 1 1 1 1 
S 0 0 F 0 1 0 1 
1 F # # F 0 0 1 
1 0 0 0 1 1 H 1 
1 1 0 # F 0 0 1 
1 1 H 0 0 # 0 1 
1 0 H 0 # F 1 1 
1 1 1 1 G 1 1 1 
P21 P35 T8

Map8
1 1 1 G 1 1 1 1 
1 0 0 0 0 # H 1 
1 # 0 0 H 0 0 1 
1 1 1 H # 0 1 1 
1 0 0 H 0 # 0 1 
1 0 0 # # H # 1 
1 0 0 0 0 0 0 1 
1 1 1 1 S 1 1 1 
P21 P44 T8

Map8
1 1 1 G 1 1 1 1 
1 F # # H 0 1 1 
1 0 # 0 # F 0 1 
1 1 # F 0 0 # 1 
1 0 F 0 0 # 0 1 
1 0 0 H 1 H 0 1 
1 0 F 0 0 # 0 1 
1 1 1 1 1 S 1 1 
u32 L66 T8

Map8
1 1 1 1 1 1 1 1 
1 1 H 0 0 1 F 1 
1 0 0 0 0 0 F 1 
1 0 H 0 0 0 0 G 
1 F 1 0 H 1 # 1 
1 0 0 F F 0 0 1 
1 # 0 0 # # 0 1 
1 1 1 1 1 S 1 1 
u36 r33 T8

Map8
1 1 1 1 1 S 1 1 
1 # 0 0 0 0 0 1 
1 # 0 F 0 0 1 1 
1 0 0 0 0 F 0 G 
1 # 1 # F 0 0 1 
1 0 1 0 1 F 1 1 
1 # 0 0 1 0 0 1 
1 1 1 1 1 1 1 1 
L52 D31 T8

Map8
1 1 1 1 1 1 1 1 
1 0 1 0 H H # 1 
1 F 0 0 0 # 0 1 
1 1 0 0 1 0 # 1 
1 0 # 1 0 0 0 S 
1 0 0 # 0 1 # 1 
1 # 1 0 H 1 0 1 
1 G 1 1 1 1 1 1 
D31 L62 T9

Map8
1 1 1 1 1 1 1 1 
1 0 H 0 0 1 0 G 
1 H 0 0 0 0 0 1 
1 0 1 F H 0 1 1 
1 0 0 0 1 0 0 1 
1 0 0 0 F 0 F S 
1 0 H 0 0 H 0 1 
1 1 1 1 1 1 1 1 
r32 u35 T8

Map8
1 G 1 1 1 1 1 1 
1 F 0 F 1 0 0 1 
1 0 0 0 0 0 0 1 
1 H 0 1 1 0 H 1 
1 H 1 0 0 0 0 1 
1 0 F F 0 0 F 1 
1 H 1 1 0 0 0 1 
1 1 1 1 1 1 S 1 
D64 p53 T8

Map8
1 1 1 G 1 1 1 1 
1 0 0 0 # F 0 1 
1 0 F # 1 F 0 1 
S F F 1 0 0 # 1 
1 0 0 0 0 0 0 1 
1 # 0 0 1 # 0 1 
1 0 0 0 0 0 0 1 
1 1 1 1 1 1 1 1 
U14 r12 T10

Map8
1 1 1 1 1 1 1 1 
S F # 0 H 0 0 1 
1 0 0 0 # 0 0 1 
1 # 1 0 # # H 1 
1 1 F # F F 0 1 
1 0 # 0 0 0 0 1 
1 0 0 # 0 0 0 1 
1 1 1 1 1 G 1 1 
L46 D31 T8

Map8
1 1 1 1 1 1 S 1 
1 H 0 0 1 0 # 1 
1 1 0 1 1 # 0 1 
1 # H 0 # 0 # 1 
1 1 0 0 # 0 F 1 
1 0 0 # 0 1 0 1 
1 0 H 0 # 0 0 1 
1 G 1 1 1 1 1 1 
P24 P36 T11

Map8
1 1 1 1 1 1 S 1 
1 0 0 1 H 0 0 1 
G # 0 1 H 0 0 1 
1 # 0 0 1 1 0 1 
1 0 H # 1 0 0 1 
1 H 0 # 0 # 0 1 
1 # # 0 # 0 0 1 
1 1 1 1 1 1 1 1 
p23 U36 T9

Map8
1 1 1 1 1 1 1 1 
1 0 0 0 0 0 0 1 
1 0 0 0 0 0 0 1 
1 1 0 0 H 0 0 1 
1 0 0 H 0 0 0 1 
1 0 0 H 0 0 H 1 
1 0 0 0 H 0 0 1 
1 S 1 1 1 1 G 1 
L41 U25 T10

Map8
1 1 1 1 1 1 1 1 
1 0 F F 0 0 0 1 
1 0 0 1 0 0 # 1 
S 0 0 1 0 1 0 1 
1 H 1 F 0 0 0 1 
1 0 0 # 0 F F G 
1 0 0 0 0 # 0 1 
1 1 1 1 1 1 1 1 
d41 P46 T8

Map8
1 G 1 1 1 1 1 1 
1 # 0 # 0 0 0 1 
1 1 0 # 0 0 # 1 
1 1 0 H 0 H H 1 
1 0 # 0 0 # 0 1 
1 0 H # 0 0 F 1 
1 0 # F 0 0 0 1 
1 1 1 1 1 1 S 1 
p14 D64 T8

Map8
1 1 G 1 1 1 1 1 
1 # 0 0 1 0 0 1 
1 # 0 0 0 # 0 1 
1 0 H H F 1 0 1 
1 1 0 F 0 0 1 1 
1 0 0 0 0 0 1 1 
S 0 0 0 0 0 0 1 
1 1 1 1 1 1 1 1 
U22 L36 T9

Map8
1 1 S 1 1 1 1 1 
1 0 0 0 F 0 0 1 
1 0 # 0 1 # # 1 
1 0 H 1 0 0 0 1 
G # 0 # 0 # 1 1 
1 0 F 1 F 0 # 1 
1 0 F F 0 1 0 1 
1 1 1 1 1 1 1 1 
R11 p15 T8

Map8
1 1 1 1 1 1 1 1 
1 0 F H 0 0 F 1 
1 0 0 1 0 H 1 1 
1 0 0 0 0 0 0 1 
S 0 # 1 1 0 # 1 
G 0 0 0 0 0 0 1 
1 F 0 F 1 0 0 1 
1 1 1 1 1 1 1 1 
l65 r13 T9

Map8
1 1 1 1 1 1 1 1 
S F # 0 F # 0 1 
1 1 0 # F # 0 1 
G 0 0 0 H # 0 1 
1 0 0 0 0 0 0 1 
1 0 H 0 0 F # 1 
1 0 H 0 0 0 0 1 
1 1 1 1 1 1 1 1 
P63 d31 T8

Map8
1 G 1 1 1 1 1 1 
1 F 1 0 0 F # 1 
1 0 F 0 0 0 0 1 
1 0 # 0 0 0 0 1 
1 0 H 0 0 1 0 1 
1 0 0 # # # F 1 
S F # 1 0 0 0 1 
1 1 1 1 1 1 1 1 
R15 D64 T8

Map8
1 1 1 1 1 1 1 1 
1 0 0 0 # 0 0 1 
G # 0 0 # 1 # 1 
1 0 0 # 0 1 0 S 
1 0 0 1 0 1 # 1 
1 H 0 1 1 0 0 1 
1 0 # H 0 0 0 1 
1 1 1 1 1 1 1 1 
p31 l22 T8

Map8
1 1 1 S 1 1 1 1 
1 0 0 # 0 # # 1 
1 0 0 0 0 0 # 1 
1 0 0 0 F 1 0 1 
1 # 0 1 0 # 1 1 
1 0 1 0 0 0 1 1 
1 F 0 0 0 1 0 1 
1 1 1 G 1 1 1 1 
d41 p44 T9

Map8
1 1 1 1 1 1 1 1 
1 0 # F 0 0 0 1 
1 0 # 0 0 F 1 1 
S 0 F # 0 0 0 1 
1 0 0 0 0 0 F 1 
1 0 F 1 0 0 0 1 
1 0 # 0 0 1 0 1 
1 1 G 1 1 1 1 1 
p43 p34 T8

Map8
1 1 1 1 1 1 1 1 
1 1 # 1 0 0 0 1 
1 H 1 H 0 0 F 1 
1 # 0 0 # 0 F 1 
1 0 0 0 1 0 F G 
1 0 # 0 0 0 # S 
1 0 # 0 # 0 # 1 
1 1 1 1 1 1 1 1 
u56 P53 T8

Map8
1 1 G 1 1 1 1 1 
1 0 0 0 0 F 0 1 
S 0 0 H F F F 1 
1 0 0 F 0 0 0 1 
1 0 0 1 0 0 # 1 
1 1 0 1 0 1 # 1 
1 0 0 0 H 0 1 1 
1 1 1 1 1 1 1 1 
P22 d11 T9

Map8
1 1 1 1 1 1 1 1 
1 # 0 0 1 # 0 1 
G 0 0 0 H 1 1 1 
1 0 H 0 1 0 0 1 
1 0 0 0 0 1 1 1 
1 1 0 0 0 0 # 1 
1 0 # F 0 0 0 S 
1 1 1 1 1 1 1 1 
U46 P33 T8

Map8
1 1 1 1 G 1 1 1 
1 F # 0 0 0 H 1 
1 F 1 0 1 # 0 1 
1 # # 0 1 0 0 1 
1 H 0 1 0 0 # 1 
1 0 0 0 0 H F 1 
S F 0 0 0 0 0 1 
1 1 1 1 1 1 1 1 
P51 u26 T8

Map8
1 1 1 1 1 1 1 1 
1 # F 0 0 0 # 1 
1 0 0 H H 0 0 G 
1 H 0 1 # F 0 1 
1 # # 0 0 0 0 1 
1 0 1 F F 0 0 1 
1 H 0 0 0 0 # 1 
1 1 1 1 S 1 1 1 
D44 P63 T8

Map8
1 1 1 1 1 1 1 1 
1 # 0 # 0 H # 1 
1 # # 0 0 # 0 1 
1 1 # 0 H 0 1 1 
1 1 0 0 1 0 0 1 
1 0 0 1 0 1 0 1 
S 0 0 0 F 0 0 1 
1 1 1 G 1 1 1 1 
p42 U26 T12

Map8
1 1 1 1 1 1 1 1 
1 0 0 0 0 # 0 1 
1 0 0 0 1 0 0 1 
1 H 0 0 0 0 0 1 
1 # 0 F # 1 # S 
1 H H 0 0 0 H 1 
1 0 0 1 # 0 0 1 
1 1 1 1 1 1 G 1 
P33 l63 T8

Map8
1 1 1 1 1 1 1 1 
1 H 1 # 0 0 0 1 
1 0 F F 0 0 0 1 
1 0 H # 1 0 F 1 
1 0 # 0 1 H F 1 
1 # H 0 0 0 0 1 
1 0 0 0 0 0 0 1 
1 1 S 1 G 1 1 1 
L36 P13 T8

Map8
1 1 1 1 1 1 1 1 
1 0 0 0 0 0 0 1 
1 0 0 1 0 0 0 G 
1 0 0 0 0 H H 1 
1 0 0 0 H 0 0 1 
S 0 F 0 0 0 0 1 
1 F 1 0 F 0 0 1 
1 1 1 1 1 1 1 1 
p31 L43 T9

Map8
1 1 1 1 1 1 1 1 
1 0 0 0 0 1 0 1 
1 0 0 0 0 0 H 1 
1 0 1 H 0 0 0 G 
1 H 0 0 0 0 0 1 
1 0 0 1 0 0 1 1 
S 0 0 0 1 0 1 1 
1 1 1 1 1 1 1 1 
p44 p16 T11

Map8
1 1 1 1 1 1 1 1 
1 0 0 1 # 0 # 1 
1 0 # 0 0 0 0 1 
1 0 1 F 0 # # S 
1 0 0 0 0 F 0 1 
1 0 0 # 0 1 0 1 
1 0 0 F # 0 0 1 
1 1 G 1 1 1 1 1 
R43 p14 T11

Map8
1 S 1 1 1 1 1 1 
1 # 0 # 0 0 0 1 
1 0 # 0 F 0 0 1 
1 0 F 0 0 0 # 1 
1 0 0 H # 1 H 1 
1 1 0 0 H F 0 1 
G # 0 1 0 0 F 1 
1 1 1 1 1 1 1 1 
P61 p32 T10

Map8
1 1 1 1 1 1 1 1 
1 0 0 0 1 0 H 1 
1 0 0 1 0 0 0 1 
1 F 0 0 F 0 0 1 
1 0 1 # 1 0 F 1 
1 0 0 H 0 0 0 1 
1 0 0 0 0 # 0 1 
1 1 S 1 G 1 1 1 
L36 P11 T8

Map8
1 S 1 1 1 1 1 1 
1 # 0 0 0 1 H 1 
1 1 0 0 0 H F 1 
1 # 0 0 0 F 0 1 
1 1 F 0 1 0 # 1 
1 0 0 F 0 0 0 1 
1 0 0 0 0 0 H 1 
1 1 1 1 G 1 1 1 
d45 L65 T9

Map8
1 1 1 1 1 1 1 1 
1 F 0 F 0 0 # 1 
1 0 0 0 0 0 0 1 
1 0 1 F 0 1 # G 
1 0 F 0 F # # 1 
1 0 1 0 0 0 0 1 
1 # 0 0 1 0 0 S 
1 1 1 1 1 1 1 1 
p62 D41 T9

Map8
1 1 1 1 1 1 1 1 
1 0 0 0 0 # F 1 
1 0 0 F 1 F 0 1 
1 0 # 1 0 0 H 1 
1 # 1 1 # F 1 1 
1 H 0 # 0 # 0 1 
1 0 0 0 # 0 0 1 
1 1 1 1 G S 1 1 
D53 p36 T8

Map8
1 1 1 1 1 1 1 1 
1 H 0 0 0 F 0 1 
1 0 0 0 0 0 0 1 
G 0 0 1 1 0 0 S 
1 # # 0 1 0 0 1 
1 0 0 0 1 H 0 1 
1 0 0 0 0 1 0 1 
1 1 1 1 1 1 1 1 
P12 D21 T9

Map8
1 1 1 1 1 1 1 1 
1 F 1 0 0 0 # 1 
1 F # 0 1 0 0 1 
1 0 0 0 1 0 0 1 
1 0 1 # 0 0 0 1 
1 0 0 F # 0 0 1 
1 0 F 0 0 0 # 1 
1 1 G 1 1 1 S 1 
P15 p64 T8

Map8
1 1 1 1 1 1 1 1 
1 1 0 # 0 0 # 1 
1 # 0 0 0 1 0 1 
1 0 0 0 0 0 0 1 
1 0 # 0 0 # 0 1 
1 0 0 0 0 0 0 1 
S 0 0 0 H 0 H 1 
1 1 1 1 1 G 1 1 
P65 P26 T8

Map8
1 1 G 1 1 1 1 1 
1 F 0 # 1 # 0 1 
1 0 0 0 0 F 1 1 
1 F 0 0 0 F 0 1 
1 # 1 # 0 0 0 1 
1 0 0 # # 0 # 1 
1 1 0 # 0 0 0 1 
1 1 1 1 1 S 1 1 
p32 P55 T8

Map8
1 1 1 1 1 G 1 1 
1 1 0 F 0 0 0 1 
1 0 # 0 1 F 0 1 
1 0 H 0 0 F H 1 
1 0 0 0 0 H 1 1 
1 0 0 0 0 0 0 1 
1 1 1 1 0 1 # 1 
1 1 1 1 S 1 1 1 
p41 D32 T9

Map8
1 1 1 1 1 G 1 1 
1 0 0 0 1 0 F 1 
1 0 H F 0 0 0 1 
1 0 # 1 0 F # 1 
1 0 0 1 1 1 0 1 
S 0 0 0 0 1 F 1 
1 F 0 0 0 0 0 1 
1 1 1 1 1 1 1 1 
D62 p64 T8

Map8
1 1 1 1 S 1 1 1 
1 0 # 0 0 0 1 1 
1 1 H 0 0 0 0 1 
1 0 0 0 1 0 0 1 
1 # 0 # 0 0 0 1 
G 0 # H F H 0 1 
1 0 1 0 0 1 0 1 
1 1 1 1 1 1 1 1 
U33 L64 T8

Map8
1 1 1 1 S 1 1 1 
1 # 0 # 0 0 0 G 
1 0 0 0 H 0 0 1 
1 0 0 0 0 0 H 1 
1 0 F 0 0 0 1 1 
1 0 # 0 0 0 0 1 
1 # 0 # 0 0 # 1 
1 1 1 1 1 1 1 1 
p13 L51 T8

Map8
1 1 1 S 1 1 1 1 
1 0 # 0 0 0 0 1 
1 0 1 0 H 0 0 1 
1 H H 0 0 0 0 1 
1 1 0 0 0 0 1 1 
1 0 0 H 0 0 0 1 
1 H 0 0 1 0 0 1 
1 1 1 G 1 1 1 1 
P33 P45 T10

Map8
1 1 1 1 1 1 1 1 
1 0 0 0 0 0 0 S 
1 H 0 F 0 0 0 1 
1 0 0 0 0 0 0 1 
G 0 0 0 0 0 0 1 
1 1 F F H 0 F 1 
1 1 0 0 1 H 0 1 
1 1 1 1 1 1 1 1 
p34 d31 T8

Map8
1 1 1 1 1 1 1 1 
1 F 0 0 0 1 0 1 
1 H F 0 0 0 0 1 
1 1 0 0 0 0 0 1 
1 F 0 # 0 0 0 G 
S 0 0 F 0 H 0 1 
1 1 0 F 0 0 H 1 
1 1 1 1 1 1 1 1 
P65 D44 T8

Map8
1 1 1 G 1 1 1 1 
1 0 H 0 # 0 0 1 
1 0 0 0 # F 1 1 
1 0 H 0 H 0 0 1 
S 0 0 F 0 0 0 1 
1 0 # 0 0 0 0 1 
1 1 0 0 0 0 H 1 
1 1 1 1 1 1 1 1 
P24 d45 T10

Map8
1 1 1 1 1 1 1 1 
1 F 0 1 0 0 F 1 
1 H H F # 0 0 1 
1 F 1 0 1 0 0 1 
1 H 0 F # 1 0 1 
1 0 0 0 0 0 1 1 
1 0 0 0 0 0 # 1 
1 1 1 1 1 G S 1 
p16 l46 T8

Map8
1 1 1 1 1 1 1 1 
1 # # 0 0 # # S 
1 0 0 0 0 0 H 1 
1 H 0 F 0 H 1 1 
1 0 0 0 0 0 0 G 
1 # 0 F H # 0 1 
1 # # 0 0 0 0 1 
1 1 1 1 1 1 1 1 
P31 P43 T9

Map8
1 S 1 1 G 1 1 1 
1 F 0 0 0 0 1 1 
1 0 0 0 0 # 0 1 
1 0 0 1 1 0 0 1 
1 H 0 0 0 # # 1 
1 F 0 0 0 F 0 1 
1 0 0 0 0 1 0 1 
1 1 1 1 1 1 1 1 
P32 P13 T9

Map8
1 1 1 1 1 1 1 1 
1 0 0 H # 0 1 1 
1 F 0 H 0 0 0 1 
S # 0 # 0 0 # 1 
1 1 0 1 # 0 F 1 
1 0 0 H 0 0 0 1 
1 0 0 0 # F 0 1 
1 1 1 G 1 1 1 1 
u26 p53 T11

Map8
1 S 1 1 1 1 1 1 
1 F 0 0 0 0 0 1 
1 0 0 0 F F 1 1 
1 0 0 1 H # 1 1 
1 0 0 1 0 0 0 1 
1 0 H # 0 0 0 G 
1 0 0 0 H 1 F 1 
1 1 1 1 1 1 1 1 
P61 r13 T8

Map8
1 1 1 1 1 1 1 1 
1 1 0 # 0 H 0 1 
1 0 # 0 # H 0 1 
G 0 0 H 0 # 0 1 
1 0 # 0 1 0 0 1 
1 1 # 0 0 0 F 1 
S # 0 0 0 0 # 1 
1 1 1 1 1 1 1 1 
p36 l23 T8

Map8
1 1 1 1 1 1 1 1 
1 # 0 1 1 # 0 1 
G 0 0 F H 0 F 1 
S 0 0 0 0 F 0 1 
1 1 1 0 # F 0 1 
1 F 0 0 1 0 1 1 
1 0 H 0 H 0 0 1 
1 1 1 1 1 1 1 1 
p13 l43 T8

Map8
1 1 1 1 1 1 1 1 
1 0 0 # 0 0 F 1 
1 F 0 0 0 1 # 1 
1 0 1 0 # 0 F 1 
1 0 0 # 0 0 0 1 
1 1 F 0 0 0 1 1 
S 0 0 0 0 F 0 1 
1 1 1 1 G 1 1 1 
P36 d44 T8

Map8
1 1 G 1 1 1 1 1 
1 F 0 0 0 0 0 1 
1 0 0 0 0 0 0 1 
1 0 F # 0 0 F 1 
1 0 0 0 0 F 0 1 
1 0 0 # 0 0 1 1 
1 0 0 0 0 0 0 1 
1 S 1 1 1 1 1 1 
D14 u26 T8

Map8
1 1 1 1 1 1 1 1 
S 0 # 0 0 0 H 1 
1 0 0 1 1 H 0 1 
1 F H 0 1 1 # 1 
1 0 0 # # # 1 1 
1 0 0 1 0 # # 1 
1 0 0 H 0 # 0 G 
1 1 1 1 1 1 1 1 
r14 P31 T8

Map8
1 1 1 1 1 1 1 1 
G 0 0 1 # F 0 1 
1 1 0 1 F 0 0 1 
1 0 0 0 # 0 1 1 
1 0 H 0 F # 0 1 
1 0 0 0 0 0 1 1 
1 0 0 1 0 0 # S 
1 1 1 1 1 1 1 1 
p56 R33 T8

Map8
1 S 1 1 1 1 1 1 
1 # 1 0 0 H # G 
1 0 0 0 # # 0 1 
1 0 0 0 0 0 1 1 
1 0 H 0 0 # # 1 
1 0 0 0 0 H # 1 
1 1 0 H 0 F 0 1 
1 1 1 1 1 1 1 1 
p12 p33 T10

Map8
1 1 1 S 1 1 1 1 
1 0 0 0 0 1 0 1 
1 0 0 F 0 0 F 1 
1 0 0 H 0 0 0 G 
1 0 0 0 0 F 0 1 
1 0 0 F 0 0 0 1 
1 1 0 0 0 0 0 1 
1 1 1 1 1 1 1 1 
p56 L42 T8

Map8
1 1 1 1 1 1 S 1 
1 0 F 1 1 1 0 1 
1 # 0 0 # 0 # 1 
1 0 # 0 0 F 0 1 
1 # 0 F 1 0 1 1 
1 0 1 0 H 0 # 1 
1 F 0 F 0 0 0 1 
1 1 1 1 1 1 G 1 
d52 p61 T8

Map8
1 1 G 1 S 1 1 1 
1 0 0 # 0 1 1 1 
1 0 0 1 # # 0 1 
1 0 0 0 F 0 # 1 
1 0 F # 0 F # 1 
1 1 1 H # 0 0 1 
1 0 1 0 H F # 1 
1 1 1 1 1 1 1 1 
R33 r12 T10

Map8
1 1 1 1 1 1 1 1 
1 F 0 0 0 0 0 1 
1 0 0 1 0 F 0 1 
G 0 0 1 1 0 0 1 
1 1 F 0 0 1 1 1 
1 # # 0 0 0 0 1 
1 0 0 0 1 0 0 S 
1 1 1 1 1 1 1 1 
p35 l23 T8

Map8
1 1 1 1 1 1 1 1 
1 # # # 0 # # 1 
1 0 0 H 0 0 # 1 
1 0 0 0 0 H 0 1 
1 0 0 1 0 0 0 1 
1 H 0 0 1 F 1 1 
1 F 0 0 # # 0 1 
1 1 1 1 1 G S 1 
P44 U26 T8

Map8
1 1 1 1 1 1 1 1 
1 0 0 0 1 0 F 1 
1 F 0 F H 0 1 1 
1 1 F 0 0 0 0 1 
1 0 0 1 1 F # 1 
1 0 0 0 0 0 0 G 
1 0 0 0 0 0 0 1 
1 1 1 1 1 S 1 1 
P52 u46 T8

Map8
1 1 1 1 1 1 1 1 
1 0 1 0 F 0 0 1 
1 0 1 0 0 F F 1 
1 0 0 0 1 0 0 G 
1 0 0 1 0 1 0 1 
1 0 0 0 0 0 0 1 
1 H 0 0 0 0 0 1 
1 1 1 1 1 1 S 1 
D61 U26 T9

Map8
1 1 1 1 1 1 1 1 
1 0 1 # # F 0 G 
1 0 0 H 0 # 0 1 
1 1 H 0 0 F 1 1 
1 0 F 0 0 0 0 1 
1 F 1 # 0 # 0 1 
1 0 0 0 H 0 # 1 
1 1 1 1 1 S 1 1 
D54 p56 T8

Map8
1 1 1 1 1 1 1 1 
1 0 0 # 0 0 0 1 
1 0 0 0 F 0 0 1 
1 0 # F # 0 0 1 
G 0 0 0 1 0 0 1 
1 H 0 0 0 0 F 1 
1 0 0 H 0 0 # 1 
1 1 1 1 S 1 1 1 
P25 p11 T8

Map8
1 1 1 1 S 1 1 1 
1 # 0 0 F 0 0 1 
1 0 1 F 1 0 # 1 
1 0 # 0 0 F 0 1 
1 # 0 1 0 0 # 1 
1 0 0 H 1 0 # 1 
1 # 1 # F 0 0 1 
1 G 1 1 1 1 1 1 
R31 P63 T10

Map8
1 1 1 1 1 1 1 1 
1 # 0 0 # 0 F 1 
G 0 1 1 0 0 0 1 
1 0 0 0 F 0 1 1 
1 # 0 # 0 0 # 1 
1 H F 0 1 0 0 1 
1 # 0 0 0 1 0 1 
1 1 1 1 S 1 1 1 
R13 p36 T8

Map8
1 1 1 1 1 1 1 1 
1 1 F F H 0 0 1 
1 0 0 1 0 0 0 1 
1 0 0 0 0 # 0 1 
S 0 0 0 F H 0 1 
1 0 0 H 0 1 0 G 
1 0 H 0 1 1 0 1 
1 1 1 1 1 1 1 1 
P24 p64 T8

Map8
1 1 1 1 1 G 1 1 
1 0 # 0 0 0 0 1 
1 0 0 0 0 # 1 1 
1 0 # 0 0 1 0 S 
1 F 0 0 0 0 # 1 
1 0 0 0 0 0 0 1 
1 0 0 0 0 1 # 1 
1 1 1 1 1 1 1 1 
P65 D13 T9

Map8
1 1 1 S 1 1 1 1 
1 0 0 0 0 0 0 1 
1 0 0 0 0 0 H 1 
1 0 0 H 0 0 0 G 
1 0 1 0 0 0 0 1 
1 1 0 0 # 0 0 1 
1 0 # 0 0 1 # 1 
1 1 1 1 1 1 1 1 
L42 P61 T9

Map8
1 1 1 1 1 1 1 1 
1 1 # 0 0 # 0 1 
1 0 0 0 0 0 0 1 
1 # 0 0 1 H 0 S 
1 0 # 0 # 0 0 1 
1 # 0 0 H 0 0 G 
1 0 0 0 H 0 0 1 
1 1 1 1 1 1 1 1 
U64 P25 T8

Map8
1 G 1 1 1 1 1 1 
1 0 H F 0 0 0 1 
1 # 0 0 1 1 0 1 
1 1 # 0 1 0 # 1 
S 0 1 0 0 0 0 1 
1 0 0 F 1 F 0 1 
1 0 0 # 0 0 0 1 
1 1 1 1 1 1 1 1 
p26 L32 T8

Map8
1 1 G 1 1 1 1 1 
1 # # 0 0 0 # 1 
1 0 0 0 # 0 # 1 
1 0 0 0 # 0 0 1 
1 0 H # 0 0 0 S 
1 0 0 H H # 0 1 
1 0 1 0 0 0 1 1 
1 1 1 1 1 1 1 1 
P31 P44 T8

Map8
1 1 1 1 1 1 1 1 
1 0 F 1 # 0 F 1 
1 0 0 0 0 0 F 1 
1 0 H 0 0 0 0 1 
1 0 0 0 # F 0 1 
1 0 0 0 F # 0 1 
S # # 0 0 0 0 1 
1 1 1 G 1 1 1 1 
p46 l52 T8

Map8
1 1 1 S 1 1 1 1 
1 0 0 # # F 0 1 
1 0 0 1 # 0 0 1 
1 1 H # 0 1 # 1 
1 0 0 0 0 0 0 1 
1 0 # # # 0 0 1 
1 1 H 0 F 1 0 1 
1 1 1 G 1 1 1 1 
p24 p64 T9

Map8
1 1 1 1 1 G 1 1 
1 H 0 # 0 0 0 1 
1 F 0 # H # 0 1 
1 H 1 0 1 1 F 1 
S 0 1 0 0 0 H 1 
1 0 # 0 0 1 0 1 
1 0 # 0 # # # 1 
1 1 1 1 1 1 1 1 
p41 U36 T8

Map8
1 1 1 1 1 1 1 1 
1 0 0 0 1 0 0 1 
1 1 0 0 0 0 0 1 
1 # # 0 H 1 # 1 
1 0 0 0 F 0 # 1 
1 # # 1 1 # 0 1 
S 0 0 0 F 0 1 1 
1 1 1 G 1 1 1 1 
R14 U26 T8

Map8
1 1 1 1 1 1 1 1 
1 0 # 0 0 # 0 1 
1 # 1 0 0 0 F 1 
1 1 1 0 # 0 0 S 
1 # 0 0 0 0 F 1 
1 # 0 0 0 F 0 1 
G F 0 1 0 H 0 1 
1 1 1 1 1 1 1 1 
U34 P66 T8

Map8
1 S 1 1 1 1 1 1 
1 0 0 1 0 0 0 1 
1 1 0 0 0 0 0 1 
1 0 0 0 0 0 0 1 
1 1 H 0 1 0 1 1 
1 # 0 0 0 0 1 1 
1 0 0 0 0 # 0 1 
1 1 1 1 G 1 1 1 
P23 D45 T8

Map8
1 G 1 1 1 1 1 1 
1 0 0 0 H 0 0 1 
1 H 0 0 H 0 0 1 
1 1 H F 0 0 0 1 
1 1 0 0 0 0 0 1 
1 1 0 1 0 0 0 1 
1 H 0 0 0 0 0 1 
1 1 S 1 1 1 1 1 
D24 p65 T8

Map8
1 1 1 1 G 1 1 1 
1 0 1 0 0 F 0 1 
1 1 0 0 0 0 0 1 
1 0 0 0 1 0 F 1 
1 # 0 0 # 0 0 1 
1 0 # F 0 # 0 1 
1 1 1 # 0 0 1 1 
1 1 1 1 1 S 1 1 
L62 p32 T9

Map8
1 1 1 1 S 1 1 1 
1 0 # F 0 H 1 1 
1 0 # 0 1 # 0 1 
1 0 # F 0 0 0 1 
G 0 H H H 0 0 1 
1 # 0 0 0 0 1 1 
1 0 F 0 0 # 0 1 
1 1 1 1 1 1 1 1 
R13 P11 T9

Map8
1 1 1 1 1 S 1 1 
1 1 0 0 H 0 1 1 
1 0 0 0 0 F # 1 
1 0 0 0 0 1 0 1 
1 0 0 1 0 0 0 1 
1 0 # 1 0 # # 1 
G 0 0 0 H 0 0 1 
1 1 1 1 1 1 1 1 
p63 R42 T8

Map8
1 1 1 1 1 1 1 1 
1 0 0 0 # 0 1 1 
1 0 # 0 1 1 0 1 
1 0 0 0 0 0 0 1 
1 F # # 0 0 0 1 
1 0 # # 1 0 0 1 
1 0 0 0 # 0 0 1 
1 1 1 S G 1 1 1 
r13 p36 T8

Map8
1 1 1 1 1 1 1 1 
1 0 1 0 0 # # 1 
1 0 0 0 1 1 0 G 
1 # 0 0 # 1 0 1 
1 0 F 1 0 0 0 1 
1 0 H 0 1 0 0 S 
1 0 0 1 0 H # 1 
1 1 1 1 1 1 1 1 
u33 P63 T11

Map8
1 1 1 1 1 1 1 1 
1 0 0 F 1 # 0 1 
1 0 0 0 F 0 0 1 
1 0 0 0 0 0 0 1 
1 0 1 0 0 0 0 1 
1 0 0 1 H 0 # S 
1 0 F 0 0 0 # 1 
1 1 1 G 1 1 1 1 
D54 P46 T9

Map8
1 1 1 1 1 1 1 1 
G 0 0 F 0 0 1 1 
1 0 0 1 0 1 0 1 
1 H H 0 # H # 1 
1 0 0 0 0 # 0 1 
1 1 0 F 1 0 0 1 
1 0 0 0 # 0 0 1 
1 1 1 1 1 S 1 1 
L64 p34 T9

Map8
1 1 1 1 1 1 S 1 
1 0 0 F 0 # 0 1 
1 0 F 0 0 0 0 1 
1 F 1 F 0 0 0 1 
1 H H 0 0 0 H 1 
1 0 0 F 0 0 H 1 
1 0 0 0 # 1 0 1 
1 1 1 1 G 1 1 1 
U63 p61 T9

Map8
1 1 1 1 1 1 1 1 
1 0 0 0 1 0 0 1 
1 0 # H 0 0 # G 
1 H F 0 0 0 # 1 
1 0 0 # H 1 # 1 
1 F 0 # 0 0 0 1 
1 0 0 0 H 0 0 1 
1 1 1 S 1 1 1 1 
p36 P33 T9

Map8
1 G 1 1 1 1 1 1 
1 0 0 0 H # 0 1 
1 0 1 # 0 1 0 1 
1 1 # 0 0 # 0 S 
1 # # H 0 0 0 1 
1 0 # 0 0 0 0 1 
1 # 0 0 0 0 1 1 
1 1 1 1 1 1 1 1 
P43 U26 T8

Map8
1 1 1 1 1 S 1 1 
1 0 0 0 0 0 # 1 
1 0 1 H 1 0 0 1 
1 0 0 # # 0 0 1 
1 0 0 H F 0 # 1 
G 0 # 1 0 # 0 1 
1 # 0 # 0 H 0 1 
1 1 1 1 1 1 1 1 
U53 P14 T8

Map8
1 1 1 1 1 S 1 1 
1 1 H 1 0 0 0 1 
1 0 # 0 1 0 0 1 
G 0 1 F F 0 1 1 
1 0 0 1 # 0 0 1 
1 # 0 0 # 0 0 1 
1 H 0 0 0 F 0 1 
1 1 1 1 1 1 1 1 
R46 p14 T8

Map8
1 1 1 1 G 1 1 1 
1 0 H 0 0 1 F 1 
1 1 0 F # F 0 1 
1 0 0 0 0 0 0 1 
1 0 0 1 0 F 0 1 
1 0 # 0 0 0 0 1 
1 0 0 H H 0 0 1 
1 1 1 1 1 S 1 1 
R43 p64 T9

Map8
1 1 1 1 1 1 1 1 
1 0 0 0 F 0 0 1 
1 0 0 0 F 0 # 1 
1 0 0 0 1 F 0 1 
G F 0 0 0 0 # 1 
1 0 # # 0 0 # 1 
1 # 0 0 F 0 1 1 
1 S 1 1 1 1 1 1 
P23 P15 T8

Map8
1 1 1 1 1 S 1 1 
1 H 0 # 1 # 0 1 
1 0 # 1 1 # 0 1 
1 0 0 0 0 0 0 1 
1 0 1 0 0 # 0 1 
1 0 0 H 1 0 H 1 
1 # 0 0 # 1 H 1 
1 1 G 1 1 1 1 1 
P36 l53 T8

Map8
1 1 1 1 1 1 1 1 
1 1 0 0 H F 0 1 
1 0 0 0 H 0 0 G 
1 0 0 0 0 0 0 1 
S 0 # 0 0 H 0 1 
1 H 0 0 0 0 0 1 
1 0 0 0 1 H 0 1 
1 1 1 1 1 1 1 1 
p63 P34 T8

Map8
1 1 1 G 1 1 1 1 
1 0 0 0 1 0 0 1 
1 H 0 0 1 0 0 S 
1 0 0 0 0 0 0 1 
1 0 0 0 1 0 # 1 
1 0 1 0 H 0 # 1 
1 H 0 0 0 F 0 1 
1 1 1 1 1 1 1 1 
l63 p43 T8

Map8
1 1 1 1 S 1 1 1 
1 0 0 0 0 0 F 1 
1 0 F 0 0 0 0 1 
1 1 0 0 F 0 0 1 
1 0 0 0 0 0 0 1 
G 0 F 1 H 0 1 1 
1 0 0 0 0 0 0 1 
1 1 1 1 1 1 1 1 
P42 P16 T8

Map8
1 1 1 1 1 1 1 1 
1 0 0 # 0 F 0 1 
1 1 0 0 0 0 H 1 
1 0 0 H # 0 0 1 
1 0 0 1 # 0 0 1 
1 # # 0 0 0 1 1 
1 0 1 # 1 0 # 1 
1 1 1 G 1 1 S 1 
L52 U45 T9

Map8
1 1 1 1 1 1 1 1 
1 0 # 0 0 0 # S 
1 0 0 1 H 0 0 1 
1 0 0 0 0 1 0 1 
1 # H # 0 0 1 1 
1 0 0 0 # # 0 1 
G F 0 H 0 F 0 1 
1 1 1 1 1 1 1 1 
P15 p12 T10

Map8
1 1 1 1 1 1 1 1 
1 1 # 0 0 0 # 1 
S F 0 H 0 0 0 1 
1 0 0 0 # 1 0 1 
1 # 1 0 1 F H 1 
1 1 0 0 # F H 1 
1 0 0 0 F 0 # 1 
1 G 1 1 1 1 1 1 
U23 p31 T8

Map8
1 1 1 1 1 1 1 1 
1 1 0 0 0 1 0 1 
1 1 0 0 0 H 0 1 
1 0 0 0 0 0 # 1 
1 0 0 # F 0 F 1 
1 F 1 F 1 1 # G 
1 F 0 0 0 0 0 1 
1 1 1 1 1 S 1 1 
L66 P26 T9

Map8
1 1 S 1 1 1 1 1 
1 0 F 0 0 # # 1 
1 1 1 0 0 0 0 1 
1 0 0 0 0 F 0 1 
1 0 # # 0 0 0 1 
1 0 0 0 0 0 # 1 
1 0 0 0 0 1 0 1 
1 1 1 G 1 1 1 1 
p41 R11 T9

Map8
1 1 1 S 1 1 1 1 
1 0 0 0 0 0 0 1 
1 0 0 0 F 0 0 1 
G 0 1 1 0 0 0 1 
1 0 F 0 0 0 0 1 
1 0 F 0 0 0 0 1 
1 F 0 0 0 1 F 1 
1 1 1 1 1 1 1 1 
p41 u12 T9

Map8
1 1 1 1 1 1 G 1 
1 # 1 0 # # # 1 
1 1 F 1 0 F 0 1 
S 0 0 0 1 0 1 1 
1 0 # 1 0 # 0 1 
1 0 0 0 0 0 # 1 
1 0 0 0 0 H # 1 
1 1 1 1 1 1 1 1 
p14 U55 T9

Map8
1 1 1 1 1 1 1 1 
1 1 H # 0 # 0 1 
1 0 1 0 1 0 1 1 
1 1 # F # F 0 1 
1 1 H 0 F 0 F G 
1 0 0 0 0 0 0 1 
1 0 # 0 1 0 F 1 
1 S 1 1 1 1 1 1 
r54 P61 T9

Map8
1 1 1 1 1 1 1 1 
1 0 0 # 0 # 0 1 
1 H # 0 0 1 # S 
1 0 0 0 0 F 1 1 
1 1 1 # 0 0 F 1 
1 1 F 1 F 0 # 1 
1 0 0 0 0 0 0 1 
1 G 1 1 1 1 1 1 
d41 P33 T8

Map8
1 G 1 1 1 1 1 1 
1 0 0 H 0 0 0 1 
1 H 0 F 0 0 0 1 
1 0 0 0 0 0 0 1 
1 0 F 0 0 0 0 S 
1 0 F 1 0 0 0 1 
1 0 0 F 0 0 # 1 
1 1 1 1 1 1 1 1 
p33 p64 T13

Map8
1 1 1 S 1 1 1 1 
1 0 0 0 # 1 0 G 
1 0 0 0 1 0 0 1 
1 1 F F # # 0 1 
1 H 0 0 F 0 0 1 
1 0 0 F 0 0 1 1 
1 0 0 0 1 0 0 1 
1 1 1 1 1 1 1 1 
P32 P25 T8

Map8
1 1 1 1 1 1 1 1 
1 H # 0 0 0 0 G 
1 0 0 0 0 H H 1 
1 1 F # 1 0 # 1 
S 0 0 # # H F 1 
1 0 F 0 0 0 0 1 
1 0 F 0 # # 0 1 
1 1 1 1 1 1 1 1 
u36 P24 T8

Map8
1 1 1 1 G 1 1 1 
1 H 0 0 0 # 0 1 
1 0 0 0 0 0 0 1 
1 0 0 0 0 # 1 1 
1 0 0 # 0 0 0 1 
1 0 0 0 H H 0 1 
1 0 0 0 0 # 0 1 
1 1 1 1 1 S 1 1 
P31 R46 T10

Map8
1 1 G 1 1 1 1 1 
1 0 F 0 H 0 # 1 
1 0 0 # 0 0 0 1 
1 0 0 F # 0 0 1 
S 0 F 0 0 0 0 1 
1 0 F 0 F 0 0 1 
1 0 0 0 0 0 1 1 
1 1 1 1 1 1 1 1 
p13 l63 T8

Map8
1 1 1 1 1 1 1 1 
1 # H 0 0 F 0 1 
1 0 0 0 0 0 0 1 
G 0 0 H # 0 1 1 
1 H 0 0 0 0 0 1 
1 H H 0 0 0 0 1 
1 # 0 # # 1 F 1 
1 1 1 1 1 1 S 1 
P12 P24 T10

Map8
1 1 G 1 1 1 1 1 
1 0 F # 0 0 # 1 
1 0 F F 0 0 0 1 
1 0 0 0 0 0 1 1 
1 # 0 0 # 0 0 1 
1 0 0 0 0 0 0 1 
1 # 0 0 0 # 0 1 
1 1 1 S 1 1 1 1 
r36 d41 T9

Map8
1 S 1 1 1 1 1 1 
1 0 0 0 0 F # 1 
1 0 # H H # 0 1 
1 1 1 0 0 F 0 1 
1 0 1 F 0 0 0 1 
1 0 0 # 0 0 F 1 
1 # # 0 0 0 # 1 
1 1 G 1 1 1 1 1 
P44 P36 T10

Map8
1 1 1 1 1 1 1 1 
1 0 0 0 # 1 F 1 
1 0 0 F 1 H 0 1 
1 0 0 0 0 0 0 1 
1 0 0 0 1 0 0 1 
1 # 0 # F 0 0 1 
1 1 0 # 0 F 0 1 
1 1 1 G S 1 1 1 
L55 r14 T8

Map8
1 1 1 1 1 1 1 1 
1 0 0 1 H 1 # 1 
1 0 0 F H 0 0 1 
1 # # F 0 1 H 1 
1 0 0 F # H 0 1 
1 0 F 0 # # 0 1 
1 0 0 # 1 1 # G 
1 1 1 S 1 1 1 1 
p14 R35 T8

Map8
1 1 1 1 1 G 1 1 
1 0 0 0 1 # 1 1 
1 0 # # 0 0 0 1 
1 0 1 0 # 0 0 1 
1 0 # 1 F H 0 S 
1 # 1 0 0 0 0 1 
1 0 1 # F 0 0 1 
1 1 1 1 1 1 1 1 
P55 D63 T11

Map8
1 1 S 1 1 1 1 1 
1 H # 0 1 0 1 1 
1 1 0 0 0 1 F 1 
1 H H 0 0 0 0 1 
1 0 0 0 0 0 H 1 
1 0 1 0 1 0 0 1 
1 0 0 F 0 0 0 1 
1 1 1 1 1 G 1 1 
P66 R22 T8

Map8
1 1 1 G 1 1 S 1 
1 0 0 0 1 1 0 1 
1 1 H 0 0 0 0 1 
1 0 # 0 0 0 0 1 
1 H 0 0 0 1 # 1 
1 0 0 0 0 # 0 1 
1 0 0 0 1 0 H 1 
1 1 1 1 1 1 1 1 
D42 P63 T8

Map8
1 1 1 1 S 1 1 1 
1 0 0 0 0 0 0 1 
1 # # 0 F 0 # 1 
1 1 F 0 0 F 0 1 
1 # 0 0 0 F H 1 
1 0 # # 0 0 0 1 
1 # 0 0 H F 0 1 
1 1 1 1 1 1 G 1 
R32 P26 T8

Map8
1 1 1 1 1 1 G 1 
1 H F 0 F 0 0 1 
1 0 0 F 0 0 0 1 
1 F 0 0 1 0 # 1 
1 0 0 0 0 1 H 1 
1 0 F 0 0 0 0 1 
1 0 # 0 0 0 0 1 
1 S 1 1 1 1 1 1 
D14 u46 T11

Map8
1 1 1 1 1 1 1 1 
1 0 0 1 0 0 # 1 
G F 0 F 0 0 0 1 
1 0 0 0 1 0 1 1 
1 1 0 0 0 1 0 1 
1 F 0 1 0 0 0 1 
S 0 0 F 0 0 0 1 
1 1 1 1 1 1 1 1 
l22 u46 T8

Map8
1 1 1 G 1 1 1 1 
1 0 # # 0 0 0 1 
1 0 0 1 0 0 0 1 
1 # 0 0 0 1 1 1 
1 0 0 0 1 F 0 1 
S 0 0 0 H 0 H 1 
1 # # 0 # # # 1 
1 1 1 1 1 1 1 1 
d41 P35 T9

Map8
1 S 1 1 1 1 1 1 
1 0 0 0 F 0 0 1 
1 0 0 1 0 0 # 1 
1 0 1 0 0 0 F G 
1 0 0 1 0 0 0 1 
1 0 0 # F 0 0 1 
1 H 0 0 1 0 0 1 
1 1 1 1 1 1 1 1 
R15 p54 T8

Map8
1 1 1 1 1 1 G 1 
1 0 0 H 0 0 0 1 
1 0 1 0 H 0 0 1 
1 0 0 0 1 # H 1 
1 F 0 0 0 # 0 1 
1 0 # F F H 0 S 
1 0 1 0 0 0 0 1 
1 1 1 1 1 1 1 1 
D64 p56 T8

Map8
1 1 1 1 1 1 1 1 
1 0 # 0 1 0 0 1 
1 0 0 0 0 0 0 1 
S 0 0 # # # 0 1 
1 # 0 0 1 0 0 1 
1 0 H 0 0 0 # 1 
1 # 0 0 0 # H 1 
1 1 1 1 G 1 1 1 
d45 p34 T10

Map8
1 1 1 1 1 S 1 1 
1 0 F 1 0 0 1 1 
1 0 1 0 0 0 0 G 
1 0 0 0 H H 0 1 
1 0 H 0 1 H 0 1 
1 0 0 0 0 # 0 1 
1 0 0 0 # 0 H 1 
1 1 1 1 1 1 1 1 
L52 p34 T8

Map8
1 1 1 1 1 1 1 1 
S 0 0 0 # 0 H 1 
1 0 0 0 0 0 0 1 
1 0 0 0 0 # # 1 
1 F 0 0 H 0 H 1 
1 # 0 0 1 # 0 1 
1 # 0 0 1 1 0 G 
1 1 1 1 1 1 1 1 
p42 P31 T10

Map8
1 1 1 1 1 1 1 1 
1 0 0 0 0 0 0 1 
1 0 0 H 0 0 H 1 
G 0 H 0 0 1 0 1 
1 0 0 0 0 0 0 1 
S 0 H 0 0 0 1 1 
1 0 0 0 1 1 0 1 
1 1 1 1 1 1 1 1 
D14 P34 T10

Map8
1 1 1 1 1 1 1 1 
1 0 0 0 1 0 0 S 
1 1 0 0 0 0 0 1 
1 0 F 0 1 0 0 1 
1 0 0 0 0 H 0 1 
G 0 0 # 1 0 1 1 
1 0 0 0 1 0 0 1 
1 1 1 1 1 1 1 1 
p24 l62 T9

Map8
1 1 1 1 G 1 1 1 
S # 0 # F # 0 1 
1 0 0 1 # 0 0 1 
1 1 0 0 0 F 0 1 
1 0 # # 1 0 # 1 
1 0 0 1 0 0 1 1 
1 # 0 1 1 0 F 1 
1 1 1 1 1 1 1 1 
P61 D21 T11

Map8
1 1 1 1 1 S 1 1 
1 0 # F 0 # # 1 
1 0 0 0 0 # 0 1 
1 0 0 0 H F 0 1 
1 0 0 0 0 H 0 1 
1 0 1 0 0 1 # 1 
1 # 1 0 0 1 0 1 
1 1 1 1 G 1 1 1 
R42 P13 T8

Map8
1 1 1 1 1 1 1 1 
1 # 0 # 0 0 1 1 
1 1 0 1 # 0 0 1 
1 0 0 1 1 0 0 1 
1 0 # 0 0 # 0 1 
1 0 1 0 1 0 # 1 
1 0 0 F 0 0 # S 
1 1 1 1 G 1 1 1 
p53 P56 T11

Map8
1 1 1 1 1 1 1 1 
1 0 0 1 0 0 0 1 
1 H # 1 H 1 0 1 
1 # # 0 0 0 1 1 
1 H 0 1 1 0 # 1 
G 0 0 H # 0 # 1 
1 H 0 0 0 0 0 1 
1 1 1 S 1 1 1 1 
p33 R26 T8

Map8
1 1 1 1 1 1 1 1 
1 # 0 0 0 0 0 1 
1 0 0 H 0 H 0 1 
1 F H 1 F F 0 S 
1 0 H # 0 0 0 G 
1 0 0 F 0 0 0 1 
1 # F 0 # 1 0 1 
1 1 1 1 1 1 1 1 
U44 p63 T8

Map8
1 1 1 G 1 1 1 1 
1 0 0 # 0 0 1 1 
1 F # 0 0 0 H 1 
1 1 0 1 0 0 1 1 
1 H 1 # 0 0 # 1 
1 # 0 1 F 0 0 S 
1 0 H 0 0 # 0 1 
1 1 1 1 1 1 1 1 
D44 p41 T8

Map8
1 1 1 1 1 1 1 1 
1 0 0 # 0 1 # 1 
1 0 F 0 F 0 1 1 
1 0 0 H 1 0 0 1 
1 0 0 H 0 # 0 1 
1 # H 1 0 0 # G 
S 0 # 1 0 F 0 1 
1 1 1 1 1 1 1 1 
p13 L66 T10

Map8
1 1 1 1 1 1 1 1 
1 0 0 0 0 0 0 1 
1 0 0 0 0 0 1 1 
1 0 0 0 0 1 0 1 
1 0 0 1 F 0 1 1 
1 # 0 0 0 F 0 1 
1 F 0 F 0 0 0 1 
1 S 1 G 1 1 1 1 
d35 p31 T10

Map8
1 1 1 1 1 1 1 1 
1 0 0 0 1 0 0 1 
1 0 0 # 0 0 0 1 
1 0 0 0 # 0 F 1 
S 0 0 0 0 F 0 1 
1 0 0 0 0 0 0 G 
1 0 0 0 H 0 F 1 
1 1 1 1 1 1 1 1 
l62 u14 T10

Map8
1 1 1 1 1 1 1 1 
1 H 0 0 0 # 0 1 
1 0 0 0 1 0 0 G 
1 1 0 0 # 0 H 1 
1 0 0 0 0 0 0 1 
1 0 0 0 1 0 # 1 
1 # 0 # # F 0 1 
1 1 1 1 1 1 S 1 
R52 D64 T9

Map8
1 1 G 1 1 1 1 1 
1 # 0 0 0 # 1 1 
1 0 # # 1 F 0 1 
1 0 0 0 0 H 0 1 
1 # 0 0 0 0 # 1 
1 0 0 0 0 H F 1 
1 # 1 0 0 0 # 1 
1 S 1 1 1 1 1 1 
p34 p15 T8

Map8
1 1 1 1 1 1 G 1 
S 0 0 0 0 0 F 1 
1 1 # 1 0 0 0 1 
1 1 0 0 F F # 1 
1 0 0 # # 1 0 1 
1 0 0 # 1 0 1 1 
1 0 # F 0 0 F 1 
1 1 1 1 1 1 1 1 
L41 p11 T8

Map8
1 1 1 1 G 1 1 1 
1 0 0 0 0 0 H 1 
1 0 0 # # 0 1 1 
1 0 0 1 0 0 1 1 
1 0 # # H 0 # 1 
1 0 0 0 0 0 0 1 
1 0 # # 0 0 0 1 
1 1 1 1 1 1 S 1 
p51 p66 T9

Map8
1 1 1 1 1 1 1 1 
1 H H 0 0 0 0 1 
1 0 # 0 0 0 0 1 
1 0 0 0 0 H 0 G 
1 0 F 0 0 0 0 1 
1 0 # 0 0 0 0 1 
S 0 0 1 0 0 0 1 
1 1 1 1 1 1 1 1 
P14 D64 T9

Map8
1 1 1 1 1 1 1 1 
1 0 0 F 0 0 # S 
1 0 1 0 0 0 F 1 
1 H 0 0 0 0 F 1 
1 0 0 0 0 0 0 1 
1 0 0 1 0 0 0 1 
G 0 0 H 0 F 0 1 
1 1 1 1 1 1 1 1 
l64 P41 T11

Map8
1 1 1 1 S 1 1 1 
1 0 # F 0 0 0 1 
1 0 0 # F 0 F 1 
1 1 F H 0 0 1 1 
1 0 0 0 1 0 0 1 
G 0 # 0 F # # 1 
1 0 # 0 H H 0 1 
1 1 1 1 1 1 1 1 
P11 R14 T9

Map8
1 1 1 G 1 1 1 1 
1 0 # 0 H # # 1 
1 0 0 0 F 0 # 1 
1 0 0 0 0 0 0 1 
1 0 1 0 1 0 0 1 
1 1 # # F 0 0 1 
1 F 0 F 0 0 0 1 
1 1 S 1 1 1 1 1 
U33 P63 T8

Map8
1 1 1 1 1 1 1 1 
1 0 0 0 0 1 0 1 
1 0 H 0 1 1 0 S 
1 0 0 0 0 0 # 1 
G 0 0 0 0 1 1 1 
1 0 0 0 # 0 0 1 
1 F 0 0 F F 0 1 
1 1 1 1 1 1 1 1 
r13 p33 T10

Map8
1 S 1 1 1 1 1 1 
1 0 F 1 0 0 1 1 
1 0 F 0 0 0 0 1 
1 0 0 0 F 0 1 1 
1 0 F 0 0 1 0 1 
1 0 H 0 0 0 0 1 
1 0 0 1 0 H 0 G 
1 1 1 1 1 1 1 1 
P13 d32 T10

Map8
1 1 1 1 1 1 1 1 
1 0 1 0 # 0 1 1 
1 0 0 H 0 0 0 G 
1 H 0 0 0 0 1 1 
1 1 0 0 0 0 0 1 
1 0 0 0 1 0 0 1 
1 0 F 0 F 0 0 1 
1 1 1 S 1 1 1 1 
P34 p43 T8

Map8
1 S 1 1 1 1 1 1 
1 F 0 1 0 0 0 1 
1 0 0 F 0 1 0 1 
1 0 0 0 0 1 F 1 
1 0 0 0 1 0 0 1 
1 F 0 0 # 0 0 1 
1 0 1 0 0 F 0 1 
1 1 1 1 G 1 1 1 
P13 p35 T8

Map8
1 1 1 1 1 1 1 1 
1 H # 1 0 1 # S 
1 0 0 0 0 H 0 1 
1 H 0 1 0 0 0 1 
1 0 1 0 0 1 # 1 
1 1 0 0 0 F 0 1 
1 0 F H # # # 1 
1 1 G 1 1 1 1 1 
p62 L45 T8

Map8
1 1 S 1 1 1 1 1 
1 1 0 0 0 0 0 1 
1 0 # # 0 0 1 1 
1 0 0 F 1 F # 1 
1 1 0 0 0 F # 1 
1 # F 0 0 1 0 G 
1 F H 0 0 # 1 1 
1 1 1 1 1 1 1 1 
R24 p21 T8

Map8
1 1 1 1 1 1 1 1 
1 0 # 0 F 0 0 1 
1 F 0 # 0 0 1 1 
1 0 0 # 0 # H 1 
1 0 0 F 0 # 0 1 
1 0 0 F F 0 0 1 
1 0 0 0 0 0 0 1 
1 1 1 S G 1 1 1 
p23 p36 T10

Map8
1 1 1 1 1 1 1 1 
1 1 F 0 1 0 0 G 
1 0 0 0 0 1 0 1 
1 0 1 0 0 0 0 1 
1 1 0 0 0 0 F S 
1 0 0 1 0 0 0 1 
1 0 1 0 F 0 0 1 
1 1 1 1 1 1 1 1 
p44 r33 T8

Map8
1 1 1 1 1 1 1 1 
1 0 0 1 0 0 0 1 
1 0 1 F 0 0 0 1 
1 0 # 0 0 F 1 1 
1 0 1 F # 0 0 1 
1 0 0 1 0 0 0 1 
1 0 0 1 0 0 F 1 
1 1 G 1 1 1 S 1 
p42 P64 T13

Map8
1 1 1 1 1 S 1 1 
1 0 0 0 0 0 0 1 
1 0 0 0 1 0 F 1 
G 0 0 0 0 F 0 1 
1 # # # 1 0 F 1 
1 0 F 1 1 0 # 1 
1 F 1 1 0 # 0 1 
1 1 1 1 1 1 1 1 
R12 d31 T9

Map8
1 1 1 1 S 1 1 1 
1 1 H H 0 0 0 1 
1 0 0 H 0 0 # 1 
1 0 0 1 0 0 H 1 
1 1 0 1 1 0 0 1 
1 0 0 1 0 0 0 1 
1 0 0 1 0 H 0 G 
1 1 1 1 1 1 1 1 
p41 P55 T9

Map8
1 1 1 1 1 1 1 1 
1 0 0 1 # # # 1 
1 0 0 # 0 0 0 1 
1 1 0 H 0 0 0 S 
1 F 0 0 1 H 1 1 
1 0 F 0 # # F G 
1 H H F F # 1 1 
1 1 1 1 1 1 1 1 
R15 P43 T8

Map8
1 1 1 1 1 1 1 1 
1 1 0 # 1 0 0 1 
G 0 # 0 1 0 # S 
1 1 0 H 0 0 # 1 
1 0 0 0 0 0 0 1 
1 # 0 0 0 0 0 1 
1 0 # # 1 F 1 1 
1 1 1 1 1 1 1 1 
p23 D34 T10

Map8
1 1 1 1 1 1 1 1 
1 F 1 0 0 1 0 G 
1 0 H # 0 0 # 1 
1 1 0 H 0 1 0 1 
1 # 0 0 0 # 1 1 
1 0 0 # 0 0 # 1 
1 0 1 # 0 0 0 1 
1 1 1 1 1 S 1 1 
u45 p41 T11

Map8
1 1 1 1 1 1 1 1 
1 F 0 0 H 0 0 1 
1 # F 0 0 # 1 1 
1 0 0 F 0 F 1 1 
1 0 # 0 H 0 0 1 
1 0 # 0 H 0 0 1 
1 # # 0 0 # 0 1 
1 1 1 G 1 1 S 1 
P51 P46 T8

Map8
1 1 1 1 1 1 1 1 
1 0 1 # 0 # 0 1 
1 0 F 0 0 1 0 1 
1 0 0 0 # 0 0 1 
1 0 # 0 1 # 0 1 
1 # 0 0 0 0 0 1 
1 0 # F 0 # 0 1 
1 1 S 1 G 1 1 1 
p35 R14 T9

Map8
1 1 1 1 1 1 1 1 
1 1 1 0 1 0 0 1 
1 # F 0 0 0 0 1 
1 0 0 0 0 0 0 1 
1 0 0 0 H 0 F G 
1 0 0 0 0 0 0 1 
1 0 0 0 0 0 0 1 
1 1 1 1 S 1 1 1 
R35 d55 T10

Map8
1 1 1 S 1 1 1 1 
1 0 F 0 1 # 0 1 
1 # 0 # 1 F 0 G 
1 0 0 1 1 0 0 1 
1 1 0 H 0 # H 1 
1 0 0 0 0 0 # 1 
1 0 0 1 H 1 0 1 
1 1 1 1 1 1 1 1 
U55 P63 T13

Map8
1 1 1 1 1 1 1 1 
1 0 # # F 0 0 1 
1 0 0 0 0 # H 1 
S 0 H 0 0 # 0 1 
1 0 0 # 0 0 0 1 
G 0 F 0 0 1 0 1 
1 0 0 0 # 0 0 1 
1 1 1 1 1 1 1 1 
P61 U14 T8

Map8
1 1 1 1 1 1 1 1 
S 0 0 0 0 # # 1 
1 0 1 0 0 F 0 G 
1 0 0 # 0 0 # 1 
1 1 0 F # H 0 1 
1 0 0 0 1 0 0 1 
1 # 0 0 # 1 # 1 
1 1 1 1 1 1 1 1 
p31 p43 T8

Map8
1 1 1 G 1 1 1 1 
1 0 0 0 0 0 0 1 
1 H F 0 H F 1 1 
1 0 F # 0 0 # 1 
1 F H H 0 0 # 1 
1 0 0 H 0 1 0 1 
1 0 1 1 0 0 1 1 
1 1 1 1 S 1 1 1 
P43 p41 T8

Map8
1 1 1 S 1 1 1 1 
1 0 0 0 0 0 F 1 
1 0 H 0 0 0 0 1 
1 0 1 F 0 0 0 1 
1 0 F 0 0 0 0 1 
1 0 F 0 0 0 0 1 
1 0 0 0 0 H 0 1 
1 1 1 1 G 1 1 1 
p34 d45 T8

Map8
1 1 1 1 1 1 1 1 
1 F 0 0 0 0 0 1 
S 0 0 0 H 0 0 1 
1 0 # 0 0 0 0 1 
1 0 0 0 0 0 1 1 
1 H 0 0 0 0 0 1 
1 0 # 0 0 0 H 1 
1 1 1 1 G 1 1 1 
p33 D31 T8

Map8
1 1 1 1 1 S 1 1 
1 0 0 0 # 0 0 1 
1 0 0 1 1 0 0 1 
1 1 0 # 0 0 0 1 
1 0 1 # 0 1 H 1 
1 F 0 0 0 1 0 1 
1 # F F # # 0 1 
1 1 G 1 1 1 1 1 
D25 P53 T9

Map8
1 1 1 1 1 1 1 1 
1 0 0 0 # 1 1 1 
1 0 1 1 0 H H 1 
S 0 # H 0 0 0 1 
1 # 0 0 0 1 0 1 
1 0 0 H 0 0 0 1 
1 # 0 1 0 0 0 1 
1 1 1 1 1 1 G 1 
D12 p15 T8

Map8
1 1 G 1 1 1 1 1 
1 0 0 0 F 1 F 1 
1 0 0 0 0 1 0 1 
1 0 1 0 1 1 0 1 
1 0 0 1 0 0 0 1 
1 0 0 0 0 0 1 1 
1 0 0 F 0 0 0 1 
1 1 1 1 1 1 S 1 
p13 u22 T8

Map8
1 1 1 1 1 1 1 1 
1 0 0 0 1 0 # 1 
1 0 1 H 0 0 0 S 
1 0 0 0 1 0 0 1 
1 0 1 1 1 # 0 1 
1 # 0 # 0 0 0 1 
1 # 0 0 # 0 0 1 
1 1 G 1 1 1 1 1 
P42 P36 T8

Map8
1 1 1 1 1 1 1 1 
1 0 0 0 1 H 1 1 
1 # 0 0 0 0 0 1 
1 # # F F # 0 1 
G F 0 1 0 0 0 S 
1 0 0 0 0 0 F 1 
1 H 0 1 0 0 # 1 
1 1 1 1 1 1 1 1 
p32 l24 T8

Map8
1 1 1 1 1 1 1 1 
1 0 0 # 0 H 0 1 
1 0 1 0 0 1 1 1 
1 0 1 0 F # 1 1 
1 0 0 0 H 0 0 1 
S 0 1 0 0 0 F 1 
1 0 0 F 0 1 0 1 
1 1 1 1 1 1 G 1 
P32 L55 T9

Map8
1 1 1 1 1 1 1 1 
1 F # 0 0 1 0 1 
G # F # 0 0 0 1 
1 1 1 0 F 1 0 1 
1 # # # F # 1 1 
1 # 0 0 0 1 0 1 
1 0 0 F 0 0 1 1 
1 1 1 1 1 S 1 1 
P41 P16 T8

Map8
1 1 1 1 1 1 1 1 
1 0 F 0 1 0 0 1 
1 1 H 0 # 1 0 1 
1 F 0 0 0 1 0 1 
1 0 0 0 0 H 0 1 
1 F H F 0 0 0 1 
G # 1 0 F 0 0 1 
1 1 1 1 1 S 1 1 
R45 r33 T11

Map8
1 1 1 G 1 1 1 1 
1 0 F 0 0 # 0 1 
1 0 0 # 0 0 0 1 
1 0 # 1 0 0 1 1 
1 0 1 F 1 F 1 1 
1 1 0 1 # 0 0 1 
1 # F # 0 # # 1 
1 S 1 1 1 1 1 1 
p46 R41 T9

Map8
1 1 1 1 1 1 1 1 
1 0 0 1 1 0 # 1 
1 F 0 0 0 # F 1 
1 0 0 0 0 F 0 1 
1 0 0 0 1 # 0 1 
1 0 0 0 F 0 0 1 
S 0 # 0 H # H 1 
1 1 1 1 1 G 1 1 
L36 p16 T8

Map8
1 1 1 1 1 1 1 1 
1 0 0 0 # # H 1 
G # 0 0 # 0 0 1 
1 0 1 0 0 1 # 1 
1 1 0 0 0 0 1 1 
1 0 # 0 H 0 0 1 
1 # # 0 0 0 0 1 
1 1 1 1 1 1 S 1 
P31 P46 T9

Map8
1 1 1 G 1 1 1 1 
1 0 H 0 1 0 0 1 
1 0 # 0 0 0 0 1 
1 0 # 0 0 0 # 1 
1 1 0 H 0 0 0 S 
1 0 # 1 0 0 0 1 
1 0 1 # 0 1 0 1 
1 1 1 1 1 1 1 1 
P43 D53 T9

Map8
1 1 1 1 1 1 1 1 
1 0 1 H # 0 0 S 
1 F F 0 0 0 # 1 
1 0 0 1 0 # 1 1 
1 0 # # 0 1 # 1 
1 0 0 0 1 0 0 1 
1 # 0 0 0 # 1 1 
1 1 1 G 1 1 1 1 
D51 P46 T9

Map8
1 1 1 1 1 1 1 1 
1 0 0 0 H 0 0 1 
1 0 0 0 1 0 0 1 
1 # 0 # 0 0 1 1 
1 0 0 H 0 # 0 1 
1 # # 1 0 0 # G 
1 # 0 1 0 # 0 1 
1 S 1 1 1 1 1 1 
r55 D14 T9

Map8
1 1 S 1 1 1 1 1 
1 0 0 F 0 # 0 1 
1 0 0 0 0 # 0 1 
1 1 H H # 1 0 1 
1 0 0 0 0 1 # 1 
G 0 # 0 1 0 0 1 
1 1 1 # H 1 0 1 
1 1 1 1 1 1 1 1 
d41 P22 T8

Map8
1 1 S 1 1 1 1 1 
1 0 0 0 0 # # 1 
1 0 0 H # 0 0 G 
1 0 1 0 0 0 0 1 
1 H 0 F 0 0 1 1 
1 # H 0 H 0 0 1 
1 F 0 0 0 0 F 1 
1 1 1 1 1 1 1 1 
p41 r52 T8

Map8
1 1 1 1 1 1 1 1 
1 0 H F 1 # # 1 
G F F 0 F # H 1 
1 H 0 0 F # H 1 
1 0 0 # 0 0 1 1 
1 0 0 0 0 1 H 1 
1 1 1 0 0 0 0 1 
1 1 1 1 1 S 1 1 
p35 L32 T8

Map8
1 1 1 1 1 1 1 1 
1 F H F F 0 0 1 
1 0 F 1 1 0 1 1 
1 0 0 F 0 0 0 1 
1 0 0 1 0 0 # G 
1 0 H 0 # 0 H 1 
S 0 0 1 0 0 1 1 
1 1 1 1 1 1 1 1 
p43 P12 T9

Map8
1 S 1 1 1 1 1 1 
1 0 0 # # # 0 1 
1 0 0 0 0 0 0 1 
1 0 1 0 F 0 1 1 
1 # 0 0 0 0 F 1 
1 0 0 0 0 0 0 1 
1 F # 0 1 # 0 1 
1 1 G 1 1 1 1 1 
p52 U15 T8

Map8
1 1 1 1 1 1 1 1 
1 H 0 0 # 0 H 1 
1 0 F 0 0 H # 1 
1 0 0 0 0 0 0 G 
1 H 0 0 1 0 # 1 
S # 1 0 0 F 0 1 
1 # F 0 0 0 0 1 
1 1 1 1 1 1 1 1 
p34 u36 T8

Map8
1 1 1 1 1 1 1 1 
1 0 F 0 0 0 0 1 
1 0 0 H 0 0 0 1 
1 0 0 0 0 H # 1 
1 # F 0 1 0 # 1 
1 # 0 0 0 # 0 1 
1 0 0 F 0 0 # 1 
1 1 S 1 G 1 1 1 
l65 L35 T8

Map8
1 1 1 1 1 S 1 1 
1 1 0 0 0 # 0 1 
1 1 0 0 1 F # 1 
1 0 1 0 0 0 0 1 
1 F 1 1 0 0 0 1 
G 0 0 H F 0 F 1 
1 0 0 0 0 1 0 1 
1 1 1 1 1 1 1 1 
L25 U53 T9

Map8
1 1 1 1 1 1 1 1 
1 # 0 0 H 0 0 1 
1 0 0 H 0 0 F G 
S 0 0 0 0 1 # 1 
1 # H 0 1 0 0 1 
1 # 0 0 # 0 0 1 
1 0 0 0 0 0 H 1 
1 1 1 1 1 1 1 1 
R52 U56 T8

Map8
1 S 1 1 1 1 1 1 
1 # F 0 0 # 0 1 
1 # 1 0 1 # 0 1 
1 1 # 0 0 # 0 1 
1 0 # F # 0 0 1 
1 0 0 0 0 0 0 1 
1 0 F 1 1 0 F 1 
1 1 G 1 1 1 1 1 
p41 p54 T12

Map8
1 1 1 S 1 1 1 1 
1 1 0 0 1 1 # G 
1 # 1 # 0 1 0 1 
1 0 0 # 0 0 0 1 
1 0 # H 0 0 0 1 
1 # 0 0 # 0 H 1 
1 0 0 0 0 0 0 1 
1 1 1 1 1 1 1 1 
p36 L43 T8

Map8
1 1 1 1 1 1 1 1 
1 0 0 0 # 0 0 1 
S 0 0 H 0 0 0 1 
1 0 0 0 0 0 0 1 
1 F # 0 0 0 1 1 
1 0 0 0 # 0 0 1 
1 0 0 0 0 0 F 1 
1 1 1 G 1 1 1 1 
p23 D21 T8

Map8
1 1 1 G 1 1 1 1 
1 1 0 0 H H 0 1 
1 # # 0 0 0 0 1 
1 0 # 0 0 0 H 1 
1 0 0 0 0 1 0 1 
1 1 0 H 0 0 H 1 
1 0 0 0 0 0 0 1 
1 S 1 1 1 1 1 1 
P42 p36 T8

Map8
1 1 1 S 1 1 1 1 
1 1 0 0 0 0 # 1 
1 0 1 F 0 0 0 G 
1 F # 0 0 # # 1 
1 1 0 0 0 # 0 1 
1 0 0 0 F 1 0 1 
1 F # # H 0 0 1 
1 1 1 1 1 1 1 1 
P41 P34 T8

Map8
1 1 1 S 1 1 1 1 
1 F 0 # 1 # 0 1 
1 1 0 0 0 0 0 1 
1 # F 0 1 0 H 1 
1 0 0 F 0 F # 1 
1 0 0 # 1 0 0 G 
1 0 0 0 0 0 1 1 
1 1 1 1 1 1 1 1 
r24 P33 T8

Map8
1 1 G 1 1 1 1 1 
1 H 0 0 0 0 # 1 
1 0 0 0 0 0 # 1 
1 F 1 F H # 1 1 
1 0 H F # # 0 1 
1 # F 0 0 H H 1 
1 # 0 0 0 0 0 1 
1 S 1 1 1 1 1 1 
D12 p26 T8

Map8
1 1 G 1 1 1 1 1 
1 0 0 # H F 1 1 
S 0 F 0 0 0 # 1 
1 1 1 0 0 0 0 1 
1 0 0 0 0 0 H 1 
1 0 # 0 0 0 H 1 
1 F F 1 # 0 0 1 
1 1 1 1 1 1 1 1 
p42 P11 T9

Map8
1 1 S 1 G 1 1 1 
1 1 # 1 0 0 1 1 
1 F 0 0 1 F 0 1 
1 0 # # 1 # # 1 
1 1 0 0 1 0 0 1 
1 0 # # 0 0 0 1 
1 F F 0 0 0 # 1 
1 1 1 1 1 1 1 1 
P24 U56 T8

Map8
1 1 1 1 1 1 1 1 
1 0 0 0 0 0 F 1 
1 0 # 1 0 # 0 G 
1 0 0 0 # 1 0 1 
1 0 F H 0 # 1 1 
S F 0 # 1 1 0 1 
1 1 0 # F 0 0 1 
1 1 1 1 1 1 1 1 
L41 P14 T9

Map8
1 1 1 1 1 1 1 1 
1 0 0 F 0 0 0 1 
S 0 H 0 0 1 0 1 
1 0 0 F 0 0 0 1 
1 0 0 0 0 0 0 1 
1 0 0 0 F 0 0 1 
1 0 0 0 1 H 0 1 
1 1 1 G 1 1 1 1 
U13 p62 T8

Map8
1 S 1 1 1 1 1 1 
1 0 0 1 0 0 # 1 
1 0 # 0 1 F 0 1 
1 0 0 0 # 0 0 1 
G 0 1 1 0 0 F 1 
1 # 0 0 F 0 0 1 
1 1 1 # H F 0 1 
1 1 1 1 1 1 1 1 
P13 P66 T8

Map8
1 1 1 1 1 1 1 1 
1 0 0 0 0 0 1 1 
1 0 1 0 0 0 0 G 
1 0 H H 0 0 0 1 
S 0 0 0 0 H 0 1 
1 0 0 0 0 0 H 1 
1 0 0 0 H 0 0 1 
1 1 1 1 1 1 1 1 
p31 L44 T8

Map8
1 1 1 S 1 1 1 1 
1 0 0 0 F # F 1 
1 0 0 0 0 0 F 1 
1 0 0 0 0 # 0 1 
1 F 0 # F 0 0 1 
G 0 0 1 1 0 0 1 
1 0 0 H 0 0 0 1 
1 1 1 1 1 1 1 1 
p31 p24 T8

Map8
1 G 1 1 1 1 1 1 
1 F 1 H 1 # # 1 
1 0 0 0 0 1 H 1 
1 0 1 0 0 # 0 1 
1 # H 0 0 # 0 1 
1 1 0 0 # 0 0 1 
1 0 0 0 0 0 0 1 
1 1 1 S 1 1 1 1 
D33 u46 T8

Map8
1 1 G 1 1 1 1 1 
1 0 0 0 1 1 0 1 
1 H # 1 0 F H 1 
1 1 # 1 0 # H 1 
1 0 0 0 0 H F 1 
S # 1 H 0 # # 1 
1 # 0 F # 1 F 1 
1 1 1 1 1 1 1 1 
d14 p45 T8

Map8
1 1 1 1 1 1 1 1 
1 0 # 0 0 0 0 1 
1 H 0 0 0 1 0 S 
1 0 0 0 F 0 0 1 
1 F 0 # 0 F H 1 
1 # # 0 # 0 0 1 
1 0 0 0 F 0 0 1 
1 1 1 G 1 1 1 1 
P11 P26 T8

Map8
1 1 1 1 1 1 1 1 
1 0 0 # 0 0 H 1 
1 0 1 1 0 0 0 1 
1 1 F F 0 # # 1 
1 0 0 0 F 0 0 1 
1 F 0 F 1 0 0 1 
1 0 0 1 1 0 0 1 
1 1 G 1 1 1 S 1 
R42 P65 T8

Map8
1 1 1 1 1 1 1 1 
1 H 0 0 0 0 0 1 
S 0 0 1 0 # 0 1 
1 0 0 0 H 0 0 G 
1 0 H 0 0 0 0 1 
1 0 0 0 0 0 0 1 
1 0 0 0 0 0 H 1 
1 1 1 1 1 1 1 1 
p41 r53 T8

Map8
1 1 1 1 G S 1 1 
1 0 # 0 0 # 1 1 
1 0 0 F 1 0 0 1 
1 0 # 0 0 0 1 1 
1 0 0 0 0 # H 1 
1 0 1 0 0 F # 1 
1 0 0 F 0 # 1 1 
1 1 1 1 1 1 1 1 
P31 r13 T8

Map8
1 1 1 1 G 1 1 1 
1 1 0 0 # # 0 1 
1 1 # 0 0 0 0 1 
1 1 0 0 1 0 1 1 
1 0 0 0 # 0 0 S 
1 0 0 0 F 0 0 1 
1 0 # F 0 # 0 1 
1 1 1 1 1 1 1 1 
p31 R34 T9

Map8
1 S 1 1 1 1 1 1 
1 0 0 F 0 # 0 1 
1 0 H # 0 0 # 1 
1 1 0 0 0 1 H 1 
1 0 0 0 0 0 0 1 
1 0 1 0 0 0 # 1 
1 0 0 0 0 0 0 1 
1 1 1 G 1 1 1 1 
P26 d41 T8

Map8
1 1 1 1 1 1 1 1 
1 0 0 0 # 1 # 1 
1 # 0 1 F # 0 1 
G 0 0 F 1 # F 1 
1 0 0 0 0 0 0 1 
1 0 H 0 # 0 0 1 
1 0 0 # 0 1 0 1 
1 1 1 S 1 1 1 1 
P14 P35 T8

Map8
1 1 1 1 S 1 1 1 
G # F 0 0 0 0 1 
1 0 # 0 # H F 1 
1 0 F 0 H 0 0 1 
1 H F # 1 # 0 1 
1 0 0 0 0 0 0 1 
1 0 0 0 0 0 0 1 
1 1 1 1 1 1 1 1 
p46 R31 T8

Map8
1 1 1 1 1 1 1 1 
1 0 0 F 0 0 0 1 
1 1 0 H 0 1 0 1 
1 F # 0 0 0 # 1 
1 # 0 0 # 0 0 G 
1 0 0 F # 0 # 1 
1 0 F 0 0 0 0 1 
1 1 1 1 1 1 S 1 
r54 p66 T8

Map8
1 1 1 1 1 1 1 1 
1 0 0 0 1 0 0 1 
1 0 0 1 H 0 0 1 
G 0 0 0 H # 1 1 
1 0 0 0 0 0 H 1 
1 1 # 0 0 H 0 1 
1 0 0 0 0 1 1 1 
1 1 1 1 S 1 1 1 
u36 D44 T9

Map8
1 1 1 1 1 1 S 1 
1 0 0 0 H 0 0 1 
1 0 0 0 1 # 0 1 
1 1 0 0 0 0 0 1 
1 0 0 0 0 0 H 1 
1 H 1 0 0 H 0 1 
1 0 H 0 0 0 0 1 
1 1 1 1 1 G 1 1 
L63 p46 T11

Map8
1 1 1 1 1 1 1 1 
1 # H # 0 0 1 1 
1 0 F 0 # 0 0 1 
1 H 1 F H 0 # 1 
1 # 0 0 0 0 0 G 
1 0 F F # 1 F 1 
1 0 0 0 0 0 0 1 
1 1 1 1 S 1 1 1 
p36 D44 T9

Map8
1 1 1 1 1 1 1 1 
S 0 0 H 1 0 0 1 
1 0 # 0 # 0 F 1 
1 1 0 1 0 H 0 1 
1 F 0 0 0 0 1 1 
1 0 0 0 1 0 0 G 
1 0 0 0 1 0 1 1 
1 1 1 1 1 1 1 1 
P56 D21 T8

Map8
1 S 1 1 1 1 1 1 
1 0 0 1 0 1 0 1 
1 0 # 1 0 0 0 1 
1 1 F 0 0 0 0 1 
1 0 0 0 1 0 0 1 
1 1 0 F 1 0 0 1 
1 0 F 0 0 F # 1 
1 1 1 1 G 1 1 1 
U36 R14 T8

Map8
1 S 1 1 1 1 1 1 
1 0 0 # 0 0 0 1 
1 0 F 0 0 # 0 1 
1 1 # 0 0 0 H 1 
G # # 0 0 0 H 1 
1 # 0 F F F 0 1 
1 1 0 0 # 0 0 1 
1 1 1 1 1 1 1 1 
P26 p32 T11

Map8
1 1 1 G 1 1 1 1 
1 H # 0 0 0 0 1 
1 H 0 H # 0 # 1 
1 1 0 0 0 0 # 1 
1 0 # # 1 # F 1 
S # 0 0 F 0 0 1 
1 0 1 0 0 0 H 1 
1 1 1 1 1 1 1 1 
L43 P41 T9

Map8
1 1 1 G 1 1 1 1 
1 0 F 0 0 # 1 1 
1 # # 0 # 0 0 1 
1 0 F H 0 1 1 1 
1 1 # 0 F 0 F 1 
1 0 1 # 0 0 F 1 
1 # 1 # 0 0 0 1 
1 1 1 1 1 S 1 1 
u32 p56 T11

Map8
1 S 1 1 1 1 1 1 
1 0 0 0 0 1 0 1 
1 0 # F 0 1 0 1 
G F 0 # 1 0 0 1 
1 0 0 0 F 0 0 1 
1 0 0 0 0 0 # 1 
1 1 0 H 1 0 # 1 
1 1 1 1 1 1 1 1 
l23 P12 T8

Map8
1 1 1 1 1 1 1 1 
1 0 0 0 H # 0 1 
1 # 0 0 F # 0 1 
G 0 1 F 0 # 0 1 
1 0 0 0 1 0 F S 
1 0 0 1 0 0 # 1 
1 0 H F 1 0 0 1 
1 1 1 1 1 1 1 1 
D63 p14 T15

Map8
1 1 1 1 G 1 1 1 
1 # 0 0 0 # 0 S 
1 F 0 H F # 0 1 
1 0 0 # F 0 0 1 
1 0 0 # F H 0 1 
1 1 0 # H # 0 1 
1 0 0 0 F H 0 1 
1 1 1 1 1 1 1 1 
p31 p22 T8

Map8
1 1 S 1 1 1 1 1 
1 1 0 # 0 # 0 1 
G 0 0 # 0 # 1 1 
1 0 H 0 # 1 0 1 
1 # 0 1 0 0 0 1 
1 0 0 0 0 1 0 1 
1 # 0 F # 0 0 1 
1 1 1 1 1 1 1 1 
P22 d41 T8

Map8
1 1 1 1 1 1 1 1 
1 0 0 0 0 1 F 1 
1 0 0 1 0 F # 1 
1 1 F 0 1 0 0 G 
1 F 0 0 0 0 0 1 
1 0 0 0 0 0 0 1 
1 F 0 0 0 0 # 1 
1 1 1 1 1 1 S 1 
P64 p35 T9

Map8
1 S 1 1 1 1 G 1 
1 0 0 0 1 0 # 1 
1 # # 0 0 0 F 1 
1 0 1 0 0 0 0 1 
1 0 1 0 0 # 1 1 
1 0 0 0 # # 0 1 
1 0 0 H 0 0 0 1 
1 1 1 1 1 1 1 1 
u14 p35 T13

Map8
1 1 1 1 S 1 1 1 
1 0 # 1 0 0 0 1 
1 1 0 F F 0 # G 
1 0 0 # 0 0 0 1 
1 # H 1 # 0 0 1 
1 0 0 1 H 0 H 1 
1 0 0 # 0 0 1 1 
1 1 1 1 1 1 1 1 
L53 p63 T8

Map8
1 1 1 1 1 1 1 1 
S 0 0 1 0 0 F 1 
1 0 F 0 0 0 0 1 
1 0 0 F 0 H 0 1 
1 0 H F 0 0 1 1 
1 0 0 0 0 # 0 1 
1 F 0 # 0 0 0 1 
1 1 1 G 1 1 1 1 
R12 d32 T9

Map8
1 1 1 1 1 1 1 1 
1 0 0 0 F H 1 1 
1 H 1 0 0 0 0 1 
1 F 0 0 0 # 0 1 
1 H 0 0 0 1 0 S 
G 0 0 0 0 F 0 1 
1 0 # # # H F 1 
1 1 1 1 1 1 1 1 
R24 P16 T8

Map8
1 1 1 1 1 1 1 1 
1 0 1 # H 1 0 S 
1 0 F 0 1 # 0 1 
1 0 F # # 0 0 1 
1 # H 0 F 1 H 1 
1 0 # 1 F F 0 1 
1 1 # 0 0 0 0 1 
1 1 1 1 1 G 1 1 
L63 p46 T10

Map8
1 1 1 1 G 1 1 1 
1 1 F 0 F 0 0 1 
1 1 # # 0 0 1 1 
1 H # 0 # 0 # 1 
1 0 0 0 # 0 0 1 
1 0 0 0 1 0 0 1 
1 0 1 1 F 0 0 1 
1 1 1 1 1 S 1 1 
p53 p34 T9

Map8
1 1 1 1 1 1 1 1 
1 1 0 0 H H 0 1 
1 H 0 0 1 0 0 1 
1 # 0 0 0 0 0 1 
G 0 0 H H 1 # 1 
1 0 0 1 # 0 0 1 
1 1 1 0 0 0 1 1 
1 1 1 1 1 S 1 1 
p23 l63 T10

Map8
1 1 1 1 1 1 1 1 
1 # 0 0 0 0 0 1 
1 F 0 0 H H 0 S 
1 0 0 0 0 0 0 1 
1 # 0 1 H 0 0 G 
1 0 0 1 H 0 # 1 
1 0 0 # 0 1 # 1 
1 1 1 1 1 1 1 1 
U63 P21 T8

Map8
1 1 S 1 1 1 1 1 
1 0 0 1 0 H 1 1 
1 # 1 # F 0 1 1 
1 0 0 0 # 0 0 1 
1 0 0 0 H 1 0 1 
1 1 # # 0 H 0 G 
1 H 0 # 1 0 0 1 
1 1 1 1 1 1 1 1 
U34 p64 T12

Map8
1 1 1 1 1 1 1 1 
1 0 0 0 1 0 0 1 
1 H 0 0 0 0 0 1 
1 0 0 1 0 0 0 S 
1 0 0 0 0 0 H 1 
G F 0 H H 0 F 1 
1 0 0 0 0 0 F 1 
1 1 1 1 1 1 1 1 
p36 l25 T11

Map8
1 S 1 1 1 1 1 1 
1 0 0 0 1 0 0 1 
1 1 0 0 0 0 0 1 
1 1 1 0 0 0 1 1 
1 0 0 0 0 0 0 1 
1 0 1 H 0 0 0 1 
1 0 0 0 0 1 0 1 
1 1 G 1 1 1 1 1 
P34 P16 T11

Map8
1 1 1 1 1 1 1 1 
1 0 1 0 1 0 0 1 
1 0 0 H 0 0 0 S 
1 0 0 0 0 # 0 1 
G 0 0 # 1 0 0 1 
1 0 1 1 0 0 0 1 
1 0 0 # 1 0 0 1 
1 1 1 1 1 1 1 1 
p13 P52 T8

Map8
1 1 1 1 1 1 1 1 
1 1 0 0 0 # 0 1 
1 0 0 0 # 0 0 1 
1 0 0 # # # 0 G 
1 0 0 # 1 0 H 1 
1 0 0 0 F 0 0 1 
1 1 # 0 0 0 0 1 
1 1 1 1 S 1 1 1 
D41 R35 T10

Map8
1 1 1 1 1 1 1 1 
1 0 0 0 # 0 0 1 
1 0 F 1 0 # 0 1 
G F 0 1 1 0 H 1 
1 # 0 0 # 1 # 1 
1 0 0 0 0 1 # 1 
1 0 0 # 1 1 H 1 
1 S 1 1 1 1 1 1 
P15 l23 T9

Map8
1 1 1 1 1 1 1 1 
1 0 F 0 0 0 0 1 
1 # 0 0 0 0 0 1 
1 1 0 1 # 0 0 G 
1 0 0 0 0 H 0 1 
1 0 H 0 0 H # 1 
S 0 0 1 0 # 0 1 
1 1 1 1 1 1 1 1 
p64 D44 T10

Map8
1 1 1 1 1 1 1 1 
1 0 0 H 0 0 # 1 
1 0 0 0 0 1 # 1 
1 0 0 0 0 H 0 G 
S 0 0 0 0 # 0 1 
1 0 0 0 0 0 # 1 
1 H 0 0 0 F 0 1 
1 1 1 1 1 1 1 1 
P11 P64 T8

Map8
1 1 1 1 1 S 1 1 
1 1 1 H F 0 0 1 
1 0 F 0 0 0 1 1 
1 F # 0 0 0 1 1 
1 0 # 1 1 0 0 1 
1 0 1 0 0 # F 1 
1 # 0 0 # 0 F 1 
1 1 1 1 1 1 G 1 
P53 U56 T8

Map8
1 1 1 1 1 1 1 1 
1 0 0 0 0 0 0 1 
S 0 0 F 0 1 1 1 
1 0 0 0 0 0 # 1 
1 0 0 0 0 0 0 1 
1 F 0 0 0 0 0 1 
1 0 0 0 F H 0 1 
1 1 1 G 1 1 1 1 
p31 p23 T10

Map8
1 1 1 1 1 1 1 1 
1 0 0 H 0 H 0 1 
1 H F F 1 1 0 1 
1 0 0 0 0 0 F 1 
1 0 0 0 0 H 0 1 
1 0 0 1 0 F 0 1 
1 0 # 0 0 F # S 
1 1 1 G 1 1 1 1 
R46 P64 T8

Map8
1 1 1 1 G 1 1 1 
1 0 0 # # H 0 1 
1 0 0 F 0 0 F 1 
1 1 0 0 H 0 # 1 
1 0 0 1 H 0 0 S 
1 0 # 0 F 0 0 1 
1 0 0 0 1 0 0 1 
1 1 1 1 1 1 1 1 
U42 P54 T9

Map8
1 1 1 1 1 1 1 1 
1 0 0 # # 1 0 1 
1 0 0 0 1 # 0 1 
1 F 0 F # 0 0 1 
1 F 1 # # 0 F 1 
1 0 0 0 1 0 F G 
S 0 1 0 1 0 # 1 
1 1 1 1 1 1 1 1 
R55 P11 T8

Map8
1 1 1 1 1 1 1 1 
1 0 1 0 # # # S 
G 0 # H H 1 F 1 
1 1 0 # 0 1 0 1 
1 0 0 0 1 0 0 1 
1 0 0 F 0 0 0 1 
1 F H H F 1 H 1 
1 1 1 1 1 1 1 1 
L65 u25 T8

Map8
1 1 1 1 1 1 1 1 
1 0 0 0 # # # 1 
1 H 1 0 1 0 0 G 
1 0 0 1 0 # 0 1 
1 0 0 0 0 1 0 1 
S 0 0 0 0 # 0 1 
1 0 0 H 0 H 0 1 
1 1 1 1 1 1 1 1 
P63 P45 T9

Map8
1 1 1 1 1 1 1 1 
1 # 1 0 0 0 1 1 
1 H H 0 # 0 0 1 
1 # # 0 0 0 0 S 
1 0 0 0 # 1 0 1 
1 H 0 # 0 1 0 1 
1 0 0 1 # # 0 1 
1 G 1 1 1 1 1 1 
R43 P14 T8

Map8
1 1 1 1 1 1 1 1 
1 1 0 # 0 0 F 1 
1 0 0 1 # # 0 1 
1 # 0 F 0 0 # 1 
1 1 0 1 0 0 0 G 
1 0 # F 0 F F 1 
1 0 0 0 # # 1 1 
1 1 1 S 1 1 1 1 
p51 L45 T8

Map8
1 1 1 1 1 1 1 1 
1 0 0 0 1 0 0 1 
G 0 1 0 1 F 0 1 
1 0 0 H 0 0 F S 
1 F 0 0 F 0 0 1 
1 0 0 F 0 0 0 1 
1 0 H 0 0 0 0 1 
1 1 1 1 1 1 1 1 
P11 U64 T8

Map8
1 1 1 1 1 1 1 1 
S 0 0 F 0 0 0 1 
1 0 0 # 0 # 0 1 
1 0 0 0 0 0 0 1 
1 1 0 0 0 0 0 1 
1 0 0 1 0 0 H 1 
1 0 0 1 0 0 0 1 
1 G 1 1 1 1 1 1 
p41 d21 T8

Map8
1 1 1 G 1 1 1 1 
1 H 0 0 0 0 H 1 
1 H 1 0 F 0 0 1 
1 1 F 1 F 0 0 1 
1 1 0 F 1 # 0 1 
S # F 0 1 1 0 1 
1 0 0 0 # 0 # 1 
1 1 1 1 1 1 1 1 
L62 p65 T8

Map8
1 1 1 S 1 1 1 1 
1 # # # 0 0 0 1 
1 1 0 0 # 1 0 1 
1 F 0 0 0 0 1 1 
G 0 0 F 0 # 0 1 
1 0 1 # 0 0 0 1 
1 1 0 1 # 0 1 1 
1 1 1 1 1 1 1 1 
p41 u45 T8

Map8
1 1 1 1 1 1 1 1 
1 # 0 0 0 0 F 1 
S F 0 1 0 0 0 1 
1 0 # F 1 0 0 G 
1 0 0 # 0 0 0 1 
1 0 0 0 0 F 1 1 
1 0 0 1 0 0 0 1 
1 1 1 1 1 1 1 1 
D51 r53 T9

Map8
1 1 1 1 1 1 1 1 
1 0 0 0 # 0 1 1 
1 0 1 1 H # H 1 
1 0 0 0 0 0 0 G 
1 0 0 0 # 0 0 1 
1 0 1 1 0 0 0 1 
1 1 0 # # 0 0 S 
1 1 1 1 1 1 1 1 
P64 L54 T9

Map8
1 1 1 1 1 1 1 1 
1 0 # 0 0 0 H 1 
1 1 1 # H 0 0 1 
G 0 0 H # 0 # S 
1 # H 0 0 0 1 1 
1 # 0 0 0 1 # 1 
1 0 1 0 0 0 # 1 
1 1 1 1 1 1 1 1 
P34 D52 T8

Map8
1 1 1 1 1 1 1 1 
1 # 0 1 H F 0 1 
S 0 F 0 0 0 H 1 
1 1 H # 0 # 0 1 
1 0 0 0 0 0 0 1 
1 0 F 0 0 # 0 1 
1 1 0 # # # # 1 
1 1 1 1 1 G 1 1 
P42 P64 T8

Map8
1 1 1 1 1 1 1 1 
1 # 0 # 0 # 0 1 
1 0 0 0 0 H F 1 
1 0 # 0 0 0 1 1 
G 0 H F 0 0 0 1 
1 1 0 # 0 0 F 1 
1 0 1 1 0 # 0 1 
1 1 1 1 1 1 S 1 
P44 P25 T10

Map8
1 1 1 1 1 1 G 1 
1 F 0 0 H 0 0 1 
1 1 1 # 0 0 1 1 
1 0 1 F F 0 0 1 
1 0 0 0 0 0 H 1 
1 H # 1 F H 0 1 
1 1 0 # 0 0 0 1 
1 1 1 1 S 1 1 1 
D44 P31 T9

Map8
1 1 1 1 1 1 1 1 
1 1 0 0 0 0 0 1 
1 0 0 0 0 H F 1 
1 F F 1 0 0 0 1 
1 0 # 0 1 F F S 
1 1 1 0 # 0 0 1 
1 1 0 0 0 # 0 1 
1 1 1 1 G 1 1 1 
P36 U65 T9

Map8
1 1 1 1 1 1 1 1 
1 0 1 0 H # 1 1 
1 0 # 0 1 0 H 1 
1 0 1 # 0 # 0 1 
1 0 0 # 0 H # 1 
S 0 H # 0 # 1 1 
1 0 0 1 0 0 0 1 
1 1 1 1 G 1 1 1 
p11 U16 T8

Map8
1 1 1 1 1 1 1 1 
1 1 0 1 0 0 H 1 
S # 0 # 0 # # 1 
1 0 0 1 0 # H 1 
1 0 0 1 1 1 H 1 
1 0 # 0 F 0 0 1 
1 F 1 0 0 0 0 1 
1 1 1 1 G 1 1 1 
R15 p56 T9

Map8
1 1 1 1 1 1 1 1 
1 0 0 # # 0 0 1 
G 0 F 1 0 # 0 1 
1 0 0 1 0 0 0 1 
1 0 0 1 0 0 0 1 
1 F 0 # # 0 0 1 
1 1 0 0 # 0 0 1 
1 1 S 1 1 1 1 1 
r11 p23 T9

Map8
1 1 1 1 1 1 1 1 
1 H 0 1 0 0 H 1 
1 0 0 0 0 0 0 1 
G 0 0 H 0 0 0 1 
1 0 0 0 0 F # 1 
1 0 0 0 1 0 # S 
1 H 0 0 0 0 F 1 
1 1 1 1 1 1 1 1 
p34 l23 T10

Map8
1 1 1 G 1 1 1 1 
1 0 0 F 0 0 F 1 
1 0 F 0 0 0 0 1 
1 0 # H 0 # F 1 
S # 0 0 0 0 0 1 
1 0 1 0 0 0 0 1 
1 # 0 0 H 0 H 1 
1 1 1 1 1 1 1 1 
p13 u32 T8

Map8
1 1 1 1 1 1 1 1 
G 0 0 0 1 0 0 1 
1 1 1 0 H 0 0 S 
1 0 0 0 0 0 0 1 
1 0 0 0 0 # # 1 
1 0 0 1 0 0 0 1 
1 1 0 0 0 1 0 1 
1 1 1 1 1 1 1 1 
R43 U63 T11

Map8
1 S 1 1 G 1 1 1 
1 0 0 0 0 # 0 1 
1 0 0 1 F H 0 1 
1 0 0 0 0 F 0 1 
1 0 0 0 0 # 0 1 
1 F 0 0 0 0 0 1 
1 0 0 0 F 0 0 1 
1 1 1 1 1 1 1 1 
u44 p65 T8

Map8
1 1 1 1 1 1 1 1 
1 1 0 F 0 F 1 1 
1 0 0 1 0 0 0 1 
1 0 0 0 0 0 0 1 
1 0 0 H 0 0 0 1 
1 0 H 0 0 0 F G 
1 0 # 0 0 0 0 1 
1 1 1 S 1 1 1 1 
r13 L46 T8

Map8
1 1 S 1 1 1 1 1 
1 H 0 0 1 0 0 1 
1 0 0 0 H # 1 1 
1 H H 0 # F 0 1 
1 0 # # 0 0 0 1 
1 # 0 0 0 0 0 1 
1 0 0 # 0 0 H 1 
1 1 1 1 G 1 1 1 
p33 P22 T8

Map8
1 1 1 1 S 1 1 1 
1 0 1 0 0 0 # 1 
1 0 0 0 F 0 # 1 
1 0 # 0 0 # 0 1 
G 0 H 1 # 1 H 1 
1 0 0 F 1 # F 1 
1 0 1 F 0 0 F 1 
1 1 1 1 1 1 1 1 
p13 R33 T8

Map8
1 1 1 S 1 1 1 1 
1 # 0 0 0 0 1 1 
1 0 # 0 0 F F 1 
1 0 0 1 1 1 # 1 
1 0 F F 0 0 0 1 
1 0 0 H # 0 0 G 
1 H 0 1 0 0 H 1 
1 1 1 1 1 1 1 1 
p44 P15 T9

Map8
1 1 1 S 1 1 1 1 
1 0 0 0 1 0 0 1 
1 # 0 0 0 0 0 1 
1 1 0 # 0 1 1 1 
1 0 1 # 0 0 # 1 
1 0 H F 0 0 # 1 
1 1 F 1 0 # 0 1 
1 1 1 1 1 G 1 1 
D55 P32 T8

Map8
1 S 1 1 1 1 1 1 
1 0 F 0 H F 1 1 
1 0 # # 0 0 # 1 
1 0 0 H 0 0 H 1 
G 0 0 # # 1 # 1 
1 # 0 0 0 0 F 1 
1 H 0 F 1 0 0 1 
1 1 1 1 1 1 1 1 
P13 d42 T8

Map8
1 S 1 1 G 1 1 1 
1 F 1 0 0 0 0 1 
1 0 F 0 0 0 0 1 
1 # # H # 0 0 1 
1 # 0 1 # 1 0 1 
1 0 # 0 1 H 0 1 
1 F F 0 # 0 # 1 
1 1 1 1 1 1 1 1 
R15 P31 T8

Map8
1 1 1 1 G 1 1 1 
1 F 0 # 0 0 # 1 
1 0 0 0 0 0 0 1 
1 1 0 F 1 1 0 1 
1 0 0 F 0 # # 1 
1 0 0 0 0 1 # 1 
S 0 1 0 F # 1 1 
1 1 1 1 1 1 1 1 
P51 P14 T8

Map8
1 1 1 1 1 1 1 1 
1 # 1 # 0 0 0 1 
1 0 0 H 0 1 0 G 
1 0 H 0 # # 1 1 
1 1 # # 0 0 0 1 
1 1 0 # 0 0 0 1 
1 H 0 0 1 0 1 1 
1 1 1 S 1 1 1 1 
P33 p44 T9

Map8
1 1 1 1 1 1 1 1 
1 F 0 0 1 H 0 1 
1 # F F 0 0 0 1 
1 # 1 F 0 1 0 G 
1 0 0 0 0 0 1 1 
1 # 0 F 0 0 0 1 
1 0 0 0 0 0 0 1 
1 1 1 S 1 1 1 1 
p46 D34 T9

Map8
1 1 1 G 1 1 1 1 
1 # # 0 0 0 0 1 
1 # 0 1 0 0 0 1 
1 0 0 1 0 0 0 1 
1 0 1 1 0 0 0 1 
1 0 1 0 0 0 0 1 
1 0 0 0 1 H 0 1 
1 1 1 1 1 1 S 1 
l65 P41 T8

Map8
1 1 1 1 1 1 1 1 
1 0 F 0 F 0 1 1 
1 0 0 # 0 F 0 1 
1 F 1 # H 1 1 1 
1 0 1 0 0 0 0 1 
1 0 1 H # F 0 S 
1 0 0 0 0 0 0 1 
1 1 1 G 1 1 1 1 
U56 p26 T8

Map8
1 S 1 1 1 1 1 1 
1 0 1 0 0 0 0 1 
1 0 1 # 1 # 0 1 
1 0 1 0 0 0 0 1 
1 0 0 # 0 0 0 1 
1 0 0 # 1 0 0 1 
1 0 F 0 0 1 0 1 
1 1 G 1 1 1 1 1 
p63 p14 T9

Map8
1 1 1 1 1 1 1 1 
1 0 # 0 0 0 1 1 
1 0 0 1 0 F 0 S 
1 0 0 0 0 0 0 1 
1 # 0 1 0 F F 1 
1 # H 0 0 0 0 G 
1 0 F 0 0 H 0 1 
1 1 1 1 1 1 1 1 
U44 U46 T8

Map8
1 1 1 1 1 1 1 1 
1 0 0 0 0 0 0 1 
1 0 0 0 H 0 0 S 
1 1 0 0 0 0 0 1 
1 1 0 1 0 0 0 1 
1 0 1 0 0 0 0 1 
1 0 0 0 1 0 H 1 
1 G 1 1 1 1 1 1 
U53 p41 T10

Map8
1 1 1 S 1 1 1 1 
1 0 0 0 1 1 1 1 
1 0 0 0 1 0 0 1 
1 F H F 0 0 F G 
1 0 0 F 0 0 1 1 
1 0 0 0 0 0 0 1 
1 0 0 F 0 0 0 1 
1 1 1 1 1 1 1 1 
p54 L45 T8

Map8
1 1 1 S G 1 1 1 
1 0 0 0 0 0 0 1 
1 0 F 0 0 0 1 1 
1 0 F F 0 F 0 1 
1 0 0 0 0 0 1 1 
1 # 0 0 1 H 1 1 
1 0 0 1 1 H 0 1 
1 1 1 1 1 1 1 1 
p31 r12 T8

Map8
1 G 1 1 1 1 1 1 
1 F H 0 # 1 F 1 
1 0 0 0 H 0 F 1 
1 0 1 0 # F 0 1 
1 H # 1 1 0 0 1 
1 0 0 0 0 0 0 1 
1 0 0 # F 1 0 1 
1 1 1 1 S 1 1 1 
L63 P31 T8

Map8
1 1 1 1 1 1 1 1 
1 0 0 1 1 0 0 1 
1 0 0 0 0 1 1 1 
1 F 0 0 1 0 0 1 
1 0 0 0 0 0 0 1 
1 F 0 0 0 F 0 1 
S 0 0 H 0 0 0 1 
1 1 1 1 1 G 1 1 
P26 p23 T9

Map8
1 1 1 1 1 1 1 1 
1 F # 0 F 0 0 S 
G 0 0 0 0 0 1 1 
1 1 0 0 0 0 # 1 
1 0 0 0 0 1 F 1 
1 F 1 0 0 F 0 1 
1 0 H H 1 0 0 1 
1 1 1 1 1 1 1 1 
R31 p61 T9

Map8
1 1 1 1 1 1 1 1 
1 0 0 0 # 0 0 1 
1 H 0 # H 0 0 G 
1 1 0 1 H # 0 S 
1 1 # F 0 0 0 1 
1 0 0 0 H 0 0 1 
1 F 1 0 0 0 0 1 
1 1 1 1 1 1 1 1 
D52 p63 T8

Map8
1 1 1 1 1 1 1 1 
1 0 0 0 1 # 0 1 
1 0 0 0 0 1 0 1 
S 0 F 0 F 0 0 1 
1 H 1 # F H 0 1 
1 0 0 1 0 F 1 1 
1 0 0 0 0 0 0 1 
1 1 1 G 1 1 1 1 
P26 L33 T8

Map8
1 1 1 1 1 1 1 1 
1 # 0 0 # 0 # 1 
G 0 0 0 H 0 H 1 
1 0 0 0 0 1 0 1 
1 # 0 # 0 0 # 1 
1 0 0 H 0 # 0 S 
1 0 0 0 0 H 0 1 
1 1 1 1 1 1 1 1 
P13 D44 T8

Map8
1 1 1 1 1 1 1 1 
1 1 0 1 0 0 0 1 
1 0 F 0 1 0 1 1 
1 0 0 1 0 0 0 1 
1 0 # # # # 0 G 
1 F # # 0 F # 1 
1 1 0 0 # 0 1 1 
1 1 S 1 1 1 1 1 
u36 D21 T8

Map8
1 1 1 1 1 1 1 1 
1 0 # F 0 0 0 1 
1 F 1 H 0 H 0 S 
1 0 0 0 0 0 0 1 
1 0 0 1 0 0 # 1 
1 F 1 0 # 0 0 1 
1 0 0 0 # 1 0 1 
1 1 1 1 1 1 G 1 
U63 r44 T9

Map8
1 1 1 1 S 1 1 1 
1 0 F 0 F 0 0 1 
1 0 # 1 0 F 0 1 
1 0 0 0 1 0 # 1 
1 # 1 0 # 0 0 1 
1 0 0 1 # 0 0 1 
1 0 F 0 0 # 0 1 
1 1 1 G 1 1 1 1 
U46 p64 T11

Map8
1 1 1 1 1 1 1 1 
1 0 # 0 F F 0 1 
S 0 0 0 0 F 0 1 
1 0 1 1 # 0 1 1 
1 1 F 0 0 # # 1 
G 0 0 1 0 0 H 1 
1 0 0 0 F 0 0 1 
1 1 1 1 1 1 1 1 
P32 P44 T11

Map8
1 1 1 1 1 1 G 1 
1 0 0 1 0 1 0 1 
1 # # 0 1 0 # 1 
1 0 0 # 0 0 0 1 
1 0 # 0 0 H # S 
1 0 1 0 0 0 0 1 
1 # 1 0 # 0 1 1 
1 1 1 1 1 1 1 1 
D63 p34 T8

Map8
1 1 1 1 1 1 1 1 
1 0 # 0 0 F 1 1 
G # H # 0 H 0 1 
1 0 0 # H 1 F 1 
1 1 0 0 0 0 1 1 
1 H 0 0 0 # 0 1 
1 1 0 # 0 0 1 1 
1 1 S 1 1 1 1 1 
P13 P24 T9

Map8
1 1 1 1 1 S 1 1 
1 0 # 1 0 F 0 1 
1 0 0 # F # 1 1 
1 F 0 0 H 0 0 1 
1 0 0 0 0 1 H 1 
G # 0 H 1 0 H 1 
1 0 0 F 0 0 0 1 
1 1 1 1 1 1 1 1 
U14 P53 T8

Map8
1 1 1 S 1 1 G 1 
1 1 0 0 0 # 0 1 
1 # 0 H 0 0 0 1 
1 0 0 H 0 F # 1 
1 0 1 F # 0 H 1 
1 # 0 0 # 0 0 1 
1 1 # 1 0 0 1 1 
1 1 1 1 1 1 1 1 
L41 P55 T8

Map8
1 1 1 1 1 1 1 1 
1 0 # F 0 0 # 1 
1 0 1 0 0 0 H 1 
1 # H F 0 # 0 1 
1 0 0 0 0 H 0 1 
1 1 # 0 0 F F 1 
S # 0 0 1 0 0 G 
1 1 1 1 1 1 1 1 
L44 P51 T8

Map8
1 1 S 1 1 1 1 1 
1 0 # 0 0 0 F G 
1 F H # 0 F 0 1 
1 F 0 0 0 0 # 1 
1 0 0 0 0 # 0 1 
1 0 0 0 F 0 0 1 
1 H 0 0 0 0 1 1 
1 1 1 1 1 1 1 1 
L31 P15 T9

Map8
1 1 1 1 G 1 1 1 
1 # F F 0 F 0 1 
1 0 0 0 0 0 0 1 
1 0 0 # 0 # 0 1 
1 0 0 0 0 H 0 S 
1 0 1 0 1 0 # 1 
1 0 0 F 0 0 1 1 
1 1 1 1 1 1 1 1 
P32 D63 T9

Map8
1 1 1 1 1 1 1 1 
1 0 0 # 0 0 0 1 
1 F # 0 # # 0 S 
1 F H 0 1 H # G 
1 0 0 0 0 # 0 1 
1 0 # 0 1 0 0 1 
1 0 1 1 0 0 0 1 
1 1 1 1 1 1 1 1 
P32 l64 T10

Map8
1 1 1 1 S 1 1 1 
1 # 0 0 0 0 # 1 
1 0 1 1 0 1 # 1 
1 0 0 # 0 1 1 1 
1 1 0 0 0 0 # 1 
1 0 H 0 0 # 1 1 
1 0 0 0 H # 0 1 
1 1 1 1 1 1 G 1 
P43 P36 T10

Map8
1 1 1 1 1 1 1 1 
1 0 0 0 0 0 0 1 
1 0 0 H H 1 0 S 
1 1 F 0 0 0 0 1 
G 0 0 0 0 H 0 1 
1 0 0 0 1 0 1 1 
1 F 0 0 0 0 H 1 
1 1 1 1 1 1 1 1 
p31 l24 T8

Map8
1 1 1 1 G 1 1 1 
1 0 0 0 0 0 0 1 
1 # 1 H # # 0 1 
1 0 0 0 1 0 0 1 
1 1 0 0 1 0 0 1 
1 0 0 0 1 1 H 1 
1 # F 0 0 0 H 1 
1 S 1 1 1 1 1 1 
L33 p31 T9

Map8
1 1 1 1 1 1 1 1 
S 0 0 0 0 F # 1 
1 F 0 0 0 # # 1 
1 0 1 1 0 0 0 G 
1 # 0 0 0 0 0 1 
1 0 1 0 0 0 # 1 
1 0 H 0 1 0 0 1 
1 1 1 1 1 1 1 1 
l64 p31 T10

Map8
1 1 1 G 1 1 1 1 
1 0 H F 0 0 0 1 
1 0 F 0 0 0 0 1 
1 1 0 0 F 0 0 1 
1 0 0 H 0 0 0 1 
1 0 F 1 0 H 0 1 
1 0 0 F 0 0 0 1 
1 1 S 1 1 1 1 1 
P23 p64 T8

Map8
1 1 1 1 1 1 1 1 
1 0 0 0 0 0 0 1 
G F 0 # 0 1 0 1 
1 0 0 0 0 0 0 1 
1 F 0 0 0 H 0 1 
1 0 0 0 0 # 0 1 
1 0 F # 0 0 0 1 
1 1 1 1 1 S 1 1 
P31 R46 T9

Map8
1 1 1 1 1 1 S 1 
1 0 0 0 1 0 0 1 
1 # 0 0 0 F 0 1 
1 0 0 1 F 0 0 1 
1 0 0 F 0 1 0 1 
1 # F 0 F 1 0 G 
1 # 0 0 0 0 0 1 
1 1 1 1 1 1 1 1 
U44 U64 T9

Map8
1 1 1 1 1 1 S 1 
1 1 # 1 F 0 0 1 
1 1 0 1 0 0 0 1 
1 H 0 0 # # 0 1 
1 0 # 1 1 0 H 1 
1 H 0 F # 0 # 1 
1 0 0 0 0 0 1 1 
1 1 G 1 1 1 1 1 
P63 p36 T8

Map8
1 1 1 1 1 1 1 1 
1 0 1 F 1 0 0 1 
1 0 0 F 0 1 0 1 
1 0 1 0 F 0 0 1 
1 0 F 0 1 1 0 1 
1 0 0 # 0 0 F 1 
1 0 0 0 0 1 0 G 
1 1 1 S 1 1 1 1 
R33 p13 T8

Map8
1 1 1 1 1 1 1 1 
1 0 # 0 0 0 0 S 
1 H 0 # H 0 0 1 
1 0 # 1 0 1 0 1 
1 0 # 0 F # 1 1 
1 0 0 0 0 0 0 1 
1 0 0 F # 0 0 1 
1 1 1 G 1 1 1 1 
p31 P25 T9

Map8
1 1 S 1 G 1 1 1 
1 0 # 0 0 # 1 1 
1 0 0 0 0 0 0 1 
1 # H 0 1 0 0 1 
1 0 0 0 0 0 0 1 
1 0 0 0 1 0 F 1 
1 0 1 # 0 1 0 1 
1 1 1 1 1 1 1 1 
L32 r53 T10

Map8
1 G 1 1 1 1 1 1 
1 0 0 1 0 0 1 1 
1 # F F 0 0 0 1 
1 0 0 H 0 0 0 1 
1 F H 0 0 0 0 1 
1 0 F 0 0 0 H 1 
1 F 0 H 0 0 H 1 
1 1 S 1 1 1 1 1 
P55 R15 T8

Map8
1 1 1 1 1 1 1 1 
1 0 0 1 0 0 # 1 
1 0 0 # # 1 0 1 
S 0 # F 1 0 0 1 
1 1 0 0 0 # 0 1 
1 0 F # 0 0 0 G 
1 0 1 F 0 0 # 1 
1 1 1 1 1 1 1 1 
U34 P64 T10

Map8
1 1 1 1 1 1 1 1 
1 1 0 0 1 0 1 1 
1 0 0 0 0 0 0 1 
1 # F 0 F 0 1 1 
1 1 1 # 0 0 0 1 
1 F 0 0 1 0 0 1 
S 0 0 0 # # H 1 
1 1 1 1 G 1 1 1 
P32 P36 T8

Map8
1 1 1 1 1 1 1 1 
1 1 0 0 1 F 0 1 
1 0 0 F 0 F 0 1 
1 H # 0 # 0 0 1 
1 0 0 1 H F 0 G 
1 0 0 0 0 0 0 S 
1 0 0 F 0 0 0 1 
1 1 1 1 1 1 1 1 
p15 l65 T8

Map8
1 1 1 1 S 1 1 1 
G 0 0 1 0 0 0 1 
1 0 1 1 0 0 # 1 
1 0 0 0 H 0 1 1 
1 1 # 0 0 # 0 1 
1 1 0 0 # 0 # 1 
1 # 0 1 0 0 F 1 
1 1 1 1 1 1 1 1 
P42 p53 T11

Map8
1 1 1 1 1 1 1 1 
1 0 0 0 0 H 0 1 
1 0 0 # 0 # 0 1 
1 # 1 0 1 0 0 1 
1 0 0 0 0 0 H 1 
1 0 H # 0 0 0 1 
S 0 0 0 0 F 0 1 
1 1 1 1 G 1 1 1 
P41 P36 T9

Map8
1 1 1 1 1 1 1 1 
1 0 # 0 F # 0 1 
1 F 0 0 # 0 0 S 
1 F 0 0 H F # 1 
1 # 0 1 0 0 0 G 
1 0 1 # 0 0 # 1 
1 0 0 0 0 0 0 1 
1 1 1 1 1 1 1 1 
D61 r54 T8

Map8
1 1 1 1 1 1 1 1 
1 F 0 F F # 1 1 
1 0 0 0 0 0 0 1 
G 0 # F 0 H 0 1 
1 0 0 H 0 0 0 1 
S F H H 0 0 0 1 
1 # 0 0 0 0 1 1 
1 1 1 1 1 1 1 1 
D14 P54 T8

Map8
1 1 1 1 1 1 1 1 
1 0 H # 0 1 0 S 
1 0 0 0 H 0 0 1 
1 0 0 0 1 0 0 1 
1 0 0 0 0 F 0 1 
1 0 0 0 F 0 H 1 
1 H 1 0 # 0 # 1 
1 1 1 1 1 1 G 1 
L64 p44 T8

Map8
1 1 1 S 1 1 1 1 
1 # 0 0 0 0 1 1 
1 F 0 0 0 0 # 1 
G 0 F 0 1 0 F 1 
1 0 1 F 0 1 # 1 
1 0 0 1 F 0 0 1 
1 0 0 0 0 0 1 1 
1 1 1 1 1 1 1 1 
L33 d21 T9

Map8
1 1 1 1 1 1 1 1 
1 H 0 0 H 0 # S 
1 0 0 0 # 0 0 1 
1 0 0 0 0 0 # 1 
1 0 0 0 1 0 0 1 
1 0 0 # 0 H 0 1 
1 # # 0 0 0 0 1 
1 1 G 1 1 1 1 1 
P51 P36 T8

Map8
1 1 1 S 1 1 1 1 
1 0 1 0 0 H # 1 
1 0 # 0 0 0 H 1 
1 0 0 0 H H 1 1 
1 1 0 F 0 0 F 1 
1 0 0 0 0 0 0 1 
1 0 0 H 0 0 F 1 
1 1 1 1 G 1 1 1 
P33 p35 T10

Map8
1 1 1 1 1 1 S 1 
1 1 1 0 0 0 0 1 
1 0 0 F # 0 1 1 
G # 0 0 1 F 0 1 
1 F 0 H 0 F F 1 
1 0 0 0 0 0 1 1 
1 0 0 0 1 0 1 1 
1 1 1 1 1 1 1 1 
p51 P12 T9

Map8
1 1 1 1 1 1 1 1 
1 0 # # H 1 0 1 
1 1 1 0 F 0 0 1 
1 0 0 1 # 0 0 G 
1 0 0 0 1 F 0 1 
1 0 0 0 0 0 0 1 
1 0 1 0 0 0 0 1 
1 1 1 1 1 1 S 1 
D64 u56 T8

Map8
1 1 1 1 1 1 1 1 
1 0 0 0 0 0 # 1 
1 0 0 # # H 0 1 
S # 0 0 H # 0 1 
1 0 H 0 0 0 0 1 
1 H # 0 # 0 1 1 
1 0 0 0 0 0 # 1 
1 1 1 1 1 G 1 1 
p36 D33 T8

Map8
1 1 1 1 1 G 1 1 
1 0 1 0 F # 0 1 
1 F 0 0 # 1 F 1 
1 1 # 0 0 0 1 1 
1 F F 1 0 0 0 1 
1 # 0 0 # 0 0 1 
1 0 0 1 1 0 0 1 
1 1 1 1 1 S 1 1 
U33 P61 T10

Map8
1 1 1 S 1 1 1 1 
1 1 1 0 0 0 0 1 
1 0 0 0 F 0 0 1 
1 0 0 0 0 0 1 1 
1 F 0 0 0 0 0 1 
1 0 0 F 0 0 0 1 
1 0 0 0 0 0 F 1 
1 1 1 1 G 1 1 1 
d31 p34 T8

Map8
1 1 1 1 1 G 1 1 
1 # 0 0 F 0 F 1 
1 0 0 0 0 0 0 1 
1 1 0 F 0 1 0 1 
1 H 1 0 0 F 1 1 
1 0 # 1 0 0 0 1 
1 1 0 0 0 0 0 1 
1 1 S 1 1 1 1 1 
L43 P62 T13

Map8
1 1 1 S 1 1 1 1 
1 0 0 0 0 0 0 1 
1 0 0 H 0 # F 1 
1 0 H H 0 0 # 1 
1 0 0 H 0 0 0 1 
1 # 0 0 1 0 0 1 
1 0 H 0 0 0 0 1 
1 1 1 1 1 G 1 1 
L41 P16 T8

Map8
1 1 1 1 1 1 1 1 
1 1 0 0 0 # 1 1 
1 1 0 0 F # # 1 
S 0 # 0 F H H 1 
1 0 H 0 F # 0 1 
1 0 F 0 # 0 # 1 
1 0 0 0 0 0 # 1 
1 1 1 1 1 G 1 1 
P46 L33 T8

Map8
1 1 1 1 1 1 1 1 
1 0 0 0 0 0 0 1 
S # 0 0 0 # 0 1 
1 0 0 1 F H # G 
1 0 # 0 0 F # 1 
1 F F 0 0 H 0 1 
1 0 1 0 # 0 1 1 
1 1 1 1 1 1 1 1 
P51 L62 T9

Map8
1 1 1 1 1 1 1 1 
1 # F 0 0 0 # S 
1 0 # 0 0 # 0 1 
1 H 0 0 0 # F 1 
1 F # 0 # 0 # 1 
1 F H 0 0 1 H 1 
1 0 0 0 F H H 1 
1 G 1 1 1 1 1 1 
U45 P41 T9

Map8
1 1 1 1 1 G 1 1 
1 0 0 # # # 0 1 
1 1 0 0 0 # H 1 
1 1 0 H 0 0 0 1 
1 0 0 0 1 H 1 1 
1 0 H 0 0 H 0 1 
1 0 # 0 0 0 1 1 
1 1 1 1 S 1 1 1 
P61 D34 T8

Map8
1 1 1 1 1 1 1 1 
1 1 1 0 0 0 0 1 
1 0 1 0 # 0 F 1 
1 # 0 1 # 0 0 1 
1 0 0 F # 0 1 1 
1 0 # 0 0 0 # 1 
1 0 0 0 F H 0 G 
1 1 1 S 1 1 1 1 
p15 R35 T12

Map8
1 1 1 1 1 1 1 1 
1 0 # # F 1 H 1 
1 # H 1 H 0 H 1 
S # 0 # 0 F 1 1 
1 0 0 0 0 0 0 1 
1 0 0 0 1 0 # 1 
1 0 # 1 0 0 H 1 
1 1 1 1 G 1 1 1 
P23 P64 T8

Map8
1 1 1 1 1 1 1 1 
1 H 0 0 1 0 1 1 
1 0 0 0 0 # 0 1 
1 F F # 0 0 0 1 
1 # 0 # 1 # F S 
1 F 0 0 0 # 0 G 
1 0 # 0 1 H 0 1 
1 1 1 1 1 1 1 1 
P36 L62 T8

Map8
1 1 1 1 1 G 1 1 
1 1 0 # # 0 0 1 
1 # 0 0 0 0 0 1 
1 0 0 # 0 H 0 S 
1 0 0 0 0 # 0 1 
1 # 1 1 # 0 0 1 
1 0 0 # 0 0 0 1 
1 1 1 1 1 1 1 1 
P61 U64 T9

Map8
1 1 1 1 1 1 1 1 
1 0 0 # 0 0 0 G 
1 H 0 # 0 0 1 1 
1 0 0 # 0 1 0 1 
1 0 0 0 0 F 0 1 
1 0 0 0 0 0 0 1 
1 1 F # 0 # 0 1 
1 1 1 1 1 S 1 1 
P55 p65 T9

Map8
1 1 S G 1 1 1 1 
1 F 0 0 F # 0 1 
1 0 1 F 0 H 0 1 
1 0 0 0 F H 0 1 
1 0 F 0 0 0 0 1 
1 0 0 0 0 0 0 1 
1 1 0 # 0 0 H 1 
1 1 1 1 1 1 1 1 
p25 P65 T8

Map8
1 S 1 1 1 1 1 1 
1 0 0 0 1 0 # 1 
1 0 0 # 1 1 0 1 
1 0 F H 1 0 0 G 
1 1 0 0 # # # 1 
1 0 0 # 0 1 0 1 
1 1 0 0 0 0 0 1 
1 1 1 1 1 1 1 1 
P62 p11 T9

Map8
1 1 1 1 G 1 1 1 
1 # 0 0 # F # 1 
1 0 F 0 0 0 0 1 
1 H H F 0 H 1 1 
1 0 0 0 H H 0 1 
1 0 0 0 0 0 0 1 
1 0 0 0 0 # 0 1 
1 1 1 1 1 1 S 1 
P31 P26 T8

Map8
1 1 1 1 1 1 1 1 
1 0 0 # 0 0 # 1 
1 0 # 0 0 0 0 G 
1 1 0 0 0 0 0 1 
S 0 0 H 0 0 0 1 
1 0 0 0 # 0 0 1 
1 # # 0 1 0 0 1 
1 1 1 1 1 1 1 1 
P24 P36 T9

Map8
1 1 1 1 1 1 1 1 
1 # 1 0 H 0 0 1 
1 1 F # F 0 0 1 
G 0 # 0 0 1 F 1 
1 H 0 # 0 0 # 1 
1 0 # 0 0 0 0 1 
1 0 # 0 # 0 1 1 
1 1 1 1 S 1 1 1 
u35 L43 T8

Map8
1 1 1 1 1 1 1 1 
1 0 0 0 0 0 0 1 
1 # # 1 1 # 0 1 
S 0 0 1 1 1 H 1 
1 H # 0 0 H 0 1 
1 # 0 # 0 0 # 1 
1 H H 0 # 1 0 1 
1 1 1 1 1 1 G 1 
P44 P25 T8

Map8
1 1 1 1 1 1 1 1 
1 1 # # 0 # # 1 
1 0 # 0 1 0 # G 
1 1 1 1 0 0 0 1 
1 1 0 0 0 # 0 1 
1 0 0 # 0 F 0 S 
1 1 0 0 0 0 0 1 
1 1 1 1 1 1 1 1 
P63 u45 T9

Map8
1 1 G 1 1 1 1 1 
1 0 0 1 H 1 0 1 
1 0 F 0 1 1 0 1 
1 1 0 F 0 1 0 1 
1 # H 0 0 F # 1 
1 0 0 0 1 0 F 1 
1 0 # 0 # F 0 1 
1 1 1 1 S 1 1 1 
u36 R15 T8

Map8
1 1 1 G 1 1 1 1 
1 0 # 0 0 0 0 1 
1 # 0 H # 0 0 1 
1 0 0 0 0 # H 1 
1 0 # 0 0 1 0 1 
S 0 0 0 0 H F 1 
1 # 0 H F # 0 1 
1 1 1 1 1 1 1 1 
U26 p41 T8

Map8
1 S 1 1 G 1 1 1 
1 0 1 H 0 0 1 1 
1 F 0 F 0 0 0 1 
1 0 0 # 1 0 0 1 
1 # 0 1 H 0 0 1 
1 0 0 1 H H 0 1 
1 # 1 H F 0 F 1 
1 1 1 1 1 1 1 1 
p13 u42 T8

Map8
1 1 1 G 1 1 1 1 
1 0 0 0 F 0 0 1 
1 H 0 0 1 0 0 1 
1 H F 0 0 F 0 S 
1 0 # 0 # 0 0 1 
1 0 F 0 0 0 0 1 
1 H 1 0 0 0 H 1 
1 1 1 1 1 1 1 1 
P21 P33 T8

Map8
1 1 1 1 1 1 1 1 
1 0 1 0 0 0 0 1 
1 0 # 0 1 0 0 1 
S 0 0 0 1 0 F 1 
1 1 0 1 0 0 1 1 
1 0 0 0 # 0 0 1 
1 0 0 0 0 F 1 1 
1 1 1 G 1 1 1 1 
d35 p13 T9

Map8
1 1 1 1 1 G 1 1 
1 0 F H 0 0 0 1 
1 0 0 0 # 0 F 1 
1 0 0 H # F # 1 
1 # 1 # 1 1 1 1 
1 0 0 0 # 0 0 1 
1 F 0 H F # 0 1 
1 1 1 1 S 1 1 1 
D41 P11 T8

Map8
1 1 S 1 1 1 1 1 
1 0 0 0 0 0 0 1 
1 F # 0 # 0 1 1 
G 0 F 0 0 0 F 1 
1 0 0 0 1 # 1 1 
1 0 0 # 0 1 0 1 
1 F # 0 0 # # 1 
1 1 1 1 1 1 1 1 
P14 u36 T8

Map8
1 1 1 1 1 S 1 1 
1 H 0 0 H 0 0 1 
1 F 0 0 # # # 1 
1 0 0 0 0 1 0 1 
G # 0 1 0 # 1 1 
1 # 0 0 0 1 0 1 
1 0 # 1 H 1 0 1 
1 1 1 1 1 1 1 1 
P22 P13 T8

Map8
1 1 1 1 1 1 1 1 
1 1 0 0 F 1 1 1 
1 # 0 # 1 F 0 1 
S 0 0 H F F # 1 
1 0 0 # 1 0 0 1 
1 0 # # 0 0 0 1 
1 0 0 H F # 0 1 
1 1 1 1 G 1 1 1 
U14 d45 T10

Map8
1 1 1 1 S 1 1 1 
1 0 1 1 0 0 0 1 
1 0 0 H 0 1 0 1 
1 0 1 H 1 0 0 1 
1 F 0 0 0 0 0 1 
1 0 0 0 1 H H 1 
1 0 0 1 0 0 0 1 
1 1 G 1 1 1 1 1 
L64 D13 T8

Map8
1 1 G 1 1 1 1 1 
1 1 # 0 # 1 F 1 
1 # 0 # 0 0 0 1 
1 1 F 1 1 # 0 1 
1 0 1 0 0 # 0 1 
1 F 1 0 0 F 0 1 
1 0 0 0 0 F 0 1 
1 1 S 1 1 1 1 1 
L62 P22 T8

Map8
1 1 1 1 1 1 1 1 
1 0 0 0 0 F 0 1 
1 # 0 0 0 0 0 1 
1 0 1 0 0 0 0 G 
1 F H F 0 0 H 1 
1 0 F 0 0 0 0 1 
1 0 0 0 F 0 0 1 
1 S 1 1 1 1 1 1 
P31 P44 T8

Map8
1 1 1 1 1 1 1 1 
1 H # F F F 0 1 
G 0 0 1 0 # 0 1 
1 # 0 0 0 # # S 
1 0 0 0 1 0 0 1 
1 0 0 1 F 0 0 1 
1 1 0 F 0 0 0 1 
1 1 1 1 1 1 1 1 
l22 u14 T9

Map8
1 1 1 1 1 1 1 1 
1 0 F 0 0 0 0 S 
1 H 0 # 0 0 # 1 
1 0 # 0 0 0 0 1 
1 0 H # 0 # 0 1 
1 0 # 1 0 0 0 1 
1 1 F 0 0 0 0 1 
1 1 G 1 1 1 1 1 
R41 p64 T11

Map8
1 1 1 1 1 1 1 1 
1 1 H 0 0 # 0 G 
1 0 # 1 0 0 0 1 
1 0 0 0 # 0 0 1 
1 0 # 0 0 H 0 1 
1 0 0 0 0 0 H 1 
1 1 # # 0 # 0 1 
1 1 1 1 1 S 1 1 
P23 P55 T8

Map8
1 1 S 1 1 1 1 1 
1 0 0 0 0 # 0 1 
1 0 1 # 0 0 0 1 
1 H 1 0 # 0 0 1 
1 0 0 # 0 1 0 G 
1 0 0 0 0 0 # 1 
1 0 0 H 0 # 0 1 
1 1 1 1 1 1 1 1 
D42 P63 T9

Map8
1 1 1 1 1 1 1 1 
1 1 F 0 0 0 1 1 
1 # H 0 # F 0 1 
1 F 0 1 # 0 0 G 
1 1 0 0 0 0 0 1 
1 0 H 0 0 0 0 1 
1 0 0 0 0 0 F 1 
1 1 1 1 1 S 1 1 
u46 D54 T9

Map8
1 1 1 1 1 1 1 1 
1 0 # F F 0 0 S 
1 H 0 0 H F 0 1 
1 0 F 1 0 0 0 1 
1 0 1 0 0 0 1 1 
1 1 0 # F 0 0 1 
1 0 0 H H 0 0 1 
1 G 1 1 1 1 1 1 
D51 P63 T9

Map8
1 1 1 1 1 1 1 1 
1 0 # 0 0 0 H 1 
1 F 0 0 0 # 0 1 
1 0 0 # 1 0 F G 
S # 0 1 1 0 0 1 
1 0 0 F H 0 0 1 
1 0 0 H 0 0 H 1 
1 1 1 1 1 1 1 1 
r53 D51 T8

Map8
1 1 1 1 S 1 1 1 
1 H 0 0 0 1 F 1 
1 H 0 F 0 0 1 1 
1 0 1 # 0 0 0 1 
G # 0 1 H 1 0 1 
1 0 0 0 F # 0 1 
1 0 0 0 0 # 0 1 
1 1 1 1 1 1 1 1 
p36 R43 T8

Map8
1 1 1 1 1 1 1 1 
1 0 0 0 0 # 0 1 
G 0 0 0 H 0 0 1 
1 0 0 0 0 0 0 1 
1 0 0 0 0 # 0 1 
1 H 0 H 1 # 0 1 
1 0 # # 1 0 0 1 
1 1 1 1 1 S 1 1 
r11 p62 T8

Map8
1 1 1 1 1 1 S 1 
1 1 0 0 0 0 0 1 
1 0 0 0 # 0 0 1 
1 0 F 0 # 0 0 G 
1 0 0 0 0 0 F 1 
1 0 1 H 0 0 H 1 
1 0 0 0 0 0 0 1 
1 1 1 1 1 1 1 1 
P62 L54 T8

Map8
1 1 1 1 G S 1 1 
1 1 H # 0 0 0 1 
1 F 0 0 0 0 0 1 
1 0 # F 0 0 0 1 
1 0 0 H 0 0 1 1 
1 0 # 0 F 0 1 1 
1 1 0 1 H F # 1 
1 1 1 1 1 1 1 1 
L63 u43 T8

Map8
1 1 1 1 1 1 1 1 
1 F 0 0 0 # # 1 
1 # 0 # 0 1 F 1 
G 0 0 H 0 # 0 1 
1 0 # 0 0 0 H 1 
1 0 # 0 0 0 0 1 
1 # 0 0 0 0 0 1 
1 1 1 1 1 S 1 1 
p36 l23 T8

Map8
1 1 1 1 1 1 1 1 
G 0 H 0 0 1 # 1 
1 0 # 0 1 0 0 1 
1 1 0 0 0 0 0 1 
1 1 0 # # # 0 1 
1 # 0 1 0 0 0 1 
1 1 0 0 F H 1 1 
1 1 S 1 1 1 1 1 
P31 P23 T10

Map8
1 1 1 1 1 1 1 1 
1 H # 0 0 0 0 1 
1 0 F H 0 0 1 1 
1 0 # 0 H 0 0 1 
1 # # H # 1 F 1 
1 0 # 0 0 0 0 1 
1 0 0 # 0 0 1 1 
1 1 S G 1 1 1 1 
P61 D35 T8

Map8
1 1 1 G 1 1 1 1 
1 0 1 0 0 1 0 1 
1 H F 0 0 0 0 1 
1 0 0 0 0 0 0 1 
1 0 0 1 0 1 0 1 
1 0 0 0 F 1 0 1 
S 0 1 0 0 1 0 1 
1 1 1 1 1 1 1 1 
R13 u33 T8

Map8
1 1 1 1 1 1 1 1 
1 0 0 0 0 0 F 1 
1 0 0 F 0 F 0 G 
1 0 H 0 0 0 0 1 
1 0 F 0 0 1 0 1 
1 F 0 0 0 # H 1 
1 0 0 0 0 0 0 1 
1 1 1 S 1 1 1 1 
u46 p41 T9

Map8
1 1 1 1 1 G 1 1 
1 F 0 0 0 # # 1 
1 0 0 0 0 0 0 1 
S F 0 0 F 1 0 1 
1 # # 0 0 F 0 1 
1 # # 0 # 0 0 1 
1 0 0 F H 0 0 1 
1 1 1 1 1 1 1 1 
P41 P33 T8

Map8
1 1 1 1 1 1 1 1 
1 F 0 0 1 # 0 1 
1 0 0 0 0 H # 1 
G 0 0 0 0 0 1 1 
S 0 0 H F 0 H 1 
1 0 0 F 0 1 0 1 
1 # 0 0 0 0 0 1 
1 1 1 1 1 1 1 1 
p14 D23 T8

Map8
1 1 1 1 G 1 S 1 
1 0 1 0 0 0 F 1 
1 0 0 0 0 F 0 1 
1 0 0 0 0 # 0 1 
1 0 0 0 H 0 # 1 
1 0 0 0 1 0 0 1 
1 1 0 0 0 1 0 1 
1 1 1 1 1 1 1 1 
l62 p32 T10

Map8
1 1 1 1 1 1 1 1 
1 0 0 0 # 1 H 1 
1 # 1 1 # 0 0 1 
G 0 1 0 # 0 1 1 
1 0 # F 0 0 0 1 
1 0 # F H H F 1 
1 H 1 F 0 1 0 1 
1 1 1 1 1 1 S 1 
U44 P14 T8

Map8
1 1 1 1 1 1 1 1 
1 0 # 0 1 0 0 1 
1 0 0 0 0 # 0 1 
1 0 # 1 F # 0 1 
1 1 0 0 1 1 0 1 
1 # 0 0 # 0 0 S 
1 # 1 0 0 0 F 1 
1 1 1 1 1 G 1 1 
l62 D55 T10

Map8
1 1 1 1 1 1 1 1 
1 0 0 0 0 0 1 1 
1 0 0 0 0 0 0 1 
1 1 F 0 0 F 0 1 
1 0 F 0 1 0 F G 
1 1 0 0 0 0 0 S 
1 F # 0 0 0 0 1 
1 1 1 1 1 1 1 1 
U36 P55 T8

Map8
1 1 1 1 1 1 1 1 
1 # 0 0 # 0 # 1 
1 0 0 F 0 0 # 1 
1 0 F F 0 # 1 1 
1 # 0 0 0 0 0 1 
1 H 0 F H # 1 1 
1 0 0 0 0 0 1 1 
1 1 1 S G 1 1 1 
L42 p36 T8

Map8
1 1 1 1 1 1 1 1 
1 1 # 0 0 1 0 1 
1 0 0 # H F 0 1 
G 0 0 0 0 1 0 1 
1 1 0 F F F 0 1 
1 # 0 0 0 0 0 1 
1 0 F 0 0 0 0 1 
1 1 1 1 1 S 1 1 
l33 R45 T8

Map8
1 1 1 1 1 1 1 1 
1 0 0 # 0 0 0 1 
1 0 1 0 0 # 0 1 
1 0 1 0 H 0 # 1 
1 # # 0 0 # F 1 
1 0 0 0 0 F 0 1 
1 1 0 # # H 0 1 
1 1 1 S G 1 1 1 
P35 P66 T9

Map8
1 1 1 1 1 G 1 1 
1 0 0 1 1 0 0 1 
1 0 0 0 0 # H 1 
1 # 0 0 0 0 0 1 
1 # 0 0 0 1 # S 
1 0 # 0 0 1 # 1 
1 # 0 0 # 0 0 1 
1 1 1 1 1 1 1 1 
D63 p22 T8

Map8
1 1 G 1 1 1 1 1 
1 0 0 0 0 0 1 1 
1 0 0 1 1 0 0 1 
1 1 0 1 0 0 0 1 
1 0 1 0 0 H 0 S 
1 0 1 0 0 0 0 1 
1 0 0 0 0 0 0 1 
1 1 1 1 1 1 1 1 
D63 P36 T9

Map8
1 1 1 1 S 1 1 1 
1 0 0 0 0 # 0 1 
1 0 # F 0 0 0 1 
1 # 0 F 0 0 0 1 
1 0 # 0 0 # F 1 
1 0 0 0 1 0 0 G 
1 # 0 0 0 # 0 1 
1 1 1 1 1 1 1 1 
p41 r55 T8

Map8
1 1 1 1 1 1 1 1 
1 1 1 H 0 F # G 
1 0 0 0 1 0 0 1 
1 1 0 0 F 0 0 1 
1 # # 0 F 0 H 1 
1 0 0 0 # 0 0 1 
1 # H 0 0 F 0 1 
1 1 1 1 S 1 1 1 
L54 p34 T8

Map8
1 1 1 1 1 1 1 1 
1 0 1 # 0 0 0 1 
1 0 H # 0 0 H 1 
1 0 0 0 0 # F 1 
1 0 0 # # 0 H 1 
1 H # 0 0 0 # S 
1 0 0 1 H # 0 1 
1 G 1 1 1 1 1 1 
P14 P35 T8

Map8
1 S 1 1 1 1 1 1 
1 F 0 1 # F # 1 
1 0 0 0 0 1 H 1 
1 0 1 0 0 0 0 1 
1 0 1 # 0 # F 1 
1 0 1 1 F # # G 
1 1 F 0 0 0 0 1 
1 1 1 1 1 1 1 1 
P13 P66 T8

Map8
1 1 1 1 1 1 1 1 
1 0 0 0 0 0 0 1 
1 0 H F # 0 1 1 
1 0 F 0 1 0 0 1 
1 0 F 0 F 0 F 1 
1 1 0 0 H 1 0 1 
1 1 # 0 0 0 0 1 
1 1 G 1 S 1 1 1 
P21 R36 T8

Map8
1 1 1 1 S 1 1 1 
1 0 H H 0 0 0 1 
1 0 0 0 0 0 0 1 
1 0 0 1 0 0 0 1 
G 0 0 H 0 0 0 1 
1 0 0 H H 0 1 1 
1 0 0 0 0 0 0 1 
1 1 1 1 1 1 1 1 
U44 p15 T9

Map8
1 G 1 1 1 1 1 1 
1 0 0 1 # # 0 S 
1 1 0 0 0 0 # 1 
1 1 1 # 0 0 0 1 
1 0 0 F # 0 0 1 
1 # 0 0 H 0 F 1 
1 1 0 1 0 1 # 1 
1 1 1 1 1 1 1 1 
l52 p61 T10

Map8
1 S 1 G 1 1 1 1 
1 0 0 0 H 0 1 1 
1 0 0 0 1 1 0 1 
1 F # F H # 0 1 
1 0 0 0 0 # 0 1 
1 0 F 0 F 0 1 1 
1 0 1 1 F 0 # 1 
1 1 1 1 1 1 1 1 
p44 r14 T8

Map8
1 1 1 1 1 1 1 1 
1 0 # H 0 0 # S 
1 0 0 H 0 0 # 1 
1 0 0 H 0 0 1 1 
1 0 0 0 0 0 0 1 
1 0 0 0 0 H 0 1 
1 # 0 H # 0 0 1 
1 1 G 1 1 1 1 1 
D41 p34 T9

Map8
1 1 1 1 G 1 1 1 
1 0 0 H 0 # 0 1 
1 0 1 1 0 0 F 1 
1 0 0 0 1 # 1 1 
1 0 # F 0 0 1 1 
1 # 0 0 0 0 # 1 
1 # H 0 F 0 # 1 
1 1 1 S 1 1 1 1 
U42 P35 T8

Map8
1 1 1 1 1 1 1 1 
1 0 H 0 0 1 # 1 
1 0 0 0 0 0 # 1 
1 1 0 0 0 F F 1 
1 0 1 0 0 0 0 G 
1 0 0 0 0 0 0 1 
1 0 # 0 0 F 0 1 
1 1 1 1 1 1 S 1 
P65 p16 T9

Map8
1 1 1 1 1 1 1 1 
S 0 # 0 0 # H 1 
1 0 1 0 0 0 0 1 
1 # 0 0 1 0 F G 
1 F 0 F 0 1 0 1 
1 F 0 # F # 1 1 
1 0 0 1 1 0 1 1 
1 1 1 1 1 1 1 1 
L31 R53 T8

Map8
1 1 1 1 1 1 1 1 
1 0 0 F 0 0 0 1 
1 F # F # 0 # 1 
1 0 1 0 1 1 # S 
1 0 # 0 0 1 1 1 
1 F 0 0 0 0 0 G 
1 0 0 0 H 0 0 1 
1 1 1 1 1 1 1 1 
P44 P36 T9

Map8
1 1 1 1 1 1 1 1 
1 1 F H 0 1 0 1 
S 0 0 1 0 0 1 1 
1 0 0 0 F H 0 1 
1 0 0 1 0 # F 1 
1 0 H # # 0 1 1 
1 1 0 # # 0 # 1 
1 1 G 1 1 1 1 1 
D42 r13 T8

Map8
1 1 1 1 1 S 1 1 
1 1 # 0 0 0 # 1 
G 0 1 H 0 0 0 1 
1 # # 0 0 1 0 1 
1 # 1 0 0 0 # 1 
1 1 0 H 0 0 0 1 
1 1 0 0 # 0 # 1 
1 1 1 1 1 1 1 1 
R42 p56 T8

Map8
1 1 1 1 1 1 1 1 
1 1 0 0 F 0 0 1 
1 0 0 0 F 0 0 1 
S 0 F 0 H 0 0 1 
1 0 1 0 0 0 0 G 
1 0 0 0 1 0 F 1 
1 0 0 0 0 0 0 1 
1 1 1 1 1 1 1 1 
U33 U14 T9

Map8
1 1 1 1 G 1 1 1 
1 0 0 # # 0 0 1 
1 1 0 0 H 0 0 1 
1 0 1 0 0 F 0 1 
1 0 F 1 # H F 1 
1 H 0 0 0 0 0 1 
1 1 1 F H F 0 1 
1 1 1 S 1 1 1 1 
D51 l63 T8

Map8
1 1 1 1 1 1 1 1 
1 0 0 0 0 # # 1 
S # # F 1 F 0 1 
1 0 1 # 0 0 1 1 
1 # 0 1 0 0 0 1 
1 F 0 0 0 1 0 1 
1 0 0 # 0 0 0 1 
1 1 G 1 1 1 1 1 
U13 P41 T11

Map8
1 1 1 1 1 1 S 1 
1 0 0 1 0 F 0 1 
1 0 0 0 0 0 0 1 
1 0 0 0 0 0 0 1 
1 0 0 0 0 0 F 1 
G 0 F 0 H F 0 1 
1 0 0 0 0 0 1 1 
1 1 1 1 1 1 1 1 
U14 P63 T8

Map8
1 1 1 G 1 1 1 1 
1 0 0 0 1 0 0 1 
1 0 0 F 0 0 0 1 
1 0 0 0 0 0 0 1 
1 1 # 0 F 0 H 1 
1 0 0 1 0 0 0 1 
1 H 0 H 0 0 0 1 
1 1 1 1 1 1 S 1 
P46 L65 T8

Map8
1 1 1 1 1 1 S 1 
G 0 0 0 1 1 # 1 
1 F 0 0 0 0 0 1 
1 0 0 1 0 0 0 1 
1 0 1 0 F 0 0 1 
1 1 # 0 1 0 F 1 
1 0 1 # 0 0 0 1 
1 1 1 1 1 1 1 1 
U13 l62 T9
