Map8
1 1 1 1 1 1 1 1 
1 1 1 1 1 1 1 1 
1 1 0 0 1 0 1 1 
1 1 0 1 0 0 1 1 
1 1 0 0 0 0 1 1 
1 1 0 0 0 F 1 1 
1 1 S G 1 1 1 1 
1 1 1 1 1 1 1 1 
p34 p25 T7

Map8
1 1 1 1 1 1 1 1 
1 1 1 1 1 1 1 1 
1 1 1 F 1 0 1 1 
1 1 F 0 F 0 S 1 
1 G 0 0 1 F 1 1 
1 1 0 0 0 0 1 1 
1 1 1 1 1 1 1 1 
1 1 1 1 1 1 1 1 
p45 R33 T6

Map8
1 1 1 1 1 1 1 1 
1 1 1 1 1 1 1 1 
1 1 F 1 # H 1 1 
1 G 0 0 0 0 1 1 
1 1 0 0 0 0 1 1 
1 1 1 0 0 F 1 1 
1 1 1 1 1 S 1 1 
1 1 1 1 1 1 1 1 
L53 U45 T2

Map8
1 1 1 1 1 1 1 1 
1 1 S 1 1 1 1 1 
1 1 0 0 1 H 1 1 
1 1 0 0 1 0 1 1 
1 1 0 F 0 0 1 1 
1 1 H 0 0 0 1 1 
1 1 1 1 G 1 1 1 
1 1 1 1 1 1 1 1 
R24 P54 T4

Map8
1 1 1 1 1 1 1 1 
1 1 1 1 1 1 1 1 
1 1 0 0 0 1 1 1 
1 G 0 H F H 1 1 
1 1 0 0 F 0 1 1 
1 1 0 F 0 0 1 1 
1 1 1 S 1 1 1 1 
1 1 1 1 1 1 1 1 
U45 R24 T4

Map8
1 1 1 1 1 1 1 1 
1 1 1 S 1 1 1 1 
1 1 0 0 0 0 1 1 
1 1 F 0 0 0 1 1 
1 1 1 0 0 0 G 1 
1 1 1 F 1 # 1 1 
1 1 1 1 1 1 1 1 
1 1 1 1 1 1 1 1 
D42 R34 T2

Map8
1 1 1 1 1 1 1 1 
1 1 G 1 1 1 1 1 
1 1 0 0 0 1 1 1 
1 1 0 0 0 H 1 1 
1 1 0 F 0 0 1 1 
1 1 H 0 # 0 1 1 
1 1 1 1 1 S 1 1 
1 1 1 1 1 1 1 1 
L54 P35 T4

Map8
1 1 1 1 1 1 1 1 
1 1 S 1 1 1 1 1 
1 1 0 F 0 1 1 1 
1 1 F H 0 0 1 1 
1 1 0 0 0 F 1 1 
1 1 0 F 0 0 1 1 
1 1 1 G 1 1 1 1 
1 1 1 1 1 1 1 1 
p43 U24 T6

Map8
1 1 1 1 1 1 1 1 
1 1 1 1 1 1 1 1 
1 1 0 1 0 1 1 1 
1 1 F 0 0 F 1 1 
1 1 0 F # 0 G 1 
1 1 0 0 0 0 1 1 
1 1 S 1 1 1 1 1 
1 1 1 1 1 1 1 1 
R24 P45 T3

Map8
1 1 1 1 1 1 1 1 
1 1 1 G 1 1 1 1 
1 1 0 0 0 1 1 1 
1 1 H 0 0 0 1 1 
1 1 0 0 0 0 1 1 
1 1 F 0 0 0 S 1 
1 1 1 1 1 1 1 1 
1 1 1 1 1 1 1 1 
U35 L54 T2

Map8
1 1 1 1 1 1 1 1 
1 1 1 1 1 1 1 1 
1 1 0 1 0 0 1 1 
1 1 H 0 0 0 1 1 
1 1 0 0 0 0 G 1 
1 1 0 0 0 0 1 1 
1 1 S 1 1 1 1 1 
1 1 1 1 1 1 1 1 
R24 P45 T3

Map8
1 1 1 1 1 1 1 1 
1 1 1 1 1 1 1 1 
1 1 0 0 0 0 1 1 
1 1 0 0 0 0 1 1 
1 1 H 0 1 0 G 1 
1 1 0 0 0 0 S 1 
1 1 1 1 1 1 1 1 
1 1 1 1 1 1 1 1 
p25 l55 T6

Map8
1 1 1 1 1 1 1 1 
1 1 1 1 1 1 1 1 
1 1 F 0 0 0 S 1 
1 G F 0 F 1 1 1 
1 1 0 0 0 0 1 1 
1 1 H 0 0 0 1 1 
1 1 1 1 1 1 1 1 
1 1 1 1 1 1 1 1 
P32 U35 T6

Map8
1 1 1 1 1 1 1 1 
1 1 1 1 1 1 1 1 
1 1 0 1 0 0 1 1 
1 1 F 0 1 F 1 1 
1 G 0 F F 0 1 1 
1 1 0 0 0 0 S 1 
1 1 1 1 1 1 1 1 
1 1 1 1 1 1 1 1 
D22 P25 T4

Map8
1 1 1 1 1 1 1 1 
1 1 S 1 1 1 1 1 
1 1 0 0 1 1 1 1 
1 1 0 0 0 0 1 1 
1 1 H 0 # 0 G 1 
1 1 F H 0 0 1 1 
1 1 1 1 1 1 1 1 
1 1 1 1 1 1 1 1 
R23 P55 T5

Map8
1 1 1 1 1 1 1 1 
1 1 S 1 1 1 1 1 
1 1 F 0 1 0 1 1 
1 G # 0 0 0 1 1 
1 1 0 0 F 0 1 1 
1 1 0 0 0 F 1 1 
1 1 1 1 1 1 1 1 
1 1 1 1 1 1 1 1 
r24 U45 T4

Map8
1 1 1 1 1 1 1 1 
1 1 1 1 1 1 1 1 
1 1 0 H 0 # 1 1 
1 G 0 0 0 0 1 1 
1 1 F 0 0 0 1 1 
1 1 1 F H 0 1 1 
1 1 1 1 1 S 1 1 
1 1 1 1 1 1 1 1 
L53 P34 T3

Map8
1 1 1 1 1 1 1 1 
1 1 1 1 G 1 1 1 
1 1 F 0 0 0 1 1 
1 1 0 0 0 1 1 1 
1 S 0 0 0 F 1 1 
1 1 0 1 F 1 1 1 
1 1 1 1 1 1 1 1 
1 1 1 1 1 1 1 1 
R23 U44 T2

Map8
1 1 1 1 1 1 1 1 
1 1 1 1 1 1 1 1 
1 1 0 0 0 F S 1 
1 1 0 0 0 0 1 1 
1 1 H 1 0 0 G 1 
1 1 0 # 0 0 1 1 
1 1 1 1 1 1 1 1 
1 1 1 1 1 1 1 1 
P45 d42 T5

Map8
1 1 1 1 1 1 1 1 
1 1 1 S 1 1 1 1 
1 1 0 F 0 1 1 1 
1 1 F 0 0 H 1 1 
1 G 0 0 F 0 1 1 
1 1 0 H 0 1 1 1 
1 1 1 1 1 1 1 1 
1 1 1 1 1 1 1 1 
L34 D22 T2

Map8
1 1 1 1 1 1 1 1 
1 1 1 1 1 1 1 1 
1 1 0 F 0 0 1 1 
1 1 1 0 0 F G 1 
1 1 F 0 0 0 1 1 
1 1 F 0 0 0 1 1 
1 1 1 S 1 1 1 1 
1 1 1 1 1 1 1 1 
R33 U45 T2

Map8
1 1 1 1 1 1 1 1 
1 1 1 1 1 1 1 1 
1 S 0 0 0 H 1 1 
1 1 0 0 F # 1 1 
1 1 0 H F 0 1 1 
1 1 1 0 0 1 1 1 
1 1 1 G 1 1 1 1 
1 1 1 1 1 1 1 1 
R23 D42 T4

Map8
1 1 1 1 1 1 1 1 
1 1 1 1 1 S 1 1 
1 1 H 0 1 0 1 1 
1 1 F F # 0 1 1 
1 1 H 0 0 0 1 1 
1 1 0 1 0 F 1 1 
1 1 1 1 G 1 1 1 
1 1 1 1 1 1 1 1 
P54 D32 T4

Map8
1 1 1 1 1 1 1 1 
1 1 1 1 1 1 1 1 
1 G 0 0 1 0 1 1 
1 1 0 # 0 0 1 1 
1 S F 1 F 1 1 1 
1 1 0 0 0 0 1 1 
1 1 1 1 1 1 1 1 
1 1 1 1 1 1 1 1 
D23 P55 T6

Map8
1 1 1 1 1 1 1 1 
1 1 1 1 1 1 1 1 
1 1 H 0 0 1 1 1 
1 S 0 F 0 H 1 1 
1 1 0 0 0 0 G 1 
1 1 0 0 0 0 1 1 
1 1 1 1 1 1 1 1 
1 1 1 1 1 1 1 1 
L43 p35 T6

Map8
1 1 1 1 1 1 1 1 
1 1 1 1 1 G 1 1 
1 1 0 1 0 0 1 1 
1 1 F H 0 0 1 1 
1 1 0 F 0 0 1 1 
1 1 # 0 0 F 1 1 
1 1 S 1 1 1 1 1 
1 1 1 1 1 1 1 1 
P45 R24 T4

Map8
1 1 1 1 1 1 1 1 
1 1 1 G 1 1 1 1 
1 1 0 0 0 1 1 1 
1 1 0 0 0 F 1 1 
1 1 0 F H 0 1 1 
1 S 0 0 # H 1 1 
1 1 1 1 1 1 1 1 
1 1 1 1 1 1 1 1 
P23 U35 T3

Map8
1 1 1 1 1 1 1 1 
1 1 1 G 1 1 1 1 
1 1 F 0 0 0 1 1 
1 1 0 0 F 0 1 1 
1 S 0 1 0 0 1 1 
1 1 0 F 0 1 1 1 
1 1 1 1 1 1 1 1 
1 1 1 1 1 1 1 1 
L53 D23 T4

Map8
1 1 1 1 1 1 1 1 
1 1 1 1 1 G 1 1 
1 1 F 0 0 0 1 1 
1 1 0 # 0 0 1 1 
1 1 0 0 0 F 1 1 
1 S 0 0 F 1 1 1 
1 1 1 1 1 1 1 1 
1 1 1 1 1 1 1 1 
U35 P23 T5

Map8
1 1 1 1 1 1 1 1 
1 1 1 1 1 1 1 1 
1 1 0 H H 1 1 1 
1 1 F F 0 0 1 1 
1 G 0 0 1 # 1 1 
1 1 0 0 0 0 S 1 
1 1 1 1 1 1 1 1 
1 1 1 1 1 1 1 1 
D22 R25 T4

Map8
1 1 1 1 1 1 1 1 
1 1 1 1 1 1 1 1 
1 1 F 0 F 0 S 1 
1 1 0 0 F 0 G 1 
1 1 0 F 0 0 1 1 
1 1 0 0 1 1 1 1 
1 1 1 1 1 1 1 1 
1 1 1 1 1 1 1 1 
U35 R32 T4

Map8
1 1 1 1 1 1 1 1 
1 1 1 1 1 1 1 1 
1 1 0 0 H 0 1 1 
1 1 0 0 0 1 1 1 
1 1 0 1 0 0 1 1 
1 1 0 0 0 1 1 1 
1 1 S G 1 1 1 1 
1 1 1 1 1 1 1 1 
p22 u25 T6

Map8
1 1 1 1 1 1 1 1 
1 1 1 1 S 1 1 1 
1 1 1 0 F 0 1 1 
1 1 F 0 0 0 1 1 
1 G 0 0 H F 1 1 
1 1 0 0 0 0 1 1 
1 1 1 1 1 1 1 1 
1 1 1 1 1 1 1 1 
R33 P25 T5

Map8
1 1 1 1 1 1 1 1 
1 1 1 1 1 1 1 1 
1 1 0 0 H 0 1 1 
1 1 1 0 0 0 1 1 
1 1 0 0 H 0 1 1 
1 1 1 0 0 0 1 1 
1 1 1 1 G S 1 1 
1 1 1 1 1 1 1 1 
u55 p52 T6

Map8
1 1 1 1 1 1 1 1 
1 1 1 S 1 1 1 1 
1 1 0 # 0 0 1 1 
1 1 1 H 0 0 1 1 
1 1 0 0 0 0 G 1 
1 1 0 0 1 0 1 1 
1 1 1 1 1 1 1 1 
1 1 1 1 1 1 1 1 
p52 R22 T4

Map8
1 1 1 1 1 1 1 1 
1 1 1 1 1 S 1 1 
1 1 0 0 0 0 1 1 
1 1 0 1 H 0 1 1 
1 1 0 0 0 0 1 1 
1 1 H 0 0 0 1 1 
1 1 1 1 G 1 1 1 
1 1 1 1 1 1 1 1 
d44 p53 T6

Map8
1 1 1 1 1 1 1 1 
1 1 G 1 1 S 1 1 
1 1 # F H 0 1 1 
1 1 F 0 0 0 1 1 
1 1 0 0 0 0 1 1 
1 1 0 0 1 F 1 1 
1 1 1 1 1 1 1 1 
1 1 1 1 1 1 1 1 
P33 L54 T4

Map8
1 1 1 1 1 1 1 1 
1 1 1 1 1 1 1 1 
1 1 0 F 1 0 1 1 
1 1 1 1 0 # 1 1 
1 G 0 0 0 0 1 1 
1 1 F 0 0 0 1 1 
1 1 1 1 1 S 1 1 
1 1 1 1 1 1 1 1 
L54 P35 T3

Map8
1 1 1 1 1 1 1 1 
1 1 1 1 1 1 1 1 
1 1 F 0 0 F S 1 
1 1 1 0 0 0 1 1 
1 1 0 0 0 0 1 1 
1 G 0 0 F 1 1 1 
1 1 1 1 1 1 1 1 
1 1 1 1 1 1 1 1 
P44 D32 T4

Map8
1 1 1 1 1 1 1 1 
1 1 1 1 1 1 1 1 
1 1 H 0 0 0 S 1 
1 1 1 0 0 0 1 1 
1 1 0 0 F 0 1 1 
1 1 0 0 0 0 1 1 
1 1 1 G 1 1 1 1 
1 1 1 1 1 1 1 1 
L53 D32 T2

Map8
1 1 1 1 1 1 1 1 
1 1 1 1 1 1 1 1 
1 1 H 0 0 0 1 1 
1 1 1 # 0 F 1 1 
1 G F 0 0 0 1 1 
1 1 F 0 H 0 1 1 
1 1 1 1 1 S 1 1 
1 1 1 1 1 1 1 1 
P32 L44 T5

Map8
1 1 1 1 1 1 1 1 
1 1 1 1 1 1 1 1 
1 1 0 0 1 0 1 1 
1 1 0 F 0 0 1 1 
1 1 0 0 0 0 1 1 
1 S 0 0 F 0 1 1 
1 1 1 1 G 1 1 1 
1 1 1 1 1 1 1 1 
P54 P35 T6

Map8
1 1 1 1 1 1 1 1 
1 1 1 G 1 1 1 1 
1 1 0 0 1 0 1 1 
1 1 F H 0 F 1 1 
1 1 0 0 0 0 1 1 
1 1 H 0 0 0 1 1 
1 1 1 1 1 S 1 1 
1 1 1 1 1 1 1 1 
P35 L54 T6

Map8
1 1 1 1 1 1 1 1 
1 1 S 1 1 1 1 1 
1 1 0 # 0 0 1 1 
1 1 0 H 0 0 1 1 
1 1 0 0 F 0 1 1 
1 1 1 0 H 0 1 1 
1 1 1 G 1 1 1 1 
1 1 1 1 1 1 1 1 
U24 P55 T5

Map8
1 1 1 1 1 1 1 1 
1 1 1 1 1 1 1 1 
1 1 1 H 0 0 S 1 
1 1 0 # 0 0 1 1 
1 G 0 0 F 0 1 1 
1 1 F H 0 F 1 1 
1 1 1 1 1 1 1 1 
1 1 1 1 1 1 1 1 
L54 D42 T3

Map8
1 1 1 1 1 1 1 1 
1 1 1 1 G 1 1 1 
1 1 0 0 0 F 1 1 
1 1 0 1 0 0 1 1 
1 1 1 0 0 0 1 1 
1 1 0 H 0 0 S 1 
1 1 1 1 1 1 1 1 
1 1 1 1 1 1 1 1 
U45 P53 T3

Map8
1 1 1 1 1 1 1 1 
1 1 1 1 1 1 1 1 
1 1 0 1 0 1 1 1 
1 1 0 0 F 0 1 1 
1 1 0 F 1 0 1 1 
1 1 0 0 0 # 1 1 
1 1 S G 1 1 1 1 
1 1 1 1 1 1 1 1 
u25 p22 T6

Map8
1 1 1 1 1 1 1 1 
1 1 1 1 1 1 1 1 
1 S 0 0 0 H 1 1 
1 1 0 1 0 0 G 1 
1 1 0 0 0 0 1 1 
1 1 1 F 0 F 1 1 
1 1 1 1 1 1 1 1 
1 1 1 1 1 1 1 1 
P42 p34 T7

Map8
1 1 1 1 1 1 1 1 
1 1 1 1 1 G 1 1 
1 1 0 H 0 0 1 1 
1 1 0 0 0 0 1 1 
1 1 F 0 1 F S 1 
1 1 1 0 F 0 1 1 
1 1 1 1 1 1 1 1 
1 1 1 1 1 1 1 1 
D53 R23 T6

Map8
1 1 1 1 1 1 1 1 
1 1 1 1 1 1 1 1 
1 1 0 F 1 H 1 1 
1 1 F 0 0 0 G 1 
1 1 1 0 0 H 1 1 
1 S 0 0 0 F 1 1 
1 1 1 1 1 1 1 1 
1 1 1 1 1 1 1 1 
R33 U45 T3

Map8
1 1 1 1 1 1 1 1 
1 1 1 1 1 1 1 1 
1 1 0 F 0 1 1 1 
1 1 0 0 0 H 1 1 
1 G 0 0 # 0 1 1 
1 1 H 0 0 0 1 1 
1 1 1 1 1 S 1 1 
1 1 1 1 1 1 1 1 
L54 P35 T3

Map8
1 1 1 1 1 1 1 1 
1 1 1 1 1 1 1 1 
1 1 1 0 0 1 1 1 
1 1 F 0 0 0 1 1 
1 1 0 F F 0 G 1 
1 1 0 0 0 0 1 1 
1 1 S 1 1 1 1 1 
1 1 1 1 1 1 1 1 
P45 R24 T3

Map8
1 1 1 1 1 1 1 1 
1 1 1 1 1 1 1 1 
1 1 H 0 F 0 1 1 
1 1 0 0 F 0 G 1 
1 1 0 0 F 1 1 1 
1 1 0 0 H 0 1 1 
1 1 S 1 1 1 1 1 
1 1 1 1 1 1 1 1 
R23 U35 T2

Map8
1 1 1 1 1 1 1 1 
1 1 1 1 1 1 1 1 
1 1 0 0 0 F 1 1 
1 1 F F 0 0 G 1 
1 1 0 F 0 0 1 1 
1 1 0 0 1 0 1 1 
1 1 S 1 1 1 1 1 
1 1 1 1 1 1 1 1 
R43 R24 T4

Map8
1 1 1 1 1 1 1 1 
1 1 1 1 1 1 1 1 
1 1 0 1 # 0 1 1 
1 G F 0 F F 1 1 
1 1 0 0 0 0 1 1 
1 S 0 F 0 0 1 1 
1 1 1 1 1 1 1 1 
1 1 1 1 1 1 1 1 
P24 P55 T7

Map8
1 1 1 1 1 1 1 1 
1 1 S 1 1 1 1 1 
1 1 0 0 F F 1 1 
1 1 0 F H 0 1 1 
1 1 0 0 0 0 1 1 
1 1 F 1 0 # 1 1 
1 1 1 1 G 1 1 1 
1 1 1 1 1 1 1 1 
D32 R24 T5

Map8
1 1 1 1 1 1 1 1 
1 1 1 1 1 S 1 1 
1 1 1 H 1 0 1 1 
1 1 0 0 0 0 1 1 
1 G 0 0 0 0 1 1 
1 1 0 0 1 # 1 1 
1 1 1 1 1 1 1 1 
1 1 1 1 1 1 1 1 
P33 L54 T3

Map8
1 1 1 1 1 1 1 1 
1 1 1 1 1 1 1 1 
1 1 1 0 F 1 1 1 
1 1 0 0 F 0 1 1 
1 1 0 0 F 0 G 1 
1 1 F 0 0 0 1 1 
1 1 1 1 S 1 1 1 
1 1 1 1 1 1 1 1 
D32 L53 T4

Map8
1 1 1 1 1 1 1 1 
1 1 1 1 1 1 1 1 
1 1 0 0 0 0 S 1 
1 G # 1 0 H 1 1 
1 1 F 0 0 F 1 1 
1 1 0 0 0 0 1 1 
1 1 1 1 1 1 1 1 
1 1 1 1 1 1 1 1 
p52 P22 T6

Map8
1 1 1 1 1 1 1 1 
1 1 1 1 1 1 1 1 
1 1 F 0 F 0 S 1 
1 G 0 0 1 0 1 1 
1 1 0 0 0 0 1 1 
1 1 F 0 # 0 1 1 
1 1 1 1 1 1 1 1 
1 1 1 1 1 1 1 1 
R32 U35 T6

Map8
1 1 1 1 1 1 1 1 
1 1 1 1 1 1 1 1 
1 1 0 0 0 0 1 1 
1 1 0 1 # 0 G 1 
1 S 0 F 0 F 1 1 
1 1 F 0 1 F 1 1 
1 1 1 1 1 1 1 1 
1 1 1 1 1 1 1 1 
p32 L44 T6

Map8
1 1 1 1 1 1 1 1 
1 1 1 1 1 1 1 1 
1 1 # 0 0 0 0 1 
1 1 0 0 0 H # 1 
1 1 # 0 # 0 0 1 
1 G F F 0 F # 1 
1 1 0 0 0 H F 1 
1 1 1 1 S 1 1 1 
P26 L45 T3

Map8
1 1 1 1 1 1 1 1 
1 1 1 1 1 1 1 1 
1 0 0 F 0 F 1 1 
G F 0 0 # 1 1 1 
1 0 0 0 0 0 1 1 
1 H H 0 0 0 S 1 
1 0 0 0 0 0 1 1 
1 1 1 1 1 1 1 1 
p42 U46 T3

Map8
1 1 1 1 1 1 1 1 
1 1 0 F 0 0 0 1 
1 S F 0 # F 1 1 
1 1 0 F 0 0 0 1 
1 1 0 0 0 # 0 1 
1 1 0 0 0 F F 1 
1 1 1 1 1 1 G 1 
1 1 1 1 1 1 1 1 
U23 P51 T7

Map8
1 1 1 1 S 1 G 1 
1 1 0 # 0 0 0 1 
1 1 # H H 0 0 1 
1 1 0 F # 0 1 1 
1 1 0 # 0 0 0 1 
1 1 1 0 0 1 0 1 
1 1 1 1 1 1 1 1 
1 1 1 1 1 1 1 1 
L51 P24 T6

Map8
1 1 1 G 1 1 1 1 
1 1 0 0 0 0 H 1 
1 1 0 F F 0 F S 
1 1 # 1 0 0 0 1 
1 1 0 F # F 0 1 
1 1 F 0 # 1 0 1 
1 1 1 1 1 1 1 1 
1 1 1 1 1 1 1 1 
p43 D41 T6

Map8
1 1 1 1 1 1 1 1 
1 1 G 1 1 1 1 1 
1 # 0 0 0 0 1 1 
1 0 0 0 1 0 1 1 
1 0 0 0 F 0 1 1 
1 H 0 0 # 0 S 1 
1 1 F 0 0 0 1 1 
1 1 1 1 1 1 1 1 
P33 U25 T3

Map8
1 1 1 1 1 S 1 1 
1 0 F # 0 F 1 1 
1 1 1 0 0 0 1 1 
1 1 0 0 1 0 1 1 
1 # 0 # 0 0 1 1 
1 F # 0 0 0 1 1 
1 1 1 1 G 1 1 1 
1 1 1 1 1 1 1 1 
p53 d44 T6

Map8
1 1 1 1 1 1 1 1 
1 G 1 1 1 1 1 1 
1 F 0 0 0 F 1 1 
1 0 0 F 0 0 1 1 
1 F H 0 0 0 1 1 
1 F 1 H 1 0 1 1 
1 1 0 0 0 0 1 1 
1 1 S 1 1 1 1 1 
L53 P34 T6

Map8
1 1 G 1 1 1 1 1 
S 0 0 F 0 0 1 1 
1 0 0 0 0 0 1 1 
1 0 F 0 F 0 1 1 
1 F 0 0 0 0 1 1 
1 F 0 1 0 0 1 1 
1 1 1 1 1 1 1 1 
1 1 1 1 1 1 1 1 
p12 l52 T6

Map8
1 1 1 1 1 1 1 1 
1 1 G 1 1 1 1 1 
1 0 0 0 F # 1 1 
1 # F 0 0 # 1 1 
1 H 0 # # 0 S 1 
1 0 H F 0 0 1 1 
1 F 0 0 F H 1 1 
1 1 1 1 1 1 1 1 
U24 L43 T2

Map8
1 1 S 1 1 1 1 1 
1 1 F # H H 0 G 
1 1 0 0 F 0 0 1 
1 1 # 0 # H 0 1 
1 1 0 0 0 0 1 1 
1 1 # 0 0 0 0 1 
1 1 1 1 1 1 1 1 
1 1 1 1 1 1 1 1 
r22 U34 T5

Map8
1 1 1 1 1 1 1 1 
1 1 # 0 0 0 0 1 
1 G 0 0 0 0 0 1 
1 1 0 F 0 F F 1 
1 1 0 # 0 # 0 1 
1 1 F 0 0 0 # 1 
1 1 1 1 1 S 1 1 
1 1 1 1 1 1 1 1 
p41 p55 T7

Map8
1 1 1 1 1 S 1 1 
1 1 H 0 F 0 0 1 
1 1 F 0 0 F 0 1 
1 1 0 0 F F 0 1 
1 1 0 0 0 0 0 1 
1 1 0 F 0 0 0 1 
1 1 1 G 1 1 1 1 
1 1 1 1 1 1 1 1 
p24 L64 T3

Map8
1 1 1 1 1 1 1 1 
1 1 1 1 G 1 1 1 
1 # F 0 0 0 1 1 
1 0 0 0 F 0 1 1 
1 0 0 0 0 F 1 1 
1 0 0 0 0 F 1 1 
S 0 F 0 0 F 1 1 
1 1 1 1 1 1 1 1 
R25 U46 T2

Map8
1 1 1 1 1 1 1 1 
1 1 1 1 1 1 1 1 
1 0 F 0 0 0 1 1 
G F 0 1 0 F 1 1 
1 0 0 F F # 1 1 
1 1 0 0 F # 1 1 
1 # 0 0 H # 1 1 
1 S 1 1 1 1 1 1 
P36 L23 T5

Map8
1 1 1 1 1 1 1 1 
1 1 1 1 1 1 1 1 
1 0 0 H 0 0 1 1 
1 0 1 0 0 0 G 1 
1 0 0 0 0 # 1 1 
1 1 # 0 0 0 1 1 
1 1 0 # H 0 1 1 
1 1 1 S 1 1 1 1 
U45 R33 T2

Map8
1 1 1 1 1 1 1 1 
1 1 1 F 0 F 0 1 
1 1 0 0 0 1 0 1 
1 1 # F 0 0 H 1 
1 1 # F H 0 0 S 
1 1 1 # 0 0 0 1 
1 1 1 1 G 1 1 1 
1 1 1 1 1 1 1 1 
D32 U55 T4

Map8
1 1 1 1 1 1 1 1 
1 1 1 1 1 1 1 1 
1 1 0 1 1 0 0 1 
1 1 0 F F 0 H 1 
1 1 0 F H 0 0 1 
1 1 0 1 0 # 0 S 
1 1 0 1 F 0 F 1 
1 1 G 1 1 1 1 1 
U56 p52 T4

Map8
1 1 1 1 1 1 1 1 
1 1 1 S 1 1 1 1 
1 1 1 0 F F 0 1 
1 1 0 0 0 F F 1 
1 G 0 1 0 0 # 1 
1 1 # 0 0 0 0 1 
1 1 0 0 F 0 1 1 
1 1 1 1 1 1 1 1 
R23 D62 T4

Map8
1 1 1 1 G 1 1 1 
1 F F F # 0 1 1 
1 1 0 0 0 0 1 1 
1 0 0 0 F 0 S 1 
1 F F 0 # 0 1 1 
1 0 1 # 0 # 1 1 
1 1 1 1 1 1 1 1 
1 1 1 1 1 1 1 1 
R22 D52 T4

Map8
1 1 1 1 1 1 1 1 
1 1 0 # 0 0 0 1 
1 1 1 F 1 0 # 1 
1 1 0 0 0 0 0 1 
1 1 0 # H 0 # S 
1 G 0 1 F 0 0 1 
1 1 1 1 1 1 1 1 
1 1 1 1 1 1 1 1 
l63 U65 T6

Map8
1 1 1 1 1 1 1 1 
1 1 1 1 1 1 1 1 
S F 0 0 0 H 1 1 
1 # 0 0 0 F 1 1 
1 0 0 0 # F 1 1 
1 0 0 # F 0 1 1 
1 0 # 0 F # 1 1 
1 1 1 1 G 1 1 1 
D42 R23 T2

Map8
1 1 1 1 1 1 1 1 
1 # 0 0 F 0 S 1 
1 H 0 0 H 0 1 1 
1 0 # 0 0 0 1 1 
1 0 0 # F 0 1 1 
1 0 0 F F 0 1 1 
1 1 G 1 1 1 1 1 
1 1 1 1 1 1 1 1 
D21 P33 T3

Map8
1 1 1 1 1 1 1 1 
1 1 1 1 1 S 1 1 
1 1 0 0 0 F F 1 
1 G 0 0 0 0 0 1 
1 1 H 0 0 # 0 1 
1 1 H F 0 0 1 1 
1 1 F F 0 0 # 1 
1 1 1 1 1 1 1 1 
U45 l53 T3

Map8
1 1 1 1 1 1 1 1 
1 1 1 1 1 1 1 1 
1 1 1 H 0 0 H 1 
1 G 0 0 # 0 0 1 
1 1 0 # H 0 # 1 
1 1 0 0 0 0 F 1 
1 1 0 F 0 0 0 1 
1 1 1 1 1 1 S 1 
U55 L63 T2

Map8
1 1 1 1 1 G 1 1 
1 0 F H 0 0 1 1 
1 0 0 0 F 0 1 1 
1 0 0 0 0 F 1 1 
S 0 H 0 0 0 1 1 
1 0 0 0 1 0 1 1 
1 1 1 1 1 1 1 1 
1 1 1 1 1 1 1 1 
U15 p11 T4

Map8
1 1 1 1 1 1 1 1 
1 1 0 0 0 # H 1 
1 1 F 0 F F 1 1 
1 1 0 0 0 0 0 G 
1 1 0 # 0 1 1 1 
1 S 0 0 F 0 H 1 
1 1 1 1 1 1 1 1 
1 1 1 1 1 1 1 1 
R23 U35 T3

Map8
1 1 1 1 1 S 1 1 
1 1 0 # # F 0 1 
1 1 H 0 0 0 # 1 
1 G F 0 0 0 F 1 
1 1 F H F # # 1 
1 1 F H 0 0 1 1 
1 1 1 1 1 1 1 1 
1 1 1 1 1 1 1 1 
L53 P32 T3

Map8
1 1 1 1 1 1 1 1 
1 1 1 1 G 1 1 1 
1 1 0 0 0 0 1 1 
1 1 H F # # F 1 
1 1 0 F 0 0 F 1 
1 1 F 0 0 0 0 1 
1 S 0 0 0 F 0 1 
1 1 1 1 1 1 1 1 
L65 U46 T4

Map8
1 1 1 1 1 1 1 1 
1 1 1 1 1 1 1 1 
1 1 0 0 0 0 0 1 
1 1 1 0 0 H # S 
1 1 0 0 0 # 0 1 
1 1 0 # 0 0 0 1 
1 1 0 1 # 0 0 1 
1 1 1 1 1 G 1 1 
p42 U64 T8

Map8
1 1 1 1 1 1 1 1 
1 0 1 F F H 1 1 
1 0 # 0 # # S 1 
1 0 0 0 0 H 1 1 
1 0 0 0 0 H 1 1 
1 F F # # 0 1 1 
1 1 1 G 1 1 1 1 
1 1 1 1 1 1 1 1 
R13 d32 T3

Map8
1 1 1 1 1 1 1 1 
1 1 1 1 1 1 1 1 
1 1 0 0 0 0 0 1 
1 G F 0 0 0 0 1 
1 1 0 1 0 1 # 1 
1 1 0 0 0 F F 1 
1 1 0 0 0 0 1 1 
1 1 1 S 1 1 1 1 
U46 p42 T4

Map8
1 1 G 1 1 1 1 1 
1 H 0 0 # 0 S 1 
1 1 0 # 0 0 1 1 
1 0 1 0 # F 1 1 
1 0 0 # # 1 1 1 
1 0 0 1 0 0 1 1 
1 1 1 1 1 1 1 1 
1 1 1 1 1 1 1 1 
p42 P31 T7

Map8
1 1 1 1 1 1 1 1 
1 1 1 1 S 1 1 1 
1 1 0 F 0 0 0 1 
1 1 0 0 0 0 # 1 
1 1 F F 0 0 0 1 
1 1 F H H 0 0 G 
1 1 0 1 H # # 1 
1 1 1 1 1 1 1 1 
P43 P64 T8

Map8
1 1 1 1 1 1 1 1 
1 # 0 0 0 0 1 1 
1 0 H 1 # 0 1 1 
1 0 0 0 0 0 1 1 
1 F 0 0 F F 1 1 
S F 0 0 F 0 1 1 
1 1 G 1 1 1 1 1 
1 1 1 1 1 1 1 1 
l53 p13 T7

Map8
1 1 1 1 1 1 1 1 
1 1 1 1 1 1 1 1 
1 F 1 F F 0 1 1 
1 0 0 H F 1 1 1 
1 # 0 0 # 0 1 1 
1 H 0 # 0 F G 1 
1 0 1 0 # F 1 1 
1 1 1 1 S 1 1 1 
R34 P54 T5

Map8
1 1 1 1 1 1 1 1 
1 1 1 1 G 1 1 1 
1 0 0 0 0 0 1 1 
1 H 0 0 H 0 S 1 
1 0 1 0 0 0 1 1 
1 0 0 0 0 0 1 1 
1 0 0 0 H 0 1 1 
1 1 1 1 1 1 1 1 
P55 D52 T5

Map8
1 1 1 1 1 1 1 1 
1 1 1 1 1 1 1 1 
1 1 0 0 F 0 0 1 
1 1 0 0 0 H 0 1 
1 S F 0 0 H 0 1 
1 1 1 0 0 0 0 1 
1 1 0 0 F 0 0 1 
1 1 1 1 G 1 1 1 
p64 U35 T6

Map8
1 1 1 1 1 1 1 1 
1 H # 0 F 0 1 1 
1 0 H F 0 0 G 1 
1 F 0 0 0 0 1 1 
1 F F 0 H 0 S 1 
1 0 0 0 0 0 1 1 
1 1 1 1 1 1 1 1 
1 1 1 1 1 1 1 1 
p45 D53 T7

Map8
1 1 1 1 1 1 1 1 
1 0 0 0 # # 1 1 
1 0 0 H 0 0 S 1 
1 1 0 0 0 1 1 1 
1 F 1 0 F 0 1 1 
1 F F 0 0 0 1 1 
1 1 1 1 1 G 1 1 
1 1 1 1 1 1 1 1 
p31 D42 T8

Map8
1 1 1 1 1 1 1 1 
1 1 G 1 1 1 1 1 
1 # 0 0 0 0 1 1 
1 # 0 0 F 0 S 1 
1 # # 0 0 1 1 1 
1 0 1 0 0 F 1 1 
1 0 0 F 0 0 1 1 
1 1 1 1 1 1 1 1 
L44 D32 T4

Map8
1 1 1 1 1 1 1 1 
1 1 1 1 1 1 1 1 
1 1 F 0 0 0 1 1 
G 0 0 0 1 F 1 1 
1 0 1 0 0 H 1 1 
1 H 0 0 0 # S 1 
1 F H 0 F 1 1 1 
1 1 1 1 1 1 1 1 
U36 p32 T3

Map8
1 1 1 1 G 1 1 1 
1 0 0 1 0 0 1 1 
1 0 0 0 0 0 1 1 
1 0 F F 0 0 1 1 
1 0 H 0 F 0 1 1 
1 0 0 0 0 0 1 1 
1 1 S 1 1 1 1 1 
1 1 1 1 1 1 1 1 
L35 P11 T6

Map8
1 1 S G 1 1 1 1 
1 # 0 F 0 1 1 1 
1 0 0 0 # 0 1 1 
1 0 # 0 # # 1 1 
1 0 H 0 F H 1 1 
1 0 1 1 1 H 1 1 
1 1 1 1 1 1 1 1 
1 1 1 1 1 1 1 1 
p12 P22 T8

Map8
1 1 1 1 1 1 1 1 
1 S 1 1 1 1 1 1 
1 0 0 1 1 0 1 1 
1 0 0 0 0 0 1 1 
1 H H 0 # 0 1 1 
1 0 0 0 0 # 1 1 
G 0 1 0 F 0 1 1 
1 1 1 1 1 1 1 1 
R13 P56 T7

Map8
1 1 1 1 1 1 1 1 
1 1 1 G 1 1 1 1 
1 1 0 0 0 F 0 1 
1 1 # F 0 0 H 1 
1 1 # 0 0 # 0 1 
1 1 0 0 # 0 0 1 
1 1 F 0 0 0 0 S 
1 1 1 1 1 1 1 1 
P44 U36 T3

Map8
1 1 1 1 1 1 1 1 
1 1 G 1 1 1 1 1 
1 H # F 0 1 1 1 
S F 0 # 0 0 1 1 
1 0 0 1 1 # 1 1 
1 0 1 0 0 H 1 1 
1 F 0 0 F 0 1 1 
1 1 1 1 1 1 1 1 
L42 u23 T3

Map8
1 1 1 1 1 1 1 1 
1 1 S 1 1 1 1 1 
1 1 0 0 F 1 0 1 
1 1 0 1 F 0 0 1 
1 1 0 0 0 # F 1 
1 1 0 0 0 0 0 1 
1 1 F 0 0 0 H 1 
1 1 1 1 G 1 1 1 
R25 D44 T3

Map8
1 1 1 1 1 1 1 1 
1 1 1 1 1 1 1 1 
1 0 1 0 0 0 1 1 
G 0 H 0 H 0 1 1 
1 0 0 0 1 0 1 1 
1 F 0 0 0 0 1 1 
1 1 # 0 0 # 1 1 
1 1 1 1 S 1 1 1 
R35 P12 T7

Map8
1 1 1 1 G 1 1 1 
1 0 0 0 0 0 1 1 
1 0 0 0 # 1 1 1 
1 F 0 0 # 0 1 1 
1 0 0 0 0 H 1 1 
S 0 0 0 0 H 1 1 
1 1 1 1 1 1 1 1 
1 1 1 1 1 1 1 1 
U45 R24 T2

Map8
1 1 1 1 1 1 1 1 
1 F 0 0 0 0 0 1 
1 0 0 0 0 0 0 G 
1 0 H 0 H 0 0 1 
1 H 0 0 0 0 0 S 
1 1 1 0 H 0 0 1 
1 0 0 0 0 0 0 1 
1 1 1 1 1 1 1 1 
U35 p31 T3

Map8
1 1 1 1 1 1 1 1 
1 0 0 0 0 0 1 1 
1 0 # 0 F 0 0 1 
1 0 H 0 F F F S 
1 0 0 0 0 0 0 G 
1 0 0 0 0 0 0 1 
1 0 0 0 1 0 1 1 
1 1 1 1 1 1 1 1 
D52 r54 T4

Map8
1 1 1 1 1 1 1 1 
1 0 # # 0 # F 1 
1 F F 0 # 0 0 1 
G 0 0 1 0 0 0 1 
1 0 # 0 0 0 0 1 
1 0 # 1 0 F 0 1 
1 1 0 0 0 0 0 1 
1 1 1 S 1 1 1 1 
R14 U45 T6

Map8
1 1 1 1 1 1 1 1 
1 0 0 0 0 1 0 1 
1 0 0 0 H # 0 1 
1 0 0 # 0 0 0 1 
G 0 0 0 0 F F 1 
1 0 0 0 0 0 0 1 
1 1 H 0 0 0 0 1 
1 1 1 1 1 S 1 1 
P36 R43 T5

Map8
1 1 1 1 1 1 1 1 
1 0 F F 0 0 # 1 
G 0 F 0 0 0 0 1 
1 0 0 0 0 0 H 1 
1 1 0 0 0 0 0 S 
1 0 0 0 0 0 0 1 
1 0 F 0 0 # 0 1 
1 1 1 1 1 1 1 1 
p41 U45 T3

Map8
1 S 1 1 1 1 1 1 
1 0 # 0 0 0 0 1 
G 0 0 0 0 0 1 1 
1 # 0 0 0 0 0 1 
1 # 0 F 1 F 0 1 
1 F 0 F 0 0 0 1 
1 0 0 0 # 0 F 1 
1 1 1 1 1 1 1 1 
U56 P51 T5

Map8
1 1 1 1 1 1 1 1 
1 0 0 0 1 0 H 1 
1 0 0 1 0 0 0 1 
G 0 F 1 0 1 0 1 
1 0 0 0 # 0 0 1 
S 0 H 0 0 0 0 1 
1 0 0 0 0 0 0 1 
1 1 1 1 1 1 1 1 
D14 p26 T9

Map8
1 1 S 1 1 1 1 1 
1 0 F 0 0 0 0 1 
1 0 H # 0 # 0 G 
1 # 0 # 0 0 0 1 
1 0 0 0 H H 0 1 
1 0 0 0 1 0 F 1 
1 0 H F # 0 1 1 
1 1 1 1 1 1 1 1 
p14 L31 T6

Map8
1 1 1 1 1 1 1 1 
1 0 0 # 0 0 0 1 
1 F # 0 1 0 0 1 
1 1 # 0 # 1 H 1 
1 0 0 # 0 0 0 1 
1 0 0 0 1 0 0 1 
1 0 0 # # 0 0 S 
1 1 1 1 G 1 1 1 
L64 U56 T6

Map8
1 1 1 1 1 1 1 1 
1 0 0 0 1 0 0 1 
1 H 0 0 H 0 1 1 
1 0 H 1 0 0 0 G 
1 # 0 0 0 # # 1 
1 0 0 0 H 0 0 1 
1 0 0 0 H 0 0 1 
1 1 S 1 1 1 1 1 
U36 R24 T4

Map8
1 S 1 1 1 1 1 1 
1 0 0 H 1 0 0 1 
1 0 0 0 0 0 0 1 
1 0 F 0 # 1 0 1 
1 0 0 0 0 0 0 G 
1 # 0 # 0 1 0 1 
1 0 0 H 0 0 0 1 
1 1 1 1 1 1 1 1 
R14 D22 T2

Map8
1 1 1 1 1 1 S 1 
1 0 # 0 0 F # 1 
1 0 0 0 1 0 1 1 
1 0 1 0 1 0 F 1 
G 0 H # 0 1 0 1 
1 # # 0 F 0 0 1 
1 1 F # 0 1 0 1 
1 1 1 1 1 1 1 1 
L55 P13 T9

Map8
1 1 1 1 1 1 1 1 
1 0 0 # 0 0 F 1 
1 0 0 H 0 0 0 1 
1 F 0 0 # 0 # 1 
G # F # 0 0 1 1 
1 # 1 0 0 0 F 1 
1 0 1 H 0 0 0 1 
1 S 1 1 1 1 1 1 
l44 P51 T6

Map8
1 1 1 1 1 1 1 1 
1 0 0 0 0 0 0 1 
1 H H 0 0 0 0 1 
1 0 0 0 0 0 0 1 
S 0 # 0 H 0 0 1 
1 0 0 F 0 1 0 1 
1 0 0 0 0 F 0 1 
1 1 1 1 G 1 1 1 
L34 p14 T6

Map8
1 1 1 1 1 1 1 1 
1 0 0 0 H 1 0 1 
1 0 1 0 0 # # G 
1 # 1 # 0 0 1 1 
1 0 0 1 0 # 0 1 
1 0 0 F 0 0 F 1 
1 F F # 0 0 0 1 
1 S 1 1 1 1 1 1 
r15 D44 T9

Map8
1 1 1 1 G 1 1 1 
1 F F 0 0 H 0 1 
1 1 # 0 0 0 0 1 
1 0 1 0 0 0 # 1 
1 F 0 0 0 0 F 1 
1 0 0 0 0 0 0 1 
1 0 0 # 0 0 0 S 
1 1 1 1 1 1 1 1 
L65 U46 T2

Map8
1 1 G 1 1 1 1 1 
1 0 0 0 0 H H 1 
1 0 0 1 # 0 0 1 
1 0 0 H 0 0 0 1 
1 0 # 0 # 0 0 1 
1 0 H 0 # # 1 1 
1 0 0 F 1 0 H 1 
1 1 1 1 1 S 1 1 
L64 p14 T3

Map8
1 1 G 1 1 1 1 1 
1 0 F 1 1 0 0 1 
1 F 0 # F # 1 1 
1 F # 0 0 0 0 1 
1 0 0 0 0 0 0 1 
1 0 0 0 0 0 1 1 
1 0 1 0 # 0 # 1 
1 1 1 1 S 1 1 1 
p14 L54 T3

Map8
1 1 1 G 1 S 1 1 
1 1 0 0 F # 0 1 
1 H 0 0 0 0 # 1 
1 # 0 0 # F 0 1 
1 0 0 1 0 # H 1 
1 1 0 0 0 F 1 1 
1 0 0 F H H H 1 
1 1 1 1 1 1 1 1 
L61 p22 T7

Map8
1 1 1 G 1 1 1 1 
1 0 0 0 H 0 0 1 
1 0 0 0 0 # 0 1 
1 # 0 # 0 0 1 1 
1 0 0 H 0 F 0 1 
1 1 0 0 0 F 0 1 
1 0 0 # # 0 0 1 
1 1 1 S 1 1 1 1 
L45 P22 T8

Map8
1 1 1 1 1 1 1 1 
G F 0 1 0 1 0 1 
1 0 0 0 0 0 1 1 
S 0 H # 0 0 0 1 
1 0 # # 0 0 # 1 
1 1 0 H 1 # 0 1 
1 0 1 0 0 0 H 1 
1 1 1 1 1 1 1 1 
p44 D12 T7

Map8
1 1 1 1 1 G S 1 
1 # 0 1 0 F 0 1 
1 0 1 0 0 0 0 1 
1 0 # 0 0 F 0 1 
1 0 # # # 0 0 1 
1 H 0 H # 0 0 1 
1 0 # 0 0 0 # 1 
1 1 1 1 1 1 1 1 
p61 u52 T6

Map8
1 1 1 1 S 1 1 1 
1 # 0 0 0 # 0 1 
1 H 0 0 0 1 0 1 
1 0 H H 0 0 F 1 
1 0 0 0 0 1 0 1 
1 0 0 0 0 0 0 1 
1 1 0 0 H 0 0 1 
1 1 1 1 1 G 1 1 
U45 p64 T6

Map8
1 1 1 1 1 1 1 1 
1 0 0 0 0 0 0 1 
1 0 0 0 0 0 H 1 
1 0 0 0 1 # F 1 
1 0 # H # 0 0 1 
1 0 0 0 0 1 0 1 
G 0 1 0 0 0 0 1 
1 1 1 1 1 1 S 1 
p56 P64 T10

Map8
1 1 1 1 1 G 1 1 
S 0 # 0 0 # # 1 
1 1 0 0 F 0 0 1 
1 0 0 0 0 0 F 1 
1 0 0 0 0 0 H 1 
1 0 F 1 # 0 0 1 
1 F 0 0 0 1 0 1 
1 1 1 1 1 1 1 1 
P41 R22 T5

Map8
1 1 1 G 1 1 1 1 
1 0 0 0 1 0 0 1 
1 0 H 0 0 0 0 1 
1 H 0 0 0 0 0 1 
S 0 0 H 0 F 0 1 
1 H 0 0 0 H 0 1 
1 0 0 0 # 0 0 1 
1 1 1 1 1 1 1 1 
l63 D23 T6

Map8
1 1 1 1 1 1 1 1 
1 0 0 0 H 0 0 1 
1 # 0 0 0 # H 1 
1 0 0 0 0 1 0 1 
1 H H 0 # 1 0 G 
1 0 0 0 0 0 0 1 
1 0 # F 0 0 0 1 
1 1 1 S 1 1 1 1 
r35 P63 T6

Map8
1 1 1 1 1 1 1 1 
1 0 0 0 0 0 0 1 
G F 0 0 0 F 0 1 
1 0 0 0 0 0 0 1 
1 0 # 0 0 F 0 1 
S 0 0 0 0 0 1 1 
1 0 0 0 0 0 0 1 
1 1 1 1 1 1 1 1 
p21 U26 T3

Map8
1 1 1 1 1 1 1 1 
1 0 F F F 0 0 1 
1 1 0 0 0 0 0 G 
1 0 0 0 # 0 0 1 
S 0 0 # 0 0 F 1 
1 0 0 0 F 0 0 1 
1 0 0 1 0 0 H 1 
1 1 1 1 1 1 1 1 
p51 U55 T3

Map8
1 1 1 1 1 1 G 1 
1 F 0 H 0 0 0 1 
1 0 0 F 0 1 H 1 
1 0 0 0 0 0 F 1 
1 0 0 H F 0 1 1 
S 0 0 H 0 0 1 1 
1 F 0 0 1 1 H 1 
1 1 1 1 1 1 1 1 
p21 U26 T6

Map8
1 1 1 1 1 1 1 1 
1 0 0 F 0 0 0 1 
G 0 # H 0 # 0 S 
1 # F H # F 1 1 
1 # 0 1 1 # F 1 
1 0 # # H 0 1 1 
1 0 1 0 0 H 0 1 
1 1 1 1 1 1 1 1 
R42 P11 T7

Map8
1 1 S 1 G 1 1 1 
1 0 0 # 0 # 0 1 
1 F 0 0 0 # 0 1 
1 1 H H 0 0 1 1 
1 F 0 0 # 0 F 1 
1 0 1 # 0 0 F 1 
1 0 0 0 # # 0 1 
1 1 1 1 1 1 1 1 
u42 R22 T6

Map8
1 1 G 1 1 S 1 1 
1 0 0 0 # F # 1 
1 1 0 0 0 0 0 1 
1 0 0 1 0 # # 1 
1 F 0 0 0 0 1 1 
1 0 0 0 0 H 0 1 
1 H 0 0 1 0 # 1 
1 1 1 1 1 1 1 1 
l52 U54 T4

Map8
1 S 1 1 1 1 1 1 
1 0 0 0 1 0 0 1 
1 0 0 0 0 0 0 1 
1 0 1 0 0 0 1 1 
1 0 0 # H 0 0 1 
1 H 0 0 H 0 0 1 
1 F 0 F 0 0 1 1 
1 1 G 1 1 1 1 1 
U14 P35 T5

Map8
1 1 1 1 1 1 1 1 
1 0 1 1 0 F 1 1 
1 0 H 0 0 1 H 1 
1 0 0 F 0 0 0 1 
1 H F 1 0 1 # 1 
1 0 0 0 0 0 0 1 
1 0 0 H 0 1 0 1 
1 1 G 1 S 1 1 1 
p15 L55 T3

Map8
1 1 1 1 1 1 1 1 
1 0 # 0 0 0 H 1 
S 0 1 # 1 0 0 1 
1 # 0 0 0 # 0 1 
1 0 # F 0 0 # 1 
1 0 0 1 0 F 0 1 
1 0 F 1 0 1 0 1 
1 1 1 1 G 1 1 1 
r14 P54 T6

Map8
1 G 1 1 1 1 1 1 
1 F H 0 0 0 H 1 
1 # 0 # 0 0 F 1 
1 1 # 0 1 H 0 1 
1 0 0 0 F # 0 1 
1 F # 0 # 0 0 1 
S 0 0 0 # 0 0 1 
1 1 1 1 1 1 1 1 
L42 P26 T7

Map8
1 1 1 S 1 1 1 1 
1 0 0 0 0 0 0 1 
1 F 0 0 0 # F G 
1 # 0 F 0 0 0 1 
1 0 0 H 0 1 0 1 
1 F H # 0 F 0 1 
1 # 0 0 0 0 0 1 
1 1 1 1 1 1 1 1 
p36 L41 T6

Map8
1 1 1 1 1 1 1 1 
1 1 1 1 0 1 # 1 
S 0 0 1 0 0 0 1 
1 # 1 0 0 0 0 1 
1 0 0 0 0 0 # 1 
1 0 0 F 0 0 0 G 
1 # H 0 # 0 0 1 
1 1 1 1 1 1 1 1 
R15 P34 T5

Map8
1 1 1 1 1 1 1 1 
1 0 H 0 0 H H 1 
1 0 # H 0 F 0 G 
1 0 F 0 0 0 F 1 
1 0 0 F 0 # 1 1 
S 0 0 F 0 H 0 1 
1 0 0 1 0 0 1 1 
1 1 1 1 1 1 1 1 
p41 U46 T3

Map8
1 1 1 1 1 1 1 1 
1 0 H 0 0 0 F 1 
G # 0 0 0 0 F 1 
1 H 0 0 0 1 F 1 
S F 0 0 0 H # 1 
1 0 1 H 0 0 0 1 
1 # F H 0 0 0 1 
1 1 1 1 1 1 1 1 
p41 U45 T3

Map8
1 1 1 1 1 1 1 1 
1 0 0 0 0 0 0 1 
1 0 # 1 0 0 1 1 
1 0 0 1 0 F 0 1 
1 F F # 0 # 0 S 
1 0 0 0 0 1 1 1 
1 0 1 0 F 0 0 1 
1 1 1 G 1 1 1 1 
U45 P11 T5

Map8
1 1 1 1 1 1 1 1 
1 0 0 0 0 0 # S 
1 0 H 0 1 # H 1 
1 0 0 0 0 1 0 1 
1 0 1 0 0 0 H 1 
1 0 0 0 0 # 0 1 
1 H 0 0 1 1 # 1 
1 1 G 1 1 1 1 1 
U15 p12 T6

Map8
1 S 1 1 1 1 1 1 
1 0 F F 0 # # 1 
1 # 0 F 1 0 0 1 
1 0 0 0 0 0 0 1 
1 0 F 0 0 0 0 1 
G 0 0 F 0 H 0 1 
1 # 0 0 H 1 # 1 
1 1 1 1 1 1 1 1 
R14 D33 T6

Map8
1 1 1 1 1 1 1 1 
1 0 0 1 0 0 0 1 
1 F 0 0 0 0 1 1 
1 0 0 H 0 0 0 1 
G 0 0 # F 1 0 1 
1 0 0 F 0 0 0 1 
1 H 0 0 F F 1 1 
1 1 1 1 S 1 1 1 
p25 r43 T10

Map8
1 1 1 G 1 1 1 1 
1 0 F 0 0 0 0 1 
1 0 0 # 0 0 # 1 
1 0 0 F 0 1 # 1 
1 # 0 0 0 F 0 1 
1 # 0 0 # # 0 1 
1 1 1 F 0 0 F 1 
1 1 1 1 1 S 1 1 
D41 R44 T9

Map8
1 1 1 1 1 S 1 1 
1 0 0 0 0 # 0 1 
1 0 1 # 0 0 1 1 
1 1 F 1 0 0 1 1 
1 F 1 0 0 0 F 1 
G 0 0 0 0 0 1 1 
1 0 0 F 0 F 0 1 
1 1 1 1 1 1 1 1 
D43 L55 T2

Map8
1 1 1 1 1 1 1 1 
1 F 0 0 0 0 0 1 
1 0 0 1 # 0 0 1 
1 0 0 0 0 0 0 1 
1 # 0 0 1 0 # S 
1 0 0 0 1 0 # 1 
1 1 0 H 0 0 1 1 
1 1 G 1 1 1 1 1 
p13 L63 T4

Map8
1 1 1 1 1 1 1 1 
1 0 0 # 0 0 0 1 
1 0 0 0 0 0 0 1 
1 1 0 0 0 0 0 1 
1 0 1 0 # 0 0 G 
1 0 0 0 H 0 1 1 
1 0 0 0 0 0 0 1 
1 1 1 1 S 1 1 1 
u36 L56 T7

Map8
1 1 1 1 1 1 1 1 
S 0 0 0 0 0 0 1 
1 0 0 F H 0 H 1 
1 1 F 0 0 H 0 1 
1 0 0 F 0 1 0 1 
G 0 0 1 0 0 0 1 
1 0 H F 0 0 0 1 
1 1 1 1 1 1 1 1 
p11 L25 T5

Map8
1 1 1 1 1 S 1 1 
1 0 0 0 0 # H 1 
1 # 0 # 0 0 0 1 
1 H 1 0 0 0 0 1 
1 H 0 # # F 0 1 
1 0 # 1 0 F 0 G 
1 0 # 0 0 F # 1 
1 1 1 1 1 1 1 1 
D43 L64 T4

Map8
1 1 1 1 1 1 1 1 
1 0 0 # 0 0 0 1 
1 0 H 0 0 0 0 1 
1 # 0 0 # 0 0 1 
G # 0 0 # 0 0 1 
S 0 # 0 H 0 0 1 
1 0 # 0 0 0 1 1 
1 1 1 1 1 1 1 1 
L35 p21 T6

Map8
1 1 1 G 1 1 1 1 
1 # 1 # 0 0 1 1 
1 0 # 0 0 0 0 1 
S 0 F 1 0 0 0 1 
1 0 0 0 0 0 0 1 
1 0 1 0 1 1 0 1 
1 # 0 # 1 # 0 1 
1 1 1 1 1 1 1 1 
u32 U24 T5

Map8
1 1 1 1 1 1 1 1 
1 0 # 0 0 # 0 1 
1 0 0 0 0 0 0 1 
1 0 H F H # # 1 
1 0 H 0 H # 0 1 
1 0 H 1 F 0 0 G 
1 # 0 0 0 0 F 1 
1 1 1 1 S 1 1 1 
p41 L56 T6

Map8
1 1 1 1 S G 1 1 
1 # 0 0 0 0 # 1 
1 0 1 F # 0 0 1 
1 1 0 H 0 # F 1 
1 0 0 0 H # 0 1 
1 # 0 1 0 0 H 1 
1 # # 1 0 0 0 1 
1 1 1 1 1 1 1 1 
U43 p41 T5

Map8
1 1 1 1 1 G 1 1 
1 # 0 1 # 0 # 1 
1 0 # 0 # 0 # 1 
1 H 0 1 F 1 0 1 
S 0 0 1 0 0 0 1 
1 0 # 1 F 1 0 1 
1 0 0 0 # H 0 1 
1 1 1 1 1 1 1 1 
U52 p23 T6

Map8
1 1 1 G 1 1 1 1 
1 0 F 0 0 0 0 1 
1 1 0 0 H 0 0 1 
1 0 # 1 1 0 0 1 
1 # 0 0 0 # 0 1 
1 0 1 0 0 0 0 1 
1 0 0 0 0 0 0 1 
1 1 1 1 1 S 1 1 
R11 R41 T7

Map8
1 G 1 1 1 1 S 1 
1 0 # # 1 0 0 1 
1 F 0 F 0 0 0 1 
1 0 # 0 0 1 1 1 
1 1 0 0 0 0 0 1 
1 H # 0 1 0 0 1 
1 # 0 1 H 0 H 1 
1 1 1 1 1 1 1 1 
p52 R22 T7

Map8
1 1 1 1 1 1 1 1 
1 H 0 # 0 0 # 1 
1 # 0 0 0 0 0 G 
1 H 0 0 F # # 1 
1 0 0 0 F 0 0 1 
1 0 0 1 1 F F 1 
1 0 1 1 F # # 1 
1 S 1 1 1 1 1 1 
R52 R14 T4

Map8
1 1 1 1 1 1 1 1 
1 # 0 0 0 0 1 1 
G 0 0 # H 1 0 1 
1 0 F 0 0 0 0 1 
S 0 0 0 F 1 0 1 
1 1 F 0 0 1 F 1 
1 0 0 0 H 0 # 1 
1 1 1 1 1 1 1 1 
p31 U35 T3

Map8
1 1 1 1 S 1 1 1 
1 # 0 1 0 H 0 1 
1 0 0 H # 0 1 1 
1 H 0 # 0 1 0 1 
1 # 0 0 1 0 0 1 
1 0 0 0 1 0 0 1 
1 0 0 # F 0 0 1 
1 1 1 1 1 G 1 1 
D22 l65 T8

Map8
1 1 1 1 1 1 1 1 
S 0 0 0 0 F 0 1 
1 # 0 0 # # 1 1 
1 0 0 0 0 0 0 1 
1 F F 0 1 # 0 1 
1 0 0 F 0 0 0 G 
1 0 F 0 1 0 0 1 
1 1 1 1 1 1 1 1 
L31 r55 T8

Map8
1 1 1 1 S 1 1 1 
1 0 0 0 0 H 1 1 
1 0 0 0 # 0 0 1 
1 0 0 0 0 0 # 1 
1 1 0 H 0 0 0 1 
1 0 0 0 H 0 0 1 
G 0 F 0 H 0 0 1 
1 1 1 1 1 1 1 1 
L36 R33 T6

Map8
1 1 1 1 1 1 1 1 
1 0 F # 0 F 0 1 
1 F 0 0 0 0 0 1 
1 F 0 0 0 1 0 1 
1 0 0 0 0 1 1 1 
1 F 0 0 1 1 0 1 
1 # 0 0 1 1 0 1 
1 S G 1 1 1 1 1 
D14 L44 T4

Map8
1 1 1 1 1 1 1 1 
1 1 0 1 1 F 0 1 
S 0 0 0 H # H 1 
1 1 F F 0 0 0 1 
1 0 0 0 0 0 0 1 
1 0 0 0 # 0 0 1 
1 0 0 # 0 0 0 1 
1 1 1 1 1 G 1 1 
L46 D21 T7

Map8
1 1 1 1 1 1 S 1 
1 0 0 # H 0 F 1 
1 0 0 # # F 0 1 
1 1 0 1 # F 0 1 
1 1 0 F # 0 0 1 
1 0 1 1 0 0 0 1 
1 1 1 0 # 0 # 1 
1 1 1 1 1 G 1 1 
P64 P45 T5

Map8
1 S 1 1 1 1 1 1 
1 0 0 0 1 # # 1 
1 0 0 F 0 0 # 1 
1 H 0 0 H 0 0 1 
1 0 0 H H H 0 1 
1 1 0 0 0 0 0 1 
1 0 F 0 0 0 # G 
1 1 1 1 1 1 1 1 
P31 R12 T5

Map8
1 1 1 1 1 G 1 1 
1 0 1 0 0 F 0 1 
1 0 0 0 0 F 0 1 
1 F 0 0 0 0 0 1 
1 0 0 0 # 0 0 1 
S 0 0 0 H H 0 1 
1 1 0 0 0 0 0 1 
1 1 1 1 1 1 1 1 
P63 D34 T9

Map8
1 1 1 1 1 1 1 1 
1 0 1 0 0 0 0 1 
1 0 0 H 0 0 H 1 
1 0 F F 0 0 0 1 
1 0 0 1 0 H 0 1 
1 0 1 0 1 0 0 1 
1 1 0 # 0 0 0 1 
1 1 1 G 1 S 1 1 
p26 L66 T3

Map8
1 1 1 1 1 1 1 1 
1 1 0 F # 0 H 1 
1 0 # 0 1 0 # 1 
1 # 0 0 0 # 0 1 
1 H 1 1 0 0 # 1 
1 0 0 F 0 0 F 1 
1 1 F F 0 0 0 1 
1 1 1 S 1 G 1 1 
R25 U46 T5

Map8
1 1 G 1 1 1 S 1 
1 # # # 0 1 0 1 
1 H 0 # 0 0 # 1 
1 0 H 0 0 0 0 1 
1 H # 1 0 H 0 1 
1 0 0 0 0 0 # 1 
1 0 0 0 0 # 0 1 
1 1 1 1 1 1 1 1 
U22 p61 T5

Map8
1 1 1 1 1 1 1 1 
S 0 0 H 0 0 # 1 
1 0 F 0 # 0 0 1 
1 0 0 0 0 0 0 G 
1 H 0 0 0 0 1 1 
1 F 1 0 H # 0 1 
1 # 0 0 0 1 0 1 
1 1 1 1 1 1 1 1 
R13 D21 T3

Map8
1 1 1 1 G 1 1 1 
1 0 0 1 0 H 1 1 
1 0 0 0 0 0 1 1 
1 0 0 0 0 # 0 1 
1 0 0 F 0 0 1 1 
1 0 1 0 H F 1 1 
1 0 H 1 F 0 0 1 
1 1 1 1 1 S 1 1 
r12 P52 T6

Map8
1 1 1 1 1 1 1 1 
1 0 0 0 1 H 0 1 
1 H 0 0 # F H 1 
G F 0 0 0 0 0 1 
1 0 F 0 0 0 0 S 
1 0 # 0 0 H F 1 
1 0 0 F 0 0 0 1 
1 1 1 1 1 1 1 1 
P16 R34 T7

Map8
1 1 1 1 1 1 1 1 
1 0 H # 0 0 0 G 
1 0 0 F # 0 0 1 
1 1 0 1 0 H 1 1 
1 0 0 0 0 0 0 1 
1 0 # 0 0 # 0 1 
1 1 0 0 0 0 F 1 
1 1 1 1 1 S 1 1 
D54 p56 T6

Map8
1 1 1 1 1 1 1 1 
1 F H F 0 1 F 1 
1 0 0 0 0 # 0 1 
S # 0 0 0 1 0 1 
G 0 F # 0 H # 1 
1 0 0 # H 0 1 1 
1 0 # # 0 H # 1 
1 1 1 1 1 1 1 1 
p15 l23 T7

Map8
1 G 1 1 1 1 1 1 
1 0 H 0 0 0 0 1 
1 0 0 1 0 0 0 1 
1 0 0 # 0 0 1 1 
1 0 0 0 H F 0 S 
1 0 0 1 0 0 H 1 
1 # H 0 0 0 # 1 
1 1 1 1 1 1 1 1 
U55 l53 T5

Map8
1 1 1 1 1 1 G 1 
1 0 0 0 0 H 0 1 
1 0 0 0 0 0 0 1 
1 0 0 H 0 0 0 1 
S 0 H 0 0 H H 1 
1 0 0 0 0 0 0 1 
1 1 0 0 0 0 0 1 
1 1 1 1 1 1 1 1 
U15 p11 T4

Map8
1 1 1 G 1 1 1 1 
1 0 0 F 0 0 0 1 
1 0 0 0 1 0 F 1 
1 F 0 H 0 0 0 1 
1 0 0 F 0 0 0 1 
S 0 0 0 0 0 H 1 
1 0 0 0 0 0 1 1 
1 1 1 1 1 1 1 1 
U26 p21 T4

Map8
1 1 1 1 G 1 1 1 
1 0 0 0 0 0 0 1 
1 0 # 0 0 0 0 1 
1 # H # 0 0 0 S 
1 H 0 F 1 # 1 1 
1 # 0 1 F H 0 1 
1 0 0 # 0 F 0 1 
1 1 1 1 1 1 1 1 
L62 U43 T2

Map8
1 1 1 1 1 1 1 1 
1 0 0 1 0 1 0 1 
1 # 0 0 0 # 0 1 
1 0 F 0 0 # 1 1 
G 0 0 F 1 0 F 1 
1 # 0 0 F 0 0 1 
1 H 0 0 # 0 0 1 
1 1 1 S 1 1 1 1 
R25 U56 T6

Map8
1 1 1 1 G 1 1 1 
S 0 0 0 0 H F 1 
1 0 0 0 0 # 0 1 
1 F 0 0 0 F 0 1 
1 0 H 0 # 0 0 1 
1 0 0 0 0 0 0 1 
1 F 0 0 0 1 0 1 
1 1 1 1 1 1 1 1 
D31 P23 T5

Map8
1 1 1 1 1 1 1 1 
G # 0 0 1 1 # 1 
1 0 0 1 0 0 0 1 
1 0 0 0 0 H 0 1 
1 H 0 0 1 0 0 1 
1 0 F 0 0 0 0 1 
1 0 0 0 0 0 0 1 
1 1 1 1 1 S 1 1 
p16 L66 T4

Map8
1 1 1 1 1 1 1 1 
1 # 1 H 0 0 # 1 
G 0 0 # # 0 0 1 
1 0 1 # 0 # 0 1 
1 1 0 0 0 1 # 1 
1 H F 0 H 0 0 1 
1 0 1 0 0 # 0 1 
1 1 1 S 1 1 1 1 
P41 P35 T10

Map8
1 1 1 1 1 S 1 1 
1 0 0 0 0 0 0 1 
1 1 0 H 0 F 0 1 
1 0 0 H 0 F 0 G 
1 0 0 H 0 H 0 1 
1 0 0 0 0 0 0 1 
1 0 H 0 0 0 # 1 
1 1 1 1 1 1 1 1 
L62 D41 T4

Map8
1 1 1 1 1 1 1 1 
1 H # 0 H 0 0 1 
1 0 # F 0 # H 1 
1 0 0 0 # 0 0 1 
1 0 0 0 0 0 0 1 
1 0 F 0 1 0 0 1 
1 F 0 0 0 0 0 1 
1 1 S G 1 1 1 1 
d33 p24 T6

Map8
1 1 1 1 1 1 1 1 
1 0 0 1 0 0 1 1 
1 0 # 0 0 # 0 1 
1 0 # F 0 0 # 1 
S 0 # H 0 1 0 1 
1 0 0 0 1 0 # 1 
1 0 # 1 1 F 0 1 
1 1 1 1 1 G 1 1 
D13 D55 T8

Map8
1 1 1 1 1 1 1 1 
1 0 0 0 1 0 0 1 
1 0 0 H 0 0 0 G 
1 0 0 0 0 0 H 1 
1 0 H 0 H 0 0 S 
1 F 0 0 H 0 0 1 
1 0 1 0 F 0 0 1 
1 1 1 1 1 1 1 1 
R23 D53 T5

Map8
1 1 1 1 1 1 1 1 
1 0 0 0 0 0 0 1 
1 0 0 0 0 0 0 1 
1 0 H 0 0 0 0 G 
1 0 0 0 0 1 H 1 
1 0 0 0 0 0 F 1 
1 0 0 H 0 0 0 S 
1 1 1 1 1 1 1 1 
R33 U46 T3

Map8
1 1 1 1 1 S 1 1 
1 0 0 0 0 0 0 1 
1 0 0 F 0 0 0 1 
1 0 0 0 H H 0 1 
1 0 0 0 0 0 0 1 
1 0 0 0 0 1 F 1 
1 H 0 0 0 F F 1 
1 1 G 1 1 1 1 1 
L61 p11 T3

Map8
1 1 S 1 1 1 1 1 
1 H 0 0 0 H 0 G 
1 # 0 0 0 # 0 1 
1 0 H # 0 0 0 1 
1 0 0 H 0 0 0 1 
1 0 0 0 # 0 1 1 
1 1 0 0 0 0 0 1 
1 1 1 1 1 1 1 1 
P41 R22 T5

Map8
1 1 1 1 1 1 1 1 
1 # 0 0 1 0 H 1 
1 0 # 0 0 0 0 1 
1 0 0 # 0 0 # 1 
1 1 0 F 0 0 # G 
1 0 0 F # F 0 1 
S 0 0 F 0 0 # 1 
1 1 1 1 1 1 1 1 
p46 r54 T6

Map8
1 1 1 1 1 1 1 1 
1 0 F 1 F 0 0 S 
1 0 # 0 0 0 # 1 
1 0 0 0 0 0 1 1 
1 H H 0 1 0 # 1 
1 1 1 0 0 0 1 1 
1 0 0 0 # 0 # 1 
1 1 G 1 1 1 1 1 
p36 D51 T6

Map8
1 1 1 G 1 1 1 1 
1 # F 0 0 0 0 1 
1 1 # 0 0 0 0 1 
1 1 # # 0 H 0 1 
1 F H 0 # F 0 1 
1 0 0 0 F # 0 1 
1 # 0 0 F 0 0 1 
1 1 S 1 1 1 1 1 
P64 P25 T5

Map8
1 1 1 1 1 1 S 1 
1 F 1 0 0 # 0 1 
1 0 0 0 0 0 # 1 
G # 0 0 0 0 0 1 
1 0 0 # F 0 F 1 
1 F 0 F 0 0 # 1 
1 1 H 0 # 0 0 1 
1 1 1 1 1 1 1 1 
p32 U36 T6

Map8
1 1 1 1 S 1 1 1 
1 # F 0 0 0 0 1 
1 0 0 0 0 0 0 1 
1 0 0 0 0 F H 1 
1 0 1 1 0 0 0 G 
1 F 0 1 H 0 F 1 
1 0 # 0 0 0 0 1 
1 1 1 1 1 1 1 1 
p41 R44 T6

Map8
1 1 1 S 1 1 1 1 
1 F 0 0 0 # 1 1 
1 0 # 1 H 0 0 1 
1 H F 0 # 0 # 1 
G # 0 1 0 0 0 1 
1 0 # 0 0 1 0 1 
1 H 0 0 # 0 H 1 
1 1 1 1 1 1 1 1 
U26 L24 T10

Map8
1 1 1 1 1 1 1 1 
1 0 H 0 H 0 0 1 
G 0 0 1 H 0 0 1 
1 0 0 0 # F 0 1 
1 H 0 0 1 0 0 1 
1 0 # 0 0 0 0 S 
1 0 0 0 0 0 1 1 
1 1 1 1 1 1 1 1 
L22 U26 T3

Map8
1 1 1 1 1 G 1 1 
1 0 H 0 0 0 0 1 
1 0 0 0 # 0 0 1 
1 H 1 1 0 1 0 1 
1 1 0 0 0 0 F 1 
1 0 0 1 0 0 0 1 
1 1 0 1 H 0 0 1 
1 1 1 1 1 1 S 1 
u52 p63 T6

Map8
1 1 1 1 1 1 1 1 
1 0 # 1 # 0 0 S 
1 1 0 0 0 F 1 1 
1 0 0 F 0 0 F 1 
1 F 0 0 1 0 0 G 
1 F 0 0 0 0 0 1 
1 0 0 0 1 0 0 1 
1 1 1 1 1 1 1 1 
L53 U34 T11

Map8
1 1 1 1 1 1 1 1 
1 # 0 # 0 0 0 1 
1 # 1 0 # 0 0 1 
1 0 0 0 0 F 0 1 
G 0 0 0 H # F 1 
1 0 # 0 # 0 # 1 
1 0 1 0 0 0 0 1 
1 1 1 1 S 1 1 1 
R35 P21 T5

Map8
1 1 1 S 1 1 1 1 
1 1 0 0 0 0 1 1 
1 0 0 # 0 # 0 1 
1 # 0 0 0 1 # 1 
G 0 0 H H 0 0 1 
1 0 # 0 1 0 0 1 
1 0 1 0 H 0 0 1 
1 1 1 1 1 1 1 1 
L24 U33 T5

Map8
1 1 1 1 1 1 1 1 
1 0 0 0 0 0 F 1 
1 0 0 0 1 0 0 G 
1 1 0 # 0 0 1 1 
1 0 0 0 F 0 0 S 
1 0 0 0 0 H F 1 
1 # 0 0 0 H 0 1 
1 1 1 1 1 1 1 1 
P51 p34 T10

Map8
1 1 1 S 1 1 1 1 
1 1 0 # 0 # 0 1 
1 1 # 0 0 0 1 1 
1 0 1 0 0 0 0 1 
1 0 # # 0 1 0 1 
1 0 0 F 0 0 0 G 
1 # 0 1 0 H 0 1 
1 1 1 1 1 1 1 1 
p44 P33 T7

Map8
1 1 1 G 1 1 1 1 
1 1 0 0 0 1 0 1 
1 0 # 1 F H H 1 
1 1 F # 1 F 0 1 
1 1 0 # 0 # # 1 
1 0 0 # F 0 F 1 
S # 0 # 0 0 1 1 
1 1 1 1 1 1 1 1 
U26 P41 T5

Map8
1 G 1 1 1 1 1 1 
1 0 0 H H 0 1 1 
1 # 1 0 1 # F 1 
1 # # 1 0 H 1 1 
1 0 # F 0 0 F 1 
S 0 H H 0 0 0 1 
1 # 0 F 0 1 0 1 
1 1 1 1 1 1 1 1 
D14 p45 T8

Map8
1 1 S 1 1 1 1 1 
1 F 0 1 0 H 0 1 
1 0 0 0 1 0 # 1 
1 1 0 0 0 0 # 1 
1 # F # H 1 0 G 
1 # 0 # 0 0 0 1 
1 H 0 0 0 0 H 1 
1 1 1 1 1 1 1 1 
P65 R23 T5

Map8
1 1 1 1 1 S 1 1 
1 F 0 0 0 0 1 1 
1 0 F 0 0 1 0 1 
1 0 0 0 0 1 0 1 
1 0 0 0 0 # 0 1 
G 0 0 0 F 0 1 1 
1 0 1 # 0 0 0 1 
1 1 1 1 1 1 1 1 
P33 D21 T5

Map8
1 1 1 1 1 1 1 1 
1 # # 1 1 1 F 1 
1 0 0 1 0 0 1 1 
1 F 0 H 0 0 # 1 
1 0 # # 0 0 F 1 
G # # H # 0 0 1 
1 0 0 0 0 0 1 1 
1 1 1 S 1 1 1 1 
R26 l54 T8

Map8
1 1 1 1 1 1 1 1 
1 0 0 0 H H H 1 
1 0 0 0 0 0 0 1 
G # 0 # 0 0 F 1 
1 0 0 # 0 0 0 1 
1 0 0 0 1 0 0 1 
1 H H # 0 # 0 1 
1 1 1 1 S 1 1 1 
L23 L64 T6

Map8
1 1 1 1 1 1 1 1 
1 H 0 0 0 1 0 S 
1 0 F 0 0 0 0 1 
1 0 0 0 1 # 0 1 
1 0 0 0 0 0 0 1 
1 F 0 # # 0 F 1 
1 H F 0 # F 0 1 
1 1 G 1 1 1 1 1 
L64 P14 T5

Map8
1 1 1 1 1 1 1 1 
1 0 # 0 0 # 0 1 
1 H 1 0 0 # 0 S 
1 0 0 # 0 0 # G 
1 0 0 H H # 0 1 
1 1 0 0 0 0 0 1 
1 0 0 0 0 0 H 1 
1 1 1 1 1 1 1 1 
r53 p62 T6

Map8
1 1 1 1 1 1 1 1 
1 0 0 0 0 0 0 G 
1 0 0 0 H 0 H 1 
1 0 0 0 0 0 1 1 
1 1 H 0 0 1 0 1 
1 0 0 0 0 0 0 1 
1 1 0 0 0 0 0 1 
1 1 1 1 1 S 1 1 
R15 R45 T6

Map8
1 1 1 1 1 1 1 1 
1 # 0 1 1 1 # 1 
S 0 # 0 H 0 H 1 
1 0 F 1 0 0 0 1 
1 0 0 # 0 0 0 1 
1 0 # 0 H 0 H 1 
1 1 1 0 0 # # 1 
1 1 1 1 1 G 1 1 
U13 P64 T7

Map8
1 1 1 1 1 1 1 1 
1 H 0 0 0 H 0 1 
1 H 0 0 F 0 0 G 
1 F 0 # 0 0 # 1 
1 H # F F # 0 1 
1 # 0 0 0 # 1 1 
1 H 0 F 0 0 0 S 
1 1 1 1 1 1 1 1 
R52 P46 T4

Map8
1 1 1 1 1 1 1 1 
1 0 1 0 # 0 0 1 
G 0 1 0 1 F F 1 
1 0 0 0 0 1 1 1 
1 0 0 0 # 0 0 1 
S 0 0 0 H 0 F 1 
1 0 F 0 0 F 1 1 
1 1 1 1 1 1 1 1 
U16 p11 T3

Map8
1 1 1 1 1 1 1 1 
1 F 0 0 F # 0 1 
G 0 # 1 1 H F 1 
1 1 0 1 0 0 0 1 
1 # 0 0 1 0 0 1 
1 0 0 0 H 0 1 1 
S 0 1 0 0 0 0 1 
1 1 1 1 1 1 1 1 
U25 p21 T5

Map8
1 1 S 1 1 1 1 1 
1 0 0 0 1 0 0 1 
1 1 0 0 1 0 0 1 
1 0 0 0 0 0 1 1 
1 0 0 1 0 0 0 1 
1 0 1 # 1 0 # 1 
1 0 # F 0 F 0 1 
1 1 G 1 1 1 1 1 
U16 L66 T6

Map8
1 1 1 1 1 1 1 1 
1 F 0 0 0 0 F 1 
G 0 0 # 0 # 0 1 
1 0 F 0 0 H # 1 
S 0 0 0 0 0 F 1 
1 1 0 0 0 0 0 1 
1 0 0 0 # 0 0 1 
1 1 1 1 1 1 1 1 
p31 U35 T3

Map8
1 1 1 1 1 1 1 1 
1 F 1 0 0 1 H 1 
1 0 0 0 0 0 # 1 
S # F H 0 0 H 1 
1 1 0 0 0 0 0 G 
1 # 0 0 1 1 0 1 
1 0 0 H 0 0 # 1 
1 1 1 1 1 1 1 1 
r24 D22 T4

Map8
1 1 1 1 1 1 1 1 
1 # 0 1 0 0 # 1 
1 0 H 0 1 0 0 G 
1 0 0 0 # 0 0 1 
1 0 0 H # # 0 S 
1 0 # 0 0 0 0 1 
1 0 0 0 # 0 0 1 
1 1 1 1 1 1 1 1 
D63 u56 T9

Map8
1 1 G 1 1 1 1 1 
1 H 0 0 1 0 0 1 
1 0 0 1 # F # 1 
1 0 0 0 H F # 1 
1 0 0 0 0 0 # 1 
1 H # F 0 0 # S 
1 1 0 H 0 0 0 1 
1 1 1 1 1 1 1 1 
P55 p34 T7

Map8
1 1 1 1 1 1 1 1 
1 0 0 F # 0 0 1 
S # 0 F 0 0 # 1 
1 0 0 H F 0 0 1 
1 0 F 0 # 1 0 1 
1 # 0 0 # 0 0 1 
1 H F 0 0 0 0 1 
1 1 1 1 1 G 1 1 
d42 p46 T7

Map8
1 1 1 1 1 1 S 1 
1 0 1 0 0 1 0 1 
1 H 0 0 0 0 0 1 
1 1 0 0 1 0 0 1 
1 0 H 0 0 0 0 1 
1 0 0 0 0 0 0 1 
1 0 0 1 0 0 H 1 
1 G 1 1 1 1 1 1 
p62 L65 T5

Map8
1 1 1 1 1 1 1 1 
1 0 0 1 0 F F 1 
1 # 0 0 # 0 0 S 
1 0 H # 0 0 # G 
1 # F 0 0 0 0 1 
1 # 0 # 0 # 0 1 
1 F 0 H 0 0 F 1 
1 1 1 1 1 1 1 1 
p62 p53 T7

Map8
1 1 1 1 1 1 1 1 
1 0 0 0 0 0 0 S 
G 0 0 H 1 0 H 1 
1 0 0 0 0 0 0 1 
1 0 0 0 0 0 1 1 
1 H 0 0 0 0 0 1 
1 0 0 0 0 0 # 1 
1 1 1 1 1 1 1 1 
l22 p31 T6

Map8
1 1 1 1 1 1 1 1 
1 0 # 0 0 0 0 1 
1 0 0 # 0 1 F 1 
G # 0 0 0 0 F 1 
1 # 0 1 0 0 # 1 
1 1 1 # 0 1 0 1 
S 0 0 0 0 # 1 1 
1 1 1 1 1 1 1 1 
P42 U46 T4

Map8
1 1 1 1 1 1 1 1 
1 0 0 0 1 0 0 1 
1 0 0 1 0 0 0 1 
1 # 0 0 0 1 0 1 
1 0 0 1 0 # F 1 
1 0 0 0 0 0 0 1 
1 F # 0 0 0 0 1 
1 S 1 G 1 1 1 1 
d35 r15 T6

Map8
1 1 1 1 1 1 1 1 
1 1 0 0 0 H 0 1 
1 # 0 F 0 # # 1 
1 # 0 0 # 0 0 G 
S 0 0 # H # 0 1 
1 0 H H F 0 0 1 
1 # 0 0 H 0 1 1 
1 1 1 1 1 1 1 1 
P24 D21 T4

Map8
1 1 1 1 1 1 1 1 
1 # 1 0 0 H 0 1 
S 0 F 0 0 0 H 1 
1 0 0 0 # # 0 1 
1 1 0 1 H # 1 1 
1 # 0 0 0 # 0 1 
1 F # 0 0 0 0 1 
1 1 1 1 G 1 1 1 
P36 D52 T7

Map8
1 1 1 1 S 1 1 1 
1 0 0 0 0 0 0 1 
1 H 0 0 0 0 0 1 
1 0 H 0 0 0 0 1 
1 0 0 0 0 0 0 1 
1 0 0 0 0 0 0 1 
1 0 0 0 H 1 0 1 
1 1 G 1 1 1 1 1 
L54 p14 T3

Map8
1 1 1 1 1 1 S 1 
1 1 0 # # 0 # 1 
G # 0 0 0 H 0 1 
1 0 0 0 0 1 0 1 
1 0 H 0 0 0 1 1 
1 0 0 1 0 0 0 1 
1 0 0 1 0 0 0 1 
1 1 1 1 1 1 1 1 
l42 p51 T9

Map8
1 1 S G 1 1 1 1 
1 F # 0 # 0 F 1 
1 0 0 0 0 0 0 1 
1 0 H H # 0 0 1 
1 1 0 0 H 0 0 1 
1 0 H 0 F 1 0 1 
1 # 0 # 0 0 0 1 
1 1 1 1 1 1 1 1 
u32 R12 T4

Map8
1 1 1 1 1 1 1 1 
1 0 F H 0 0 0 1 
G F 0 0 0 0 0 1 
1 0 0 0 0 0 0 1 
S 0 0 0 F 0 F 1 
1 0 0 0 0 0 F 1 
1 1 0 0 0 0 0 1 
1 1 1 1 1 1 1 1 
p51 U55 T3

Map8
1 1 G 1 1 S 1 1 
1 0 0 0 0 # 0 1 
1 1 F 0 H F 0 1 
1 0 0 0 F H 0 1 
1 0 0 0 # F 0 1 
1 0 0 # 0 F 0 1 
1 1 0 H 0 # 0 1 
1 1 1 1 1 1 1 1 
p11 L61 T3

Map8
1 1 1 1 1 1 1 1 
1 0 F 1 0 1 0 1 
1 0 F 0 0 0 0 1 
1 # 0 # 0 F 0 S 
1 0 0 0 F 0 0 1 
1 # # 0 0 0 F 1 
1 1 0 # # # # 1 
1 1 1 1 1 G 1 1 
p64 P23 T8

Map8
1 1 1 1 1 1 1 1 
1 # F 0 0 0 # 1 
1 0 0 0 0 0 0 1 
1 0 # 0 0 0 0 1 
1 H 0 H H 0 0 1 
1 1 # # 1 0 0 S 
G 0 # # 0 1 0 1 
1 1 1 1 1 1 1 1 
L62 p12 T5

Map8
1 1 1 1 1 1 1 1 
1 0 F 1 0 # H 1 
1 0 0 # 0 # H 1 
G 0 0 1 # 0 0 1 
1 # 0 1 0 0 H 1 
1 0 1 0 # 0 0 1 
1 0 # H H 0 1 1 
1 1 1 1 1 S 1 1 
p53 P12 T7

Map8
1 1 S 1 1 1 1 1 
1 0 # # 0 F F 1 
G 0 1 F 0 0 F 1 
1 # 0 0 0 # 0 1 
1 0 0 0 0 0 0 1 
1 0 # 0 F 0 0 1 
1 0 0 0 0 0 0 1 
1 1 1 1 1 1 1 1 
R11 P41 T5

Map8
1 1 1 1 1 1 1 1 
1 0 0 0 0 0 0 1 
1 0 F 0 # 0 1 1 
1 1 0 0 1 0 0 1 
1 0 0 0 H 0 0 S 
1 1 0 0 0 # 1 1 
1 0 1 # 0 0 0 G 
1 1 1 1 1 1 1 1 
d31 U54 T7

Map8
1 1 1 1 1 1 1 1 
1 0 0 F 0 0 0 1 
1 0 0 0 0 1 0 1 
1 F 0 # 0 0 0 1 
1 1 1 F 0 0 # 1 
1 0 0 0 0 0 0 1 
1 0 0 0 0 1 F 1 
1 G 1 1 1 1 S 1 
l65 D53 T4

Map8
1 1 1 1 1 1 1 1 
1 0 # 0 H 0 0 1 
1 F # 0 H F 1 1 
1 0 0 0 # # # 1 
G 0 0 0 0 0 0 1 
1 H 0 F H # # 1 
1 0 0 0 0 0 0 1 
1 1 1 1 1 S 1 1 
p33 R46 T8

Map8
1 1 1 1 1 1 1 1 
1 0 0 0 1 0 # 1 
1 0 0 0 0 0 0 1 
G 0 0 0 H 0 0 S 
1 # 0 0 0 0 0 1 
1 0 0 0 H 0 0 1 
1 0 H 0 0 1 0 1 
1 1 1 1 1 1 1 1 
P53 P34 T9

Map8
1 1 1 1 1 1 1 1 
1 0 F # 0 0 0 1 
1 H # 0 0 0 0 1 
1 1 0 0 0 F # G 
1 H # # 0 0 H 1 
1 1 F H F 0 0 1 
1 H F 0 # 0 0 1 
1 1 S 1 1 1 1 1 
P44 R23 T3

Map8
1 1 1 1 1 1 S 1 
1 # F 0 0 0 0 1 
1 0 0 0 0 0 0 1 
1 0 # 0 0 # 0 1 
1 1 0 H # 0 H 1 
1 0 0 0 0 # 0 G 
1 F 0 1 0 0 0 1 
1 1 1 1 1 1 1 1 
R45 U63 T5

Map8
1 1 1 1 1 1 1 1 
1 H H 0 0 0 0 1 
1 0 0 0 0 F 0 1 
1 # 0 # 0 0 0 1 
1 F 0 0 0 H 0 S 
1 0 0 1 H H 0 1 
G 0 0 0 0 0 0 1 
1 1 1 1 1 1 1 1 
p61 U65 T5

Map8
1 1 G 1 1 1 1 1 
1 0 0 0 1 0 0 1 
1 0 0 F 0 0 0 1 
1 0 0 0 0 0 0 1 
1 0 0 0 # 0 0 1 
1 0 0 0 1 0 0 S 
1 0 0 F 0 1 0 1 
1 1 1 1 1 1 1 1 
L63 p13 T4

Map8
1 1 1 1 1 S 1 1 
1 H # 0 0 0 0 1 
1 0 H # # 0 0 1 
1 0 0 # 1 0 # 1 
1 0 0 0 0 1 # 1 
1 0 0 H 0 # H 1 
1 0 0 0 0 1 # 1 
1 G 1 1 1 1 1 1 
D31 P34 T7

Map8
1 1 1 1 1 1 1 1 
1 1 H 0 # F 0 1 
1 # # 0 # F 0 1 
1 0 F 0 1 0 0 S 
G 0 0 0 H 0 H 1 
1 H 0 # 0 0 # 1 
1 0 0 0 0 1 0 1 
1 1 1 1 1 1 1 1 
D31 p33 T8

Map8
1 S 1 1 1 1 1 1 
1 0 0 F 0 1 1 1 
1 0 0 0 1 0 0 1 
1 0 0 0 1 0 0 G 
1 0 0 0 0 0 1 1 
1 F 0 0 0 0 0 1 
1 1 F 0 F 1 0 1 
1 1 1 1 1 1 1 1 
R14 P33 T7

Map8
1 1 S 1 1 1 1 1 
1 0 0 H F 0 0 1 
1 0 0 0 0 # # 1 
1 F 0 H H 0 H 1 
1 1 0 0 0 0 # 1 
1 # 0 # 0 0 0 1 
1 0 # 0 0 0 H 1 
1 1 1 G 1 1 1 1 
p23 d34 T8

Map8
1 1 1 1 1 1 1 1 
1 0 0 0 # 0 0 1 
1 # 0 # 1 1 0 1 
1 0 0 0 0 # 0 G 
1 # 0 0 # H # 1 
1 0 0 0 0 0 0 1 
1 0 0 0 H # 0 1 
1 1 1 1 1 S 1 1 
p62 L65 T6

Map8
1 1 1 1 1 1 1 1 
1 0 0 # # 0 # 1 
1 1 F F # 0 0 G 
1 0 0 F 0 0 # 1 
1 0 0 0 H 0 0 1 
1 0 1 0 0 0 0 1 
1 # 0 0 F 0 0 1 
1 1 1 S 1 1 1 1 
L43 p51 T8

Map8
1 1 1 1 1 1 1 1 
1 0 0 0 1 0 # 1 
G 0 # 0 0 # 0 1 
1 0 0 0 H F H 1 
1 # 0 0 1 0 0 1 
S 0 F # 0 1 1 1 
1 0 0 0 F 0 0 1 
1 1 1 1 1 1 1 1 
p11 U16 T3

Map8
1 1 1 1 1 1 1 1 
1 0 0 H 1 0 # 1 
1 0 0 1 H 1 0 1 
1 0 0 0 H 1 0 1 
S 0 0 # 0 H 0 1 
1 0 0 0 0 0 H 1 
1 0 1 0 # 0 0 1 
1 1 1 1 G 1 1 1 
D44 R25 T2

Map8
1 1 1 1 1 1 1 1 
1 0 H 1 0 1 0 1 
1 F 0 1 1 0 0 1 
1 0 0 0 F 0 0 1 
1 # # 0 0 0 1 1 
1 F 0 0 F H 1 1 
1 0 1 F # 0 0 1 
1 1 1 G S 1 1 1 
d34 L54 T4

Map8
1 1 1 1 G 1 1 1 
1 0 0 0 0 1 H 1 
1 0 0 0 0 0 0 1 
1 0 0 0 H 0 0 1 
1 0 # H 0 0 0 1 
1 0 0 H 0 1 0 1 
1 0 0 1 0 0 0 1 
1 1 1 1 1 S 1 1 
L62 U54 T7

Map8
1 S 1 1 1 1 1 1 
1 # # 0 H 1 0 1 
1 0 F 1 0 0 H 1 
1 0 0 0 1 F F 1 
1 H F 0 0 0 H 1 
1 0 0 0 F 0 0 1 
1 1 0 # H 1 0 1 
1 1 1 G 1 1 1 1 
R13 P31 T5

Map8
1 1 1 S 1 1 1 1 
1 0 0 0 0 F 1 1 
1 0 # 0 F 1 0 1 
1 0 0 0 H 0 0 1 
1 1 0 0 H 0 0 1 
1 0 0 F 0 F 0 1 
1 H # 0 1 0 0 1 
1 1 1 1 1 G 1 1 
P33 p24 T10

Map8
1 1 1 1 1 1 1 1 
1 0 # 1 # 0 0 1 
G 0 0 0 F 1 F 1 
1 # 0 1 1 0 0 1 
1 0 0 # F 0 # 1 
1 0 0 0 0 0 1 1 
1 # # 0 F 1 F 1 
1 1 1 1 S 1 1 1 
R35 D23 T10

Map8
1 1 1 1 1 1 1 1 
1 1 0 H 0 0 0 1 
1 1 1 # 0 0 0 1 
1 0 0 0 0 H 0 S 
1 1 0 F 0 # 0 1 
1 1 # 0 F 0 # G 
1 0 1 0 F 0 0 1 
1 1 1 1 1 1 1 1 
P61 U64 T6

Map8
1 1 1 1 1 1 1 1 
1 0 0 # 0 # 0 1 
1 F H # 0 0 0 S 
1 # 1 0 0 1 H 1 
1 0 0 0 # # F 1 
1 0 F H 0 0 H 1 
1 0 1 0 # # 1 1 
1 1 1 1 1 G 1 1 
d41 U33 T7

Map8
1 G 1 1 1 1 1 1 
1 F # 0 0 0 0 1 
1 # 0 0 0 # 1 1 
1 1 1 0 0 0 H 1 
1 0 0 0 1 0 0 1 
1 # 0 0 H 0 0 S 
1 0 0 0 H 0 0 1 
1 1 1 1 1 1 1 1 
U56 p51 T4

Map8
1 1 1 1 1 1 1 1 
1 0 H 0 H 1 # 1 
G 0 0 1 1 # 0 1 
1 0 0 H # 0 0 1 
1 H 0 0 # 0 0 1 
1 1 # F 0 1 0 S 
1 0 # 0 0 0 0 1 
1 1 1 1 1 1 1 1 
P16 L22 T6

Map8
1 1 G 1 1 1 1 1 
1 0 0 1 0 0 0 1 
1 0 H 0 H 0 0 1 
1 0 0 0 0 0 H 1 
1 1 0 1 0 H H 1 
1 0 0 0 0 0 0 1 
S 0 0 0 0 0 0 1 
1 1 1 1 1 1 1 1 
L53 L36 T9

Map8
1 1 1 1 1 1 1 1 
1 1 0 0 F 0 F G 
1 H # # 1 H 0 1 
1 0 F 0 1 0 0 1 
1 0 # 0 0 0 0 1 
1 0 1 1 0 0 0 1 
1 1 0 0 1 0 0 S 
1 1 1 1 1 1 1 1 
p14 L64 T5

Map8
1 1 1 1 1 G 1 1 
1 0 0 0 0 0 # 1 
S F 0 0 0 0 F 1 
1 1 1 H 0 0 0 1 
1 0 1 H 0 0 0 1 
1 H F 0 0 0 0 1 
1 1 0 F 0 1 1 1 
1 1 1 1 1 1 1 1 
D41 P44 T5

Map8
1 1 1 1 1 1 1 1 
1 # 0 0 0 # 0 1 
1 H 0 0 0 0 0 G 
1 # 0 # F 0 F 1 
S 0 0 # 0 H 0 1 
1 0 0 0 # 0 0 1 
1 1 0 # 0 0 0 1 
1 1 1 1 1 1 1 1 
p21 U25 T3

Map8
1 1 1 1 1 1 1 1 
1 H H 0 1 1 0 1 
1 0 # F 0 0 1 1 
1 F 0 0 1 0 0 1 
G 0 1 0 F 0 0 1 
1 0 # # 0 # F 1 
1 # 0 F 1 H 0 1 
1 1 S 1 1 1 1 1 
U66 R15 T6

Map8
1 1 1 1 G 1 1 1 
1 H # 0 # # 0 1 
S F 0 0 H 0 0 1 
1 F 0 # H H 0 1 
1 1 0 0 0 # 0 1 
1 F 0 0 0 F 0 1 
1 0 0 0 0 0 H 1 
1 1 1 1 1 1 1 1 
D31 P35 T5

Map8
1 1 1 1 1 1 1 1 
1 0 0 0 0 F 0 1 
1 0 # F 1 F 0 1 
1 1 1 0 0 0 0 1 
1 0 H 0 F H 1 1 
1 H 0 0 0 0 H 1 
1 0 0 0 # 0 0 1 
1 1 G 1 1 S 1 1 
p16 L66 T3

Map8
1 1 1 1 1 1 1 1 
1 0 0 0 0 H 1 1 
1 # # 0 # 0 0 1 
G # F # F 0 0 1 
1 0 # H 0 0 0 1 
1 # 0 H H 0 0 S 
1 0 H # 0 0 0 1 
1 1 1 1 1 1 1 1 
p62 U66 T3

Map8
1 1 G 1 1 1 S 1 
1 0 0 1 0 0 0 1 
1 # 1 1 # 0 0 1 
1 0 0 F # 0 0 1 
1 0 F 0 0 F F 1 
1 0 0 0 # 1 0 1 
1 0 0 1 0 # 1 1 
1 1 1 1 1 1 1 1 
L63 D51 T5

Map8
1 1 1 1 1 1 1 1 
1 0 1 1 F F 1 1 
1 0 0 0 # # 0 1 
1 0 F 0 H H 0 1 
1 # # # F 0 0 G 
1 0 0 H F # # S 
1 1 0 # 0 0 H 1 
1 1 1 1 1 1 1 1 
U56 R54 T3

Map8
1 1 1 1 1 1 1 1 
G 0 1 0 F H H 1 
1 0 H 1 0 0 H 1 
1 0 0 0 1 1 0 1 
1 H 0 0 0 0 0 1 
S F 0 1 0 0 0 1 
1 0 0 0 0 0 0 1 
1 1 1 1 1 1 1 1 
p36 D24 T9

Map8
1 1 1 1 G 1 1 1 
1 0 0 0 0 H # 1 
1 F # # 0 0 0 S 
1 0 # 0 # 0 0 1 
1 0 # 1 1 0 0 1 
1 H H 0 # 0 0 1 
1 # 0 H 0 F 0 1 
1 1 1 1 1 1 1 1 
l63 U42 T8

Map8
1 1 1 1 1 1 1 1 
1 0 0 0 F 0 0 1 
1 1 0 F # 0 F 1 
1 0 H 0 1 0 0 1 
1 F 0 # 0 0 0 1 
1 0 0 0 0 0 0 G 
1 0 0 0 1 0 0 1 
1 S 1 1 1 1 1 1 
R15 P36 T3

Map8
1 1 G 1 1 1 1 1 
1 # 0 0 0 0 0 1 
1 0 1 0 0 0 0 S 
1 # 0 0 0 0 0 1 
1 H 0 # 0 0 0 1 
1 # H 0 0 0 0 1 
1 0 0 0 # 0 0 1 
1 1 1 1 1 1 1 1 
L43 D31 T4

Map8
1 1 G 1 1 1 1 1 
1 0 0 0 F 0 1 1 
S 0 H 0 0 F 1 1 
1 0 0 0 0 0 0 1 
1 0 0 0 0 0 0 1 
1 0 0 0 0 0 0 1 
1 0 0 0 0 1 0 1 
1 1 1 1 1 1 1 1 
L51 D11 T4

Map8
1 1 1 1 1 G 1 1 
1 0 0 # 0 0 H 1 
1 0 # 0 0 0 0 1 
1 H 0 0 0 0 0 1 
1 0 # 0 0 0 # 1 
1 0 0 1 0 0 0 1 
1 0 # 0 0 0 # 1 
1 S 1 1 1 1 1 1 
U55 R14 T3

Map8
1 1 1 1 1 1 1 1 
1 0 H 0 0 0 0 S 
1 1 # 0 # H 0 1 
1 0 # 0 0 1 0 1 
1 # 0 0 0 0 0 1 
G 0 # 0 0 H 0 1 
1 H 0 1 # 0 0 1 
1 1 1 1 1 1 1 1 
p24 R41 T8

Map8
1 G 1 1 1 1 1 1 
1 0 0 F 1 1 0 1 
1 0 0 0 0 1 H 1 
1 1 1 F 1 H # 1 
1 1 # # F # H 1 
1 0 0 0 H 0 H 1 
1 0 0 # 0 # # 1 
1 S 1 1 1 1 1 1 
U35 L42 T5

Map8
1 1 1 1 1 1 1 1 
1 0 F # 0 0 # 1 
1 0 0 0 # 0 0 1 
1 0 0 # F 0 F 1 
1 1 # 0 H 0 # 1 
1 0 0 # 0 0 0 1 
1 F F 1 0 0 0 S 
1 1 G 1 1 1 1 1 
p66 P15 T7

Map8
1 1 1 1 1 1 1 1 
1 0 # H # 0 1 1 
1 0 0 H 0 H 0 1 
1 0 0 0 0 0 0 1 
1 H 0 0 0 0 0 1 
1 # # 0 0 0 0 1 
G 0 H # # # # 1 
1 1 1 1 1 1 S 1 
p43 p64 T10

Map8
1 1 1 1 1 1 1 1 
1 0 0 0 F 0 0 S 
1 1 0 0 0 0 0 1 
1 0 F 1 0 F 1 1 
1 0 0 0 0 0 F 1 
1 1 0 0 1 0 0 G 
1 H 0 0 0 0 0 1 
1 1 1 1 1 1 1 1 
D51 P56 T4

Map8
1 1 1 1 1 G S 1 
1 0 0 0 1 F 0 1 
1 # 0 0 0 0 0 1 
1 0 0 0 0 0 0 1 
1 0 0 # 0 0 # 1 
1 F F F 0 0 0 1 
1 0 0 # H F 0 1 
1 1 1 1 1 1 1 1 
p62 u53 T6

Map8
1 1 1 1 1 1 1 1 
1 0 # 0 0 1 0 1 
1 # 0 0 0 1 0 1 
1 H 0 0 0 0 H 1 
1 0 0 # 0 0 0 1 
1 0 0 1 1 1 0 G 
S 0 F 0 H 0 1 1 
1 1 1 1 1 1 1 1 
R14 L36 T6

Map8
1 1 1 1 1 1 1 1 
1 0 0 1 0 0 0 1 
1 0 0 0 0 # 0 1 
G # H 0 H 0 0 1 
1 # 0 0 0 0 0 1 
1 0 0 0 0 0 0 S 
1 1 0 0 0 0 0 1 
1 1 1 1 1 1 1 1 
p65 r12 T8

Map8
1 1 1 1 1 1 1 1 
1 0 0 0 0 F 0 1 
1 0 F H 0 0 0 1 
1 0 0 0 H H H 1 
G 0 0 0 0 0 0 1 
1 # F 1 0 0 0 1 
1 0 0 0 0 0 F 1 
1 1 1 1 1 1 S 1 
U56 L64 T2

Map8
1 1 1 1 1 1 1 1 
1 1 F 0 1 F 0 1 
1 0 1 F # 1 0 1 
1 0 # 0 # F 0 1 
1 1 0 0 # 0 0 1 
1 0 0 # 1 0 # 1 
1 H # 0 0 1 # S 
1 1 1 G 1 1 1 1 
p64 D33 T6

Map8
1 1 1 1 1 1 1 1 
1 1 0 F 1 0 0 1 
1 0 0 0 0 0 0 1 
1 0 F 1 1 0 0 1 
1 0 0 0 0 # 0 1 
1 1 0 1 0 0 F S 
1 0 # 0 0 0 0 1 
1 1 1 G 1 1 1 1 
U46 P14 T5

Map8
1 1 1 1 1 1 1 1 
1 # 0 1 0 0 H 1 
1 1 0 H 0 0 0 S 
1 1 0 0 F 0 0 1 
1 0 0 0 0 0 0 1 
1 0 1 F 0 0 H 1 
G F 0 0 0 H 0 1 
1 1 1 1 1 1 1 1 
P42 P54 T7

Map8
1 1 1 1 1 1 1 1 
1 1 0 1 0 F 0 S 
1 F 0 0 0 0 F 1 
1 # 0 F H 0 0 G 
1 0 0 0 0 F 0 1 
1 0 0 1 H 0 0 1 
1 0 0 0 0 0 1 1 
1 1 1 1 1 1 1 1 
P22 L52 T8

Map8
1 1 1 1 1 1 1 1 
S 0 1 1 0 0 0 1 
1 # 0 F # 0 0 1 
1 0 0 1 0 0 0 1 
1 1 0 0 # H # 1 
1 # 0 0 # 0 0 1 
1 0 # F 0 H H 1 
1 1 1 G 1 1 1 1 
L55 U25 T9

Map8
1 G 1 1 1 1 1 1 
1 0 1 1 0 # F 1 
1 0 F 1 0 # H 1 
1 0 0 0 0 0 0 1 
1 F # 0 0 0 0 1 
1 # # 0 1 # # 1 
1 H # F F 0 0 1 
1 1 1 1 1 1 S 1 
P44 L63 T4

Map8
1 1 G 1 1 1 1 1 
1 0 # 1 0 0 H 1 
1 0 0 # 0 # 0 1 
1 H 0 F 0 0 0 1 
1 0 0 1 0 F 0 1 
1 0 H 0 1 0 0 1 
1 1 0 0 0 1 0 S 
1 1 1 1 1 1 1 1 
P43 L62 T7

Map8
1 1 1 1 1 1 1 1 
G 0 0 0 1 0 0 1 
1 H H 0 0 0 0 1 
1 F # 0 0 0 0 1 
1 0 H # 0 0 0 1 
1 0 0 0 0 0 0 1 
1 0 0 0 H 0 0 S 
1 1 1 1 1 1 1 1 
U36 P56 T6

Map8
1 1 1 1 1 1 1 1 
1 0 F # H 0 0 1 
1 0 1 1 # 1 0 1 
1 H 0 0 0 0 0 1 
1 # F # 0 # 1 1 
1 0 # F F 0 # S 
1 0 1 0 0 0 1 1 
1 1 1 1 G 1 1 1 
p43 U36 T6

Map8
1 1 G 1 1 1 1 1 
1 F 0 0 0 0 1 1 
1 0 0 0 0 H 0 1 
1 F 0 0 0 0 0 1 
1 0 0 0 0 0 0 1 
1 0 0 0 0 0 0 1 
1 0 H H H 0 0 1 
1 1 1 1 1 S 1 1 
p14 L64 T3

Map8
1 1 1 1 1 1 1 1 
1 0 0 1 F 0 1 1 
1 0 0 0 0 1 0 1 
G 0 0 1 0 1 0 1 
1 H 0 0 1 1 0 S 
1 0 0 0 0 0 0 1 
1 # 0 0 0 0 # 1 
1 1 1 1 1 1 1 1 
P22 P36 T9

Map8
1 1 1 1 S 1 1 1 
1 0 F 1 0 0 # 1 
1 0 0 # # 1 0 1 
1 H 0 0 F 0 0 1 
1 0 # 0 0 0 0 G 
1 0 # 0 # 0 F 1 
1 # F # 0 H 0 1 
1 1 1 1 1 1 1 1 
P33 P46 T6

Map8
1 1 1 1 1 1 1 1 
1 # H F 0 0 0 1 
1 # 0 0 # 0 # 1 
1 0 0 0 # # 0 1 
1 1 0 0 F 0 H 1 
1 0 0 0 0 0 0 1 
1 F 1 H 0 0 0 1 
1 G 1 1 1 1 S 1 
L65 P46 T4

Map8
1 1 1 S 1 1 1 1 
1 # # 0 # F 0 1 
1 0 0 0 0 H 0 1 
1 F # F 0 0 F G 
1 # 0 0 0 1 # 1 
1 0 0 H 0 0 0 1 
1 0 0 0 0 0 0 1 
1 1 1 1 1 1 1 1 
P15 L42 T5

Map8
1 1 1 1 1 1 S 1 
1 0 F 0 # # F 1 
1 1 H # 0 0 0 1 
1 # # 0 H 0 # 1 
G 0 # 0 0 0 0 1 
1 0 0 0 0 0 F 1 
1 F 0 0 0 0 0 1 
1 1 1 1 1 1 1 1 
L64 D52 T2

Map8
1 S 1 1 G 1 1 1 
1 F 0 F # # 0 1 
1 0 # 0 0 F # 1 
1 1 0 0 F 0 0 1 
1 0 0 0 0 # 0 1 
1 1 0 # 0 # 0 1 
1 1 H H # 0 0 1 
1 1 1 1 1 1 1 1 
U42 p12 T5

Map8
1 1 1 1 1 1 1 1 
1 1 0 0 0 0 # 1 
1 0 0 0 0 # 0 1 
G 0 0 1 0 H # 1 
1 0 H 0 0 0 0 S 
1 0 0 1 0 F 0 1 
1 0 F 0 H 1 # 1 
1 1 1 1 1 1 1 1 
L23 P34 T6

Map8
1 1 1 1 1 1 1 1 
1 1 0 0 0 0 F 1 
1 1 H H 0 0 0 1 
1 0 # 0 0 0 F 1 
S 0 0 0 0 0 # 1 
1 0 1 F H 0 1 1 
1 0 H 1 0 0 1 1 
1 1 1 1 G 1 1 1 
U44 P41 T10

Map8
1 1 1 1 1 1 1 1 
1 0 0 1 0 0 0 1 
1 0 0 0 0 0 0 1 
1 0 0 0 0 0 0 1 
1 0 0 0 0 0 0 1 
S # H 0 0 0 0 1 
1 0 0 0 0 0 0 1 
1 1 G 1 1 1 1 1 
U16 P11 T5

Map8
1 1 1 1 1 1 1 1 
1 0 0 # H F 0 1 
1 # # 0 H 0 H 1 
1 0 0 0 0 0 0 1 
1 # 0 0 H F 0 1 
1 F 0 1 F 0 0 1 
1 0 0 F # 0 0 1 
1 S 1 1 1 1 G 1 
P32 r13 T5

Map8
1 1 1 1 1 1 1 1 
1 0 0 1 0 F 0 1 
1 1 0 0 0 0 0 1 
1 0 0 0 # 0 0 S 
1 0 0 0 0 0 # 1 
1 0 0 0 0 F 0 1 
1 H # 0 0 0 0 1 
1 1 1 G 1 1 1 1 
p63 d33 T6

Map8
1 1 1 1 1 1 1 1 
1 0 H 0 0 0 H 1 
G 0 0 0 0 0 0 1 
1 0 1 H 0 0 0 1 
1 0 0 0 0 0 0 1 
1 0 0 0 0 1 0 1 
1 0 H 0 H 0 0 1 
1 1 1 1 1 1 S 1 
L62 U54 T2

Map8
1 1 1 G 1 1 1 1 
1 # # 0 0 0 F 1 
1 H 0 # 0 F 0 1 
1 0 0 0 H H F 1 
1 0 1 F 0 H 0 1 
1 0 0 # H # 0 1 
1 # 0 0 0 0 # 1 
1 1 1 1 S 1 1 1 
L56 u36 T4

Map8
1 1 1 1 1 1 1 1 
1 0 0 1 0 0 H 1 
1 1 # # 1 0 H 1 
1 0 # F 0 0 # 1 
1 0 0 1 0 0 0 1 
1 0 0 0 # 0 0 1 
1 H # # F 0 0 1 
1 1 1 G S 1 1 1 
p64 d35 T8

Map8
1 1 1 1 1 1 1 1 
1 # # F H 1 0 1 
1 F 0 H 0 0 0 S 
1 F 0 0 0 # 1 1 
G 0 0 F 0 1 1 1 
1 # 1 0 0 # H 1 
1 H # 0 # # H 1 
1 1 1 1 1 1 1 1 
l44 D42 T6

Map8
1 1 1 1 1 1 1 1 
1 # 0 0 0 F 0 1 
G F 0 0 F 0 0 1 
1 0 0 1 # 0 0 1 
1 1 0 0 0 0 0 1 
S 0 0 0 0 0 H 1 
1 0 0 0 F 1 0 1 
1 1 1 1 1 1 1 1 
p21 U26 T3

Map8
1 1 1 1 1 S 1 1 
1 0 0 F 0 0 0 1 
1 1 1 0 0 0 F 1 
1 0 0 # 0 F 0 G 
1 0 # 0 0 0 0 1 
1 1 0 0 0 0 0 1 
1 0 0 0 1 1 # 1 
1 1 1 1 1 1 1 1 
u44 L64 T6

Map8
1 1 1 1 1 1 1 1 
1 H 0 0 0 1 1 1 
S 0 0 0 F 1 0 1 
G F # # F 1 0 1 
1 1 H 0 0 0 1 1 
1 0 0 # 0 0 F 1 
1 0 F 0 0 0 0 1 
1 1 1 1 1 1 1 1 
P32 p45 T9

Map8
1 1 1 1 1 1 S 1 
1 0 0 H 1 0 0 1 
1 1 0 0 # # 0 1 
1 0 # # 0 # H 1 
1 0 0 H 1 1 0 1 
1 0 0 0 # 1 0 1 
1 0 0 1 0 1 0 1 
1 1 1 1 G 1 1 1 
L62 p24 T7

Map8
1 1 1 1 1 1 1 1 
1 0 0 0 F 0 0 1 
1 1 0 0 0 0 0 G 
S 0 0 F 0 0 F 1 
1 0 0 0 F 0 0 1 
1 0 0 # 0 F 0 1 
1 1 0 1 0 0 1 1 
1 1 1 1 1 1 1 1 
p31 P23 T8

Map8
1 1 1 1 1 G 1 1 
1 H 0 F 0 0 0 1 
1 F 0 0 # # 0 1 
1 1 0 F # F 0 1 
1 H 0 1 H 0 1 1 
1 0 0 0 1 0 # 1 
1 0 0 # 1 # F 1 
1 S 1 1 1 1 1 1 
P15 p41 T8

Map8
1 1 1 1 1 1 1 1 
1 H 0 0 F 0 0 1 
1 1 0 0 0 0 H 1 
1 0 0 0 # 0 0 1 
G F 0 # H 0 # 1 
1 F 0 0 0 0 0 S 
1 1 0 1 0 0 1 1 
1 1 1 1 1 1 1 1 
l24 U26 T4

Map8
1 1 1 1 1 1 S 1 
1 H 0 1 0 0 0 1 
1 0 0 0 0 H 0 1 
1 0 F 1 # H 0 G 
1 0 0 0 0 0 # 1 
1 1 1 H 0 F 0 1 
1 # 0 H 0 0 F 1 
1 1 1 1 1 1 1 1 
P62 P45 T6

Map8
1 1 1 1 1 1 1 1 
1 0 0 0 H 1 H 1 
1 0 1 0 # 1 0 1 
1 0 0 0 0 0 1 1 
S 0 0 F H 0 H 1 
1 0 1 0 0 0 0 1 
1 0 # 0 H 0 0 1 
1 1 1 1 1 1 G 1 
r33 U35 T7

Map8
1 1 1 1 1 1 1 1 
1 0 0 0 F 0 0 1 
1 H 1 0 0 0 1 1 
1 0 0 # 0 0 1 1 
1 0 0 0 0 F 0 1 
1 0 H F 0 # 0 1 
1 0 F 0 0 0 0 1 
1 1 S 1 G 1 1 1 
L36 P13 T6

Map8
1 1 1 1 1 1 1 1 
1 H 0 0 F 0 0 1 
1 0 0 # 0 H 0 1 
G 0 0 1 1 F 0 1 
1 H # # 0 # 0 1 
1 0 1 H # 1 0 S 
1 F F 0 0 0 0 1 
1 1 1 1 1 1 1 1 
L23 D21 T7

Map8
1 1 1 1 1 1 1 1 
1 H 1 0 0 F 0 1 
1 0 0 0 0 0 0 1 
1 0 0 F 0 0 0 1 
1 0 0 0 H 0 0 1 
G 0 H # 0 0 0 1 
1 0 0 F 0 0 0 1 
1 1 S 1 1 1 1 1 
R16 P61 T5

Map8
1 1 1 1 1 1 1 1 
1 0 0 0 H 0 0 S 
1 H 0 F 0 0 0 1 
1 0 0 0 0 0 0 1 
1 0 0 1 0 0 H 1 
1 F F H 0 0 0 1 
G 0 0 0 0 0 0 1 
1 1 1 1 1 1 1 1 
L63 D51 T5

Map8
1 1 1 1 1 1 1 1 
1 0 1 0 0 1 H 1 
1 0 1 0 0 0 0 1 
1 1 0 0 0 1 1 1 
1 F F 0 0 H 0 1 
1 0 0 0 0 0 0 1 
1 0 1 H 0 0 0 1 
1 1 1 1 G S 1 1 
L65 p15 T5

Map8
1 1 1 1 1 1 1 1 
1 0 0 0 0 1 0 1 
G 0 0 0 0 H 0 1 
1 0 # 0 0 0 1 1 
1 0 # H 0 0 0 S 
1 1 0 0 0 0 0 1 
1 0 # 0 0 0 0 1 
1 1 1 1 1 1 1 1 
P16 D43 T6

Map8
1 1 1 1 1 1 1 1 
1 0 0 # 0 0 0 1 
1 # 0 0 H 1 # 1 
1 F 0 1 0 # 0 1 
1 1 # 0 0 0 0 1 
1 0 0 # 1 H # S 
1 0 # 0 0 0 0 1 
1 G 1 1 1 1 1 1 
U66 l64 T8

Map8
1 1 1 1 1 1 1 1 
1 0 0 1 0 0 0 1 
1 F 0 F 0 # # 1 
1 0 0 # 0 1 0 1 
1 0 1 0 0 0 1 1 
1 0 0 0 F F 1 1 
1 # 0 # H 0 0 G 
1 1 1 S 1 1 1 1 
P43 P35 T10

Map8
1 1 1 1 1 1 1 1 
1 0 H 0 # 0 0 1 
1 0 0 0 0 H # 1 
1 0 0 0 0 0 0 1 
1 0 # 0 F 1 H 1 
1 F 0 # 0 # # 1 
1 # 0 0 0 0 0 1 
1 1 G 1 1 S 1 1 
L42 U36 T5

Map8
1 1 S G 1 1 1 1 
1 0 0 0 0 H 0 1 
1 0 0 0 0 0 0 1 
1 1 0 F 0 0 1 1 
1 H 1 0 0 H 1 1 
1 0 1 0 1 1 0 1 
1 H 0 0 H 0 0 1 
1 1 1 1 1 1 1 1 
p21 p32 T7

Map8
1 G 1 1 1 1 1 1 
1 # 0 # 0 1 0 1 
1 1 F 0 0 # # 1 
1 H 1 0 0 0 0 1 
1 # F 0 0 0 0 1 
S 0 0 F F 0 0 1 
1 0 0 0 # 0 0 1 
1 1 1 1 1 1 1 1 
L63 u55 T6

Map8
1 1 1 1 S 1 1 1 
1 0 1 0 0 1 0 1 
1 0 0 # 0 F 0 1 
1 # # 0 # # 0 1 
1 0 0 0 0 0 H 1 
1 1 # 0 # H 0 1 
1 # 0 F H 0 H 1 
1 1 G 1 1 1 1 1 
p14 L54 T3

Map8
1 1 1 1 1 1 1 1 
1 0 0 0 0 0 0 1 
1 F F F H # 0 1 
G 0 # 0 0 0 H 1 
S 0 # 0 F 0 0 1 
1 1 1 0 0 0 0 1 
1 0 0 0 # F 0 1 
1 1 1 1 1 1 1 1 
P41 P34 T5

Map8
1 1 1 1 1 1 1 1 
S 0 0 0 0 0 H 1 
1 0 1 0 0 0 1 1 
1 F 0 0 0 0 0 1 
1 F 0 0 0 0 0 1 
1 F 0 # 0 0 0 1 
1 0 0 0 0 0 0 1 
1 1 1 1 1 G 1 1 
R32 D51 T2

Map8
1 1 S 1 1 1 1 1 
1 1 0 0 0 # 0 1 
1 0 # 0 0 1 1 1 
G 0 H # # 0 0 1 
1 0 0 # F 0 0 1 
1 0 # 1 0 0 F 1 
1 0 1 0 0 F 0 1 
1 1 1 1 1 1 1 1 
R12 D31 T4

Map8
1 1 1 1 1 1 1 1 
1 0 0 0 0 # 0 1 
1 0 H 1 F 0 # S 
1 0 # 0 F 0 0 1 
1 1 0 0 1 # 0 1 
1 0 1 0 0 0 # 1 
1 0 0 0 0 0 F 1 
1 1 G 1 1 1 1 1 
p36 D52 T8

Map8
1 1 1 1 1 1 1 1 
1 0 0 H 0 0 0 1 
1 0 0 0 F 0 0 1 
1 1 1 # 1 0 0 1 
1 0 0 1 0 0 0 1 
G F 0 0 0 1 0 1 
1 0 0 H 0 0 0 1 
1 1 1 1 1 S 1 1 
R46 p65 T6

Map8
1 1 1 1 1 1 1 1 
1 0 0 0 0 0 0 S 
1 1 H H 0 F 0 1 
1 0 0 0 F # 0 1 
1 F H # 0 0 0 G 
1 0 0 0 0 0 0 1 
1 0 1 0 0 0 F 1 
1 1 1 1 1 1 1 1 
r54 p61 T6

Map8
1 1 1 1 1 1 1 1 
1 0 F 0 0 0 F 1 
G 0 0 0 0 0 0 1 
1 0 0 0 0 1 0 1 
1 H 0 F 0 1 0 S 
1 H 0 # 0 F 0 1 
1 0 0 F 0 0 0 1 
1 1 1 1 1 1 1 1 
R13 P16 T8

Map8
1 1 1 G 1 1 1 1 
1 F 0 0 0 # 0 1 
1 1 0 # 1 H 0 1 
1 0 1 F 0 0 0 1 
1 0 1 0 0 1 0 1 
1 # # 1 0 0 H 1 
1 0 0 # 0 0 # S 
1 1 1 1 1 1 1 1 
P43 U46 T5

Map8
1 S 1 1 G 1 1 1 
1 0 0 # 0 0 1 1 
1 0 0 0 0 # 0 1 
1 # 0 0 0 0 0 1 
1 # # 0 1 H 1 1 
1 0 1 0 0 0 1 1 
1 1 0 0 0 # 0 1 
1 1 1 1 1 1 1 1 
p51 r21 T5

Map8
1 G 1 1 1 1 1 1 
1 F 0 0 1 0 # 1 
1 0 0 1 # 0 # 1 
1 1 0 1 0 0 # 1 
1 0 0 0 0 0 0 1 
S 0 0 H F F 0 1 
1 0 F 0 0 0 0 1 
1 1 1 1 1 1 1 1 
U25 p21 T6

Map8
1 1 1 1 1 1 1 1 
1 0 0 0 0 0 # 1 
1 0 0 0 0 H 0 1 
S 0 # 0 0 0 # 1 
1 H 0 0 F 0 0 1 
1 0 0 0 0 F 0 1 
1 # # F 1 F 0 1 
1 1 1 1 1 G 1 1 
D53 R34 T2

Map8
1 1 1 1 1 1 1 1 
1 0 H 1 0 0 # G 
1 0 0 H # 1 0 1 
S # # 0 0 H 1 1 
1 0 0 # # 0 0 1 
1 0 0 0 0 # H 1 
1 0 0 0 1 0 H 1 
1 1 1 1 1 1 1 1 
P33 U45 T6

Map8
1 1 1 1 1 1 1 1 
1 1 0 0 0 0 0 1 
1 0 F 0 0 0 0 1 
G 0 0 F 0 H F S 
1 0 0 0 0 0 0 1 
1 F 0 F 0 0 0 1 
1 H 0 H 0 0 0 1 
1 1 1 1 1 1 1 1 
U64 l23 T6

Map8
1 1 1 1 1 S 1 1 
1 1 0 0 0 0 0 1 
1 0 1 # H F 1 1 
1 0 0 0 1 0 0 1 
1 F 0 F # 0 0 1 
1 # 0 0 F 1 0 1 
G F 0 0 1 H 0 1 
1 1 1 1 1 1 1 1 
L61 p21 T4

Map8
1 1 G 1 S 1 1 1 
1 0 # 0 0 F # 1 
1 H 0 0 F 0 0 1 
1 0 0 0 0 H 0 1 
1 0 0 0 0 0 0 1 
1 0 1 0 0 H 0 1 
1 0 F 0 0 F 1 1 
1 1 1 1 1 1 1 1 
L54 p14 T3

Map10
1 1 1 1 1 1 1 1 1 1 
1 1 # 1 # 0 0 H 0 1 
1 S 0 # 0 H # 0 0 1 
1 1 1 0 F 0 0 H # 1 
1 1 0 0 0 H F 0 0 1 
1 G 0 0 H # 1 0 0 1 
1 1 0 F 0 1 # 0 0 1 
1 1 0 0 # 1 1 F 1 1 
1 1 1 1 1 1 1 1 1 1 
1 1 1 1 1 1 1 1 1 1 
P42 L35 T4

Map10
1 1 1 1 1 1 1 1 1 1 
1 1 1 1 G 1 1 1 1 1 
1 0 H 0 0 0 0 1 1 1 
1 1 0 0 0 F 0 # 1 1 
1 0 # 1 0 0 1 0 1 1 
1 0 1 H 0 0 F 0 S 1 
1 0 F 0 1 # 0 0 1 1 
1 F F 1 # 0 F 0 1 1 
1 # 0 F F # # 0 1 1 
1 1 1 1 1 1 1 1 1 1 
u43 U76 T5

Map10
1 1 1 1 1 1 1 1 1 1 
1 1 1 1 1 1 1 S 1 1 
1 1 F 0 # 0 0 0 0 1 
1 1 0 0 0 F 0 0 F 1 
1 G 0 0 0 0 0 0 H 1 
1 1 0 0 1 F 0 H # 1 
1 1 0 # 0 F 0 # F 1 
1 1 1 0 # 0 0 0 H 1 
1 1 H H H 0 0 F 0 1 
1 1 1 1 1 1 1 1 1 1 
D62 L74 T2

Map10
1 1 1 1 1 1 1 1 1 1 
1 1 1 1 1 1 1 1 1 1 
G # 0 F 0 1 0 # 1 1 
1 0 0 0 F 0 0 F 1 1 
S # H F 0 # 0 0 1 1 
1 # 0 0 H F 0 0 1 1 
1 0 0 0 1 0 F 0 1 1 
1 0 0 # 0 0 0 F 1 1 
1 0 0 F 0 0 0 0 1 1 
1 1 1 1 1 1 1 1 1 1 
D13 P68 T6

Map10
1 1 1 1 1 1 1 1 1 1 
1 1 S G 1 1 1 1 1 1 
1 1 0 F 0 0 0 F 0 1 
1 1 # # F 0 1 0 0 1 
1 1 F 0 0 0 0 0 # 1 
1 1 0 0 F 0 F 0 0 1 
1 1 # 0 # 1 0 0 0 1 
1 1 0 0 # 0 0 0 0 1 
1 1 # F 0 0 0 0 0 1 
1 1 1 1 1 1 1 1 1 1 
L55 p25 T5

Map10
1 1 1 1 1 G 1 1 1 1 
1 0 0 H 0 # 0 # 1 1 
1 0 0 H H 0 1 0 S 1 
1 0 0 F 0 0 1 0 1 1 
1 0 0 0 0 0 # F 1 1 
1 1 0 0 # 0 # 0 1 1 
1 # 0 F H 1 0 0 1 1 
1 0 # 0 0 H # 0 1 1 
1 1 1 1 1 1 1 1 1 1 
1 1 1 1 1 1 1 1 1 1 
p24 l75 T9

Map10
1 1 1 1 1 1 1 1 1 1 
1 1 1 G 1 1 1 1 1 1 
1 1 0 0 F # F # 1 1 
S 0 0 F 0 0 F 0 1 1 
1 0 0 H 0 1 1 # 1 1 
1 0 # 0 F 0 # 0 1 1 
1 1 0 0 0 0 0 0 1 1 
1 F 0 1 H 1 0 # 1 1 
1 F H 0 0 1 # 1 1 1 
1 1 1 1 1 1 1 1 1 1 
D22 R15 T4

Map10
1 1 1 1 1 1 1 1 1 1 
1 1 F 0 F 0 0 0 0 1 
1 1 0 H H 1 1 0 H 1 
1 1 0 F 0 0 1 0 0 1 
1 1 0 F 0 0 F 0 0 1 
1 1 0 0 0 # 0 H 0 1 
1 1 1 0 H F 0 1 0 1 
1 G 0 0 1 0 0 1 0 1 
1 1 1 1 1 1 S 1 1 1 
1 1 1 1 1 1 1 1 1 1 
p25 L65 T7

Map10
1 1 1 G 1 1 1 1 1 1 
1 1 0 0 0 0 F F 1 1 
1 1 0 # 0 # 1 0 0 1 
1 1 F 0 0 0 0 F 0 1 
1 1 0 1 1 0 # 0 0 1 
1 1 1 0 0 # # 0 0 1 
1 1 0 1 0 0 1 0 0 1 
1 1 0 0 # 0 # # 0 1 
1 1 1 1 1 1 1 S 1 1 
1 1 1 1 1 1 1 1 1 1 
P21 P75 T9

Map10
1 1 1 1 1 1 1 1 1 1 
1 1 1 1 G 1 1 1 1 1 
1 0 0 0 0 # 1 0 1 1 
1 0 0 0 0 1 H 0 1 1 
1 # # 0 # H 0 0 S 1 
1 0 0 0 0 0 0 0 1 1 
1 0 0 0 0 H 0 0 1 1 
1 # 0 # 0 H 0 0 1 1 
1 H 0 0 0 1 0 0 1 1 
1 1 1 1 1 1 1 1 1 1 
U46 P64 T5

Map10
1 1 1 1 1 1 1 1 1 1 
1 1 G 1 1 1 1 1 1 1 
1 0 0 0 0 0 0 0 1 1 
1 0 0 0 1 # 0 1 1 1 
1 H 0 0 H 0 # 0 1 1 
1 # 0 0 0 1 0 0 1 1 
1 # 0 0 0 F F 0 S 1 
1 1 # F 1 0 0 0 1 1 
1 0 0 0 0 0 1 0 1 1 
1 1 1 1 1 1 1 1 1 1 
U26 L45 T2

Map10
1 1 1 1 1 1 1 1 1 1 
1 1 G 1 1 1 1 1 1 1 
1 0 0 0 0 H 1 0 1 1 
1 1 F 0 0 0 # 0 1 1 
1 0 # # 0 0 0 0 1 1 
1 1 0 # # H 0 0 1 1 
1 0 0 0 0 H 0 0 S 1 
1 0 # # 0 F 0 0 1 1 
1 0 0 0 F 1 0 0 1 1 
1 1 1 1 1 1 1 1 1 1 
P66 U28 T5

Map10
1 1 1 1 1 1 1 1 1 1 
1 0 H F 0 # 0 0 1 1 
1 H 0 H 0 F F 0 S 1 
1 0 # # 0 # 0 0 1 1 
1 0 F 0 # 0 0 0 1 1 
1 0 F # 0 0 0 0 1 1 
1 0 # 0 0 F # H 1 1 
1 0 F 1 0 0 F 0 1 1 
1 1 1 1 1 1 G 1 1 1 
1 1 1 1 1 1 1 1 1 1 
U43 P74 T9

Map10
1 1 1 1 1 1 1 1 1 1 
1 1 1 1 1 S 1 1 1 1 
1 0 0 0 0 0 0 0 1 1 
1 # 0 F 0 0 0 1 1 1 
G 0 0 1 0 0 0 0 1 1 
1 # 1 0 0 0 0 0 1 1 
1 0 0 0 1 # 0 0 1 1 
1 1 # 1 0 0 0 1 1 1 
1 0 1 0 # H 0 0 1 1 
1 1 1 1 1 1 1 1 1 1 
p12 L62 T4

Map10
1 1 1 1 1 1 1 1 1 1 
1 0 0 0 0 H H 0 1 1 
1 H 0 0 1 # 0 0 G 1 
1 F 0 0 0 1 0 0 1 1 
1 0 F 0 0 # 0 1 1 1 
1 F # 0 # 0 F F 1 1 
1 1 0 F F 0 0 0 S 1 
1 0 0 0 0 0 0 0 1 1 
1 1 1 1 1 1 1 1 1 1 
1 1 1 1 1 1 1 1 1 1 
U67 R62 T3

Map10
1 1 1 1 1 1 1 1 1 1 
1 1 1 1 1 G 1 1 1 1 
1 1 0 H 1 0 0 0 0 1 
1 1 0 0 0 0 F 0 1 1 
1 1 # F 0 0 0 0 0 1 
1 S # 0 0 H 0 F 0 1 
1 1 0 F 0 H 0 # 0 1 
1 1 0 0 0 0 0 0 0 1 
1 1 0 0 0 0 0 H F 1 
1 1 1 1 1 1 1 1 1 1 
P48 D44 T5

Map10
1 1 1 1 1 1 1 1 1 1 
1 1 1 G 1 1 1 1 1 1 
1 0 0 0 0 # 0 0 1 1 
1 1 0 0 0 0 # # 1 1 
S 0 0 H 0 0 0 0 1 1 
1 0 0 0 0 1 0 0 1 1 
1 0 0 0 # 0 # 0 1 1 
1 0 # 0 1 0 1 H 1 1 
1 1 0 0 0 0 0 0 1 1 
1 1 1 1 1 1 1 1 1 1 
P22 P24 T10

Map10
1 1 1 1 1 1 1 1 1 1 
1 1 1 1 S 1 1 1 1 1 
1 0 0 0 # 0 0 0 1 1 
1 0 1 1 # 0 # 0 1 1 
1 0 0 0 0 0 # # 1 1 
G 0 0 0 H 0 0 0 1 1 
1 H 0 0 H H 0 0 1 1 
1 # F # 0 # 0 0 1 1 
1 0 0 0 0 0 0 0 1 1 
1 1 1 1 1 1 1 1 1 1 
P28 R34 T5

Map10
1 1 1 1 1 1 1 1 1 1 
1 1 S 1 1 1 1 1 1 1 
1 0 0 1 0 0 F F 1 1 
1 1 0 # 0 0 H 0 1 1 
1 0 0 # 0 0 0 0 1 1 
1 0 F 0 0 0 F F 1 1 
1 0 1 0 0 0 0 # 1 1 
G 0 H 0 0 0 0 0 1 1 
1 0 F 0 0 0 0 0 1 1 
1 1 1 1 1 1 1 1 1 1 
L35 U16 T6

Map10
1 1 1 1 1 1 1 1 1 1 
1 1 1 1 G 1 S 1 1 1 
1 1 # F 0 0 0 0 0 1 
1 1 0 0 H F 1 # 0 1 
1 1 0 0 0 # # # 0 1 
1 1 0 # 0 0 0 0 0 1 
1 1 0 0 0 0 0 # 0 1 
1 1 0 0 F 0 H 0 0 1 
1 1 F 0 0 0 # 0 0 1 
1 1 1 1 1 1 1 1 1 1 
R52 P85 T6

Map10
1 1 1 1 1 1 1 1 1 1 
1 1 0 1 0 0 0 F 0 1 
1 1 0 0 # 0 # F F 1 
1 1 0 # 1 F 0 F F 1 
1 1 0 0 1 # 0 1 0 1 
1 S 0 F 0 F 1 0 1 1 
1 1 0 # 1 1 0 0 # 1 
1 1 0 0 0 0 # 0 0 1 
1 1 G 1 1 1 1 1 1 1 
1 1 1 1 1 1 1 1 1 1 
U26 r24 T7

Map10
1 1 1 1 1 1 1 1 1 1 
1 S 0 0 0 0 0 F F 1 
1 1 0 F 0 # 0 # 0 1 
1 1 # 0 0 # 0 0 F 1 
1 1 0 0 0 F 0 0 0 1 
1 1 0 0 0 0 0 # 0 1 
1 1 # 0 0 H 0 F 1 1 
1 1 0 0 0 1 # 0 F 1 
1 1 1 1 1 1 1 G 1 1 
1 1 1 1 1 1 1 1 1 1 
P41 P82 T6

Map10
1 1 1 1 1 1 1 1 1 1 
1 1 1 1 1 1 1 1 1 1 
1 0 0 0 H 0 0 0 1 1 
1 0 0 # 0 0 0 0 G 1 
1 1 0 H F # 0 H 1 1 
1 0 F 0 0 0 0 0 S 1 
1 1 F 0 0 F 0 0 1 1 
1 0 # 0 0 H 0 0 1 1 
1 F 0 0 0 0 # H 1 1 
1 1 1 1 1 1 1 1 1 1 
U66 p62 T3

Map10
1 1 1 1 1 1 1 1 1 1 
1 0 0 0 0 # F H 1 1 
1 0 0 0 F 0 0 0 1 1 
1 0 0 0 # 0 0 F S 1 
1 H 0 0 0 0 # # 1 1 
1 0 F # H 1 0 0 G 1 
1 0 0 1 0 0 0 0 1 1 
1 0 0 0 0 0 0 F 1 1 
1 1 1 1 1 1 1 1 1 1 
1 1 1 1 1 1 1 1 1 1 
d63 P66 T5

Map10
1 1 1 1 1 1 1 1 1 1 
1 1 1 1 1 1 1 1 1 1 
1 0 0 # 0 # 0 # 1 1 
1 0 0 0 F 0 H 0 1 1 
S 0 0 0 # # F # 1 1 
G # 0 0 0 H H # 1 1 
1 0 0 0 0 0 0 0 1 1 
1 0 0 F 0 0 F H 1 1 
1 H 1 0 0 0 0 H 1 1 
1 1 1 1 1 1 1 1 1 1 
d22 p14 T8

Map10
1 1 1 1 1 1 1 1 1 1 
1 1 1 1 1 1 1 1 1 1 
1 0 0 0 1 H 0 # 1 1 
G 0 0 0 0 0 H 0 1 1 
1 0 0 0 0 # 0 0 1 1 
1 0 # 0 0 0 0 # 1 1 
S 0 H 0 0 # # 0 1 1 
1 0 # 0 # 0 0 0 1 1 
1 0 0 H 0 1 0 0 1 1 
1 1 1 1 1 1 1 1 1 1 
U17 p12 T3

Map10
1 1 1 1 1 1 1 1 1 1 
1 1 0 H 0 0 0 0 H 1 
1 1 0 0 1 F # # 0 1 
1 1 0 F 0 0 0 0 0 1 
1 1 F 0 H 0 0 1 0 1 
1 1 0 0 F 0 0 0 F 1 
1 1 0 F 0 0 F 0 0 1 
1 1 0 F # 0 0 0 0 1 
1 1 S 1 1 G 1 1 1 1 
1 1 1 1 1 1 1 1 1 1 
r23 p43 T6

Map10
1 1 1 1 1 G 1 1 1 1 
1 1 F H H 0 0 0 # 1 
1 1 F F 0 0 0 0 # 1 
1 1 0 0 F 0 # 0 0 1 
1 S 0 0 0 0 F # 0 1 
1 1 0 0 1 0 # 0 # 1 
1 1 # F F H 0 0 H 1 
1 1 0 0 F H 0 # 0 1 
1 1 1 1 1 1 1 1 1 1 
1 1 1 1 1 1 1 1 1 1 
P84 u54 T5

Map10
1 1 1 1 1 1 1 1 1 1 
1 1 1 1 1 S 1 1 1 1 
1 1 # 0 0 0 1 F 0 1 
1 1 # 0 0 0 0 0 0 1 
1 1 0 0 0 0 0 0 0 1 
1 1 0 0 0 0 0 0 0 1 
1 G F 0 0 0 1 0 1 1 
1 1 0 0 0 F 1 0 # 1 
1 1 0 1 1 0 1 0 0 1 
1 1 1 1 1 1 1 1 1 1 
L56 D44 T2

Map10
1 1 1 1 G 1 S 1 1 1 
1 0 1 0 # 0 0 0 1 1 
1 F 0 0 0 0 H 1 1 1 
1 0 # 0 F 1 0 0 1 1 
1 # # # 0 F 1 0 1 1 
1 # 1 # 0 0 0 H 1 1 
1 0 # 0 0 0 0 H 1 1 
1 0 0 0 0 0 0 0 1 1 
1 1 1 1 1 1 1 1 1 1 
1 1 1 1 1 1 1 1 1 1 
p31 L71 T3

Map10
1 1 1 1 1 1 1 1 1 1 
1 F 0 0 0 F # 0 1 1 
1 0 0 F 0 0 1 1 1 1 
1 0 0 H H # # F 1 1 
G 0 0 0 0 F 1 0 1 1 
S 0 0 F 0 0 0 0 1 1 
1 0 # # 0 0 # 1 1 1 
1 1 # F # 0 0 H 1 1 
1 1 1 1 1 1 1 1 1 1 
1 1 1 1 1 1 1 1 1 1 
l24 p45 T8

Map10
1 1 1 1 1 1 S 1 1 1 
1 1 0 0 0 # F F # 1 
1 1 0 1 0 0 0 0 0 1 
1 1 0 0 0 F 1 F 1 1 
1 1 1 0 0 0 # 0 F 1 
1 1 0 F 0 0 1 0 1 1 
1 G 0 0 0 1 0 0 0 1 
1 1 0 0 F 0 0 0 0 1 
1 1 1 1 1 1 1 1 1 1 
1 1 1 1 1 1 1 1 1 1 
L46 D34 T4

Map10
1 S G 1 1 1 1 1 1 1 
1 0 0 # 0 0 0 1 1 1 
1 # 0 0 # 0 0 0 1 1 
1 0 # 0 0 1 H 0 1 1 
1 0 1 0 1 0 # 0 1 1 
1 # 0 0 # H H H 1 1 
1 0 0 0 0 1 0 # 1 1 
1 0 1 0 H 0 0 H 1 1 
1 1 1 1 1 1 1 1 1 1 
1 1 1 1 1 1 1 1 1 1 
p11 p22 T7

Map10
1 1 1 1 1 1 1 1 1 1 
1 1 1 1 1 1 1 1 1 1 
1 0 0 # 0 0 1 H 1 1 
1 F 0 0 0 0 1 1 1 1 
1 0 0 0 0 0 0 0 1 1 
1 0 0 1 0 0 0 0 1 1 
1 0 F 0 0 0 H 0 S 1 
G 0 0 0 0 0 0 0 1 1 
1 0 0 0 0 0 0 0 1 1 
1 1 1 1 1 1 1 1 1 1 
U16 U77 T8

Map10
1 1 1 1 1 1 1 1 1 1 
1 0 0 0 0 0 1 F 1 1 
1 0 0 0 0 # F 0 1 1 
1 H 0 1 0 0 H 0 1 1 
1 F 0 1 0 1 0 F 1 1 
1 # 0 0 0 0 0 0 1 1 
S 0 0 0 0 0 0 F 1 1 
1 0 0 # 0 0 1 F 1 1 
1 1 1 1 G 1 1 1 1 1 
1 1 1 1 1 1 1 1 1 1 
L36 L66 T5

Map10
1 1 1 1 1 1 1 1 1 1 
1 1 S 1 1 1 1 1 1 1 
1 1 0 0 0 1 0 0 1 1 
1 1 0 0 0 0 0 0 0 1 
1 1 # F 1 0 0 0 # 1 
1 G F 0 0 0 1 # 0 1 
1 1 0 0 0 H 0 0 0 1 
1 1 0 0 1 F 1 # 0 1 
1 1 0 0 0 F F 0 0 1 
1 1 1 1 1 1 1 1 1 1 
P23 P36 T6

Map10
1 1 1 1 1 1 1 1 1 1 
1 H 0 0 1 0 0 # 1 1 
1 0 0 0 0 # 0 0 1 1 
1 0 0 0 0 0 1 1 1 1 
1 0 0 1 0 0 1 H 1 1 
1 # 0 0 H 0 0 0 1 1 
G 0 0 0 0 1 0 0 1 1 
1 0 0 0 0 0 F 0 1 1 
1 1 1 1 S 1 1 1 1 1 
1 1 1 1 1 1 1 1 1 1 
P46 P17 T8

Map10
1 1 1 1 1 1 1 1 1 1 
1 1 1 1 1 1 1 1 1 1 
1 S 0 0 F H 0 0 0 1 
1 1 0 0 0 0 0 0 0 1 
1 1 0 0 0 # F 0 0 1 
1 G 0 0 # 1 # 0 0 1 
1 1 # # H # 1 0 0 1 
1 1 0 0 # 0 0 F 1 1 
1 1 0 0 0 # 0 F 0 1 
1 1 1 1 1 1 1 1 1 1 
P24 D32 T6

Map10
1 1 1 1 1 1 1 1 1 1 
1 1 1 1 1 1 G 1 1 1 
1 1 0 H 0 0 0 0 0 1 
1 S 0 0 0 # F 0 H 1 
1 1 F # # # 0 0 H 1 
1 1 H 1 H 0 H 0 0 1 
1 1 0 F 1 0 0 0 0 1 
1 1 0 0 F 0 F 0 # 1 
1 1 0 0 # 0 0 # F 1 
1 1 1 1 1 1 1 1 1 1 
L86 D72 T4

Map10
1 1 1 1 1 1 1 1 1 1 
1 0 0 0 H 0 0 # 1 1 
1 0 1 0 0 1 F # S 1 
1 0 0 0 0 0 0 0 G 1 
1 0 0 # # # 0 0 1 1 
1 0 0 0 H 0 0 H 1 1 
1 0 0 0 0 1 0 0 1 1 
1 0 0 0 H 0 0 0 1 1 
1 1 1 1 1 1 1 1 1 1 
1 1 1 1 1 1 1 1 1 1 
D61 r63 T4

Map10
1 1 1 1 1 1 1 1 1 1 
1 1 1 G 1 1 1 S 1 1 
1 1 0 0 0 0 0 0 0 1 
1 1 # # 0 0 # 0 0 1 
1 1 0 0 0 0 1 0 0 1 
1 1 0 0 0 0 0 0 0 1 
1 1 0 # 0 0 0 H 0 1 
1 1 # 0 0 # 0 0 0 1 
1 1 0 0 0 0 H 0 0 1 
1 1 1 1 1 1 1 1 1 1 
L82 p22 T3

Map10
1 1 1 1 1 1 1 1 1 1 
1 1 1 1 1 1 1 1 1 1 
1 0 0 0 # 0 0 H 1 1 
1 0 0 0 0 0 1 F 1 1 
S F 1 F 1 0 0 1 1 1 
1 0 0 0 1 H 1 0 1 1 
1 0 F 0 0 F 0 0 1 1 
G 0 F 0 F 0 0 0 1 1 
1 # 1 1 0 0 F 0 1 1 
1 1 1 1 1 1 1 1 1 1 
U15 D32 T5

Map10
1 1 1 1 1 1 1 1 1 1 
1 1 1 1 1 1 1 1 1 1 
1 # 0 # # 1 0 0 S 1 
G 0 0 0 H 0 0 0 1 1 
1 0 0 0 0 0 0 0 1 1 
1 # 0 0 0 # 0 0 1 1 
1 0 0 0 0 0 0 0 1 1 
1 0 0 0 0 # 0 0 1 1 
1 0 F 0 # 0 0 0 1 1 
1 1 1 1 1 1 1 1 1 1 
U26 P14 T8

Map10
1 1 1 1 1 1 1 1 1 1 
1 1 1 1 1 1 1 S 1 1 
1 H 0 0 0 0 0 0 1 1 
G 0 0 0 0 0 H 0 1 1 
1 1 # # F H 0 0 1 1 
1 F 1 0 1 0 # 0 1 1 
1 0 0 0 0 # 0 0 1 1 
1 H # 0 0 0 0 0 1 1 
1 0 H 0 0 # # 0 1 1 
1 1 1 1 1 1 1 1 1 1 
P22 P35 T7

Map10
1 1 1 1 1 1 1 1 1 1 
1 S 0 0 0 0 0 0 F 1 
1 1 0 0 F F # 0 0 1 
1 G 0 1 0 F 0 F 0 1 
1 1 # 0 0 0 0 1 0 1 
1 1 F 0 0 0 0 0 1 1 
1 1 # 0 0 0 0 0 0 1 
1 1 # 0 0 # 0 # 0 1 
1 1 1 1 1 1 1 1 1 1 
1 1 1 1 1 1 1 1 1 1 
R22 D41 T5

Map10
1 1 1 1 1 1 1 1 1 1 
1 1 S 1 1 1 G 1 1 1 
1 1 # H 1 0 0 0 0 1 
1 1 0 0 F 0 0 F 0 1 
1 1 0 F 0 0 H 0 0 1 
1 1 0 0 0 H 0 0 0 1 
1 1 0 0 0 F 0 0 0 1 
1 1 H 0 H 0 F H 0 1 
1 1 0 0 0 0 F 0 0 1 
1 1 1 1 1 1 1 1 1 1 
P24 U63 T4

Map10
1 1 1 1 1 1 1 S 1 1 
1 1 0 0 H F H 0 0 1 
1 1 0 0 0 0 # 0 0 1 
1 1 1 F 0 H 0 0 F 1 
1 1 # F 0 0 0 H 0 1 
1 1 0 F 0 0 0 0 0 1 
1 1 0 0 0 F 0 F 0 1 
1 1 0 0 F 0 0 0 0 1 
1 1 1 G 1 1 1 1 1 1 
1 1 1 1 1 1 1 1 1 1 
p22 L82 T3

Map10
1 1 1 1 1 1 1 1 1 1 
1 1 1 1 1 1 1 1 1 1 
1 0 # 0 0 0 0 0 1 1 
1 F 0 0 0 # 1 0 1 1 
1 0 1 1 H 0 # H 1 1 
1 0 0 F 0 0 1 0 1 1 
S 0 0 F 0 H 0 0 1 1 
1 0 0 H 0 0 # F G 1 
1 0 0 0 0 0 F 0 1 1 
1 1 1 1 1 1 1 1 1 1 
P58 L46 T5

Map10
1 1 1 1 1 1 1 1 1 1 
1 0 0 0 0 F 0 0 1 1 
1 0 H H 1 0 0 0 1 1 
1 0 H 0 0 0 0 0 1 1 
S 0 # 0 # 0 0 0 1 1 
1 0 0 0 0 0 0 1 1 1 
1 0 # 0 # 0 0 0 1 1 
1 0 0 0 H 0 0 0 1 1 
1 1 1 G 1 1 1 1 1 1 
1 1 1 1 1 1 1 1 1 1 
P16 U45 T7

Map10
1 1 1 1 1 1 1 1 1 1 
1 1 0 0 1 H 0 0 0 1 
1 1 0 # 0 0 # 0 # 1 
1 1 0 0 0 0 0 0 0 1 
1 S 0 0 H 0 0 0 0 1 
1 1 # 0 0 0 0 0 F 1 
1 1 0 H 0 # # 0 0 1 
1 1 0 0 0 F 0 # 0 1 
1 1 1 1 1 1 G 1 1 1 
1 1 1 1 1 1 1 1 1 1 
P73 P34 T6
