Map8
1 1 1 1 1 1 1 1 
1 1 S 1 1 1 1 1 
1 1 F 1 # 0 1 1 
1 1 0 0 0 0 1 1 
1 1 0 0 0 1 1 1 
1 1 0 F 1 H 1 1 
1 1 1 G 1 1 1 1 
1 1 1 1 1 1 1 1 
P24 T7

Map8
1 1 1 1 1 1 1 1 
1 1 1 1 1 1 1 1 
1 G # 0 0 0 H 1 
1 1 # 0 H H 0 1 
1 1 F 0 0 F 0 S 
1 1 # 0 F 0 0 1 
1 1 1 # 0 0 # 1 
1 1 1 1 1 1 1 1 
P34 T7

Map8
1 1 1 1 1 1 1 1 
1 1 1 1 1 1 1 1 
1 G 0 0 H 0 1 1 
1 1 1 0 0 0 1 1 
1 1 0 0 0 0 1 1 
1 1 0 0 0 0 1 1 
1 1 1 1 S 1 1 1 
1 1 1 1 1 1 1 1 
P44 T6

Map8
1 1 1 1 1 1 1 1 
1 1 1 1 G 1 1 1 
1 1 # F 0 1 1 1 
1 1 0 0 0 0 1 1 
1 1 H 0 0 0 1 1 
1 1 1 0 H 0 1 1 
1 1 1 S 1 1 1 1 
1 1 1 1 1 1 1 1 
P33 T5

Map8
1 1 1 1 1 1 1 1 
1 1 1 1 1 1 1 1 
1 1 0 0 1 0 1 1 
1 1 0 0 0 H 1 1 
1 1 0 0 0 0 G 1 
1 S 0 0 0 H 1 1 
1 1 1 1 1 1 1 1 
1 1 1 1 1 1 1 1 
P35 T5

Map8
1 1 1 1 1 1 1 1 
1 1 1 1 1 S 1 1 
1 1 0 F 0 F 1 1 
1 1 0 0 0 0 1 1 
1 G F 0 0 1 1 1 
1 1 1 0 # F 1 1 
1 1 1 1 1 1 1 1 
1 1 1 1 1 1 1 1 
P33 T6

Map8
1 1 1 1 1 1 1 1 
1 1 G 1 1 1 1 1 
1 1 0 1 0 0 1 1 
1 1 0 0 0 0 1 1 
1 1 0 H 0 0 S 1 
1 1 1 H 0 1 1 1 
1 1 1 1 1 1 1 1 
1 1 1 1 1 1 1 1 
P44 T6

Map8
1 1 1 1 1 1 1 1 
1 1 1 1 1 1 1 1 
1 1 F 0 0 1 1 1 
1 1 0 0 0 0 1 1 
1 1 0 0 # 0 1 1 
1 1 0 F 0 0 S 1 
1 1 1 1 G 1 1 1 
1 1 1 1 1 1 1 1 
P23 T8

Map8
1 1 1 1 1 1 1 1 
1 1 1 1 1 1 1 1 
1 1 H 0 0 0 S 1 
1 1 0 1 0 0 G 1 
1 1 F 1 0 0 1 1 
1 1 0 0 0 1 1 1 
1 1 1 1 1 1 1 1 
1 1 1 1 1 1 1 1 
P42 T5

Map8
1 1 1 1 1 1 1 1 
1 1 1 1 1 1 1 1 
1 1 0 0 1 H 1 1 
1 1 0 0 0 0 G 1 
1 S 0 0 H 0 1 1 
1 1 1 0 1 0 1 1 
1 1 1 1 1 1 1 1 
1 1 1 1 1 1 1 1 
P34 T5

Map8
1 1 1 1 1 1 1 1 
1 1 1 1 1 1 1 1 
1 1 0 0 0 1 1 1 
1 S 0 0 H 0 1 1 
1 1 F 0 F 0 G 1 
1 1 0 0 1 0 1 1 
1 1 1 1 1 1 1 1 
1 1 1 1 1 1 1 1 
P33 T5

Map8
1 1 1 1 1 1 1 1 
1 1 S G 1 1 1 1 
1 1 0 0 0 1 1 1 
1 1 0 0 0 0 1 1 
1 1 0 0 0 0 1 1 
1 1 H 0 0 0 1 1 
1 1 1 1 1 1 1 1 
1 1 1 1 1 1 1 1 
P23 T7

Map8
1 1 1 1 1 1 1 1 
1 1 1 1 1 1 1 1 
1 1 H F 0 F G 1 
1 1 0 1 0 1 1 1 
1 1 F # 0 0 1 1 
1 1 1 0 F 0 1 1 
1 1 1 1 1 S 1 1 
1 1 1 1 1 1 1 1 
P54 T6

Map8
1 1 1 1 1 1 1 1 
1 1 1 1 1 1 1 1 
1 1 F F 0 0 1 1 
1 1 1 0 F 1 1 1 
1 1 0 0 0 0 1 1 
1 1 1 0 0 0 1 1 
1 1 1 S G 1 1 1 
1 1 1 1 1 1 1 1 
P34 T5

Map8
1 1 1 1 1 1 1 1 
1 1 1 1 1 1 1 1 
1 1 F 0 0 0 1 1 
1 1 0 H 0 1 1 1 
1 1 0 0 0 0 1 1 
1 1 H 0 0 0 1 1 
1 1 1 S G 1 1 1 
1 1 1 1 1 1 1 1 
P34 T5

Map8
1 1 1 1 1 1 1 1 
1 1 1 1 G 1 1 1 
1 1 0 H 0 0 1 1 
1 1 0 0 0 1 1 1 
1 1 0 0 0 0 1 1 
1 1 0 0 0 0 1 1 
1 1 1 S 1 1 1 1 
1 1 1 1 1 1 1 1 
P34 T5

Map8
1 1 1 1 1 1 1 1 
1 1 1 1 1 1 1 1 
1 1 F 0 0 F 1 1 
1 1 F 0 0 1 1 1 
1 1 0 0 0 0 1 1 
1 1 0 0 0 0 1 1 
1 1 S G 1 1 1 1 
1 1 1 1 1 1 1 1 
P24 T5

Map8
1 1 1 1 1 1 1 1 
1 1 1 1 1 1 1 1 
1 1 1 0 0 1 1 1 
1 1 # F 0 0 1 1 
1 1 0 0 0 0 G 1 
1 1 0 0 0 H 1 1 
1 1 S 1 1 1 1 1 
1 1 1 1 1 1 1 1 
P45 T7

Map8
1 1 1 1 1 1 1 1 
1 1 1 1 G S 1 1 
1 1 1 0 0 # 0 1 
1 1 0 # 0 0 0 1 
1 1 0 0 1 0 0 1 
1 1 0 0 0 0 0 1 
1 1 0 0 0 H 0 1 
1 1 1 1 1 1 1 1 
P53 T7

Map8
1 1 1 1 1 S 1 1 
1 0 0 0 0 F 1 1 
1 0 1 0 0 0 1 1 
1 0 0 0 0 0 1 1 
1 0 0 1 F 0 1 1 
1 1 1 F F 0 1 1 
1 1 1 1 G 1 1 1 
1 1 1 1 1 1 1 1 
P53 T5

Map8
1 1 1 1 1 1 1 1 
S F F 0 0 0 1 1 
G 0 0 0 0 0 1 1 
1 0 # 0 F F 1 1 
1 F 1 0 0 0 1 1 
1 0 0 0 0 1 1 1 
1 1 1 1 1 1 1 1 
1 1 1 1 1 1 1 1 
P41 T5

Map8
1 1 1 1 1 1 1 1 
1 1 0 0 1 0 0 1 
1 1 0 0 0 0 0 1 
1 1 # 1 0 # 0 1 
1 1 0 0 0 0 0 G 
1 1 0 F 0 0 0 S 
1 1 1 1 1 1 1 1 
1 1 1 1 1 1 1 1 
P55 T5

Map8
1 1 1 1 1 1 1 1 
1 1 1 1 1 1 1 1 
1 0 # 0 # 0 1 1 
1 0 0 # F F 1 1 
S 0 0 F 0 0 1 1 
G 0 0 0 0 0 1 1 
1 F 0 # 0 # 1 1 
1 1 1 1 1 1 1 1 
P54 T5

Map8
1 1 1 1 1 1 1 1 
1 1 0 0 0 0 0 1 
1 1 1 0 H # 0 1 
1 1 0 0 0 # 0 1 
1 1 0 0 # 0 # 1 
1 1 # 0 0 0 H 1 
1 1 1 G S 1 1 1 
1 1 1 1 1 1 1 1 
P43 T5

Map8
1 1 1 1 1 1 1 1 
1 1 1 1 1 1 1 1 
1 F 0 0 F # 1 1 
G 0 # F 0 0 1 1 
1 1 # 0 0 0 1 1 
1 # 1 1 1 0 1 1 
S F # 0 0 0 1 1 
1 1 1 1 1 1 1 1 
P22 T7

Map8
1 1 1 1 1 1 1 1 
1 G 1 1 1 1 1 1 
1 0 0 0 H 0 1 1 
1 0 0 0 0 0 1 1 
1 # H 0 0 0 S 1 
1 0 0 F 0 0 1 1 
1 0 0 1 0 0 1 1 
1 1 1 1 1 1 1 1 
P44 T6

Map8
1 1 S 1 1 1 1 1 
1 1 0 0 0 F 0 1 
1 1 0 0 0 0 0 1 
1 1 0 0 0 0 1 1 
1 1 H 0 0 0 0 1 
1 G 0 0 0 0 0 1 
1 1 1 1 1 1 1 1 
1 1 1 1 1 1 1 1 
P22 T6

Map8
1 1 1 1 1 1 1 1 
1 1 1 1 1 1 1 1 
1 # 0 0 0 0 1 1 
1 0 0 0 0 0 G 1 
1 0 0 # F F S 1 
1 0 0 0 0 # 1 1 
1 0 0 H 0 # 1 1 
1 1 1 1 1 1 1 1 
P14 T5

Map8
1 1 1 1 1 1 1 1 
1 0 1 # 0 F 1 1 
1 0 F 0 1 1 1 1 
1 1 0 H 0 # 1 1 
1 0 0 0 0 0 1 1 
1 0 F # # # 1 1 
1 1 1 1 G S 1 1 
1 1 1 1 1 1 1 1 
P54 T5

Map8
1 1 1 1 1 1 1 1 
1 1 1 1 1 1 S 1 
1 1 0 F 0 1 0 1 
1 1 0 0 0 0 0 1 
1 1 0 0 0 # 0 1 
1 1 F F 1 0 0 1 
1 1 1 0 F F F 1 
1 1 1 1 1 G 1 1 
P64 T7

Map8
1 1 1 G 1 1 1 1 
1 1 # # 0 H 1 1 
1 0 0 0 0 0 1 1 
1 0 0 0 0 0 1 1 
1 0 0 # 0 1 1 1 
1 H H 1 0 0 S 1 
1 1 1 1 1 1 1 1 
1 1 1 1 1 1 1 1 
P42 T6

Map8
1 1 1 1 1 1 1 1 
1 0 0 1 1 0 F 1 
1 1 # 0 0 1 0 1 
1 0 0 0 0 0 0 S 
G 0 0 0 0 1 1 1 
1 H 0 0 # 0 # 1 
1 0 # 0 1 F 0 1 
1 1 1 1 1 1 1 1 
P33 T7

Map8
1 1 1 1 1 1 1 1 
1 F 0 F 1 H 0 1 
S 0 0 0 0 1 # 1 
G F # 0 0 1 0 1 
1 0 0 0 F 0 F 1 
1 # 0 0 0 # 0 1 
1 1 0 0 1 H 0 1 
1 1 1 1 1 1 1 1 
P32 T5

Map8
1 1 1 1 1 1 1 1 
1 0 0 0 0 1 0 1 
1 0 1 0 0 0 1 1 
1 0 0 0 1 0 0 1 
1 1 0 0 0 0 0 1 
1 0 0 0 H 1 0 1 
1 0 0 H H 0 0 1 
1 S 1 1 1 1 G 1 
P35 T7

Map8
1 S 1 1 1 1 1 1 
1 0 0 F 0 F 0 1 
1 0 0 0 H # 0 1 
1 0 0 F F 0 0 1 
1 0 0 0 0 0 1 1 
1 H 0 0 0 0 F 1 
G 0 0 H 0 0 0 1 
1 1 1 1 1 1 1 1 
P13 T7

Map8
1 1 G 1 1 1 1 1 
1 0 0 1 1 0 0 1 
1 0 0 # 0 # # 1 
1 H H H 0 0 0 S 
1 0 0 H 1 1 0 1 
1 0 0 0 0 H 0 1 
1 0 0 0 1 1 0 1 
1 1 1 1 1 1 1 1 
P53 T8

Map8
1 1 1 1 1 1 1 1 
1 # # 0 0 0 0 1 
1 0 0 F # 0 # 1 
1 1 # # 1 1 0 1 
1 1 0 1 0 0 0 1 
1 0 # 0 0 1 # 1 
G F 0 0 1 0 0 1 
1 1 1 1 1 1 S 1 
P31 T8

Map8
1 1 1 1 1 1 1 1 
S 0 0 0 0 0 F 1 
G 0 0 0 0 0 0 1 
1 0 0 0 0 1 0 1 
1 0 0 0 0 0 0 1 
1 F 1 0 0 1 0 1 
1 0 0 1 0 0 0 1 
1 1 1 1 1 1 1 1 
P41 T5

Map8
1 1 G 1 1 1 1 1 
1 0 0 F # 1 0 1 
1 H 0 1 0 # H 1 
1 0 # # 0 H 0 1 
1 0 F 0 1 # # 1 
1 # # 0 H 0 1 1 
1 0 1 0 F 0 1 1 
1 S 1 1 1 1 1 1 
P13 T5

Map8
1 1 1 1 1 1 1 1 
1 0 0 1 0 0 0 1 
1 0 F 0 0 0 1 1 
1 0 1 0 0 0 0 1 
1 0 F 0 F 0 0 1 
1 0 F 0 0 0 0 1 
G 0 H H 0 0 0 S 
1 1 1 1 1 1 1 1 
P46 T7

Map8
1 1 1 G 1 1 1 1 
1 F # 0 F 0 1 1 
1 1 H 0 0 F 0 1 
1 0 0 F 0 0 # 1 
1 F 0 0 0 # 1 1 
1 0 0 0 0 # 0 1 
1 # 0 # 0 0 0 1 
1 1 S 1 1 1 1 1 
P25 T5

Map8
1 1 1 1 1 1 S 1 
1 0 0 1 0 0 0 1 
G 0 0 0 0 0 F 1 
1 H 0 0 0 0 0 1 
1 0 0 0 F 0 0 1 
1 0 F 0 0 0 F 1 
1 0 F 0 0 0 0 1 
1 1 1 1 1 1 1 1 
P46 T10

Map8
1 1 1 1 1 1 1 1 
1 0 # 1 0 0 0 1 
1 0 H 0 0 0 1 1 
1 H 0 0 0 0 # G 
S 0 0 0 0 0 H 1 
1 0 0 1 0 0 0 1 
1 0 0 1 H 0 1 1 
1 1 1 1 1 1 1 1 
P44 T7

Map8
1 1 1 1 G 1 1 1 
1 0 # # 0 0 0 1 
1 0 0 0 1 0 0 1 
1 0 1 0 0 0 0 1 
1 # 0 0 0 0 0 1 
1 0 0 0 0 # 0 1 
1 0 0 0 0 0 0 1 
1 1 1 1 1 S 1 1 
P51 T6

Map8
1 1 1 1 S 1 1 1 
1 0 1 0 0 0 0 1 
1 0 0 0 1 0 F 1 
1 0 0 0 1 0 0 1 
1 1 0 0 F 0 1 1 
1 0 F F 0 0 1 1 
1 F 0 0 0 0 0 1 
1 1 G 1 1 1 1 1 
P33 T7

Map8
1 1 1 1 1 1 1 1 
1 0 0 1 1 0 1 1 
1 0 0 0 0 # 0 1 
1 0 0 # 0 0 0 1 
1 F 0 # 0 0 0 1 
G 0 0 0 # 0 0 1 
S 0 0 0 1 F 0 1 
1 1 1 1 1 1 1 1 
P26 T5

Map8
1 1 1 G 1 1 1 1 
1 0 F 0 0 1 1 1 
1 0 0 0 0 F 0 1 
1 0 0 F # F 0 1 
1 0 0 # # F 1 1 
1 H 1 # 0 1 0 1 
1 1 H 0 0 H H 1 
1 1 1 1 S 1 1 1 
P41 T5

Map8
1 1 1 1 1 1 1 1 
1 0 # 0 # # F 1 
1 # 0 0 0 1 0 1 
1 # 0 0 0 0 0 1 
1 0 F 0 0 0 F 1 
1 F F 0 1 0 0 G 
1 0 0 0 0 0 0 1 
1 1 1 S 1 1 1 1 
P66 T7

Map8
1 1 1 1 1 1 1 1 
1 0 0 0 0 0 # 1 
1 0 0 0 # # 0 1 
1 # 0 1 0 0 # 1 
1 0 # 0 0 0 0 1 
1 0 0 0 0 0 0 1 
1 0 H 0 F 0 0 1 
1 S 1 1 1 G 1 1 
P41 T7

Map8
1 1 1 1 1 1 1 1 
1 0 0 0 # 0 0 1 
1 # # 0 0 0 0 1 
G 0 0 1 0 0 0 1 
1 0 0 # 0 0 0 1 
1 0 0 0 0 1 0 1 
1 0 0 0 # 0 # 1 
1 S 1 1 1 1 1 1 
P14 T6

Map8
1 1 1 1 1 1 1 1 
1 # 0 0 0 1 # 1 
1 0 0 F 0 0 0 G 
1 0 # # 0 0 0 1 
1 # 0 0 0 0 F 1 
1 1 # 0 0 0 0 1 
S # 0 0 0 0 # 1 
1 1 1 1 1 1 1 1 
P46 T9

Map8
1 1 1 1 1 1 1 1 
1 1 0 0 0 0 0 1 
G 0 0 0 0 0 0 1 
1 0 0 F 0 0 0 1 
1 H 0 0 # 0 0 S 
1 0 0 0 0 1 0 1 
1 0 0 0 0 H H 1 
1 1 1 1 1 1 1 1 
P24 T7

Map8
1 1 1 1 1 1 1 1 
S 0 0 # H 0 0 1 
1 0 0 0 1 0 0 G 
1 0 # 0 0 0 1 1 
1 0 0 1 0 0 0 1 
1 1 0 H 0 1 0 1 
1 1 # 0 0 0 0 1 
1 1 1 1 1 1 1 1 
P21 T11

Map8
1 S 1 1 1 1 1 1 
1 F 0 0 0 0 H 1 
1 0 # 0 0 0 # 1 
1 0 1 0 1 1 0 1 
1 0 0 # 0 F 1 1 
1 1 1 0 0 0 # 1 
1 # 0 # # 1 0 1 
1 1 1 1 1 1 G 1 
P44 T7

Map8
1 1 1 S 1 1 1 1 
1 0 0 0 0 0 0 1 
1 0 F 0 0 # 0 G 
1 0 0 # F 0 # 1 
1 # 0 F 0 F 0 1 
1 0 0 0 0 0 0 1 
1 1 0 # 1 # 0 1 
1 1 1 1 1 1 1 1 
P61 T8

Map10
1 1 1 1 1 1 1 1 1 1 
1 1 1 1 1 1 1 1 1 1 
G 0 0 H 0 0 0 H 1 1 
1 0 H 0 1 0 # 0 1 1 
1 # 0 0 0 # 0 0 1 1 
1 0 0 0 0 # 0 0 1 1 
1 F H # 0 # 0 # S 1 
1 0 0 F 0 0 1 0 1 1 
1 0 0 1 0 0 0 H 1 1 
1 1 1 1 1 1 1 1 1 1 
P46 T7

Map10
1 1 1 1 1 1 1 1 1 1 
1 S # 0 0 0 F 0 H 1 
1 G # 0 0 0 0 H H 1 
1 1 F # 0 0 # 0 0 1 
1 1 0 0 # 0 1 0 1 1 
1 1 1 1 1 0 0 1 0 1 
1 1 0 F # 0 # 1 0 1 
1 1 0 F 0 0 0 0 0 1 
1 1 1 1 1 1 1 1 1 1 
1 1 1 1 1 1 1 1 1 1 
P51 T5

Map10
1 1 1 1 1 1 1 1 1 1 
1 1 1 S G 1 1 1 1 1 
1 1 0 0 0 0 0 F F 1 
1 1 F 0 0 0 H 0 0 1 
1 1 0 0 0 0 0 0 0 1 
1 1 0 0 0 0 0 0 0 1 
1 1 # 0 0 F # 0 1 1 
1 1 0 H 1 1 0 F 1 1 
1 1 0 0 1 0 0 0 F 1 
1 1 1 1 1 1 1 1 1 1 
P35 T5

Map8
1 1 1 1 1 1 1 1 
1 1 1 1 1 1 1 1 
1 1 0 0 0 0 1 1 
1 1 0 1 H 0 1 1 
1 1 0 H 0 0 G 1 
1 1 0 0 0 0 1 1 
1 1 1 1 S 1 1 1 
1 1 1 1 1 1 1 1 
L55 T5

Map8
1 1 1 1 1 1 1 1 
1 1 1 1 G 1 1 1 
1 1 0 0 0 0 1 1 
1 1 1 H 0 0 S 1 
1 1 0 1 # 0 1 1 
1 1 0 0 1 0 1 1 
1 1 1 1 1 1 1 1 
1 1 1 1 1 1 1 1 
U43 T3

Map8
1 1 1 1 1 1 1 1 
1 1 1 G 1 1 1 1 
1 1 0 F 0 H 1 1 
1 1 # 0 0 0 S 1 
1 1 F 1 F 1 1 1 
1 1 0 H 0 F 1 1 
1 1 1 1 1 1 1 1 
1 1 1 1 1 1 1 1 
U33 T3

Map8
1 1 1 1 1 1 1 1 
1 1 1 1 G 1 1 1 
1 1 0 0 F 1 1 1 
1 1 0 0 0 0 1 1 
1 S 0 0 # F 1 1 
1 1 0 0 0 0 1 1 
1 1 1 1 1 1 1 1 
1 1 1 1 1 1 1 1 
D33 T5

Map8
1 1 1 1 1 1 1 1 
1 1 1 1 1 1 1 1 
1 1 0 F 0 0 S 1 
1 1 0 0 0 0 1 1 
1 1 0 0 0 1 1 1 
1 1 F 0 0 0 1 1 
1 1 1 1 1 G 1 1 
1 1 1 1 1 1 1 1 
D42 T5

Map8
1 1 1 1 1 1 1 1 
1 1 1 1 G 1 1 1 
1 1 1 0 0 0 1 1 
1 S 0 0 0 F 1 1 
1 1 1 # F H 1 1 
1 1 0 1 0 0 1 1 
1 1 1 1 1 1 1 1 
1 1 1 1 1 1 1 1 
U43 T3

Map8
1 1 1 1 1 1 1 1 
1 1 S 1 1 G 1 1 
1 1 0 0 1 0 1 1 
1 1 0 0 0 0 1 1 
1 1 F 0 F 0 1 1 
1 1 0 1 0 H 1 1 
1 1 1 1 1 1 1 1 
1 1 1 1 1 1 1 1 
R23 T4

Map8
1 1 1 1 1 1 1 1 
1 1 1 1 1 1 1 1 
1 1 1 0 0 0 G 1 
1 1 0 0 1 1 1 1 
1 1 H F 0 0 1 1 
1 1 H 0 0 0 S 1 
1 1 1 1 1 1 1 1 
1 1 1 1 1 1 1 1 
U35 T4

Map8
1 1 1 1 1 1 1 1 
1 1 S 1 G 1 1 1 
1 1 0 1 F 0 1 1 
1 1 0 1 0 F 1 1 
1 1 0 0 0 H 1 1 
1 1 # 0 0 F 1 1 
1 1 1 1 1 1 1 1 
1 1 1 1 1 1 1 1 
U45 T4

Map8
1 1 1 1 1 1 1 1 
1 1 1 1 S 1 1 1 
1 1 0 1 F 0 1 1 
1 1 1 0 0 0 1 1 
1 1 F 0 0 0 G 1 
1 1 1 0 F 0 1 1 
1 1 1 1 1 1 1 1 
1 1 1 1 1 1 1 1 
L53 T5

Map8
1 1 1 1 1 1 1 1 
1 1 1 1 1 G 1 1 
1 1 0 0 F 0 1 1 
1 1 0 0 1 0 1 1 
1 1 0 # 0 1 1 1 
1 1 F 0 0 F S 1 
1 1 1 1 1 1 1 1 
1 1 1 1 1 1 1 1 
U35 T5

Map8
1 1 1 1 1 1 1 1 
1 1 1 G 1 1 1 1 
1 1 0 0 H 0 1 1 
1 S 0 0 F 1 1 1 
1 1 0 F 1 0 1 1 
1 1 0 H # 1 1 1 
1 1 1 1 1 1 1 1 
1 1 1 1 1 1 1 1 
U33 T3

Map8
1 1 1 1 1 1 1 1 
1 1 1 S 1 1 1 1 
1 1 0 0 # 0 1 1 
1 1 1 0 0 0 G 1 
1 1 F F 0 0 1 1 
1 1 F 0 0 1 1 1 
1 1 1 1 1 1 1 1 
1 1 1 1 1 1 1 1 
R43 T5

Map8
1 1 1 1 1 1 1 1 
1 1 S 1 1 1 1 1 
1 1 0 0 1 0 1 1 
1 1 0 0 1 F 1 1 
1 1 0 0 0 F 1 1 
1 1 1 0 # H 1 1 
1 1 1 1 G 1 1 1 
1 1 1 1 1 1 1 1 
D44 T4

Map8
1 S 1 1 1 1 1 1 
1 0 0 1 0 0 1 1 
1 0 0 0 0 0 1 1 
1 # # H 0 0 1 1 
1 0 1 0 0 0 1 1 
1 # H 0 # F 1 1 
1 1 1 1 1 G 1 1 
1 1 1 1 1 1 1 1 
R12 T4

Map8
1 1 1 1 1 1 1 1 
1 1 1 1 1 1 1 1 
1 F 0 0 F 1 1 1 
1 0 0 0 1 0 1 1 
1 F 1 0 # 1 1 1 
1 F 0 0 0 F S 1 
1 0 # 0 0 0 1 1 
1 1 G 1 1 1 1 1 
D25 T3

Map8
1 1 1 1 1 1 1 1 
1 1 1 1 1 1 1 1 
1 # 0 0 0 0 1 1 
G # 0 0 1 0 1 1 
1 0 0 # 0 0 1 1 
1 0 # 0 0 0 1 1 
1 0 0 1 0 0 1 1 
1 S 1 1 1 1 1 1 
D14 T6

Map8
1 1 1 1 1 1 1 1 
1 1 1 G 1 1 1 1 
1 1 0 0 0 0 0 S 
1 1 0 0 0 0 F 1 
1 1 0 0 H 0 0 1 
1 1 F H H 0 0 1 
1 1 0 0 0 F 0 1 
1 1 1 1 1 1 1 1 
R42 T6

Map8
1 1 1 1 1 1 1 1 
1 1 1 1 1 1 1 1 
1 1 0 0 0 1 0 G 
1 1 0 0 0 0 0 1 
1 1 0 # 0 # 1 1 
1 S # 0 0 H 0 1 
1 1 0 0 0 0 0 1 
1 1 1 1 1 1 1 1 
D44 T8

Map8
1 1 1 1 1 1 1 1 
1 1 0 # 0 # # 1 
1 1 1 1 0 0 0 G 
1 1 0 0 # 0 0 1 
1 S 0 0 0 0 0 1 
1 1 0 0 0 0 0 1 
1 1 1 1 1 1 1 1 
1 1 1 1 1 1 1 1 
D63 T8

Map8
1 1 S 1 G 1 1 1 
1 0 0 0 0 0 1 1 
1 0 0 0 0 0 1 1 
1 0 0 0 0 0 1 1 
1 0 0 0 0 0 1 1 
1 0 0 0 F 0 1 1 
1 1 1 1 1 1 1 1 
1 1 1 1 1 1 1 1 
L31 T6

Map8
1 1 1 1 1 1 1 1 
1 1 1 1 1 1 1 1 
1 0 0 1 F 0 1 1 
1 0 0 # 0 # G 1 
1 0 0 H 1 0 1 1 
1 0 0 0 0 F S 1 
1 0 0 H H 0 1 1 
1 1 1 1 1 1 1 1 
D24 T6

Map8
1 1 1 1 1 1 1 1 
1 1 1 1 1 1 1 1 
1 0 1 0 H 0 1 1 
1 F 0 # 0 0 1 1 
1 0 0 F H F 1 1 
S F 0 0 # # 1 1 
1 0 F 0 F 0 1 1 
1 1 1 G 1 1 1 1 
D35 T5

Map8
1 1 1 1 1 1 1 1 
1 1 1 1 1 1 1 1 
1 0 0 0 0 # 1 1 
S 0 # H 0 # 1 1 
1 0 0 0 H 0 1 1 
G 0 H 0 0 # 1 1 
1 0 0 0 0 0 1 1 
1 1 1 1 1 1 1 1 
U14 T6

Map8
1 1 1 1 1 1 1 1 
1 1 1 1 1 1 1 1 
1 1 0 0 1 0 0 1 
1 S 0 0 # 0 0 1 
1 1 0 1 0 0 0 1 
1 G 0 1 1 0 0 1 
1 1 0 0 0 0 0 1 
1 1 1 1 1 1 1 1 
U24 T8

Map8
1 1 1 1 1 1 1 1 
1 H 0 0 # 0 1 1 
1 0 0 0 # 1 1 1 
1 H 0 1 0 0 S 1 
1 # 0 F 0 1 1 1 
1 # 0 H # 1 1 1 
1 G 1 1 1 1 1 1 
1 1 1 1 1 1 1 1 
D21 T7

Map8
1 1 1 1 1 1 1 1 
1 1 1 1 1 1 1 1 
1 1 0 # 0 0 0 1 
1 1 F # # # 0 1 
1 1 F 0 0 0 F S 
1 1 0 0 0 0 H 1 
1 G # 0 1 0 0 1 
1 1 1 1 1 1 1 1 
D34 T4

Map8
1 1 1 1 1 1 S 1 
1 0 0 0 0 F 0 1 
1 0 F 0 0 0 0 1 
1 0 0 0 0 H F 1 
1 0 0 0 1 0 0 1 
G 0 0 0 0 0 0 1 
1 0 F 0 0 0 F 1 
1 1 1 1 1 1 1 1 
L65 T3

Map8
1 1 1 1 1 1 S 1 
1 # 0 1 0 0 0 1 
1 0 # 0 1 H # 1 
G 0 0 0 H 1 0 1 
1 # 0 # 0 1 0 1 
1 0 0 # 0 0 0 1 
1 # # H H 1 1 1 
1 1 1 1 1 1 1 1 
D24 T7

Map8
1 1 1 1 1 1 1 1 
1 # 0 0 1 0 # 1 
1 0 H 0 0 0 0 1 
1 0 0 0 0 0 # G 
1 0 0 0 0 1 0 1 
1 # # 0 0 # # 1 
S 0 0 0 0 0 H 1 
1 1 1 1 1 1 1 1 
L36 T9

Map8
1 1 1 1 1 1 1 1 
1 1 H H H 0 0 1 
1 0 0 0 H # 0 G 
1 0 0 0 0 0 0 1 
1 0 F 0 # 0 0 S 
1 0 0 1 # 0 # 1 
1 H F F # # 1 1 
1 1 1 1 1 1 1 1 
D63 T8

Map8
1 1 1 1 1 1 1 1 
1 # 0 # 0 0 0 1 
1 0 # 0 1 0 0 S 
1 1 # 1 1 # 0 1 
1 # 0 0 F 1 0 1 
1 0 0 0 0 0 F 1 
1 0 0 # 1 F # 1 
1 G 1 1 1 1 1 1 
D21 T7

Map8
1 1 1 1 1 G 1 1 
1 1 # 0 H 0 F 1 
1 0 0 0 # # # 1 
1 F H 1 0 0 0 1 
S F 0 # 1 F H 1 
1 0 0 0 # F 0 1 
1 0 1 # 0 0 # 1 
1 1 1 1 1 1 1 1 
U56 T5

Map8
1 1 1 1 1 1 1 1 
1 1 0 0 0 0 0 1 
1 # 1 0 0 0 0 G 
1 0 0 # 0 0 0 1 
1 # 0 0 # # # S 
1 0 0 1 0 0 0 1 
1 # F 0 0 0 1 1 
1 1 1 1 1 1 1 1 
D63 T6

Map8
1 1 1 1 G 1 1 1 
1 # 0 0 # 0 0 1 
S # # 0 0 # 0 1 
1 F # H H H 1 1 
1 0 1 0 0 0 0 1 
1 1 0 0 0 0 0 1 
1 H 0 1 # 0 # 1 
1 1 1 1 1 1 1 1 
U42 T3

Map8
1 1 G 1 S 1 1 1 
1 0 0 0 0 # 1 1 
1 F 0 0 0 0 0 1 
1 F 1 F 0 0 0 1 
1 0 0 F 0 0 0 1 
1 0 0 0 0 0 0 1 
1 0 0 0 F 0 0 1 
1 1 1 1 1 1 1 1 
R31 T6

Map8
1 1 G 1 1 1 1 1 
1 # # 0 0 0 1 1 
1 0 0 0 0 # 0 1 
1 0 0 0 # 0 0 1 
1 H 0 H 0 1 0 1 
1 0 0 1 F F H 1 
1 0 0 0 # 0 F 1 
1 1 1 1 S 1 1 1 
R31 T6

Map8
1 1 1 1 1 1 1 1 
1 0 F 0 0 0 0 1 
1 0 H 0 H 0 0 1 
1 H F 0 1 0 0 1 
1 H 0 0 0 0 0 G 
S 0 1 0 # F 0 1 
1 # 0 0 0 H 1 1 
1 1 1 1 1 1 1 1 
U46 T8

Map8
1 1 1 1 1 1 1 1 
1 0 0 1 1 0 0 1 
S 0 F F # H 0 1 
1 0 F 0 0 F 0 1 
1 0 0 0 0 0 0 1 
1 0 0 0 0 0 0 1 
1 0 # 0 1 0 0 1 
1 1 1 1 1 G 1 1 
U13 T9

Map10
1 1 1 S 1 G 1 1 1 1 
1 # 0 0 0 0 # 0 1 1 
1 0 0 0 0 # 0 0 0 1 
1 0 0 0 0 0 0 0 0 1 
1 0 0 0 0 0 0 0 0 1 
1 0 0 0 0 0 0 # # 1 
1 0 0 0 0 0 0 # F 1 
1 0 0 0 0 0 0 0 0 1 
1 0 0 0 # 0 0 0 0 1 
1 1 1 1 1 1 1 1 1 1 
L42 T6

Map10
1 1 1 G 1 S 1 1 1 1 
1 0 # 0 0 0 0 0 0 1 
1 0 0 0 0 0 0 0 1 1 
1 0 0 0 # F # 0 1 1 
1 0 0 0 0 0 1 0 0 1 
1 # 0 0 0 0 0 0 0 1 
1 1 0 1 0 0 0 0 0 1 
1 0 1 F F 0 0 0 1 1 
1 0 0 F 0 # 0 # F 1 
1 1 1 1 1 1 1 1 1 1 
R45 T8

Map10
1 1 1 1 G 1 1 1 1 1 
1 0 0 0 0 0 # 0 1 1 
S # 0 0 0 0 0 0 0 1 
1 0 0 0 1 0 1 0 0 1 
1 # 0 0 0 0 0 0 0 1 
1 0 0 0 0 0 0 0 0 1 
1 # 0 0 # 0 1 # 0 1 
1 H 0 1 0 F 0 # 0 1 
1 0 H H 0 0 0 0 0 1 
1 1 1 1 1 1 1 1 1 1 
L32 T8

Map10
1 S 1 1 1 1 G 1 1 1 
1 0 0 H 0 0 0 0 0 1 
1 0 0 0 # # H 0 F 1 
1 1 0 1 H 0 0 0 0 1 
1 0 F 1 0 0 0 0 1 1 
1 0 0 0 0 1 0 H 0 1 
1 H 0 F 0 F 0 0 0 1 
1 1 0 1 0 F # 0 H 1 
1 1 1 # 0 0 0 0 0 1 
1 1 1 1 1 1 1 1 1 1 
D51 T6

Map10
1 1 1 1 1 G 1 S 1 1 
1 0 H 0 # 0 0 0 0 1 
1 0 0 # 1 1 1 0 0 1 
1 1 1 0 0 0 F 1 0 1 
1 0 0 0 0 0 0 H 0 1 
1 F 1 F 0 0 0 0 F 1 
1 0 0 0 0 0 H H 0 1 
1 1 0 0 0 0 0 0 0 1 
1 H 1 0 0 # F 0 0 1 
1 1 1 1 1 1 1 1 1 1 
R61 T6

Map10
1 1 1 1 1 1 1 1 1 1 
1 0 0 0 0 0 # 0 F 1 
1 # 1 0 0 0 0 0 0 1 
G 0 # F 1 0 0 1 F 1 
1 0 # F 0 0 0 0 0 1 
S 0 1 0 0 # 0 0 1 1 
1 0 0 0 0 F 1 1 0 1 
1 0 0 # 0 F 0 0 0 1 
1 0 0 0 0 1 F 0 F 1 
1 1 1 1 1 1 1 1 1 1 
D14 T6

Map10
1 1 1 1 G 1 1 1 1 1 
1 0 0 0 0 0 0 1 0 1 
S 0 0 0 0 F 1 0 0 1 
1 0 0 0 0 0 0 0 0 1 
1 0 0 0 H 0 0 0 0 1 
1 0 0 0 0 0 1 0 1 1 
1 0 # 0 0 0 1 0 H 1 
1 0 0 0 F # 0 F 0 1 
1 0 0 0 H 1 H 0 0 1 
1 1 1 1 1 1 1 1 1 1 
D51 T5

Map10
1 1 1 1 S 1 G 1 1 1 
1 0 0 F 0 0 0 0 0 1 
1 0 0 0 0 H 0 F 0 1 
1 0 0 0 0 F 0 0 F 1 
1 0 0 F 0 0 1 # 0 1 
1 0 0 H 0 H 0 0 0 1 
1 0 0 0 1 F 0 0 0 1 
1 0 F 0 0 0 0 # 0 1 
1 1 H 0 0 0 0 0 # 1 
1 1 1 1 1 1 1 1 1 1 
L51 T6

Map10
1 1 1 1 1 1 1 G 1 1 
1 0 0 0 0 0 F 0 0 1 
S 0 0 # 0 0 0 0 H 1 
1 F 0 0 0 0 0 # 0 1 
1 0 0 0 0 0 0 0 0 1 
1 0 0 0 0 0 0 H 0 1 
1 0 0 0 # # # F 1 1 
1 1 0 H 1 F 0 0 1 1 
1 0 0 1 1 0 H # 1 1 
1 1 1 1 1 1 1 1 1 1 
U72 T4

Map10
1 S 1 1 1 1 1 1 1 1 
1 0 0 1 0 0 0 # # 1 
1 # 0 0 # # 0 0 F 1 
1 0 0 0 F 0 F # 0 1 
1 0 0 0 # 0 0 0 # 1 
1 F 0 F 0 0 0 0 0 1 
1 0 F F 0 0 0 F # 1 
G 0 0 H 0 0 0 0 F 1 
1 # 0 0 0 0 0 0 0 1 
1 1 1 1 1 1 1 1 1 1 
U16 T6

Map10
1 S 1 1 G 1 1 1 1 1 
1 0 1 0 # 1 0 0 0 1 
1 0 0 0 # 0 0 0 0 1 
1 # 0 0 0 F 0 # 0 1 
1 0 0 0 # # 0 0 0 1 
1 0 0 0 0 0 0 0 0 1 
1 0 # 0 0 0 F 0 0 1 
1 0 1 0 # 0 F 0 0 1 
1 0 0 # 0 H F 0 1 1 
1 1 1 1 1 1 1 1 1 1 
U48 T5

Map10
1 S 1 1 1 1 1 1 1 1 
1 # 0 # 0 1 0 0 H 1 
1 0 0 0 # 0 # 0 # 1 
1 0 0 0 0 0 0 0 0 1 
1 # 0 0 0 0 0 F 0 1 
1 F 0 0 0 0 0 F F 1 
1 0 # 1 0 0 0 1 1 1 
G 0 1 0 0 0 0 1 0 1 
1 0 0 0 # F 0 0 0 1 
1 1 1 1 1 1 1 1 1 1 
U16 T6
