Chosenones

Map8
1 1 1 1 1 S 1 1 
1 1 1 1 F 0 0 1 
1 G 0 0 0 1 F 1 
1 1 H 0 0 0 0 1 
1 1 F 0 0 # 0 1 
1 1 0 0 H F 0 1 
1 1 1 1 1 1 1 1 
1 1 1 1 1 1 1 1 
PR34 PU33 p63 T6

Map8
1 1 S 1 1 1 1 1 
1 1 # 0 0 1 F 1 
1 1 0 0 0 0 0 1 
1 1 F 0 # 0 # 1 
1 1 0 # 0 F F 1 
1 1 0 F # F F 1 
1 1 1 1 1 G 1 1 
1 1 1 1 1 1 1 1 
PR32 PU22 p42 T3

Map8
1 1 1 S 1 1 1 1 
G 0 F # # F 1 1 
1 # 0 F # 0 1 1 
1 1 0 0 0 F 1 1 
1 1 0 # 1 F 1 1 
1 0 1 0 0 F 1 1 
1 1 1 1 1 1 1 1 
1 1 1 1 1 1 1 1 
PR24 PU43 p33 T4

Map8
1 1 1 S 1 1 1 1 
1 1 # # F F 0 1 
1 1 0 F 0 H 0 1 
1 1 0 0 0 0 0 1 
1 1 0 F 0 0 0 1 
1 1 0 H F 0 0 1 
1 1 1 1 1 G 1 1 
1 1 1 1 1 1 1 1 
PR24 PU33 p44 T3

Map8
1 1 1 1 1 1 1 1 
1 1 G 1 1 1 1 1 
1 1 0 H # 0 # 1 
1 1 0 1 0 0 F 1 
1 1 0 1 0 F 0 1 
1 1 1 # # 0 # 1 
1 1 H H 0 0 F 1 
1 1 1 1 S 1 1 1 
PR52 PU22 p46 T5

Map8
1 1 1 1 1 1 1 1 
1 1 S 1 1 1 1 1 
1 1 0 0 0 0 0 1 
1 1 # # 0 0 0 1 
1 G F # 0 0 1 1 
1 1 0 0 0 F # 1 
1 1 0 0 0 # F 1 
1 1 1 1 1 1 1 1 
PR32 PU22 p43 T5

Map8
1 1 1 1 1 1 1 1 
1 1 S 1 1 1 1 1 
1 0 0 0 0 0 1 1 
1 0 # 0 0 0 1 1 
G 0 H 0 0 1 1 1 
1 # 0 H 0 H 1 1 
1 0 0 0 0 0 1 1 
1 1 1 1 1 1 1 1 
PR32 PU22 p13 T6

Map8
1 1 1 1 1 1 1 1 
1 1 1 1 1 1 S 1 
1 1 0 # # 0 0 1 
1 G 0 # 0 0 # 1 
1 1 0 0 0 0 H 1 
1 1 0 0 0 F 1 1 
1 1 1 0 0 F 0 1 
1 1 1 1 1 1 1 1 
PR22 PU62 p34 T7

Map8
1 1 1 1 1 1 1 1 
1 1 F # 0 H 0 1 
1 1 0 # 1 0 0 1 
1 1 0 0 H 0 0 1 
1 1 # 0 1 H 0 S 
1 1 0 0 0 0 0 1 
1 1 1 1 1 G 1 1 
1 1 1 1 1 1 1 1 
PR64 PU33 p45 T7

Map8
1 1 S 1 1 1 1 1 
1 1 F 0 0 0 0 1 
1 1 F 0 0 0 0 1 
1 1 0 0 # 0 # 1 
1 1 F 0 0 # 0 1 
1 1 F 0 0 0 0 1 
1 1 1 1 G 1 1 1 
1 1 1 1 1 1 1 1 
PR51 PU23 p62 T7

Map8
1 1 1 1 1 1 1 1 
1 1 0 0 0 0 0 1 
1 1 F 0 F H 0 1 
1 1 0 0 # 0 # 1 
1 1 0 H # 0 0 S 
1 1 F F 0 0 F 1 
1 1 1 1 1 G 1 1 
1 1 1 1 1 1 1 1 
PR64 PU45 p53 T8

Map8
1 1 1 1 1 1 1 1 
1 0 0 0 0 1 0 1 
S 0 1 0 H 1 0 1 
1 H 0 0 1 0 0 1 
1 1 0 H 1 0 0 1 
1 0 0 0 0 0 0 1 
1 0 0 0 0 0 0 1 
1 1 1 G 1 1 1 1 
PR45 PU32 p21 T10

Map8
1 S 1 1 1 1 1 1 
1 0 0 0 0 0 1 1 
1 F 0 1 # 0 1 1 
1 0 0 F 0 0 # 1 
1 # 0 F F 0 # 1 
G 0 # # 1 H # 1 
1 H # 0 0 1 F 1 
1 1 1 1 1 1 1 1 
PR54 PU13 p24 T6

Map8
1 1 1 1 1 1 1 1 
1 # 0 0 0 # 0 1 
1 0 F 0 1 1 0 S 
1 0 1 0 0 0 1 1 
1 0 0 F # 0 F 1 
1 # # # 1 0 # 1 
1 F 0 1 0 0 0 1 
1 1 G 1 1 1 1 1 
PR33 PU14 p13 T8

Map8
1 S 1 1 1 1 1 1 
1 0 1 0 0 0 F 1 
G 0 1 F 0 F 0 1 
1 F 0 0 0 1 # 1 
1 0 0 1 F 1 0 1 
1 1 0 0 # 0 # 1 
1 0 0 0 # 0 0 1 
1 1 1 1 1 1 1 1 
PR16 PU11 p25 T7

Map8
1 1 1 1 S 1 1 1 
1 1 H 1 0 0 # 1 
1 0 0 # # # F 1 
1 0 0 0 0 0 0 1 
1 0 H 0 H # # G 
1 0 0 0 0 # # 1 
1 0 H 0 0 0 H 1 
1 1 1 1 1 1 1 1 
PR15 PU41 p53 T6

Map8
1 1 1 1 1 1 1 1 
1 0 1 H H H 0 S 
1 0 0 0 1 0 0 1 
1 H 0 0 0 1 0 1 
1 0 # 1 0 H 0 1 
1 0 0 0 0 0 0 1 
1 0 0 F 0 0 # 1 
1 1 1 G 1 1 1 1 
PR61 PU25 p44 T8

Map8
1 1 1 1 S 1 1 1 
1 0 0 0 0 0 0 1 
1 0 0 0 0 0 0 1 
1 0 0 0 0 0 0 1 
1 0 0 0 # F 1 1 
1 F 1 0 1 0 0 1 
1 0 F 0 0 F 0 1 
1 1 1 1 G 1 1 1 
PR55 PU36 p41 T8

Map8
1 1 1 1 1 1 1 1 
1 # 1 F H 0 0 1 
1 F H 1 0 # # 1 
1 0 0 H 0 H 0 S 
1 1 0 F 1 0 0 1 
1 0 F 0 0 0 0 1 
1 0 0 0 # 0 F 1 
1 1 1 G 1 1 1 1 
PR63 PU65 p26 T9


