Map
1 1 1 1 1 1 1 1 
1 1 1 1 1 1 1 1 
1 1 0 0 0 0 1 1 
1 G 0 F 0 0 1 1 
1 1 F 0 0 0 1 1 
1 1 0 0 0 0 1 1 
1 1 1 1 1 S 1 1 
1 1 1 1 1 1 1 1 
D54 T6

Map
1 1 1 G 1 1 1 1 
1 0 0 0 F 0 0 1 
1 0 1 0 0 0 0 1 
1 0 0 0 # 1 0 1 
1 0 0 0 H 1 0 1 
1 1 0 H 0 # 0 1 
S 0 0 1 0 0 0 1 
1 1 1 1 1 1 1 1 
L52 T5

Map
1 1 1 1 1 1 1 1 
1 0 1 0 0 0 0 1 
S 0 0 0 0 0 0 1 
1 # 0 0 F 0 # 1 
G F 0 # # 0 # 1 
1 0 0 0 # 0 0 1 
1 0 0 # 1 0 0 1 
1 1 1 1 1 1 1 1 
U53 T6

Map
1 1 1 1 S 1 1 1 
1 0 0 0 0 0 0 1 
1 # F 0 0 0 0 1 
G F F # 0 0 1 1 
1 0 0 0 # 0 0 1 
1 0 0 0 F 0 0 1 
1 1 0 1 0 0 0 1 
1 1 1 1 1 1 1 1 
U42 T8

Map
1 1 1 1 1 1 1 1 
S 0 0 0 0 0 F 1 
1 0 # 0 0 # # 1 
1 # 0 0 0 # 0 G 
1 0 0 1 0 0 0 1 
1 F # # 0 # 0 1 
1 0 0 0 1 0 0 1 
1 1 1 1 1 1 1 1 
L21 T11

Map
1 1 1 1 1 1 1 1 
1 0 F F 0 0 0 1 
G 0 F 0 0 0 0 1 
1 0 0 # 0 0 0 1 
1 0 0 0 0 F 0 S 
1 0 0 F 0 0 0 1 
1 0 0 0 0 F 0 1 
1 1 1 1 1 1 1 1 
D13 T6

Map
1 1 1 G 1 1 1 1 
S 0 0 0 0 0 0 1 
1 # # 0 0 # 0 1 
1 0 F 0 0 0 0 1 
1 # 0 0 0 0 # 1 
1 0 0 1 0 1 0 1 
1 1 1 # 0 F 0 1 
1 1 1 1 1 1 1 1 
L21 T8

Map
1 1 1 1 1 1 1 1 
1 0 0 0 # 0 0 1 
1 0 0 0 0 0 0 1 
1 # # 0 0 0 0 1 
G 0 # 0 0 # # 1 
1 F 0 0 0 0 0 1 
1 0 0 0 0 # 0 1 
1 1 1 1 1 1 S 1 
D65 T6

Map
1 1 1 1 1 1 1 1 
1 0 0 0 0 0 F 1 
G 0 0 0 1 0 0 1 
1 1 0 0 0 0 F 1 
1 0 0 0 1 0 0 1 
1 0 F 0 0 0 0 1 
1 0 0 0 0 0 0 1 
1 1 1 1 1 1 S 1 
D62 T8

Map
1 1 1 1 1 1 1 1 
1 0 0 0 0 0 1 1 
1 0 0 0 0 0 0 1 
G 0 0 # 0 0 1 1 
1 0 0 0 # 0 0 1 
1 0 0 0 0 # 0 S 
1 1 1 H 0 H H 1 
1 1 1 1 1 1 1 1 
D14 T8

Map
1 1 1 1 1 1 1 1 
1 0 0 0 1 0 0 1 
1 0 0 1 0 0 0 1 
1 0 0 0 0 0 0 1 
S 0 F H 0 0 0 1 
1 0 0 0 0 0 0 1 
1 0 0 0 0 1 0 1 
1 1 1 G 1 1 1 1 
U25 T11

Map
1 1 1 1 1 1 1 1 
1 0 0 0 0 0 0 1 
G 0 0 0 1 0 # 1 
1 0 0 0 0 0 0 1 
S 0 0 0 # 0 0 1 
1 0 0 0 0 0 0 1 
1 0 0 0 0 F # 1 
1 1 1 1 1 1 1 1 
D13 T6

Map
1 1 1 G 1 1 S 1 
1 0 # 0 0 0 0 1 
1 0 H 0 0 0 1 1 
1 0 0 # 0 0 # 1 
1 0 0 1 0 0 0 1 
1 0 # # 0 0 0 1 
1 0 0 0 # # 0 1 
1 1 1 1 1 1 1 1 
L23 T8

Map
1 1 1 1 G 1 1 1 
1 0 0 1 0 0 0 1 
1 1 0 0 F 0 1 1 
1 0 # 0 1 0 1 1 
1 0 0 0 0 0 0 1 
1 0 0 0 0 0 0 1 
1 0 0 H 0 0 0 S 
1 1 1 1 1 1 1 1 
R46 T10

Map
1 1 1 1 1 1 1 1 
1 # # 0 1 0 # 1 
1 1 0 0 0 0 1 1 
1 0 0 H 0 0 0 1 
1 0 0 # 0 0 F 1 
G # 0 1 F # 0 1 
1 1 1 # 0 0 # S 
1 1 1 1 1 1 1 1 
U44 T7

Map
1 1 1 1 1 1 1 1 
1 0 0 0 0 0 0 1 
1 F 0 0 0 0 0 1 
G # 1 0 0 0 0 1 
1 0 0 # 0 1 0 1 
1 F 0 # 0 0 # S 
1 # 0 1 F 0 0 1 
1 1 1 1 1 1 1 1 
D14 T8

Map
1 G 1 1 1 1 1 1 
1 0 0 1 1 0 0 1 
1 1 0 # F 0 H 1 
1 0 0 1 0 H 0 1 
1 0 0 0 0 0 0 1 
1 0 0 0 F F 0 1 
1 0 0 0 0 0 0 1 
1 1 1 1 1 S 1 1 
L64 T6

Map
1 1 1 G 1 1 1 1 
1 0 0 0 0 0 1 1 
1 0 # H 0 0 0 1 
1 # H 0 # 0 0 1 
1 # 1 H # 0 # 1 
1 0 0 1 0 # 0 1 
1 0 0 0 0 1 0 1 
1 S 1 1 1 1 1 1 
L21 T6

Map
1 S 1 1 1 1 1 1 
1 # 0 F 0 # 0 1 
1 # 0 # 0 0 0 1 
1 0 0 # 0 H 0 1 
1 0 0 H 0 0 # 1 
G 0 0 H 0 # F 1 
1 0 0 0 0 0 0 1 
1 1 1 1 1 1 1 1 
U14 T6

Map
1 1 1 G 1 S 1 1 
1 0 0 F 1 # 1 1 
1 0 # 0 0 # # 1 
1 0 0 # 0 1 0 1 
1 # 0 H F 0 0 1 
1 0 0 0 F 0 0 1 
1 0 0 0 0 # 0 1 
1 1 1 1 1 1 1 1 
U32 T6

Map
1 1 1 1 1 1 1 1 
1 # F 0 0 0 0 1 
1 0 0 0 # 0 0 1 
G 0 0 0 0 H 0 1 
1 0 1 # 0 H 0 1 
1 F # 0 0 # 0 1 
1 0 0 0 0 0 0 1 
1 S 1 1 1 1 1 1 
D14 T6

Map
1 S 1 G 1 1 1 1 
1 0 # F 0 0 F 1 
1 F 0 0 1 # # 1 
1 0 # 1 0 0 1 1 
1 0 0 F 0 H 0 1 
1 0 0 1 F H 0 1 
1 0 0 0 # 1 0 1 
1 1 1 1 1 1 1 1 
U32 T6

Map
1 1 1 1 1 1 1 1 
S 0 0 # 0 0 0 1 
1 # 0 0 0 0 0 1 
G # 0 0 0 0 0 1 
1 0 # 0 0 0 0 1 
1 F F 0 F 0 0 1 
1 0 F # 0 0 0 1 
1 1 1 1 1 1 1 1 
U62 T6

Map
1 1 1 1 1 1 1 1 
1 0 0 1 0 # 0 G 
1 1 0 0 0 0 1 1 
1 0 F # 0 0 0 1 
S 0 0 0 F F 1 1 
1 0 0 0 # 0 # 1 
1 0 0 0 0 0 0 1 
1 1 1 1 1 1 1 1 
D53 T6

Map
1 1 1 1 1 1 1 1 
1 0 # 1 0 0 0 1 
1 H 0 0 0 0 0 1 
G 0 # 0 0 0 0 1 
S 0 0 H 0 0 1 1 
1 0 0 0 1 0 0 1 
1 0 0 0 F 0 0 1 
1 1 1 1 1 1 1 1 
L24 T9

Map
1 1 1 1 1 1 1 1 
1 H 0 0 0 0 F 1 
1 0 0 0 0 0 0 1 
1 0 # 0 1 # 1 1 
S 0 0 1 0 F 0 1 
1 1 H 0 0 0 # 1 
1 0 # 0 0 0 0 1 
1 G 1 1 1 1 1 1 
D51 T7

Map
1 1 1 S 1 G 1 1 
1 0 0 0 0 0 0 1 
1 0 0 0 0 0 0 1 
1 0 0 0 0 0 0 1 
1 0 0 0 0 0 0 1 
1 0 0 0 0 0 0 1 
1 1 0 H H 1 0 1 
1 1 1 1 1 1 1 1 
L41 T6

Map
1 1 1 1 1 G 1 1 
1 0 F 0 0 0 # 1 
1 0 H F F F 0 1 
1 0 1 0 0 0 # 1 
1 0 # # 0 0 1 1 
S # F 0 0 0 0 1 
1 F F 0 0 # 1 1 
1 1 1 1 1 1 1 1 
L35 T8

Map
1 1 1 G 1 1 1 1 
1 0 1 0 F 1 0 1 
1 F 0 0 0 0 0 1 
1 0 0 0 1 0 0 1 
1 1 H 0 1 # 0 1 
1 0 F 0 0 F 0 1 
1 0 0 0 0 0 0 1 
1 S 1 1 1 1 1 1 
L26 T6

Map
1 1 1 1 1 1 1 1 
1 0 # 0 0 0 0 1 
1 0 0 0 0 0 0 1 
1 0 0 # 0 0 0 1 
1 0 F H 0 1 0 1 
S 0 F 0 1 0 0 1 
1 0 0 0 H 0 0 1 
1 1 1 1 1 G 1 1 
D55 T7

Map
1 1 1 1 1 1 1 1 
1 # F 0 H 1 0 1 
1 0 0 F 0 0 # G 
1 0 0 0 F # 1 1 
1 0 1 0 0 0 0 1 
1 0 0 F 0 F 0 S 
1 0 F 0 F 0 0 1 
1 1 1 1 1 1 1 1 
D14 T10

Map
1 1 1 1 1 1 1 1 
1 # 0 0 0 0 0 1 
G 0 # H H 0 0 1 
1 0 0 0 1 0 0 1 
S 0 0 0 0 0 0 1 
1 0 0 H 0 0 0 1 
1 0 0 0 0 0 0 1 
1 1 1 1 1 1 1 1 
D13 T6

Map
1 1 1 1 1 1 1 1 
1 0 0 1 1 0 0 1 
1 0 0 0 F 0 0 G 
1 0 0 1 0 F H 1 
1 0 0 0 0 F 0 1 
1 0 0 0 0 H 0 1 
1 0 1 0 0 0 0 S 
1 1 1 1 1 1 1 1 
D23 T8

Map
1 1 1 1 1 1 1 1 
1 0 0 0 # 0 1 1 
1 0 0 F 0 0 0 G 
1 0 1 0 0 # F 1 
1 H 0 H 0 F # 1 
1 0 0 0 0 0 0 1 
1 1 0 0 # 1 0 1 
1 1 1 S 1 1 1 1 
D35 T8

Map
1 1 S 1 1 1 1 1 
1 0 0 0 0 1 # 1 
1 F 0 0 0 0 # 1 
1 1 H # 0 # 1 1 
1 # 0 0 0 1 0 G 
1 0 0 0 F 0 F 1 
1 F 0 # 0 # # 1 
1 1 1 1 1 1 1 1 
U22 T6

Map
1 1 1 1 1 1 1 1 
1 F # F # F # 1 
1 0 F 0 0 F 0 1 
G 0 0 # 1 0 1 1 
1 1 0 0 1 1 F 1 
S 0 0 0 # 0 0 1 
1 1 0 0 0 0 0 1 
1 1 1 1 1 1 1 1 
L32 T6

Map
1 1 1 1 1 1 1 1 
1 F 0 H 1 0 H 1 
1 1 0 0 H 0 F 1 
1 0 0 0 0 0 0 1 
1 0 0 0 0 0 0 1 
1 0 0 0 0 0 0 1 
1 0 # 0 0 0 0 1 
1 1 G 1 S 1 1 1 
R33 T6

Map
1 1 1 S 1 1 1 1 
1 0 0 F 0 1 H 1 
1 0 0 0 # F 0 1 
1 0 1 # F 0 0 G 
1 # 0 F 0 0 0 1 
1 0 0 0 F 0 0 1 
1 1 0 0 H 1 1 1 
1 1 1 1 1 1 1 1 
R53 T7

Map
1 1 1 G 1 1 1 1 
1 0 0 0 0 0 0 1 
1 0 0 0 0 0 0 1 
1 0 0 0 0 0 0 1 
1 0 0 0 0 0 0 1 
1 0 0 0 0 0 0 1 
1 0 0 0 0 0 0 1 
1 S 1 1 1 1 1 1 
L21 T6

Map
1 1 1 1 1 1 1 1 
S 0 F 0 F 0 H 1 
1 0 0 0 F 0 0 1 
1 F F 0 F H 0 1 
1 0 0 0 0 0 0 1 
1 0 0 0 0 1 0 1 
1 1 1 0 0 F 0 1 
1 1 1 G 1 1 1 1 
L31 T6

Map
1 1 1 G 1 S 1 1 
1 F F 0 0 0 0 1 
1 0 0 0 0 0 0 1 
1 # 0 # 0 F 0 1 
1 0 F 0 0 0 1 1 
1 0 0 0 # 0 0 1 
1 1 1 0 F F 0 1 
1 1 1 1 1 1 1 1 
R41 T8

Map
1 1 1 1 1 1 1 1 
1 0 0 0 0 0 0 1 
1 # 1 0 0 0 1 1 
1 0 0 1 1 0 0 1 
1 0 0 0 # # 0 1 
1 # # H H # 0 1 
G 0 0 0 0 0 0 1 
1 1 1 S 1 1 1 1 
R26 T7

Map
1 G 1 1 1 1 1 1 
1 # # F 0 0 1 1 
1 0 0 0 H 1 0 1 
1 1 0 F 1 F 0 1 
1 0 0 1 0 0 0 1 
S 0 0 0 H H 0 1 
1 1 0 0 F 0 # 1 
1 1 1 1 1 1 1 1 
L25 T6

Map
1 1 1 G 1 1 1 1 
1 0 0 0 0 0 0 1 
1 F 0 0 0 0 0 1 
1 0 0 0 1 0 0 1 
1 0 0 0 0 0 0 1 
1 F 0 0 F 0 0 1 
1 0 0 0 # 0 0 1 
1 S 1 1 1 1 1 1 
L26 T6

Map
1 1 1 1 1 1 1 1 
1 0 0 0 0 0 0 1 
1 # F F # 0 0 1 
1 # 0 # 0 0 F S 
1 0 0 # F F 0 1 
G 0 F 0 0 F # 1 
1 0 0 0 0 # 0 1 
1 1 1 1 1 1 1 1 
U64 T6

Map
1 G 1 1 1 1 1 1 
1 # 0 0 0 0 # 1 
1 1 0 0 0 0 1 1 
1 0 F 0 0 1 0 1 
1 0 1 F 1 0 0 1 
S 0 0 0 0 F 0 1 
1 F 0 0 0 0 0 1 
1 1 1 1 1 1 1 1 
L25 T6

Map
1 1 1 G 1 1 1 1 
1 F 0 0 0 0 0 1 
1 1 # 0 1 F 0 1 
1 0 0 1 0 F F 1 
1 0 0 0 0 # H 1 
1 0 0 0 # F # 1 
1 0 0 0 # 0 # 1 
1 1 1 S 1 1 1 1 
U32 T6

Map
1 S 1 1 1 1 1 1 
1 0 F 0 0 F 0 1 
1 0 F 0 H 0 0 1 
1 0 H 0 H 0 0 1 
1 0 0 0 0 0 0 1 
1 0 # 0 0 # 0 1 
1 0 0 0 0 0 0 1 
1 1 1 G 1 1 1 1 
L26 T6

Map
1 1 1 1 1 1 1 1 
1 0 0 0 0 0 0 1 
1 0 0 F F 0 0 1 
1 0 H 0 H 0 0 S 
1 0 1 0 0 F 0 1 
1 F 0 0 0 1 1 1 
1 0 0 1 0 0 0 1 
1 1 1 1 G 1 1 1 
R53 T6

Map
1 1 G 1 1 1 1 1 
1 # 0 0 0 F 0 1 
1 0 F 0 0 0 1 1 
1 # 0 # 0 0 0 1 
1 0 0 0 F H F 1 
1 F 0 0 0 F 0 1 
1 0 0 0 0 0 0 1 
1 1 1 1 S 1 1 1 
R36 T6

Map
1 1 1 1 1 1 1 1 
1 0 # # 0 # 0 1 
1 # 0 0 0 0 0 1 
1 0 # 0 0 0 # 1 
G 0 0 0 0 H 0 1 
1 0 0 0 1 0 0 1 
S 0 0 0 0 0 0 1 
1 1 1 1 1 1 1 1 
D15 T6

Map
1 1 1 1 1 1 1 1 
1 0 0 F 0 0 1 1 
1 # H 1 0 0 0 1 
1 0 # 0 0 0 0 1 
G 0 0 0 0 0 F 1 
1 0 F 0 0 0 1 1 
1 0 0 0 0 0 0 1 
1 1 1 1 1 1 S 1 
D55 T7

Map
1 1 1 1 G 1 1 1 
1 0 0 0 0 0 0 1 
1 0 0 0 # 0 0 1 
1 0 0 0 0 0 0 1 
1 0 0 0 H 0 0 1 
1 0 0 0 0 H 0 1 
1 0 0 0 0 0 0 1 
1 1 1 1 1 1 S 1 
R51 T6

Map
1 1 1 1 1 1 1 1 
1 0 0 0 0 0 0 1 
1 0 # F 0 0 0 1 
G 0 F 0 0 # 0 1 
1 0 0 0 # 0 # 1 
1 0 # 0 1 0 F 1 
1 # 0 F 0 # 0 1 
1 S 1 1 1 1 1 1 
D14 T6

Map
1 1 1 1 1 1 1 1 
1 # 0 1 0 0 0 1 
1 0 0 0 0 0 0 1 
1 0 0 1 0 0 0 1 
S 0 # 0 0 # 1 1 
1 # 0 0 # 0 # 1 
1 0 0 0 0 H 0 G 
1 1 1 1 1 1 1 1 
R35 T6

Map
1 1 1 G 1 1 1 1 
1 0 0 0 0 0 H 1 
1 1 0 0 0 1 0 1 
1 0 0 1 0 0 1 1 
1 0 0 0 0 0 0 1 
1 0 1 0 0 H 0 1 
1 0 0 0 0 0 F 1 
1 1 1 S 1 1 1 1 
U32 T6

Map
1 1 1 1 1 1 1 1 
1 F 0 0 0 0 0 S 
1 F 0 F 1 0 0 1 
1 0 0 H F 0 F 1 
1 0 0 0 0 F 0 G 
1 1 0 0 0 F 0 1 
1 1 0 0 0 0 1 1 
1 1 1 1 1 1 1 1 
U22 T8

Map
1 1 1 G 1 1 1 1 
1 # 0 0 0 0 0 1 
1 # 0 1 F # 0 1 
1 1 # 0 0 0 0 1 
1 0 0 1 0 0 F 1 
1 0 0 0 1 0 0 1 
1 0 0 0 0 0 0 1 
1 1 1 1 1 S 1 1 
R41 T8

Map
1 1 1 1 1 1 1 1 
1 0 0 1 0 F 0 S 
1 1 # 0 1 0 0 1 
1 F 0 0 F 0 0 1 
1 0 F 0 # 0 0 1 
1 0 0 0 1 0 0 1 
G # 1 # 0 0 0 1 
1 1 1 1 1 1 1 1 
R41 T9

Map
1 1 1 1 1 1 1 1 
1 F F 0 0 0 1 1 
1 1 0 1 0 0 0 1 
G F 0 0 0 1 0 1 
1 # # 0 0 F # 1 
1 0 H 0 0 0 # S 
1 # 1 # 0 0 1 1 
1 1 1 1 1 1 1 1 
R55 T7

Map
1 1 1 1 1 1 1 1 
1 0 0 0 1 0 0 G 
1 0 0 0 0 1 # 1 
1 # 0 0 0 0 F 1 
1 1 0 0 0 0 # 1 
1 0 0 0 0 0 1 1 
1 0 0 0 0 # 0 1 
1 1 1 1 1 1 S 1 
D35 T11

Map
1 1 G 1 1 1 1 1 
1 1 0 # 0 0 0 1 
1 0 # 0 0 0 F 1 
1 0 0 0 0 0 F 1 
1 0 0 0 0 0 1 1 
S 0 0 F 1 0 0 1 
1 F # # 0 F 0 1 
1 1 1 1 1 1 1 1 
D24 T7

Map
1 1 1 G 1 S 1 1 
1 0 1 0 F 0 F 1 
1 H 0 0 F F F 1 
1 0 # 0 H F 0 1 
1 1 F 0 0 0 0 1 
1 0 0 0 0 F 0 1 
1 # 0 0 0 0 0 1 
1 1 1 1 1 1 1 1 
R45 T6

Map
1 1 1 1 1 1 1 1 
1 0 0 0 1 0 0 1 
1 0 0 0 0 0 0 1 
G 0 0 0 0 0 0 1 
1 0 1 0 0 0 0 1 
1 H 0 0 0 0 0 1 
1 0 0 H 0 0 0 1 
1 1 S 1 1 1 1 1 
D54 T7

