Map
1 1 1 1 1 1 G 1 
1 0 0 0 H H 0 1 
1 0 0 0 0 0 0 1 
1 0 1 0 0 0 0 1 
1 0 0 0 0 1 0 1 
1 1 0 0 0 0 1 1 
1 1 0 0 0 0 0 1 
1 1 1 1 1 1 S 1 
P11 T7

Map
1 1 1 1 1 1 1 1 
1 0 0 0 0 1 H 1 
1 0 1 0 0 0 0 1 
S 0 0 # 0 0 0 1 
1 H 0 0 0 F 0 1 
1 0 0 0 # 0 0 1 
1 0 0 0 0 0 F 1 
1 1 1 G 1 1 1 1 
l42 T7

Map
1 1 1 1 1 S 1 1 
G 0 1 0 # 0 # 1 
1 0 1 0 0 0 # 1 
1 0 # 1 0 0 0 1 
1 0 0 0 0 0 # 1 
1 0 # 0 # 0 0 1 
1 0 0 0 1 0 H 1 
1 1 1 1 1 1 1 1 
d42 T9

Map
1 1 1 1 S G 1 1 
1 # 0 0 0 0 0 1 
1 0 0 1 F 1 1 1 
1 0 1 # 0 0 0 1 
1 0 0 0 0 0 0 1 
1 0 # 0 # 0 # 1 
1 F 0 F 0 0 1 1 
1 1 1 1 1 1 1 1 
u51 T9

Map
1 1 1 1 1 1 1 1 
1 # 1 0 0 1 0 1 
1 0 F H # 0 # S 
1 0 0 H # 0 # G 
1 # 0 0 0 F 0 1 
1 0 # 1 0 0 0 1 
1 0 0 0 # 0 1 1 
1 1 1 1 1 1 1 1 
P52 T7

Map
1 1 1 1 1 1 S 1 
1 0 0 0 F 0 0 1 
1 0 0 0 0 0 0 1 
1 1 # 0 0 0 # G 
1 0 0 0 # 0 # 1 
1 # H # 0 0 0 1 
1 0 0 0 0 0 F 1 
1 1 1 1 1 1 1 1 
P62 T10

Map
1 1 1 1 1 1 1 1 
1 0 0 1 F 0 F 1 
1 # 0 # 1 # 0 1 
1 # 0 F 0 0 # 1 
1 0 0 0 1 1 0 1 
1 0 0 F 0 0 0 1 
1 1 0 0 1 0 # 1 
1 1 G 1 1 1 S 1 
D62 T7

Map
1 1 1 1 1 1 1 1 
S # 0 1 F 0 0 1 
1 0 H 0 0 # 0 1 
1 0 # # # 0 1 1 
1 0 0 0 H 0 0 1 
1 0 0 1 H 0 1 1 
1 1 0 # 0 0 1 1 
1 1 1 1 G 1 1 1 
d46 T7

Map
1 1 1 G 1 1 1 1 
1 0 0 0 0 1 0 1 
1 0 0 0 0 0 0 1 
1 0 0 0 0 F 0 1 
1 H 0 0 # # F 1 
1 0 0 # 0 0 0 1 
1 0 # 0 0 0 # S 
1 1 1 1 1 1 1 1 
P46 T10

Map
1 1 1 1 1 1 1 1 
1 0 # H 0 0 0 1 
G 0 0 0 0 0 # 1 
1 1 0 1 0 0 1 1 
1 0 0 0 0 # 0 1 
1 0 0 0 0 0 0 1 
1 # 1 0 0 0 0 1 
1 S 1 1 1 1 1 1 
p14 T7

Map
1 1 1 1 1 G 1 1 
1 # F F 1 # 0 1 
1 0 1 0 # 0 0 1 
1 0 0 H 1 0 F 1 
1 0 1 0 0 F 0 1 
1 0 # 0 0 F 0 S 
1 F 0 0 0 1 # 1 
1 1 1 1 1 1 1 1 
p35 T9

Map
1 1 1 1 G 1 1 1 
1 0 0 0 0 0 1 1 
1 0 H H 0 1 1 1 
1 0 0 0 0 # 0 1 
1 0 1 0 1 H # 1 
S 0 0 F 0 F 0 1 
1 0 F 0 0 0 F 1 
1 1 1 1 1 1 1 1 
p31 T7

Map
1 1 1 1 1 1 1 1 
1 F 0 0 0 0 1 1 
1 0 1 0 0 0 F S 
1 F 0 0 0 0 0 G 
1 F 0 0 0 F 0 1 
1 0 0 0 0 0 0 1 
1 # 0 F 0 1 0 1 
1 1 1 1 1 1 1 1 
r43 T9

Map
1 1 1 1 1 1 1 1 
1 0 0 0 0 0 0 S 
1 0 F # 0 0 0 1 
1 0 1 0 1 0 # 1 
1 # H 0 1 # # 1 
1 0 0 H 0 0 0 G 
1 0 1 0 0 0 0 1 
1 1 1 1 1 1 1 1 
p56 T7

Map
1 1 1 1 1 1 1 1 
1 0 0 0 0 1 0 1 
1 0 0 0 0 0 1 1 
1 0 1 0 0 0 0 S 
G 0 0 1 H 0 0 1 
1 0 # H 0 0 0 1 
1 1 0 0 0 0 H 1 
1 1 1 1 1 1 1 1 
r32 T7

Map
1 1 1 1 1 1 1 1 
G 0 1 0 0 F 0 1 
1 0 0 0 F 0 1 1 
1 0 H 0 0 0 1 1 
1 0 1 0 0 0 0 1 
1 H 0 0 0 F 0 1 
1 0 0 0 0 0 0 1 
1 1 S 1 1 1 1 1 
L32 T7

Map
1 1 1 1 1 1 1 1 
1 F F 0 0 0 1 1 
1 0 1 0 0 0 0 G 
1 0 F F 0 0 0 1 
1 1 0 0 # 0 0 1 
1 0 0 0 0 0 F 1 
1 0 0 0 H 0 0 1 
1 S 1 1 1 1 1 1 
P45 T8

Map
1 1 1 1 1 1 1 1 
1 0 0 1 0 0 0 1 
1 0 0 0 1 0 1 1 
1 0 0 1 0 F 0 1 
1 H 0 0 0 H 0 1 
G F F 0 0 0 0 1 
1 1 0 0 0 0 0 S 
1 1 1 1 1 1 1 1 
p44 T7

Map
1 1 1 1 1 1 1 1 
1 1 0 1 0 F 1 1 
1 0 0 0 0 1 0 1 
1 0 0 0 0 0 0 1 
1 0 0 0 0 F 0 1 
S 0 0 F 1 0 0 1 
1 # H 0 0 0 1 1 
1 1 1 1 1 G 1 1 
P25 T8

Map
1 1 1 1 1 1 1 1 
1 0 0 0 0 0 F S 
1 0 0 0 0 0 H 1 
1 0 0 0 0 0 1 1 
1 1 0 0 0 1 0 G 
1 0 F 0 0 0 0 1 
1 0 0 0 0 1 0 1 
1 1 1 1 1 1 1 1 
d31 T7

Map
1 1 G 1 1 1 1 1 
1 0 0 1 0 0 0 1 
1 0 0 1 0 H F 1 
1 0 0 0 0 0 0 1 
1 0 0 0 1 1 0 1 
1 # H 0 F 0 # 1 
1 0 0 0 0 F 0 1 
1 1 S 1 1 1 1 1 
R26 T8

Map
1 1 1 1 1 1 1 1 
1 # F # F 0 0 1 
1 # 0 F 0 0 0 1 
1 0 H # F # 1 1 
1 0 1 F 0 0 0 1 
1 0 1 F 0 0 # 1 
S 0 0 1 0 0 0 1 
1 1 1 1 G 1 1 1 
d51 T7

Map
1 1 1 1 1 1 1 1 
1 0 1 0 # 0 1 1 
1 F H 0 0 0 0 1 
1 0 1 F 0 0 F 1 
1 1 0 0 0 0 0 1 
1 0 0 0 1 1 0 1 
1 0 0 H H 0 0 1 
1 G 1 1 1 S 1 1 
U32 T10

Map
1 1 1 1 1 1 1 1 
S 0 F 0 1 # # 1 
1 1 0 0 # 0 0 1 
1 0 F 0 0 0 # 1 
1 F F 0 F F 0 G 
1 0 0 # 0 1 F 1 
1 0 1 0 0 F 0 1 
1 1 1 1 1 1 1 1 
P33 T7

Map
1 1 1 1 1 1 1 1 
1 0 0 F H 0 0 1 
1 1 0 0 0 0 0 1 
1 0 # F 0 0 1 1 
G 0 0 # 0 0 F 1 
1 0 1 0 0 0 1 1 
1 0 H 0 0 0 0 1 
1 1 1 1 S 1 1 1 
R43 T7

Map
1 1 1 S 1 1 1 1 
1 0 0 0 F 0 0 1 
1 0 1 0 F 0 0 1 
1 0 0 0 # H 1 1 
1 0 # 1 0 0 0 1 
1 # 0 0 # 0 0 1 
1 0 1 0 0 0 0 G 
1 1 1 1 1 1 1 1 
R14 T7

Map
1 1 1 1 S 1 1 1 
1 0 0 0 # # 1 1 
1 0 0 # # 0 # 1 
1 0 H 0 F # 0 1 
1 0 H 0 0 1 0 1 
1 0 H 1 0 0 # 1 
1 0 # 0 0 0 0 1 
1 1 1 G 1 1 1 1 
P46 T7

Map
1 1 1 1 1 1 1 1 
1 0 0 0 H 0 0 G 
1 H 0 H 0 0 # 1 
1 0 0 0 0 1 0 1 
S F 0 1 0 0 # 1 
1 1 0 0 0 0 0 1 
1 0 F 0 0 0 0 1 
1 1 1 1 1 1 1 1 
r23 T7

Map
1 1 1 1 1 1 1 1 
1 0 0 0 H 0 0 1 
1 # 0 F 0 # 1 1 
G 0 # 0 F H 0 1 
1 0 F F 1 0 0 1 
1 0 0 0 1 0 # 1 
1 0 # 0 0 0 0 1 
1 1 1 1 1 1 S 1 
P14 T9

Map
1 1 1 1 1 S 1 1 
1 0 F 0 0 0 # 1 
1 0 0 0 0 F # 1 
1 1 # # 0 0 0 1 
1 0 F 0 0 F 0 1 
1 F 0 0 1 F # 1 
1 # 1 0 # 0 F 1 
1 G 1 1 1 1 1 1 
d41 T7

Map
1 1 1 1 1 1 G 1 
1 0 1 0 0 # 0 1 
1 H 0 0 0 1 0 1 
1 0 # F # 0 0 1 
1 0 0 0 1 1 1 1 
S 0 # 0 0 0 0 1 
1 0 # 0 0 H H 1 
1 1 1 1 1 1 1 1 
p15 T7

Map
1 1 1 1 1 G 1 1 
1 1 0 0 0 0 H 1 
1 F 0 0 0 0 1 1 
1 0 0 0 0 F 0 1 
1 F 0 0 F 0 0 1 
1 F 1 0 0 0 F 1 
1 0 0 F F 1 0 S 
1 1 1 1 1 1 1 1 
P23 T8

Map
1 1 1 1 1 1 1 1 
S 0 # 0 0 0 1 1 
1 0 # # 0 1 0 1 
1 1 1 0 0 0 0 1 
1 # 0 0 0 # F 1 
1 0 0 1 0 1 # 1 
1 F 0 0 0 0 0 1 
1 1 1 1 1 G 1 1 
d56 T7

Map
1 1 1 1 1 1 1 1 
1 # F 0 0 0 F 1 
1 0 1 0 F 0 0 1 
G 0 1 # H 0 0 1 
1 1 # 0 # 0 0 S 
1 0 0 0 H 0 0 1 
1 H 0 0 0 0 0 1 
1 1 1 1 1 1 1 1 
L62 T7

Map
1 1 1 1 1 1 S 1 
1 F 0 0 1 1 # 1 
1 0 0 F 0 0 0 1 
1 0 F 0 # 0 0 1 
1 0 0 F 0 0 0 1 
1 1 # 0 0 # H 1 
1 0 0 1 # 0 # 1 
1 1 1 1 G 1 1 1 
P64 T7

Map
1 1 1 1 1 1 1 1 
1 0 1 # 0 0 0 1 
1 0 0 0 0 0 F G 
1 0 0 0 0 # 0 1 
1 0 # 0 0 # 0 1 
1 0 0 F 0 1 F 1 
1 0 0 1 0 1 0 1 
1 1 1 1 S 1 1 1 
D51 T7

Map
1 1 1 1 1 1 1 1 
1 0 0 1 1 0 H 1 
1 1 1 # 0 0 0 S 
1 0 0 0 # # 0 1 
1 0 0 # 0 0 H 1 
1 0 0 # # # 0 1 
1 0 0 0 1 0 # G 
1 1 1 1 1 1 1 1 
r15 T7

Map
1 1 S 1 1 1 1 1 
1 0 # 0 0 1 F 1 
1 0 # H 0 1 # 1 
1 0 0 0 # 0 F 1 
1 0 1 0 0 0 F 1 
G # 0 0 0 0 0 1 
1 # F 0 # 0 F 1 
1 1 1 1 1 1 1 1 
P14 T7

Map
1 1 1 G S 1 1 1 
1 0 F F 0 0 # 1 
1 0 0 0 F 0 0 1 
1 1 0 0 0 0 0 1 
1 0 0 0 0 F # 1 
1 F 0 0 F 0 0 1 
1 0 0 0 F 1 0 1 
1 1 1 1 1 1 1 1 
P44 T7

Map
1 1 1 1 1 1 1 1 
G 0 1 0 F # 0 1 
S 0 # F 0 0 0 1 
1 0 # F # 1 # 1 
1 0 0 0 # 0 1 1 
1 1 0 # 0 0 0 1 
1 1 0 0 0 0 0 1 
1 1 1 1 1 1 1 1 
P52 T7

Map
1 1 1 1 1 1 1 1 
G F F 0 1 0 0 1 
1 # 0 # 0 0 0 1 
1 0 F 0 1 0 0 1 
1 0 0 0 0 0 0 1 
1 # 0 0 0 1 0 1 
1 0 0 # # 0 # S 
1 1 1 1 1 1 1 1 
p44 T9

Map
1 1 1 1 1 1 1 1 
1 0 0 1 0 F 0 1 
1 0 0 0 H F 0 1 
G F 0 # 0 0 0 1 
1 0 0 0 0 0 F S 
1 1 0 0 0 F 0 1 
1 0 0 0 H # 0 1 
1 1 1 1 1 1 1 1 
P24 T7

Map
1 1 1 1 1 S 1 1 
1 1 0 1 F 0 1 1 
1 0 0 0 1 0 0 1 
1 0 0 0 0 0 0 1 
1 0 0 1 0 F 0 G 
1 0 0 0 # 0 1 1 
1 0 H 0 F 0 H 1 
1 1 1 1 1 1 1 1 
U36 T9

Map
1 1 1 1 1 G 1 1 
1 0 H # # 0 0 1 
1 0 0 0 H 0 0 1 
1 0 0 0 0 0 1 1 
1 1 0 0 0 0 0 1 
1 0 1 0 0 1 0 1 
1 0 0 0 0 0 0 1 
1 1 S 1 1 1 1 1 
L22 T8

Map
1 1 1 1 1 1 1 1 
1 # 0 0 0 0 0 1 
1 0 0 0 # 1 # 1 
1 1 0 0 # 0 # S 
1 0 0 F 0 0 H 1 
1 0 # 0 0 H 0 1 
1 0 H F 0 0 1 1 
1 G 1 1 1 1 1 1 
l44 T8

Map
1 S 1 1 1 1 1 1 
1 0 0 0 0 0 0 1 
1 1 0 0 0 0 0 1 
1 0 0 0 1 # 1 1 
G 0 0 0 0 0 # 1 
1 0 # 0 0 0 1 1 
1 0 0 0 0 0 0 1 
1 1 1 1 1 1 1 1 
P13 T8

Map
1 1 1 1 1 1 1 1 
1 0 0 0 0 H 0 1 
1 0 0 0 0 0 F G 
1 0 1 0 0 1 H 1 
1 0 0 0 0 0 0 1 
S 0 0 0 # 0 0 1 
1 0 0 # 0 1 0 1 
1 1 1 1 1 1 1 1 
d21 T8

Map
1 1 1 1 1 1 1 1 
1 0 # 1 1 0 0 1 
1 0 F 0 0 0 # G 
1 0 0 1 0 0 0 1 
1 0 0 0 1 0 0 1 
1 0 # 0 0 # 1 1 
1 1 0 0 F # 0 1 
1 1 S 1 1 1 1 1 
L53 T7

Map
1 1 1 1 1 1 1 1 
1 # F 0 0 0 0 1 
1 0 0 0 H 0 # 1 
S 0 1 F # F 0 1 
1 0 # 0 1 F 0 1 
1 0 0 1 0 0 0 G 
1 # 0 1 0 0 H 1 
1 1 1 1 1 1 1 1 
P61 T7

Map
1 1 1 1 1 1 1 1 
1 F 0 0 0 # 0 1 
1 # 0 0 0 0 H 1 
1 0 H 0 1 0 0 1 
1 0 1 0 0 H # 1 
G 0 0 H 0 0 1 1 
1 0 # 1 # # 0 1 
1 1 1 1 S 1 1 1 
l32 T8

Map
1 1 1 1 1 1 1 1 
G 0 1 0 0 # F 1 
1 0 0 F 0 0 0 1 
1 0 0 0 1 0 0 1 
1 0 0 F 0 0 H 1 
S F 0 0 1 0 0 1 
1 0 0 0 F 0 1 1 
1 1 1 1 1 1 1 1 
l52 T7

Map
1 1 1 1 1 1 1 1 
1 0 # 0 # 0 0 S 
1 0 0 0 0 0 0 1 
1 0 0 1 0 0 0 1 
1 # # 0 0 0 1 1 
1 0 0 # 0 # 0 1 
1 0 0 0 0 0 0 1 
1 1 1 1 1 G 1 1 
r44 T7

Map
1 1 1 1 G 1 1 1 
1 0 0 0 0 F 0 1 
1 0 0 0 0 0 0 1 
1 0 0 0 0 0 0 1 
1 0 0 F F 1 0 1 
1 0 0 0 F F 0 1 
1 0 1 0 0 H H 1 
1 S 1 1 1 1 1 1 
P31 T7

Map
1 1 1 1 1 1 1 1 
1 0 F 0 0 0 0 1 
1 0 0 H 0 0 0 G 
S 0 0 1 0 0 0 1 
1 0 H F 0 F 0 1 
1 0 1 0 0 0 0 1 
1 0 0 F F 0 0 1 
1 1 1 1 1 1 1 1 
p61 T7

Map
1 1 1 1 1 1 1 1 
1 0 0 0 0 0 0 1 
S # 1 0 0 0 # 1 
G 0 1 0 0 0 0 1 
1 0 0 # 0 1 0 1 
1 0 0 0 0 0 0 1 
1 1 0 0 0 1 0 1 
1 1 1 1 1 1 1 1 
p14 T7

Map
1 1 1 1 1 S 1 1 
1 F # 0 1 # # 1 
1 0 # 0 0 0 0 1 
1 0 0 0 # 0 0 1 
1 0 0 0 0 0 0 1 
G 0 0 0 1 0 0 1 
1 0 0 0 0 0 0 1 
1 1 1 1 1 1 1 1 
p36 T7

Map
1 1 1 S G 1 1 1 
1 0 0 0 F 0 0 1 
1 0 0 1 0 0 H 1 
1 1 0 0 1 0 0 1 
1 0 F 0 0 # H 1 
1 0 F 0 0 0 0 1 
1 0 0 0 0 0 1 1 
1 1 1 1 1 1 1 1 
p53 T10

Map
1 1 G 1 1 1 1 1 
1 0 0 0 0 0 0 1 
1 F 0 0 0 0 0 1 
1 0 0 1 0 F 0 S 
1 F F F 0 0 F 1 
1 0 0 0 0 0 0 1 
1 1 0 0 F 1 0 1 
1 1 1 1 1 1 1 1 
d35 T8

Map
1 1 1 1 1 1 1 1 
1 0 # H 0 F 0 1 
1 0 0 # 1 0 # 1 
1 # 0 0 0 H 1 1 
1 0 # 1 0 # # 1 
1 0 F 0 0 0 0 S 
1 0 0 0 # F 0 1 
1 1 1 G 1 1 1 1 
p26 T8

Map
1 1 1 1 1 1 1 1 
1 F F # # 0 0 1 
1 1 0 0 # F 0 1 
1 0 # 0 F 0 1 1 
1 0 0 # 0 # F 1 
1 0 0 0 0 # F 1 
1 H 0 0 0 1 0 1 
1 1 1 G S 1 1 1 
p46 T7

Map
1 1 1 1 1 1 1 1 
1 0 0 0 # 0 0 1 
G 0 0 0 0 F H 1 
1 0 0 1 0 0 # 1 
1 0 0 0 0 1 0 S 
1 0 F 0 F 0 0 1 
1 1 0 0 0 0 1 1 
1 1 1 1 1 1 1 1 
d31 T7

Map
1 1 S 1 1 1 1 1 
1 0 0 F 0 H 0 1 
1 0 0 H 0 0 1 1 
1 0 0 0 H H 0 1 
1 F 0 F 0 0 0 1 
1 0 0 0 0 0 0 1 
1 1 F 0 0 0 1 1 
1 1 1 1 1 G 1 1 
P25 T7

Map
1 1 1 1 1 1 1 1 
G 0 1 0 # # 0 1 
1 0 0 0 0 0 0 1 
S 0 0 0 0 F 0 1 
1 0 0 0 1 1 0 1 
1 1 0 0 0 0 0 1 
1 0 H 0 0 0 0 1 
1 1 1 1 1 1 1 1 
u46 T11

Map
1 1 1 S 1 1 1 1 
1 0 # 0 0 # 0 1 
1 F 0 F 0 F 0 1 
1 # # 0 1 0 0 1 
1 0 0 1 0 0 0 1 
G F 0 0 0 0 # 1 
1 0 0 F F 0 0 1 
1 1 1 1 1 1 1 1 
p64 T7

Map
1 1 1 1 1 1 G 1 
1 F 0 # 1 0 0 1 
1 0 H 0 0 0 0 1 
1 0 0 H 0 0 H 1 
1 0 0 0 0 0 0 1 
S F 0 1 0 0 0 1 
1 0 0 0 0 0 0 1 
1 1 1 1 1 1 1 1 
L65 T7

Map
1 1 1 1 1 1 1 1 
1 0 1 0 0 1 0 G 
1 0 0 # 0 F 0 1 
1 0 0 0 0 0 0 1 
1 0 F 0 0 0 0 1 
1 0 1 0 1 0 1 1 
1 0 0 0 0 # F 1 
1 1 1 1 S 1 1 1 
p13 T7

Map
1 1 1 1 1 G 1 1 
1 0 0 0 0 0 0 1 
1 0 0 0 0 0 1 1 
1 1 1 # F 0 0 1 
1 H 0 0 0 0 1 1 
1 0 # 0 0 0 0 1 
1 # 0 0 0 0 0 1 
1 S 1 1 1 1 1 1 
P15 T7

Map
1 1 1 1 1 1 1 1 
1 0 0 0 0 0 0 1 
1 0 0 H # 0 0 1 
1 # 0 0 0 0 1 1 
1 0 0 0 H 0 # 1 
S 0 0 0 0 0 0 1 
1 0 # 1 0 0 0 1 
1 1 1 1 1 G 1 1 
r23 T7

Map
1 1 G 1 1 1 1 1 
1 1 # 0 0 F 0 1 
1 F 0 0 0 0 0 1 
1 # 0 F 0 1 1 1 
1 1 1 0 0 H 0 1 
1 0 0 0 F 0 0 1 
S 0 0 0 F 0 0 1 
1 1 1 1 1 1 1 1 
P26 T8

Map
1 S 1 1 1 1 1 1 
1 0 0 0 # 0 0 1 
1 1 0 0 0 0 0 1 
1 0 0 0 0 # 1 1 
1 0 0 0 0 1 0 1 
1 0 0 0 0 0 F G 
1 0 0 0 0 0 0 1 
1 1 1 1 1 1 1 1 
p24 T7

Map
1 1 1 1 1 1 1 1 
G 0 0 0 1 0 0 1 
1 0 0 1 0 0 0 1 
1 0 1 0 0 0 # 1 
1 0 0 # H 0 0 S 
1 0 0 0 0 # 0 1 
1 0 0 0 0 0 F 1 
1 1 1 1 1 1 1 1 
P54 T9

Map
1 1 S 1 1 1 1 1 
1 0 0 0 F 0 H 1 
1 0 1 # 0 0 0 1 
1 0 F 0 0 0 1 1 
G 0 0 0 0 # 0 1 
1 F 0 # H # # 1 
1 0 F 0 1 0 # 1 
1 1 1 1 1 1 1 1 
R13 T7

Map
1 1 1 1 1 1 1 1 
1 # 1 0 0 0 0 1 
S 0 # F 0 1 # 1 
1 1 0 0 F F 0 1 
1 # 1 0 1 0 F 1 
1 F 0 0 0 F 0 1 
1 0 0 0 0 0 0 1 
1 1 1 G 1 1 1 1 
p46 T7

Map
1 1 1 1 1 1 1 1 
1 0 0 # F 0 0 1 
1 0 0 F 0 0 1 1 
1 0 0 0 0 0 # 1 
1 0 0 1 0 0 0 1 
1 0 0 0 0 1 0 1 
S 0 0 0 1 1 0 G 
1 1 1 1 1 1 1 1 
D51 T7

Map
1 1 1 1 1 1 1 1 
1 0 0 # 0 0 0 1 
1 0 0 F 0 F # 1 
G 0 # 0 0 0 H 1 
1 0 0 0 # 0 0 1 
S # 0 0 F F 0 1 
1 1 0 0 0 0 0 1 
1 1 1 1 1 1 1 1 
l13 T7

Map
1 1 1 1 1 G 1 1 
1 0 0 # 0 0 0 1 
1 F 0 H 1 0 0 1 
1 1 # 0 0 F # 1 
1 1 H 1 F 0 0 1 
1 0 F F 0 0 1 1 
1 0 0 1 0 F 0 1 
1 1 1 1 1 1 S 1 
P41 T7

Map
1 1 1 1 1 1 1 1 
G # 1 H 0 0 0 1 
1 F 0 0 # 1 0 1 
1 0 0 0 0 0 1 1 
1 1 0 0 # H 0 1 
1 0 # # 1 0 # 1 
1 0 0 # 0 0 0 1 
1 1 1 1 1 1 S 1 
P32 T9

Map
1 1 1 1 1 1 1 1 
1 0 # 0 0 0 1 1 
1 0 0 # F 0 0 1 
S 0 0 0 0 0 0 1 
1 0 # 0 0 0 1 1 
1 0 0 0 1 0 # 1 
1 F 1 0 0 0 0 1 
1 1 1 1 G 1 1 1 
P36 T7

Map
1 1 1 1 1 1 G 1 
1 0 0 0 0 0 # 1 
1 1 0 0 0 0 H 1 
1 0 0 0 # 0 0 1 
1 # 0 0 0 0 0 S 
1 1 1 # 0 0 0 1 
1 0 0 0 0 0 0 1 
1 1 1 1 1 1 1 1 
l65 T7

Map
1 1 1 1 1 1 1 1 
1 1 F 1 0 0 0 S 
1 0 H 0 0 0 0 1 
1 0 0 0 F H # 1 
1 0 1 0 1 0 0 1 
1 0 # 0 0 0 0 1 
G # H H 0 0 # 1 
1 1 1 1 1 1 1 1 
p64 T7

Map
1 1 1 1 1 1 1 1 
G # 1 H 0 # 0 1 
1 0 # # 0 0 0 1 
1 1 0 0 # 0 F 1 
1 0 0 0 F # 0 1 
1 F H H 1 0 F S 
1 0 # 0 F 0 F 1 
1 1 1 1 1 1 1 1 
P52 T7

Map
1 1 1 1 1 1 1 1 
1 0 0 # 1 0 1 1 
1 H 0 0 # # 0 S 
1 0 0 0 F 0 H 1 
1 0 F 0 0 # # 1 
1 0 0 1 0 0 0 1 
1 0 # 1 H H 0 1 
1 1 G 1 1 1 1 1 
U22 T7

Map
1 1 1 1 S 1 1 1 
1 0 0 0 F 0 0 1 
1 0 0 0 0 0 F 1 
1 0 0 0 1 # 0 1 
G 0 F 0 0 0 F 1 
1 0 0 0 0 0 0 1 
1 0 F 0 # 0 1 1 
1 1 1 1 1 1 1 1 
U45 T9

Map
1 1 1 1 1 1 1 1 
S 0 0 0 0 0 0 1 
1 0 0 F F 0 0 1 
1 0 0 1 H 0 F 1 
1 0 0 1 0 F 0 1 
1 1 0 0 0 0 F 1 
1 H 0 0 0 0 0 1 
1 1 1 G 1 1 1 1 
d36 T7

Map
1 1 1 1 1 1 1 1 
1 0 0 1 0 0 0 1 
1 0 0 0 0 0 0 1 
1 0 0 0 0 0 1 1 
G 0 0 0 1 0 0 1 
1 0 1 1 0 0 0 1 
1 0 0 0 H 0 0 S 
1 1 1 1 1 1 1 1 
P56 T11

Map
1 1 1 S 1 1 1 1 
1 0 1 0 F 0 0 1 
1 0 # 0 0 H 0 1 
1 0 0 0 0 H 0 1 
1 0 F 1 0 H 0 1 
1 1 0 0 0 0 F 1 
1 H 0 0 1 0 0 1 
1 1 G 1 1 1 1 1 
L55 T7

Map
1 1 1 1 1 1 1 1 
1 1 F 0 0 0 # 1 
1 F 1 0 0 0 0 1 
1 # 0 0 1 0 0 1 
G 0 0 0 0 F F 1 
1 F # 0 # F 0 1 
S 0 0 0 # # # 1 
1 1 1 1 1 1 1 1 
P36 T9

Map
1 1 1 1 1 1 1 1 
1 0 F 0 H 0 0 1 
1 1 0 1 1 0 0 G 
1 F 0 0 0 0 0 1 
1 0 0 0 0 F 0 S 
1 0 0 F 0 0 0 1 
1 0 F 0 0 1 0 1 
1 1 1 1 1 1 1 1 
r62 T7

Map
1 1 1 1 1 1 1 1 
1 0 0 0 0 0 0 1 
1 0 0 F 0 # 0 1 
1 0 0 0 1 1 0 G 
1 1 H 0 H # 1 1 
1 H 0 0 0 0 # 1 
1 # 0 0 0 F # 1 
1 1 1 1 1 1 S 1 
p46 T8

Map
1 1 G 1 1 1 1 1 
1 1 F 1 0 F 0 1 
1 0 0 0 0 # 0 1 
1 F 1 F 0 0 0 1 
S 0 F 0 # # 1 1 
1 0 0 0 0 # 0 1 
1 F 0 F 0 0 0 1 
1 1 1 1 1 1 1 1 
u22 T8

Map
1 1 1 1 1 1 1 1 
S # # F 0 1 0 1 
1 0 0 0 F 0 F G 
1 0 F F # F 0 1 
1 # H 1 0 0 H 1 
1 0 0 H # 0 0 1 
1 F 0 0 0 0 # 1 
1 1 1 1 1 1 1 1 
P46 T7

Map
1 1 1 1 1 1 1 1 
1 0 1 0 0 F 0 1 
1 0 F 0 # 0 0 1 
1 0 0 0 0 0 0 1 
G 0 0 0 0 0 F 1 
1 F 0 1 0 0 0 1 
S 0 0 0 1 0 0 1 
1 1 1 1 1 1 1 1 
R12 T7

Map
1 1 1 1 1 1 1 1 
S 0 F 0 F 0 0 1 
1 0 0 H F 0 1 1 
1 0 0 0 0 0 0 1 
1 F 0 0 0 0 0 1 
1 F 0 0 # 0 0 1 
G 0 F 0 1 0 0 1 
1 1 1 1 1 1 1 1 
d51 T7

Map
1 1 1 1 1 1 1 1 
1 0 # 0 0 H # 1 
1 0 0 0 # 0 0 1 
1 0 0 1 H F 0 G 
S 0 0 0 0 1 1 1 
1 0 0 H 0 0 0 1 
1 1 0 0 0 0 1 1 
1 1 1 1 1 1 1 1 
p13 T7

Map
1 1 1 1 1 1 1 1 
1 0 0 0 1 0 0 S 
1 0 0 F H 1 0 1 
G 0 0 1 0 0 0 1 
1 0 F 0 0 0 0 1 
1 0 0 0 0 0 F 1 
1 F 0 0 1 0 0 1 
1 1 1 1 1 1 1 1 
p14 T11

Map
1 1 1 1 1 1 1 1 
1 0 H 1 0 0 0 1 
1 0 0 0 0 0 # 1 
1 0 F 0 0 0 0 S 
1 0 0 0 0 1 0 G 
1 0 0 # H # # 1 
1 0 0 0 1 0 0 1 
1 1 1 1 1 1 1 1 
r64 T7

Map
1 1 1 1 1 S 1 1 
1 0 0 0 0 # 0 1 
1 0 1 1 0 0 # 1 
1 0 # 1 0 0 0 1 
1 0 0 0 0 0 0 1 
1 0 0 0 0 0 0 1 
1 # F 0 F 0 0 1 
1 1 G 1 1 1 1 1 
p12 T7

Map
1 1 1 1 1 1 1 1 
1 0 0 0 0 0 0 1 
S 0 0 0 0 0 1 1 
1 0 0 1 0 # H 1 
1 1 1 0 0 0 0 G 
1 0 0 0 0 0 0 1 
1 0 0 0 # 0 0 1 
1 1 1 1 1 1 1 1 
p25 T8

Map
1 1 1 1 1 1 1 1 
1 0 0 0 1 0 0 1 
1 0 H 0 0 0 0 1 
1 0 1 0 0 F 0 S 
G 0 # 1 0 0 0 1 
1 0 0 0 0 0 0 1 
1 1 0 0 1 1 0 1 
1 1 1 1 1 1 1 1 
u25 T7

Map
1 1 1 1 1 1 1 1 
1 0 0 0 # 0 0 1 
G 0 # 0 0 0 0 1 
1 0 0 # 0 H 1 1 
1 0 1 0 0 1 0 1 
1 0 0 0 0 0 0 1 
1 # 0 0 0 1 0 S 
1 1 1 1 1 1 1 1 
P64 T7

Map
1 1 1 1 1 1 1 1 
1 0 0 0 0 0 0 1 
1 0 0 0 0 0 0 1 
1 0 H 0 0 0 0 G 
S 0 0 0 0 0 # 1 
1 0 0 # 0 0 F 1 
1 0 0 0 0 0 0 1 
1 1 1 1 1 1 1 1 
p62 T7

Map
1 1 1 1 1 1 1 1 
1 1 F 0 0 1 # G 
1 0 1 0 1 0 0 1 
1 0 # F 1 0 # 1 
1 0 0 0 F 0 # 1 
1 0 1 0 0 0 0 1 
1 0 0 0 # 0 F 1 
1 1 S 1 1 1 1 1 
p15 T7

Map
1 1 1 1 1 1 1 1 
G 0 # 0 1 # 0 S 
1 0 # 0 # 0 0 1 
1 0 0 0 0 0 0 1 
1 # 0 0 0 F 0 1 
1 0 0 0 0 0 0 1 
1 0 1 F 0 0 # 1 
1 1 1 1 1 1 1 1 
p61 T7

Map
1 1 1 1 1 1 G 1 
1 0 0 0 0 0 0 1 
1 # 0 0 0 # 0 1 
1 0 H 1 0 0 1 1 
1 0 0 0 H # # 1 
1 1 0 0 0 # F 1 
1 0 0 0 0 0 H 1 
1 S 1 1 1 1 1 1 
P46 T7

Map
1 1 1 1 1 1 1 1 
1 1 0 0 0 0 0 1 
1 0 0 # 0 0 0 1 
1 # 0 0 F 0 0 1 
1 0 0 # F 1 1 1 
G 0 1 0 # 0 0 1 
S 0 0 F 0 0 1 1 
1 1 1 1 1 1 1 1 
l15 T9

Map
1 1 1 1 1 1 1 1 
1 0 0 1 0 0 0 1 
1 1 0 0 0 F 0 1 
1 0 0 0 1 F 0 G 
1 F F 0 0 0 0 1 
1 0 F 0 F 0 0 S 
1 H H # F # 1 1 
1 1 1 1 1 1 1 1 
r63 T7

Map
1 1 1 1 1 1 G 1 
1 0 0 0 0 0 0 1 
1 0 0 0 0 0 H 1 
1 0 1 0 0 0 0 1 
1 1 0 0 0 0 0 1 
1 0 0 1 H 1 0 1 
1 1 0 0 0 0 0 1 
1 1 1 S 1 1 1 1 
P44 T7

Map
1 1 1 1 1 1 1 1 
S 0 0 1 0 0 # 1 
1 # 0 0 0 0 0 1 
1 0 1 H 1 0 0 1 
1 0 0 0 0 # F 1 
1 0 0 H 0 0 1 1 
1 # # 0 # 1 0 1 
1 1 G 1 1 1 1 1 
p14 T7

Map
1 1 1 1 S 1 1 1 
1 0 # 0 0 H 1 1 
1 0 0 0 1 F 0 1 
1 0 1 0 0 # 0 1 
1 1 0 0 0 0 0 1 
1 1 0 0 0 0 0 1 
1 0 H 0 0 1 0 G 
1 1 1 1 1 1 1 1 
D31 T7

Map
1 1 1 1 1 1 1 1 
1 0 F 0 0 1 0 G 
1 0 0 0 F 1 0 1 
1 0 0 0 0 1 0 1 
1 0 F 0 0 0 F 1 
1 0 0 0 0 0 0 1 
1 # F # 0 0 1 1 
1 1 1 S 1 1 1 1 
p14 T7

Map
1 1 1 1 1 1 1 1 
1 0 0 0 0 0 # 1 
1 # 0 0 # F 1 1 
G F 0 0 0 1 0 1 
1 0 0 0 # # 0 1 
1 F # F F 0 0 1 
1 # 0 0 1 0 0 1 
1 1 1 1 1 1 S 1 
l33 T9

Map
1 1 1 1 1 1 1 1 
1 0 F 0 1 0 0 1 
1 0 1 0 1 1 0 S 
G 0 1 0 0 0 0 1 
1 0 0 0 0 0 0 1 
1 0 H 0 0 0 0 1 
1 0 # 1 0 0 # 1 
1 1 1 1 1 1 1 1 
l13 T9

Map
1 1 1 1 1 1 1 1 
1 0 0 0 0 0 0 1 
S 0 1 0 0 0 0 1 
1 0 0 # 0 0 0 1 
1 1 0 0 0 0 1 1 
1 0 0 0 F 0 0 1 
1 F F 0 0 # 0 1 
1 G 1 1 1 1 1 1 
d31 T8

Map
1 1 1 1 1 1 1 1 
1 0 0 0 0 1 # 1 
1 1 0 F 0 0 0 1 
1 0 0 0 0 F # 1 
1 0 0 0 # 0 1 1 
1 # H 0 0 H 1 1 
S 0 # 0 0 0 0 1 
1 1 1 1 G 1 1 1 
R14 T8

Map
1 1 1 1 1 1 1 1 
1 # 0 H 1 0 0 1 
S 0 0 1 0 0 0 1 
1 0 1 0 # # 0 1 
1 0 0 # 0 0 0 1 
1 0 1 0 # 0 0 1 
1 0 1 # 0 # F G 
1 1 1 1 1 1 1 1 
r14 T8

Map
1 1 G 1 1 1 1 1 
1 0 0 F 0 0 0 1 
1 F # 0 0 0 0 1 
1 # 0 0 1 0 0 1 
S 0 0 # 0 F 0 1 
1 H 1 1 F F # 1 
1 0 0 F F 1 0 1 
1 1 1 1 1 1 1 1 
p14 T8

Map
1 1 1 S 1 1 1 1 
1 0 1 0 0 1 0 1 
1 F 0 1 0 F 0 G 
1 0 F H 0 0 0 1 
1 1 0 0 F F 0 1 
1 0 H 0 0 0 0 1 
1 0 0 0 0 # 0 1 
1 1 1 1 1 1 1 1 
p63 T7

Map
1 1 1 1 1 1 1 1 
1 F 0 0 # 0 0 1 
1 1 0 # 0 0 1 1 
1 0 0 0 H # 0 1 
S # 1 0 0 0 0 1 
1 0 0 0 0 0 0 1 
1 0 # 0 0 0 0 1 
1 1 1 G 1 1 1 1 
p65 T7

Map
1 1 1 1 1 1 1 1 
1 0 0 F 0 0 0 1 
1 0 0 1 0 0 0 1 
1 0 0 0 0 0 0 1 
1 1 0 0 1 0 0 1 
1 0 0 1 1 0 0 1 
1 0 0 0 H 0 0 1 
1 G 1 1 1 S 1 1 
r12 T7

Map
1 1 1 S 1 1 1 1 
1 0 # 0 # 0 0 1 
1 0 0 # 0 F 0 1 
1 0 # # 0 F # 1 
1 1 0 0 0 # F 1 
G 0 # 1 0 0 H 1 
1 0 F F 0 0 1 1 
1 1 1 1 1 1 1 1 
d51 T7

Map
1 1 1 1 1 1 S 1 
1 1 0 0 0 # 0 1 
1 0 0 0 1 0 0 1 
1 1 0 0 0 0 0 1 
1 0 0 0 0 0 # 1 
G 0 F 0 1 0 0 1 
1 0 0 0 # H 1 1 
1 1 1 1 1 1 1 1 
P14 T7

Map
1 1 1 1 1 1 1 1 
1 0 0 H 1 0 0 1 
1 1 0 1 0 0 0 1 
1 0 0 0 F 0 0 1 
1 0 1 0 # 0 F 1 
1 F H 0 F 1 H 1 
1 0 0 0 0 0 0 1 
1 1 1 G 1 1 S 1 
L66 T8

Map
1 1 G 1 1 1 1 1 
1 0 0 0 0 0 0 1 
1 F 1 0 0 0 H 1 
1 1 0 F 0 F 0 S 
1 0 0 # # 1 0 1 
1 0 0 0 0 # 0 1 
1 0 0 0 F 0 0 1 
1 1 1 1 1 1 1 1 
P11 T8

Map
1 1 1 1 1 S 1 1 
1 0 0 F 0 0 0 1 
G 0 0 0 1 0 0 1 
1 0 0 0 0 F H 1 
1 0 1 0 0 0 0 1 
1 0 H 0 1 1 1 1 
1 0 0 0 0 F 0 1 
1 1 1 1 1 1 1 1 
p13 T7

Map
1 1 1 G 1 1 1 1 
1 0 0 0 0 0 H 1 
1 0 0 F 0 0 1 1 
1 0 0 0 # 0 0 1 
1 0 0 0 # 0 0 1 
1 0 0 0 1 0 0 1 
1 0 # 1 0 0 0 1 
1 1 1 1 S 1 1 1 
p14 T8

Map
1 1 1 1 1 1 1 1 
1 1 F 0 F 0 0 1 
1 F 0 1 0 0 0 1 
1 0 0 0 0 0 1 1 
1 0 0 0 0 0 0 1 
1 0 0 0 # # # S 
1 0 0 0 0 0 0 1 
1 1 1 1 G 1 1 1 
u35 T8

Map
1 1 1 G 1 1 1 1 
1 1 0 0 0 0 H 1 
1 F 0 0 0 0 0 1 
1 0 0 0 0 0 # 1 
1 0 0 0 0 0 0 1 
1 0 1 0 # F 0 1 
S 0 0 1 0 # 1 1 
1 1 1 1 1 1 1 1 
P13 T7

Map
1 1 1 1 1 1 1 1 
1 0 0 H 0 1 0 1 
1 F 0 F 0 0 F G 
S 0 1 # 0 0 1 1 
1 0 1 0 0 0 0 1 
1 # 0 # 0 # 0 1 
1 0 F F 0 F 0 1 
1 1 1 1 1 1 1 1 
P44 T7

Map
1 1 1 1 1 1 1 1 
1 H 0 1 0 # 0 1 
1 1 0 0 0 # 0 S 
1 H 1 0 F 0 0 1 
1 0 0 0 0 0 0 1 
G # F H # # 0 1 
1 # # 0 0 0 F 1 
1 1 1 1 1 1 1 1 
P14 T8

Map
1 1 1 1 1 1 1 1 
1 0 0 0 0 0 0 1 
S # 0 F H 0 0 1 
1 0 # # # 0 0 1 
1 F 0 0 F H H 1 
1 F 0 0 0 0 0 1 
G 0 1 # F 0 0 1 
1 1 1 1 1 1 1 1 
D22 T8

Map
1 1 1 1 1 1 1 1 
1 # 0 # 0 0 0 1 
1 0 1 1 0 0 1 1 
1 0 0 1 0 0 0 1 
1 0 0 0 0 # 0 1 
1 0 0 0 0 # 0 1 
1 0 0 F 0 0 0 1 
1 S 1 1 1 G 1 1 
R42 T7

Map
1 1 1 1 1 G 1 1 
1 0 0 0 0 0 0 1 
1 0 0 0 F 0 1 1 
1 0 0 0 0 0 0 S 
1 1 0 0 1 0 1 1 
1 0 0 0 F 0 0 1 
1 0 0 0 1 0 0 1 
1 1 1 1 1 1 1 1 
D23 T7

Map
1 1 1 1 1 1 1 1 
1 0 0 F 0 # 1 1 
1 F 0 0 H # 1 1 
1 # 0 # 0 # # 1 
1 0 F 0 1 # 0 1 
1 0 H # 0 1 0 1 
1 0 0 F 1 0 0 1 
1 S 1 G 1 1 1 1 
r14 T8

Map
1 1 1 1 1 1 1 1 
1 0 0 1 1 0 0 1 
1 F 0 0 F F 0 G 
1 1 0 0 0 0 F 1 
1 1 H 0 1 0 0 S 
1 # F 0 # 0 0 1 
1 # F 0 0 0 H 1 
1 1 1 1 1 1 1 1 
u35 T7

Map
1 1 1 1 1 1 1 1 
1 F 0 F # 0 0 1 
1 0 0 F 0 F 0 1 
S 0 0 1 0 0 0 1 
1 1 0 F 0 0 0 1 
1 0 0 0 0 0 0 1 
1 0 F 0 0 0 0 1 
1 1 1 G 1 1 1 1 
P45 T8

Map
1 S 1 1 1 1 1 1 
1 0 0 1 0 0 0 1 
1 0 F 1 0 0 0 1 
1 0 0 0 0 # H 1 
1 0 0 F 0 F 0 G 
1 F F 0 0 0 0 1 
1 0 0 0 0 0 F 1 
1 1 1 1 1 1 1 1 
P13 T7

Map
1 1 1 1 1 1 S 1 
1 1 0 0 0 0 0 1 
1 # # 0 0 0 0 1 
1 0 1 0 0 0 # 1 
1 0 F 0 # 0 # 1 
G 0 0 1 # 0 0 1 
1 0 0 1 0 0 0 1 
1 1 1 1 1 1 1 1 
p14 T8

Map
1 1 1 1 S 1 1 1 
1 1 0 0 0 1 0 G 
1 0 0 0 0 F 0 1 
1 0 0 0 # 0 1 1 
1 0 F 1 0 # # 1 
1 0 1 0 1 0 H 1 
1 0 0 0 0 0 0 1 
1 1 1 1 1 1 1 1 
L23 T8

Map
1 1 1 1 1 1 1 1 
1 0 0 1 H H 0 1 
1 0 1 F 0 H 1 1 
G # 0 0 0 0 1 1 
1 0 0 0 0 0 1 1 
1 0 0 1 0 0 0 1 
1 0 0 # 0 0 0 1 
1 1 1 1 1 1 S 1 
r15 T7

Map
1 1 1 1 1 1 1 1 
1 0 0 0 0 0 0 1 
1 H 0 0 0 0 0 G 
1 0 0 0 0 1 0 1 
1 0 0 0 0 0 0 1 
1 # 0 1 0 F 0 1 
S 0 0 0 0 0 1 1 
1 1 1 1 1 1 1 1 
d51 T7

Map
1 1 1 1 1 1 1 1 
1 0 0 0 1 0 F 1 
1 0 0 0 F F 0 S 
G 0 1 0 0 1 0 1 
1 F # 0 0 0 1 1 
1 0 0 0 0 H # 1 
1 0 0 0 0 0 0 1 
1 1 1 1 1 1 1 1 
P12 T7

Map
1 1 1 1 1 1 1 1 
1 1 0 0 0 0 F S 
1 0 0 0 0 0 0 1 
1 0 H F 0 0 0 1 
G 0 0 0 # 0 H 1 
1 1 0 0 # 0 0 1 
1 0 0 0 1 0 F 1 
1 1 1 1 1 1 1 1 
P31 T9

Map
1 1 1 S 1 1 1 1 
1 H 0 0 1 H 0 1 
1 0 0 # F # 0 1 
1 1 0 0 # 1 1 1 
1 0 0 0 0 0 F 1 
1 0 # 0 0 0 0 1 
1 0 0 0 0 0 H 1 
1 1 1 1 G 1 1 1 
p34 T9

Map
1 1 1 1 1 1 1 1 
1 0 0 0 0 0 0 1 
G 0 1 0 0 0 0 1 
1 0 0 0 0 0 0 1 
1 # H 1 0 0 0 1 
1 0 1 0 1 0 # 1 
1 H H 0 # 0 1 1 
1 1 1 S 1 1 1 1 
P13 T7

Map
1 1 1 1 1 1 1 1 
1 0 F 0 0 0 0 1 
S # 1 1 # 0 0 1 
1 0 0 0 0 0 1 1 
1 1 0 1 0 0 0 1 
1 F 0 0 0 1 0 1 
1 F 0 0 0 0 0 1 
1 1 1 1 1 G 1 1 
D56 T7

Map
1 1 1 1 G 1 1 1 
1 0 1 0 0 0 0 1 
S 0 0 1 1 # 0 1 
1 0 0 0 0 0 0 1 
1 0 0 0 0 0 1 1 
1 0 0 0 0 0 0 1 
1 0 0 0 1 0 0 1 
1 1 1 1 1 1 1 1 
U41 T7

Map
1 1 1 1 1 1 1 1 
G 0 1 0 0 F 0 1 
1 0 0 H 0 # 0 S 
1 1 0 0 0 1 # 1 
1 # 0 1 # 0 0 1 
1 # 0 1 0 0 1 1 
1 0 0 0 0 0 H 1 
1 1 1 1 1 1 1 1 
D42 T8

Map
1 1 1 1 1 1 1 1 
1 1 0 0 0 0 0 1 
1 0 0 0 0 0 # 1 
1 0 0 0 0 0 F 1 
1 F F 0 H 0 H 1 
1 0 0 0 # F 0 1 
1 # # 0 # 0 0 1 
1 S 1 1 G 1 1 1 
p36 T8

Map
1 1 1 1 1 1 1 1 
1 0 0 1 0 0 0 1 
1 0 0 0 F 0 1 1 
1 0 0 F F 0 # 1 
1 1 0 1 0 0 0 S 
G F 0 0 F 0 F 1 
1 0 0 0 0 0 H 1 
1 1 1 1 1 1 1 1 
L25 T7

Map
1 1 1 1 1 1 1 1 
1 0 F 0 0 0 0 S 
1 # 0 0 F 0 F 1 
1 0 0 # 0 # # 1 
1 0 0 0 # 0 0 1 
1 1 0 # 0 0 0 1 
1 0 0 H # F 0 1 
1 G 1 1 1 1 1 1 
l65 T8

Map
1 1 1 1 1 S 1 1 
1 0 0 1 F 0 0 1 
1 0 0 H F 0 0 1 
1 F 0 0 0 0 0 1 
1 0 1 F 0 1 1 1 
1 0 0 0 0 0 0 1 
G 0 H 0 # 0 0 1 
1 1 1 1 1 1 1 1 
P23 T8

Map
1 1 1 1 1 1 G 1 
1 0 0 0 1 0 # 1 
1 0 0 0 0 0 F 1 
1 # 0 0 0 0 F 1 
1 0 F F 0 # 0 S 
1 0 0 0 0 0 0 1 
1 0 0 0 0 1 0 1 
1 1 1 1 1 1 1 1 
D52 T7

Map
1 1 1 1 1 1 1 1 
1 1 0 0 0 0 0 1 
1 0 F 0 H 0 # 1 
1 0 0 0 0 0 1 1 
1 0 F F 0 0 0 1 
1 0 0 0 0 0 0 1 
S 0 0 0 0 0 0 1 
1 1 G 1 1 1 1 1 
r13 T7

Map
1 1 1 1 1 1 1 1 
1 0 0 0 0 0 1 1 
S 0 0 0 0 0 0 1 
1 0 0 0 0 0 0 1 
1 1 0 0 0 0 H 1 
1 H 0 F 0 F 0 1 
1 0 1 1 0 H 0 1 
1 1 1 1 1 1 G 1 
L54 T8

Map
1 1 1 1 1 1 1 1 
1 0 0 0 0 1 1 1 
1 0 H 0 0 1 1 1 
1 0 0 0 H 0 0 1 
1 0 0 0 H # 0 1 
1 0 0 0 # 0 0 1 
1 # 0 0 # # 0 1 
1 1 1 G 1 S 1 1 
p21 T7

Map
1 1 1 1 1 1 1 1 
1 # F 0 # 0 F 1 
1 0 # H H 0 1 1 
1 0 0 # 0 0 0 1 
1 0 0 # 0 0 0 1 
1 # 0 # # 1 0 1 
S 0 0 1 0 0 0 1 
1 1 1 1 G 1 1 1 
r13 T7

Map
1 1 1 G 1 1 1 1 
1 0 0 # 0 F 0 1 
1 0 0 0 0 0 H 1 
1 0 0 F 0 0 0 1 
1 0 # 0 0 1 0 1 
1 0 # # # 0 0 1 
1 1 0 0 F 0 0 1 
1 1 S 1 1 1 1 1 
u36 T7

Map
1 G 1 1 1 1 1 1 
1 0 0 1 0 0 0 1 
1 0 1 0 0 1 0 S 
1 F 0 0 # H # 1 
1 0 0 0 1 0 0 1 
1 F 0 0 0 # # 1 
1 0 0 0 0 # F 1 
1 1 1 1 1 1 1 1 
D23 T7

Map
1 1 G 1 1 1 1 1 
1 0 0 0 1 0 0 1 
1 0 1 H 0 0 0 1 
1 # 0 0 0 0 # 1 
1 0 # 0 0 0 1 1 
1 H 0 # 1 # H 1 
1 0 0 1 0 # 0 1 
1 1 1 1 1 S 1 1 
P31 T7

Map
1 1 1 1 1 1 1 1 
1 0 0 0 0 0 F 1 
1 0 1 1 0 0 1 1 
1 1 0 0 0 0 0 1 
1 0 0 0 F 0 0 1 
1 0 0 0 F 0 0 1 
1 0 0 0 0 F 0 1 
1 S 1 1 G 1 1 1 
p53 T7

Map
1 1 1 S 1 1 1 1 
1 0 # 0 0 F 0 1 
1 0 1 1 0 H 0 1 
1 0 0 0 0 0 0 1 
1 # 0 1 0 0 0 1 
G 0 0 # 0 0 H 1 
1 0 0 0 # # 0 1 
1 1 1 1 1 1 1 1 
p26 T7

Map
1 1 1 1 1 1 1 1 
1 # # 0 # 1 0 1 
1 0 1 1 # 0 0 1 
G # 0 0 0 0 F 1 
1 0 0 1 0 0 0 1 
1 0 0 0 0 0 0 1 
1 0 0 F H 0 # 1 
1 1 1 1 1 S 1 1 
U26 T7

Map
1 1 1 1 1 1 S 1 
G 0 1 # 0 0 0 1 
1 # 0 0 0 1 0 1 
1 H 0 0 F # 0 1 
1 0 # # 0 0 0 1 
1 1 # 1 0 1 # 1 
1 0 H H 0 # 0 1 
1 1 1 1 1 1 1 1 
l32 T7

Map
1 S 1 1 1 1 1 1 
1 # 0 0 0 0 0 1 
1 1 0 0 # 0 # 1 
1 0 0 # F 0 0 1 
1 1 F 0 0 0 0 1 
G # 0 1 0 0 1 1 
1 0 0 0 0 1 0 1 
1 1 1 1 1 1 1 1 
p31 T7

Map
1 1 1 1 1 1 1 1 
1 0 0 F 1 0 0 1 
S # 0 0 F 0 0 1 
1 0 0 0 0 0 1 1 
1 0 0 0 F 0 0 1 
1 0 0 0 # 0 0 1 
1 0 F F 0 0 0 1 
1 1 1 G 1 1 1 1 
P24 T8

Map
1 1 1 1 1 1 1 1 
1 H 1 0 0 H 1 1 
1 # 0 0 0 0 0 1 
S 0 0 0 F 0 0 1 
1 0 0 0 0 0 # 1 
1 0 0 0 0 0 1 1 
1 0 0 1 0 0 0 1 
1 1 1 1 1 G 1 1 
U42 T7

Map
1 1 1 G 1 1 S 1 
1 0 0 0 1 0 0 1 
1 0 F 0 # 0 # 1 
1 0 0 0 0 F 0 1 
1 0 # 0 0 0 0 1 
1 0 0 1 0 # 0 1 
1 0 1 # 0 0 0 1 
1 1 1 1 1 1 1 1 
u46 T7

Map
1 1 1 G 1 1 1 1 
1 0 0 0 # 1 # 1 
1 # 0 0 0 0 1 1 
1 0 # 1 0 # 0 S 
1 F H 0 0 1 F 1 
1 0 # 0 0 0 1 1 
1 0 0 0 0 F 0 1 
1 1 1 1 1 1 1 1 
p21 T7

Map
1 1 1 1 1 S 1 1 
1 0 0 0 H F 0 G 
1 # 0 # 0 0 0 1 
1 0 0 0 0 0 0 1 
1 0 0 0 0 F 0 1 
1 0 0 0 0 0 H 1 
1 0 0 0 0 0 # 1 
1 1 1 1 1 1 1 1 
p13 T7

Map
1 1 1 G 1 1 1 1 
1 0 1 0 1 1 0 1 
1 0 0 # 0 0 # 1 
1 0 0 0 0 0 0 1 
S 0 # 0 0 0 0 1 
1 0 1 0 H 0 # 1 
1 0 F 0 0 0 1 1 
1 1 1 1 1 1 1 1 
p42 T8

Map
1 1 1 1 G 1 1 1 
1 # 0 0 0 # 0 1 
1 0 0 0 0 H F 1 
1 # 0 0 0 0 0 1 
1 0 0 # F 0 0 1 
1 0 0 H 0 H 0 1 
1 0 0 1 0 0 0 1 
1 1 1 1 1 1 S 1 
r23 T9

Map
1 1 1 1 1 1 1 1 
1 # F 0 0 0 0 1 
1 H 0 0 0 0 0 1 
1 F H 0 F F 0 1 
1 # F 0 # 0 0 1 
1 # F 0 0 0 0 1 
G 0 H 0 # # 0 1 
1 1 1 1 1 S 1 1 
p63 T7

Map
1 1 1 1 1 1 S 1 
1 1 0 0 0 0 # 1 
1 0 0 0 0 0 0 1 
1 F # 0 0 0 0 1 
1 0 0 0 0 0 1 1 
1 0 H 0 1 # 0 1 
1 0 0 1 0 0 0 1 
1 1 1 1 1 1 G 1 
R24 T7

Map
1 1 1 1 1 1 1 1 
1 0 0 0 1 # 0 1 
1 0 0 0 0 0 # 1 
1 F 1 0 0 0 0 1 
1 0 F # 0 H 1 1 
1 0 0 0 0 0 # 1 
1 F 0 0 0 1 0 G 
1 1 1 S 1 1 1 1 
P44 T7

Map
1 1 G 1 1 1 1 1 
1 1 F 0 0 1 0 1 
1 0 0 1 0 0 0 1 
1 0 0 0 0 0 0 1 
1 0 1 # 0 0 0 1 
1 0 0 1 F 0 1 1 
1 0 0 0 # # 0 1 
1 1 1 1 S 1 1 1 
r42 T9

Map
1 1 1 1 1 1 1 1 
1 0 # # 0 0 0 S 
1 0 0 0 # 1 1 1 
1 0 # 0 0 0 0 1 
G # 0 0 0 1 1 1 
1 # # # 0 0 0 1 
1 0 0 0 0 0 0 1 
1 1 1 1 1 1 1 1 
P13 T7

Map
1 1 1 1 1 1 1 1 
G 0 1 0 0 0 0 1 
1 0 0 0 0 0 0 1 
1 0 0 0 0 0 1 1 
1 F 0 0 0 F 0 1 
1 0 0 0 0 0 F 1 
S 0 0 F 0 0 0 1 
1 1 1 1 1 1 1 1 
p46 T8

Map
1 1 1 1 1 1 1 1 
1 0 0 0 0 1 0 1 
1 0 0 0 0 0 0 1 
S 0 0 0 0 0 # 1 
1 0 1 1 0 0 1 1 
1 0 1 0 0 0 0 1 
1 0 1 0 0 0 0 1 
1 1 1 1 1 G 1 1 
r44 T7

Map
1 1 1 1 1 1 1 1 
S F # # 0 H H 1 
G 0 0 0 0 0 # 1 
1 H 0 0 F 0 0 1 
1 H # 0 0 # 1 1 
1 0 0 1 0 0 0 1 
1 0 F F 0 0 # 1 
1 1 1 1 1 1 1 1 
P41 T9

Map
1 1 1 1 1 1 1 1 
1 0 1 # # 0 0 1 
1 0 0 0 0 1 0 1 
G 0 0 0 1 0 0 1 
1 F 0 0 0 0 0 1 
1 0 0 0 0 0 0 1 
1 H 0 0 0 0 0 1 
1 1 1 1 S 1 1 1 
p32 T7

Map
1 1 1 G 1 1 1 1 
1 1 0 0 0 0 0 1 
1 0 H 1 F 0 1 1 
1 1 0 0 1 0 0 1 
1 0 0 0 H 1 0 S 
1 0 F 0 0 0 0 1 
1 0 F 0 0 0 0 1 
1 1 1 1 1 1 1 1 
p41 T7

Map
1 1 1 1 1 1 1 1 
1 0 0 # 1 0 0 1 
G 0 0 1 0 # 0 1 
1 1 0 0 0 0 0 1 
1 # H 0 0 0 0 1 
1 1 # 1 0 0 0 1 
1 0 # 0 # # 0 1 
1 1 1 S 1 1 1 1 
l63 T8

Map
1 1 1 1 1 1 1 1 
1 0 0 0 H # # 1 
1 0 0 0 H F 0 1 
G 0 0 0 0 0 0 1 
S # 0 0 # 1 1 1 
1 0 1 0 0 0 0 1 
1 # 0 0 # 0 0 1 
1 1 1 1 1 1 1 1 
p12 T10

Map
1 1 1 1 1 1 1 1 
1 0 0 0 0 0 0 1 
1 F # 1 0 0 0 S 
1 0 0 F 1 0 1 1 
1 0 1 0 0 0 0 1 
1 F 0 F 0 0 0 1 
1 0 0 # 0 # 0 1 
1 1 1 1 G 1 1 1 
p54 T9

Map
1 1 1 1 1 1 1 1 
1 1 1 0 0 0 0 1 
1 0 F 0 F 0 0 1 
1 0 0 0 F 0 1 1 
1 0 H 0 0 0 0 1 
1 0 0 0 1 0 0 1 
1 0 0 0 0 1 0 S 
1 1 1 1 G 1 1 1 
U44 T7

Map
1 1 1 1 1 1 1 1 
1 0 F 0 F 0 F 1 
1 F H H 0 0 0 1 
1 0 0 0 0 0 H 1 
1 0 1 0 0 0 F 1 
G 0 0 0 1 0 0 1 
1 0 0 1 0 1 0 1 
1 1 1 1 1 1 S 1 
L65 T7

Map
1 1 1 1 1 1 1 1 
1 0 0 1 0 0 0 1 
1 0 0 0 0 0 0 1 
1 0 1 0 0 0 0 1 
S 0 0 1 0 0 0 G 
1 F 0 0 F 0 0 1 
1 0 0 0 H 0 0 1 
1 1 1 1 1 1 1 1 
p63 T9

Map
1 1 1 1 1 1 1 1 
S 0 0 0 0 0 1 1 
1 0 0 0 0 0 F 1 
1 0 0 0 0 F # 1 
1 F F # 0 1 0 1 
1 0 1 0 0 0 0 1 
1 0 0 0 0 1 0 1 
1 1 1 1 1 1 G 1 
r43 T7

Map
1 1 1 1 1 1 1 1 
1 0 0 0 1 0 0 1 
1 0 0 0 0 0 0 1 
1 0 0 1 0 0 0 1 
1 0 0 1 0 0 0 G 
1 F 0 0 # # 0 1 
1 0 # 0 0 0 0 1 
1 S 1 1 1 1 1 1 
p63 T7

Map
1 1 1 1 1 1 S 1 
1 0 0 F # 0 0 1 
1 # 0 0 0 # # 1 
1 1 0 1 0 0 1 1 
G # 0 0 F 1 0 1 
1 # 0 # 0 0 H 1 
1 1 1 0 0 0 0 1 
1 1 1 1 1 1 1 1 
p32 T7

Map
1 1 1 1 1 1 G 1 
1 0 0 H 0 # # 1 
1 0 0 0 F 0 1 1 
S 0 0 0 0 0 F 1 
1 1 0 # 0 F H 1 
1 0 0 1 0 # # 1 
1 0 0 H 1 0 0 1 
1 1 1 1 1 1 1 1 
D43 T7

Map
1 1 1 1 1 1 1 1 
1 0 0 F 0 0 0 1 
1 0 F 0 # 1 0 S 
1 1 F 0 0 0 0 1 
G 0 0 0 0 0 0 1 
1 0 0 0 F 0 0 1 
1 0 0 H 0 0 # 1 
1 1 1 1 1 1 1 1 
d21 T7

Map
1 1 1 1 1 1 1 1 
1 0 # 0 0 0 0 1 
1 # 0 F 0 0 F 1 
1 0 1 0 0 0 0 1 
G 0 # 0 0 0 1 1 
S 0 F 0 0 0 0 1 
1 0 # 0 0 0 0 1 
1 1 1 1 1 1 1 1 
p35 T8

Map
1 1 1 1 1 1 1 1 
1 0 # # 0 0 0 1 
1 F 0 0 0 1 0 1 
1 1 1 1 0 F 0 1 
G 0 0 0 0 0 0 1 
1 0 1 0 # 0 # 1 
1 0 0 0 1 0 0 S 
1 1 1 1 1 1 1 1 
D41 T7

Map
1 1 1 1 1 1 1 1 
1 # # # 0 F H 1 
1 0 1 # F 0 0 1 
1 1 1 # 0 # 0 S 
1 0 F F 0 0 0 1 
1 0 # 1 1 0 0 1 
1 # 0 0 0 0 1 1 
1 1 G 1 1 1 1 1 
P14 T9

Map
1 1 1 G 1 1 1 1 
1 0 0 0 0 0 H 1 
1 0 0 1 H 0 0 1 
1 0 0 0 0 0 0 1 
1 0 0 1 0 0 1 1 
1 0 0 0 1 0 # 1 
1 0 0 0 0 0 0 1 
1 1 S 1 1 1 1 1 
u31 T8

Map
1 1 1 1 G 1 1 1 
1 # 0 0 0 F # 1 
1 0 0 0 1 0 F 1 
1 0 F 0 0 0 0 1 
1 0 0 0 0 F 0 1 
1 # 1 0 0 0 0 1 
S 0 1 1 0 0 0 1 
1 1 1 1 1 1 1 1 
P31 T8

Map
1 1 1 1 1 1 1 1 
1 1 F H 0 0 0 1 
1 0 0 0 0 1 0 1 
1 1 1 H 0 0 F 1 
G 0 F 0 F F 0 1 
1 F H 0 0 0 0 1 
1 # 0 F 0 0 0 1 
1 1 1 1 1 S 1 1 
U43 T7

Map
1 1 1 1 1 1 1 1 
1 1 F 0 0 0 0 1 
1 1 1 F 0 0 0 1 
1 0 0 0 0 F 0 1 
1 0 F 0 0 0 0 1 
1 0 0 H 1 0 0 1 
1 0 0 0 F 0 1 1 
1 S G 1 1 1 1 1 
d26 T7

Map
1 1 1 S 1 1 1 1 
1 0 1 0 0 0 0 1 
1 0 0 0 H 0 0 1 
1 1 1 0 H 0 0 1 
1 0 0 0 0 0 0 G 
1 0 0 0 0 0 0 1 
1 H 0 0 0 1 0 1 
1 1 1 1 1 1 1 1 
d51 T7

Map
1 1 1 G 1 1 1 1 
1 0 0 0 0 0 0 1 
1 F 1 F 0 F 0 1 
1 # F 1 0 H 1 1 
1 0 0 # 0 0 # 1 
1 0 0 F 0 1 F 1 
1 0 # 0 1 # # S 
1 1 1 1 1 1 1 1 
u31 T7

Map
1 1 1 1 1 1 S 1 
1 0 0 # 0 0 0 1 
1 0 0 0 0 0 0 1 
1 H 0 0 # 0 0 1 
1 0 0 0 H 0 # 1 
1 0 0 0 0 H 0 1 
G 0 1 0 0 0 0 1 
1 1 1 1 1 1 1 1 
d21 T7

Map
1 1 1 1 1 1 1 1 
1 # 0 # # # 1 1 
1 H 0 1 0 # H 1 
1 0 0 0 0 0 0 G 
1 # 0 0 0 0 # 1 
1 0 0 0 0 1 0 1 
1 0 0 1 0 0 F 1 
1 1 1 1 1 S 1 1 
u34 T8

Map
1 1 1 S 1 1 1 1 
1 H 0 0 0 0 0 1 
1 0 0 0 1 0 0 1 
1 # 0 0 0 0 0 1 
1 1 0 0 0 0 0 1 
1 0 H 0 0 0 1 1 
1 1 0 0 H 0 0 1 
1 1 1 1 1 1 G 1 
l62 T8

Map
1 1 G 1 1 1 1 1 
1 0 0 0 # # 0 1 
1 0 0 # 0 1 0 1 
1 1 0 0 # 0 0 1 
1 0 0 0 1 0 0 1 
1 0 0 0 F 0 0 1 
1 0 # 0 0 # 0 1 
1 1 1 1 S 1 1 1 
R46 T8

Map
1 1 1 1 1 1 1 1 
1 # 0 1 # # 1 1 
1 0 # F 0 0 0 1 
1 F 1 0 0 # 0 1 
1 0 0 0 F 0 0 1 
1 0 0 0 1 # 0 1 
1 0 0 # 0 0 0 1 
1 S G 1 1 1 1 1 
d26 T7

Map
1 1 1 1 1 1 1 1 
1 1 0 H # 0 1 1 
1 0 0 0 1 0 # S 
1 0 0 0 0 0 0 1 
1 0 F # 0 0 0 1 
1 0 0 F 0 0 H 1 
1 F 0 0 0 0 0 1 
1 1 1 G 1 1 1 1 
U46 T7

Map
1 1 1 1 1 1 1 1 
S 0 # 1 0 F 0 1 
1 0 0 0 0 0 F 1 
1 0 0 0 0 F # 1 
1 0 0 # H 0 0 1 
1 1 F 0 0 0 0 1 
1 0 0 # 1 0 0 1 
1 1 1 1 1 1 G 1 
U42 T7

Map
1 1 1 1 1 1 1 1 
1 0 1 0 1 0 # 1 
1 0 0 # 0 0 0 1 
1 0 0 0 # # F 1 
1 0 1 0 0 0 0 1 
S # # 1 0 0 0 G 
1 0 0 0 # # 0 1 
1 1 1 1 1 1 1 1 
r55 T7

Map
1 1 1 1 1 G 1 1 
1 0 0 0 0 0 0 1 
1 0 0 0 # 0 0 1 
S 0 0 1 0 0 1 1 
1 1 0 0 # 1 0 1 
1 0 0 0 0 0 0 1 
1 0 0 0 1 0 F 1 
1 1 1 1 1 1 1 1 
r43 T8

Map
1 1 1 1 1 1 1 1 
1 0 0 0 0 0 0 1 
1 0 0 0 1 H F 1 
G 0 0 0 0 0 0 1 
1 F F 0 0 0 # 1 
S # 0 # 0 # 0 1 
1 0 0 # 1 0 0 1 
1 1 1 1 1 1 1 1 
p34 T7

Map
1 1 1 1 1 1 1 1 
1 0 0 H 0 0 0 1 
1 0 0 0 0 0 0 G 
1 1 0 0 0 # 0 1 
1 0 0 0 0 0 0 1 
1 0 0 0 1 0 0 1 
1 0 0 0 0 0 0 1 
1 1 1 1 S 1 1 1 
l63 T8

Map
1 1 1 1 1 1 1 1 
1 1 F # 0 0 0 1 
1 0 F 0 0 0 1 1 
1 0 0 0 0 0 0 1 
1 # # 0 H 0 # 1 
1 0 0 F 0 0 # 1 
1 F 0 1 0 0 0 1 
1 1 G 1 1 S 1 1 
p33 T7

Map
1 1 1 1 1 1 1 1 
1 0 F 1 0 0 F 1 
1 0 F 0 0 F F 1 
S 0 0 1 1 0 0 1 
1 0 0 0 0 0 0 1 
1 0 0 0 H F 0 1 
1 0 0 0 # 1 0 G 
1 1 1 1 1 1 1 1 
u36 T7

Map
1 1 1 1 1 1 1 1 
1 0 0 0 0 0 0 1 
1 0 1 0 0 0 0 G 
1 0 0 0 0 0 0 1 
1 0 0 1 0 0 0 1 
1 1 0 0 0 0 0 1 
1 # 0 0 1 1 0 1 
1 S 1 1 1 1 1 1 
p63 T7

Map
1 1 1 1 1 S 1 1 
1 1 0 0 0 0 1 1 
1 0 1 F 1 0 0 1 
1 0 0 F H 0 0 1 
1 0 0 0 0 F 0 1 
1 # H 0 F 0 0 1 
1 F 1 0 0 1 0 1 
1 1 1 1 G 1 1 1 
P21 T9

Map
1 1 1 S G 1 1 1 
1 0 # 0 0 0 0 1 
1 0 0 # 0 H 0 1 
1 H # 0 0 H 1 1 
1 0 0 1 0 0 0 1 
1 0 0 1 0 # 0 1 
1 F 0 # F # 0 1 
1 1 1 1 1 1 1 1 
p11 T10

Map
1 1 1 1 1 1 1 1 
1 0 0 0 # 1 0 1 
1 # H # 0 0 0 1 
S 0 0 0 0 1 0 1 
1 0 0 0 1 H 0 1 
1 1 0 0 0 0 0 1 
1 0 # 0 0 0 0 1 
1 1 1 1 1 G 1 1 
P66 T7

Map
1 1 1 1 1 1 1 1 
1 0 # 0 1 H 0 1 
1 0 0 0 0 1 F 1 
1 0 0 0 0 0 # 1 
1 F # 0 1 # 0 G 
1 # 0 F 0 0 0 1 
1 0 0 # 0 0 1 1 
1 1 1 S 1 1 1 1 
p55 T7

Map
1 1 1 1 1 1 1 1 
1 1 0 0 0 F 0 1 
1 0 0 1 0 0 0 1 
1 H 0 H 0 0 0 1 
1 0 0 # 0 1 0 S 
1 0 0 0 0 0 1 1 
1 0 F 0 1 0 # 1 
1 G 1 1 1 1 1 1 
p63 T7

Map
1 1 1 1 1 1 1 1 
1 1 0 H # 0 0 1 
1 0 0 0 0 F 0 1 
1 0 1 # 0 # 0 G 
1 H 0 0 1 F 1 1 
1 1 0 0 # H 0 1 
1 F 0 1 # 0 0 1 
1 1 1 1 1 1 S 1 
R32 T10

Map
1 1 1 1 1 1 S 1 
1 0 0 # 1 0 0 1 
1 0 0 0 0 0 0 1 
1 # 0 0 # 0 0 1 
1 0 0 0 0 1 0 1 
1 0 0 0 H H 1 1 
1 1 # 0 0 0 0 1 
1 1 1 1 1 G 1 1 
p46 T11

Map
1 1 1 1 1 1 1 1 
1 0 0 0 0 0 0 1 
1 0 0 0 0 # # 1 
1 # 1 0 0 0 0 1 
1 0 0 0 1 0 0 1 
1 0 0 1 # 0 1 1 
1 0 0 0 0 0 0 1 
1 1 1 S G 1 1 1 
l55 T9

Map
1 1 1 1 1 1 1 1 
1 0 0 0 0 0 0 1 
1 # 0 1 F 0 0 1 
S 0 1 0 0 0 0 1 
1 1 0 0 0 1 0 1 
1 0 0 1 0 0 0 1 
1 0 0 H # # 0 1 
1 1 G 1 1 1 1 1 
l63 T8

Map
1 1 1 1 1 1 1 1 
1 0 0 0 0 0 0 1 
S 0 0 0 1 0 0 1 
1 0 0 0 0 0 0 1 
1 1 H 0 # # # 1 
1 0 0 F 0 0 0 G 
1 0 0 F 0 0 F 1 
1 1 1 1 1 1 1 1 
P61 T7

Map
1 1 1 G 1 1 1 1 
1 0 0 0 0 F 0 1 
1 0 0 H 0 0 0 1 
1 0 0 0 0 0 0 1 
1 0 0 F F 0 0 S 
1 0 F 0 F 0 F 1 
1 0 0 0 F F 0 1 
1 1 1 1 1 1 1 1 
p41 T7

Map
1 1 1 1 1 1 1 1 
1 0 0 H 0 0 0 1 
1 0 0 1 F 1 0 1 
1 0 0 F H H 0 G 
1 1 0 H 0 0 0 1 
1 0 0 0 F 0 0 1 
1 0 0 1 0 0 # 1 
1 1 S 1 1 1 1 1 
P62 T7

Map
1 1 1 1 1 1 1 1 
1 0 F 0 0 # 0 1 
1 # 0 0 0 0 # 1 
1 0 0 H 1 0 1 1 
1 F 0 0 0 H 0 1 
1 0 0 0 H 0 0 1 
1 0 0 0 1 0 0 1 
1 S 1 G 1 1 1 1 
d22 T7

Map
1 1 1 1 1 1 1 1 
1 0 0 0 0 0 0 1 
1 # 0 0 0 # 0 1 
G 0 H 0 F 0 # 1 
1 1 0 # H 0 1 1 
1 0 0 0 0 0 0 1 
1 0 0 0 0 0 0 1 
1 1 S 1 1 1 1 1 
P25 T8

Map
1 1 1 1 1 1 S 1 
1 # 0 0 0 0 # 1 
1 0 H 0 H # 0 1 
1 0 0 0 0 1 0 1 
1 0 0 # F 0 0 1 
1 0 H 0 0 0 1 1 
1 1 0 F 0 0 0 G 
1 1 1 1 1 1 1 1 
r13 T7

Map
1 1 1 1 1 1 1 1 
1 0 0 0 0 0 1 1 
S # # 1 0 0 # 1 
1 1 H 0 0 H 0 1 
1 1 H 1 0 1 0 1 
1 0 0 0 0 0 0 G 
1 0 0 # 0 0 0 1 
1 1 1 1 1 1 1 1 
p31 T8

Map
1 G 1 1 1 1 1 1 
1 0 0 F 0 1 0 1 
1 0 0 0 1 0 0 1 
1 1 0 0 0 0 0 1 
1 1 0 0 0 0 0 1 
1 0 H 0 H 1 0 1 
1 0 0 0 0 0 0 1 
1 S 1 1 1 1 1 1 
l63 T8

Map
1 1 G 1 1 1 1 1 
1 F # # 0 F H 1 
1 0 0 # 0 F H 1 
1 0 0 H # 0 1 1 
1 0 0 0 # 0 0 1 
1 0 0 F 0 F 0 1 
1 0 H 0 0 0 0 1 
1 1 1 1 S 1 1 1 
p34 T7

Map
1 1 1 1 1 1 1 1 
1 F 0 0 0 H 0 1 
S 0 0 0 1 0 F 1 
1 0 0 0 H 0 0 1 
1 1 0 0 F 0 0 1 
1 0 0 0 F 0 0 1 
1 # 0 F 0 0 F 1 
1 1 1 1 1 1 G 1 
p12 T7

Map
1 G 1 1 1 1 1 1 
1 0 0 F 1 0 0 S 
1 1 F 1 0 F F 1 
1 0 0 0 0 F F 1 
1 0 0 1 0 0 0 1 
1 0 H H 0 0 0 1 
1 0 0 0 0 0 0 1 
1 1 1 1 1 1 1 1 
p15 T9

Map
1 1 S 1 1 1 1 1 
1 1 0 0 0 0 F 1 
1 1 0 F 0 H 0 1 
1 1 0 0 0 0 1 1 
G 0 1 0 0 H H 1 
1 0 0 1 0 0 0 1 
1 0 0 F 0 0 0 1 
1 1 1 1 1 1 1 1 
p33 T7

Map
1 1 1 1 1 1 1 1 
1 0 0 F 0 0 0 1 
1 0 0 F 0 0 0 S 
1 0 0 0 F 0 F 1 
1 1 0 F F 0 0 1 
1 0 1 0 0 0 0 1 
1 0 F 0 0 1 0 1 
1 G 1 1 1 1 1 1 
p41 T9

Map
1 1 1 G 1 1 1 1 
1 0 F 0 0 0 # 1 
1 0 0 0 # 0 0 1 
1 1 H 1 0 0 0 1 
1 0 1 0 # # # 1 
1 # 0 0 0 F 1 1 
1 0 1 0 0 0 0 1 
1 1 1 S 1 1 1 1 
u32 T7

Map
1 1 1 1 1 1 1 1 
1 0 0 0 0 0 0 1 
S 0 1 0 0 # 0 1 
G 0 0 0 H 0 1 1 
1 # 0 0 0 0 0 1 
1 H 0 F 0 0 1 1 
1 0 0 # 0 # 0 1 
1 1 1 1 1 1 1 1 
P34 T7

Map
1 1 1 1 1 1 1 1 
1 0 0 0 # 0 0 S 
1 0 # H 0 0 0 1 
1 0 0 0 1 0 # 1 
1 1 # # 0 0 H 1 
1 1 # 1 # H 0 1 
1 H 0 0 0 0 0 1 
1 1 1 1 G 1 1 1 
d46 T8

Map
1 1 1 1 S 1 1 1 
1 0 # 0 F 0 0 1 
1 0 0 0 0 1 1 1 
1 0 0 0 0 F H 1 
1 1 0 0 0 0 0 1 
1 1 1 F # # 0 1 
1 0 0 0 1 0 0 1 
1 G 1 1 1 1 1 1 
p43 T10

Map
1 1 1 1 1 1 1 1 
1 0 0 0 0 0 1 1 
1 1 0 F # F 0 1 
1 0 0 0 0 1 # 1 
1 0 1 0 0 1 0 1 
1 1 # 0 0 0 0 1 
1 0 F 0 0 0 0 1 
1 S 1 G 1 1 1 1 
L44 T8

Map
1 1 1 1 1 1 1 1 
1 0 0 0 0 1 0 S 
1 0 # 0 # 0 0 1 
1 F F F 0 # 0 1 
1 0 0 0 # 0 0 1 
1 0 0 0 # # 0 1 
1 0 # 0 1 0 0 1 
1 1 G 1 1 1 1 1 
D21 T7

Map
1 1 1 1 1 1 1 1 
1 0 0 0 0 1 0 1 
1 1 0 F 0 0 F 1 
1 0 F 0 0 0 0 1 
1 0 0 0 0 0 0 1 
1 F 0 H 1 F 0 G 
1 H H H F 0 0 1 
1 1 1 1 1 S 1 1 
P66 T8

Map
1 S 1 1 1 1 1 1 
1 0 # 0 0 0 0 1 
1 1 0 0 0 0 0 1 
1 0 # # 1 1 0 1 
1 0 0 0 1 0 0 1 
1 # 0 0 0 1 0 1 
G 0 1 0 0 0 # 1 
1 1 1 1 1 1 1 1 
l62 T8

Map
1 1 1 1 1 1 1 1 
1 # 0 0 0 # 0 1 
1 0 H 0 0 0 0 S 
1 0 1 0 0 0 0 G 
1 0 0 0 0 0 0 1 
1 F # 0 0 0 1 1 
1 0 0 0 0 1 0 1 
1 1 1 1 1 1 1 1 
P42 T7

Map
1 1 S 1 1 1 1 1 
1 # F 1 1 0 0 G 
1 0 0 1 F 0 0 1 
1 0 1 0 # 1 0 1 
1 0 0 0 0 0 # 1 
1 0 # H 0 F 0 1 
1 0 0 0 0 0 F 1 
1 1 1 1 1 1 1 1 
U26 T7

Map
1 S 1 1 1 1 1 1 
1 0 0 0 0 0 0 1 
1 1 0 0 0 0 0 1 
1 0 0 0 0 # 0 1 
1 0 0 0 0 0 0 1 
1 0 0 1 0 0 1 1 
1 1 0 0 0 0 1 1 
1 1 1 G 1 1 1 1 
P46 T9

Map
1 1 1 1 1 1 1 1 
1 0 0 0 0 0 0 S 
1 0 0 0 0 0 0 1 
1 0 0 0 0 0 F 1 
G 0 0 0 0 0 0 1 
1 F F 0 0 0 0 1 
1 0 F 1 0 0 0 1 
1 1 1 1 1 1 1 1 
p45 T7

Map
1 1 1 1 1 1 1 1 
1 F H 0 0 # 0 1 
1 0 0 F 0 1 0 S 
1 0 0 # F 0 1 1 
1 0 0 1 0 0 1 1 
G # 0 0 # 0 0 1 
1 0 1 0 0 F 0 1 
1 1 1 1 1 1 1 1 
P31 T7

Map
1 S G 1 1 1 1 1 
1 0 0 0 1 0 0 1 
1 0 # 0 # 0 0 1 
1 0 # 0 1 0 0 1 
1 0 0 F 0 0 F 1 
1 0 0 0 # 0 0 1 
1 0 F 0 # 0 1 1 
1 1 1 1 1 1 1 1 
p15 T7

Map
1 1 1 1 1 1 1 1 
1 0 0 0 0 0 1 1 
1 0 F 0 F 0 0 G 
1 F 0 0 1 0 0 1 
S 0 0 0 0 0 H 1 
1 0 0 0 0 0 F 1 
1 0 0 0 0 H 0 1 
1 1 1 1 1 1 1 1 
P54 T8

Map
1 1 1 1 1 1 1 1 
1 0 # 0 1 0 0 1 
1 0 0 0 1 0 0 S 
1 0 H 0 0 0 0 1 
G 0 F 1 0 0 0 1 
1 0 0 0 0 H 1 1 
1 # 0 0 0 0 0 1 
1 1 1 1 1 1 1 1 
L14 T7

Map
1 S 1 1 1 1 1 1 
1 0 0 0 F 0 # 1 
1 1 0 0 0 0 0 G 
1 0 0 F 0 0 0 1 
1 0 # 0 1 0 # 1 
1 0 0 0 0 0 0 1 
1 # 0 F # 0 1 1 
1 1 1 1 1 1 1 1 
p51 T8

Map
1 1 1 1 1 S 1 1 
1 0 0 0 # 0 # 1 
1 0 # 0 0 0 H 1 
1 0 0 0 0 1 0 1 
1 0 0 1 # 0 0 1 
1 1 0 # 0 0 0 1 
1 0 0 0 H 0 0 1 
1 1 1 1 1 1 G 1 
U36 T8

Map
1 S 1 1 1 1 1 1 
1 0 0 0 0 F H 1 
1 0 H 0 0 F 0 1 
1 1 0 0 H # 0 1 
G 0 0 1 0 0 0 1 
1 0 0 0 0 0 0 1 
1 0 0 0 0 0 F 1 
1 1 1 1 1 1 1 1 
D31 T8

Map
1 G 1 1 1 1 1 1 
1 0 # 0 1 0 0 1 
1 1 0 # H # 0 1 
1 0 0 0 1 0 0 1 
1 0 0 0 0 0 0 1 
1 # 0 1 1 0 1 1 
1 0 0 0 H 0 0 1 
1 1 1 1 1 1 S 1 
U56 T10

Map
1 1 1 1 S 1 1 1 
1 0 # F 0 0 # 1 
1 0 0 F 0 0 F 1 
1 1 1 0 0 # 0 1 
1 # F 0 H 0 1 1 
1 0 0 0 1 0 0 1 
1 0 0 F 0 # 0 G 
1 1 1 1 1 1 1 1 
P43 T7

Map
1 1 1 1 1 1 1 1 
1 0 # 0 0 0 0 1 
1 0 0 0 0 0 # 1 
1 0 H 0 0 0 F 1 
1 0 F 0 # 0 0 G 
1 # 0 1 0 0 0 1 
1 1 0 0 1 1 0 1 
1 1 1 1 1 1 S 1 
P41 T10

Map
1 1 1 1 1 1 1 1 
1 0 H 0 0 0 0 1 
1 0 1 0 0 0 0 1 
1 0 # # # 0 0 S 
1 0 0 F 0 0 H 1 
1 # 0 # 0 0 0 1 
1 H 0 0 0 0 0 1 
1 1 1 G 1 1 1 1 
p63 T7

Map
1 1 S 1 1 1 1 1 
1 0 0 F 1 0 0 1 
1 1 0 0 # 1 H 1 
1 H 1 F 0 F F 1 
1 0 0 # 0 0 0 G 
1 0 0 0 0 0 0 1 
1 0 0 1 0 0 1 1 
1 1 1 1 1 1 1 1 
l45 T8

Map
1 1 1 1 1 1 1 1 
G F 0 0 F F 1 1 
1 0 1 0 0 # # 1 
1 # 0 0 0 F 0 1 
1 0 # 1 1 0 1 1 
1 0 0 0 0 0 # 1 
1 0 0 F F 0 0 1 
1 1 1 1 1 1 S 1 
u25 T8

Map
1 1 1 1 1 G 1 1 
1 0 # 0 0 0 # 1 
1 0 0 0 0 0 0 1 
1 0 0 0 0 0 0 1 
1 0 0 0 0 0 0 1 
1 H 0 0 0 0 0 1 
1 0 0 0 0 0 # S 
1 1 1 1 1 1 1 1 
p46 T7

Map
1 1 1 1 1 1 1 1 
1 H 0 0 1 # 0 1 
1 F 0 0 H 0 F 1 
1 0 0 0 1 0 0 1 
1 # F 0 0 F 0 1 
S 0 0 1 F # 0 1 
1 # 0 0 0 # 0 1 
1 1 1 1 G 1 1 1 
P36 T8

Map
1 1 1 1 1 1 1 1 
1 1 0 0 0 0 0 1 
1 0 0 0 0 1 0 1 
1 0 0 F 0 0 0 1 
1 0 0 0 0 0 0 1 
1 1 0 0 # 0 0 1 
1 0 1 # 0 0 0 S 
1 1 1 1 G 1 1 1 
l63 T7

Map
1 1 1 1 1 1 1 1 
1 0 # 1 0 0 0 1 
1 0 0 0 0 1 0 1 
S 0 1 0 1 0 0 G 
1 0 0 H 0 0 H 1 
1 0 H 0 0 0 0 1 
1 0 F 0 0 0 0 1 
1 1 1 1 1 1 1 1 
R63 T8

Map
1 1 1 1 1 1 1 1 
G 0 0 0 # 1 0 1 
1 0 0 0 0 0 0 1 
1 1 0 F F 0 0 1 
1 0 1 1 0 0 F 1 
S 0 0 1 0 0 H 1 
1 0 0 F 0 0 0 1 
1 1 1 1 1 1 1 1 
p46 T8

Map
1 1 1 S 1 1 1 1 
1 0 0 0 F 0 F 1 
1 0 0 0 0 0 0 1 
1 0 0 0 0 0 0 1 
1 0 0 0 0 0 H 1 
1 1 0 0 0 0 0 1 
1 0 0 F 0 0 0 1 
1 1 1 1 1 1 G 1 
P34 T7

Map
1 1 1 1 1 1 1 1 
1 0 # 0 # 0 0 1 
1 0 F 0 H 0 0 1 
1 0 0 0 0 0 0 1 
1 0 H 0 0 0 0 G 
1 # 0 0 # 0 1 1 
1 0 0 1 0 0 0 1 
1 1 1 1 1 1 S 1 
L43 T7

Map
1 1 1 1 1 1 1 1 
1 0 0 0 0 0 0 1 
1 1 1 1 0 0 0 1 
1 0 0 0 0 0 0 1 
1 1 0 0 0 0 0 1 
1 0 0 0 # 0 0 1 
1 0 0 0 1 0 0 S 
1 1 1 G 1 1 1 1 
D41 T7

Map
1 1 1 1 1 1 S 1 
1 0 F F 0 0 0 1 
1 0 0 0 0 0 0 1 
1 # 0 # 0 0 0 1 
G 0 1 0 0 0 0 1 
1 0 0 0 0 0 1 1 
1 0 0 # 1 0 1 1 
1 1 1 1 1 1 1 1 
p15 T7

Map
1 1 1 1 1 1 1 1 
1 1 H 0 0 0 0 1 
1 0 0 0 0 0 0 1 
1 # 0 0 0 F 0 1 
1 0 0 0 0 0 1 1 
S F F 0 0 1 0 1 
1 0 0 0 F 0 0 G 
1 1 1 1 1 1 1 1 
p42 T9

Map
1 1 1 1 1 1 1 1 
1 0 0 0 0 1 0 1 
1 1 0 0 0 0 0 G 
1 0 0 0 1 0 0 1 
1 0 0 0 0 0 0 1 
S 0 0 0 H 0 0 1 
1 0 0 0 0 0 0 1 
1 1 1 1 1 1 1 1 
D25 T8

Map
1 1 1 1 1 1 1 1 
1 H 0 0 0 # 0 1 
1 0 0 # 0 0 # 1 
S # 1 F 0 0 1 1 
1 0 0 0 0 0 F 1 
1 0 0 0 0 F F G 
1 0 0 0 1 H 0 1 
1 1 1 1 1 1 1 1 
d41 T7

Map
1 1 S 1 1 1 1 1 
1 F 0 0 0 0 0 1 
1 F # H 0 # 1 1 
1 F 0 0 0 0 # G 
1 0 0 F H 0 # 1 
1 0 0 F # 1 0 1 
1 0 0 0 H # F 1 
1 1 1 1 1 1 1 1 
d51 T7

Map
1 G 1 1 1 1 1 1 
1 0 0 0 0 H 0 1 
1 0 0 0 # 1 0 1 
1 H 0 1 0 0 # 1 
1 1 0 # 0 F 0 1 
1 H 1 # # 1 # 1 
1 0 0 0 H 0 0 1 
1 1 1 1 1 S 1 1 
P62 T7

Map
1 S 1 1 1 1 1 1 
1 0 F 0 F 0 0 1 
1 0 H F 0 0 0 1 
1 1 0 1 0 F # 1 
1 0 H 0 0 0 0 1 
G 0 0 # # 1 0 1 
1 0 0 0 0 0 0 1 
1 1 1 1 1 1 1 1 
l15 T7

Map
1 1 1 1 1 1 G 1 
1 H 0 0 1 0 0 1 
1 F # 0 0 0 1 1 
1 1 0 0 # 0 0 1 
1 0 # 0 1 0 # 1 
1 H 0 0 0 # 0 1 
1 0 # 0 0 1 0 1 
1 1 1 1 S 1 1 1 
R32 T10

Map
1 S 1 1 1 1 1 1 
1 0 0 # 1 0 0 1 
1 0 F 0 0 0 1 1 
1 # 0 F 0 1 # 1 
1 0 0 0 F # 1 1 
1 F 0 0 0 0 0 1 
1 0 0 0 0 1 0 1 
1 1 1 1 1 1 G 1 
p36 T9

Map
1 1 1 1 1 1 1 1 
G 0 F 0 H 0 # 1 
1 F 0 0 0 1 # 1 
1 1 0 0 F 0 0 1 
S 0 0 1 F 0 0 1 
1 0 0 0 0 0 1 1 
1 1 F 0 0 F 0 1 
1 1 1 1 1 1 1 1 
U33 T7

Map
1 1 1 1 1 1 1 1 
1 0 0 F 0 0 1 1 
1 F 0 0 0 0 0 1 
1 0 0 # F 0 0 G 
1 F 0 0 0 0 H 1 
S 0 # 0 0 0 0 1 
1 0 0 0 0 # # 1 
1 1 1 1 1 1 1 1 
p52 T7

Map
1 G 1 1 1 1 1 1 
1 # 0 F 0 F 0 1 
1 1 F # 0 # 1 1 
1 0 1 0 0 0 0 1 
1 0 0 # 1 0 0 S 
1 0 1 1 # 0 0 1 
1 # 0 0 # 0 0 1 
1 1 1 1 1 1 1 1 
p53 T8

Map
1 1 1 1 1 1 1 1 
1 0 # 0 0 0 0 1 
1 0 F 0 0 0 H 1 
1 # 0 0 0 0 0 1 
1 0 0 0 0 0 # G 
1 1 # 0 H 0 0 1 
1 0 0 0 0 0 0 1 
1 S 1 1 1 1 1 1 
p16 T7

Map
1 1 1 1 1 1 S 1 
1 0 1 0 0 0 0 1 
1 0 0 0 # F # 1 
1 0 F 0 1 1 # 1 
1 F F 0 F F 0 1 
1 0 0 0 0 0 0 1 
G 0 1 # 0 1 0 1 
1 1 1 1 1 1 1 1 
d41 T7

Map
1 1 1 1 1 1 1 1 
1 # 0 0 1 0 # 1 
1 0 1 1 H 0 1 1 
1 0 0 0 # 0 0 1 
1 0 0 0 F F 0 1 
1 0 0 F 0 1 0 G 
1 0 0 1 # # 0 1 
1 S 1 1 1 1 1 1 
P66 T7

Map
1 1 1 1 1 1 1 1 
1 0 0 0 0 0 0 S 
1 F H 0 0 0 0 1 
1 0 H 0 0 0 1 1 
1 0 F 1 0 0 0 1 
1 0 0 # 0 0 F 1 
1 0 # 0 # 0 0 1 
1 1 1 1 1 G 1 1 
r43 T8

Map
1 1 1 1 G 1 1 1 
1 1 0 0 0 0 H 1 
1 0 0 0 1 0 # 1 
1 0 0 0 0 1 # 1 
1 0 0 0 0 0 H 1 
1 0 0 0 H 0 # 1 
1 0 0 # 0 0 1 1 
1 1 1 1 1 S 1 1 
P51 T7

Map
1 1 1 1 1 1 1 1 
1 0 0 0 0 1 0 1 
1 0 # 0 0 0 H 1 
1 0 0 H # 0 0 G 
1 0 0 0 0 0 0 S 
1 0 0 0 # H # 1 
1 0 0 0 0 0 0 1 
1 1 1 1 1 1 1 1 
P44 T7

Map
1 S 1 1 1 1 1 1 
1 F 0 0 0 0 0 1 
G # 0 0 # 0 0 1 
1 F 1 H 0 F F 1 
1 0 0 0 1 0 # 1 
1 0 F 0 0 0 0 1 
1 0 0 1 0 0 0 1 
1 1 1 1 1 1 1 1 
l62 T8

Map
1 1 S 1 1 1 1 1 
1 0 0 0 1 0 F 1 
1 F 0 0 F 0 0 1 
1 0 0 0 0 0 # 1 
1 0 0 1 0 0 0 G 
1 0 1 0 F 0 0 1 
1 0 F 0 0 F 0 1 
1 1 1 1 1 1 1 1 
r64 T7

Map
1 1 1 1 1 1 1 1 
1 0 # 0 H 0 0 1 
1 0 0 0 0 0 0 1 
1 0 0 H 1 1 0 G 
1 0 0 0 0 0 1 1 
1 # 0 0 1 0 0 1 
1 # H 0 0 0 # 1 
1 1 1 1 1 1 S 1 
r12 T8

Map
1 1 1 1 1 1 1 1 
1 0 F H 0 H 0 1 
1 F # H 0 0 0 1 
1 F 1 0 0 0 0 1 
S 0 0 0 F 0 0 1 
1 0 F 1 F 0 0 1 
1 # # # 0 1 # 1 
1 1 1 1 G 1 1 1 
l63 T8

Map
1 1 1 1 1 G 1 1 
1 0 0 0 # 0 F 1 
1 1 0 F 1 F 1 1 
1 0 0 # 1 1 0 S 
1 0 0 0 0 0 F 1 
1 F F 0 0 0 0 1 
1 0 # 0 0 F 0 1 
1 1 1 1 1 1 1 1 
U51 T7

Map
1 1 1 1 S 1 G 1 
1 0 1 0 0 0 0 1 
1 0 0 0 0 0 1 1 
1 0 # 0 F 0 0 1 
1 0 0 0 0 0 0 1 
1 0 0 0 0 1 F 1 
1 0 0 # 0 0 0 1 
1 1 1 1 1 1 1 1 
r12 T7

Map
1 1 S 1 1 G 1 1 
1 0 0 0 0 0 H 1 
1 0 0 0 0 0 0 1 
1 1 # 1 0 H F 1 
1 0 # 0 0 0 F 1 
1 # # H 0 0 0 1 
1 0 0 0 1 0 1 1 
1 1 1 1 1 1 1 1 
p42 T7

Map
1 1 1 1 1 1 1 1 
1 0 0 0 0 0 0 1 
1 0 0 F 0 0 0 1 
1 0 0 0 0 0 0 1 
S 0 1 0 0 0 0 1 
1 1 0 0 F 0 0 1 
1 1 0 0 0 1 0 1 
1 1 1 1 G 1 1 1 
L64 T7

Map
1 1 1 1 1 1 1 1 
1 1 0 0 0 0 0 1 
1 0 0 0 0 1 1 1 
1 F 0 1 0 # 0 1 
1 0 0 H # 0 F 1 
G 0 0 0 H 0 0 1 
1 0 0 H 0 0 F 1 
1 1 1 1 1 S 1 1 
p24 T7

Map
1 1 1 1 1 1 1 1 
1 # 0 0 0 0 0 1 
1 # 0 0 0 1 0 1 
1 0 0 0 0 0 0 1 
1 F # F 0 0 0 1 
1 0 0 0 # 0 1 1 
1 0 0 1 1 # 0 1 
1 1 S 1 1 1 G 1 
d31 T7

Map
1 1 1 1 1 1 1 1 
1 F 0 0 # 0 F 1 
1 F 0 0 0 0 0 1 
1 0 0 0 0 0 0 G 
1 1 0 0 0 0 1 1 
1 0 0 1 H 0 0 1 
1 0 0 0 0 H 0 1 
1 1 1 S 1 1 1 1 
p24 T7

Map
1 1 1 1 1 1 1 1 
G 0 H 0 0 0 1 1 
1 0 0 0 1 0 0 1 
1 0 H 0 1 0 0 S 
1 0 0 0 # 0 H 1 
1 H # 0 # 0 0 1 
1 0 # 0 0 # 1 1 
1 1 1 1 1 1 1 1 
u46 T7

Map
1 1 1 G 1 1 1 1 
1 0 F 0 0 0 0 S 
1 0 0 F 0 0 F 1 
1 F F # 0 F 1 1 
1 0 F # 0 0 0 1 
1 0 0 0 0 F 0 1 
1 H H 0 # # 0 1 
1 1 1 1 1 1 1 1 
P41 T8

Map
1 1 1 1 1 1 S 1 
1 0 0 0 0 1 # 1 
1 0 0 0 0 0 0 1 
1 0 1 0 0 0 1 1 
1 0 0 0 0 0 0 1 
1 0 # 0 0 F 0 1 
1 0 # 0 0 0 # 1 
1 1 G 1 1 1 1 1 
d24 T7

Map
1 1 1 1 1 1 1 1 
1 0 0 0 0 0 0 1 
1 0 0 H 0 1 F 1 
1 0 0 F 0 1 F 1 
1 0 0 0 0 1 1 1 
1 F 0 F 0 0 0 S 
G 0 0 1 0 0 0 1 
1 1 1 1 1 1 1 1 
P55 T7

Map
1 1 1 S 1 1 1 1 
1 # 0 # 0 0 # 1 
1 1 # 0 F # 0 1 
1 0 0 0 1 0 F 1 
1 # # 1 0 1 0 1 
1 1 1 0 0 0 0 1 
1 0 0 0 0 0 0 1 
1 1 1 G 1 1 1 1 
p64 T7

Map
1 1 1 1 1 1 1 1 
1 0 1 0 0 1 0 1 
1 F 0 0 0 0 0 1 
1 0 0 0 0 0 0 1 
1 # H 0 0 0 0 1 
S 0 1 0 0 0 1 1 
1 0 0 0 0 F 0 1 
1 1 1 1 1 G 1 1 
P46 T8

Map
1 1 1 1 1 1 1 1 
1 1 # 0 1 0 F 1 
1 0 1 0 0 0 0 1 
1 0 0 # 0 # 1 1 
1 F 0 0 H 0 # 1 
G 0 0 0 F F 0 1 
1 1 0 0 # 0 0 1 
1 1 1 1 1 S 1 1 
r54 T8

Map
1 1 1 1 1 1 1 1 
1 # 0 F F 0 0 1 
1 0 1 0 # F 0 1 
1 0 0 0 1 0 # S 
1 F 0 0 0 0 1 1 
1 1 0 0 # 0 0 1 
1 0 0 1 0 0 1 1 
1 G 1 1 1 1 1 1 
U24 T11

Map
1 1 1 1 1 1 1 1 
1 0 1 0 0 1 1 1 
1 0 0 F F F 0 1 
1 H 0 0 0 0 0 1 
1 0 0 1 0 0 H 1 
1 0 # 0 F 0 0 1 
1 0 0 0 F 1 0 G 
1 1 1 1 S 1 1 1 
P63 T8

Map
1 1 1 1 1 1 1 1 
G 0 1 0 H F 0 1 
1 0 # 0 F 0 0 1 
1 1 0 0 F 0 0 1 
1 F 0 0 0 0 # 1 
S F F 0 F 0 1 1 
1 0 F 0 0 0 0 1 
1 1 1 1 1 1 1 1 
P52 T7

Map
1 1 1 1 1 1 1 1 
1 0 # 0 0 0 # 1 
1 # 0 0 0 0 F 1 
G # 0 0 0 0 0 1 
1 0 # F F 0 0 1 
1 0 0 0 # 1 0 1 
1 0 0 0 0 # 0 1 
1 1 1 S 1 1 1 1 
p14 T7

Map
1 S 1 1 G 1 1 1 
1 0 0 0 0 # 0 1 
1 1 0 0 0 0 1 1 
1 F 0 1 0 0 0 1 
1 F # 0 0 0 # 1 
1 0 0 0 0 # 0 1 
1 0 0 0 0 0 0 1 
1 1 1 1 1 1 1 1 
d21 T7

Map
1 1 1 1 1 1 1 1 
1 0 0 0 0 0 0 1 
1 0 0 0 F # 0 S 
1 0 H 0 0 0 0 1 
1 F 1 0 F H 0 1 
1 H 0 0 0 H 0 1 
1 0 0 0 0 0 1 1 
1 G 1 1 1 1 1 1 
p21 T7

Map
1 1 1 1 1 1 1 1 
1 0 0 0 0 0 0 1 
1 0 0 1 0 0 0 1 
1 0 0 0 0 0 1 1 
1 0 # 0 1 0 0 1 
G 0 1 1 0 0 0 1 
1 0 0 1 0 0 F S 
1 1 1 1 1 1 1 1 
p14 T10

Map
1 1 1 1 1 1 1 1 
G 0 0 H 0 0 0 1 
1 0 0 0 0 0 H 1 
1 0 1 0 0 0 0 1 
1 1 0 0 0 0 1 1 
1 0 0 1 0 0 # 1 
1 F 0 0 0 0 0 1 
1 1 1 1 1 1 S 1 
p43 T7

Map
1 1 S 1 1 1 1 1 
1 1 0 1 0 F # 1 
1 1 0 0 0 1 0 1 
1 F 0 # 0 0 # 1 
1 0 1 F 0 F H 1 
1 H 0 H 0 0 F 1 
1 0 # 0 # 0 0 1 
1 1 1 1 1 G 1 1 
P66 T7

Map
1 1 1 S 1 1 1 1 
1 0 0 F F 0 0 1 
G 0 0 0 0 0 0 1 
1 0 0 F 0 F 1 1 
1 0 0 0 F 0 0 1 
1 0 0 0 0 0 0 1 
1 F 0 0 # 0 0 1 
1 1 1 1 1 1 1 1 
p13 T7

Map
1 1 1 1 S 1 1 1 
1 F F 0 0 F 0 1 
1 1 0 0 0 0 0 1 
1 0 0 # 0 0 1 1 
1 0 0 0 0 0 0 1 
G 0 0 # 0 0 0 1 
1 F 0 1 0 0 F 1 
1 1 1 1 1 1 1 1 
d32 T7

Map
1 1 1 1 1 1 1 1 
1 1 0 0 0 1 0 1 
1 0 0 1 0 0 0 1 
1 0 F 0 1 0 # 1 
1 0 H 0 H H 0 1 
1 # 1 # 1 # 0 1 
1 F 0 0 # F F 1 
1 1 1 1 S 1 G 1 
U36 T10

Map
1 1 1 1 1 1 1 1 
1 # 0 0 0 # F 1 
1 0 0 0 # F 0 S 
1 F F 0 0 0 1 1 
1 1 0 1 0 F 0 1 
1 0 0 0 0 0 # 1 
1 0 0 0 0 1 # G 
1 1 1 1 1 1 1 1 
d22 T7

Map
1 1 1 1 1 1 1 1 
1 0 # 0 0 0 0 1 
1 0 # # 0 # 0 S 
1 0 0 1 # H 0 1 
1 1 0 0 # 0 1 1 
1 1 0 0 0 # 0 1 
1 0 0 0 0 0 0 1 
1 1 1 1 1 G 1 1 
U36 T7

Map
1 1 1 1 G 1 1 1 
1 0 0 0 F 0 1 1 
1 0 F 0 0 1 0 S 
1 0 0 0 0 F 0 1 
1 F H 0 0 0 0 1 
1 0 H 0 0 F 0 1 
1 0 F 0 F 0 0 1 
1 1 1 1 1 1 1 1 
p13 T7

Map
1 1 1 1 1 1 1 1 
1 0 0 0 H 0 0 1 
1 0 F 0 0 0 0 1 
1 F 0 0 0 0 0 1 
1 0 0 0 0 0 0 G 
1 0 0 F 0 F 0 1 
1 0 0 0 0 0 0 1 
1 1 S 1 1 1 1 1 
p65 T7

Map
1 1 1 1 1 1 1 1 
1 0 0 1 0 0 0 1 
G # 1 0 0 0 0 1 
1 0 0 0 1 F 0 1 
1 0 0 0 0 0 # 1 
1 1 0 1 0 0 F 1 
1 1 F 0 F F # 1 
1 1 1 1 1 S 1 1 
P11 T8

Map
1 1 1 1 1 1 1 1 
G 0 1 0 0 0 0 1 
1 # 0 0 0 0 0 1 
1 0 0 0 1 # F 1 
1 0 # # 0 0 0 1 
1 0 F 0 1 0 0 1 
1 0 1 # 0 1 0 1 
1 1 1 1 S 1 1 1 
D41 T7

Map
1 1 1 1 1 1 1 1 
1 0 0 # 0 0 0 1 
1 0 F 0 0 F 0 S 
1 F F 0 H 1 0 1 
1 0 0 H F 1 0 1 
1 0 H 0 1 0 F 1 
1 # 0 0 F 0 # 1 
1 1 G 1 1 1 1 1 
p36 T7

Map
1 S 1 1 1 1 1 1 
1 0 # 1 0 0 # G 
1 0 F F 1 # F 1 
1 # # 0 F 0 F 1 
1 1 0 0 0 0 0 1 
1 1 0 0 # 0 0 1 
1 0 F 0 1 0 0 1 
1 1 1 1 1 1 1 1 
P25 T7

Map
1 S 1 1 1 1 1 1 
1 0 0 # 0 0 F 1 
1 0 0 H 0 # 1 1 
1 1 F 0 0 # F 1 
1 1 0 1 F F 0 1 
G 0 0 F 0 0 1 1 
1 # # # 0 0 0 1 
1 1 1 1 1 1 1 1 
P51 T7

Map
1 1 1 1 1 1 1 1 
1 0 0 F 0 0 1 1 
1 0 0 F 1 0 # 1 
G 0 # 0 0 1 0 1 
1 0 0 0 F 0 0 1 
1 0 0 # 1 0 0 1 
1 0 0 0 0 1 F 1 
1 1 1 1 1 1 S 1 
p12 T7

Map
1 1 1 S 1 1 1 1 
1 0 0 0 0 H H 1 
1 0 0 1 0 0 0 1 
1 0 0 0 # 1 F 1 
1 1 H H 0 0 0 1 
1 F 0 F 1 0 0 G 
1 0 0 0 0 1 0 1 
1 1 1 1 1 1 1 1 
r65 T8

Map
1 1 1 1 1 S 1 1 
1 0 F 0 0 F 0 1 
1 0 0 0 0 0 0 1 
1 0 0 H 0 0 0 1 
1 0 0 1 H # 0 1 
1 0 1 1 0 1 0 1 
G 0 0 0 0 H 0 1 
1 1 1 1 1 1 1 1 
p63 T7

Map
1 S 1 1 1 1 1 1 
1 0 0 0 F 0 # 1 
1 0 0 0 1 0 0 1 
1 1 0 # 0 0 F 1 
1 F 0 # 0 0 0 1 
1 F F 0 0 0 0 1 
1 0 0 1 0 0 0 1 
1 1 1 1 1 G 1 1 
l62 T7

Map
1 1 1 1 1 1 1 1 
1 0 H F 0 0 0 1 
1 0 0 0 1 0 1 1 
1 # 1 0 1 0 1 1 
1 # 0 0 F # 0 1 
1 0 F 0 0 0 # 1 
1 # # 0 1 0 0 1 
1 1 G 1 1 S 1 1 
p34 T7

Map
1 1 1 1 1 1 1 1 
1 0 0 0 # 0 # 1 
1 F 0 0 1 0 # S 
1 F F 0 F 1 0 1 
1 1 0 # 1 F 0 1 
G # 0 0 # 0 0 1 
1 # 0 0 0 0 F 1 
1 1 1 1 1 1 1 1 
d21 T7

Map
1 1 1 G 1 1 1 1 
1 0 0 # 0 F 0 1 
1 0 F 0 0 0 0 1 
1 F F 0 0 H 0 1 
1 0 F # 0 0 0 S 
1 0 F 0 0 0 0 1 
1 0 0 0 0 F 0 1 
1 1 1 1 1 1 1 1 
p41 T7

Map
1 1 1 1 1 1 1 1 
1 0 0 0 0 # 1 1 
1 F H 0 0 0 # 1 
1 0 0 0 0 0 0 1 
1 0 # # 0 1 0 1 
S 0 # 0 0 0 # 1 
1 # 0 0 0 0 0 1 
1 1 1 1 G 1 1 1 
r14 T8

Map
1 1 1 1 1 1 1 1 
1 0 # 0 0 0 0 1 
1 0 0 1 0 0 0 1 
1 0 0 # 0 # 0 1 
G 0 0 H 0 0 0 1 
1 0 1 1 0 0 0 S 
1 0 0 0 0 0 0 1 
1 1 1 1 1 1 1 1 
r12 T7

Map
1 1 1 1 S 1 1 1 
1 H 0 0 0 0 0 1 
1 0 0 1 1 0 0 1 
G 0 0 # 1 0 0 1 
1 0 0 0 0 F 0 1 
1 0 0 0 0 0 # 1 
1 0 0 1 0 0 0 1 
1 1 1 1 1 1 1 1 
P12 T8

Map
1 1 1 1 1 1 1 1 
1 0 0 1 1 0 0 1 
1 # 0 0 F 0 0 1 
1 0 0 # F 0 0 1 
1 0 1 0 0 # F 1 
1 # 0 F 0 0 # G 
1 # 0 1 0 0 F 1 
1 1 1 1 1 1 S 1 
p63 T7

Map
1 1 1 1 1 1 1 1 
1 1 0 0 0 F 1 1 
S 0 0 F 0 # 0 1 
1 0 0 1 0 0 0 1 
1 0 0 H F 0 0 1 
1 0 0 1 0 # 0 1 
1 F 0 0 1 0 0 1 
1 1 1 G 1 1 1 1 
p62 T9

Map
1 1 1 1 1 1 1 1 
1 0 0 0 F 0 0 1 
1 0 0 0 0 F 0 1 
1 F 0 0 1 # 0 1 
G 0 0 F F 0 1 1 
1 0 0 # # 0 0 1 
1 0 F 0 0 F 0 1 
1 1 1 1 1 1 S 1 
p55 T8

Map
1 1 1 G 1 1 S 1 
1 0 0 0 # 0 0 1 
1 0 0 0 0 0 # 1 
1 0 0 # 0 0 0 1 
1 0 0 0 0 0 0 1 
1 0 H 0 0 0 0 1 
1 # 0 0 0 1 0 1 
1 1 1 1 1 1 1 1 
p26 T7

Map
1 1 1 1 1 1 1 1 
1 0 0 0 0 0 0 1 
1 0 H 0 1 0 0 S 
1 0 0 0 0 1 0 1 
1 0 0 1 0 0 H 1 
1 1 0 0 0 0 0 1 
1 H 0 0 0 1 0 G 
1 1 1 1 1 1 1 1 
r25 T9

Map
1 1 1 S 1 1 1 1 
1 0 1 0 H 0 0 1 
1 0 0 0 0 0 0 1 
1 H 0 0 0 0 0 1 
1 0 0 0 0 1 0 G 
1 0 0 0 1 0 0 1 
1 0 0 1 0 0 0 1 
1 1 1 1 1 1 1 1 
R64 T7

Map
1 1 1 1 1 1 1 1 
1 # 0 0 # # 0 1 
1 1 F 0 F 0 0 1 
1 0 0 0 0 0 0 1 
1 0 F # 0 # # S 
1 1 0 0 # 0 0 1 
1 0 0 # 1 1 0 1 
1 G 1 1 1 1 1 1 
l65 T8

Map
1 1 1 G 1 1 1 1 
1 0 F 0 1 0 0 1 
1 0 H 0 0 # # 1 
1 0 0 0 0 0 F 1 
1 F 0 0 0 0 0 1 
1 H 0 0 F 0 0 1 
1 0 0 H 0 0 F 1 
1 1 1 1 1 S 1 1 
P54 T9

Map
1 S 1 1 1 1 1 1 
1 0 # 0 0 F 0 1 
1 0 0 0 0 # 0 1 
1 0 F 0 0 F 0 1 
1 0 # 0 0 # F 1 
1 0 0 0 0 0 0 1 
1 0 1 # F 0 0 1 
1 1 1 1 G 1 1 1 
P31 T8

Map
1 1 S 1 1 G 1 1 
1 0 F # 0 0 1 1 
1 # 0 0 0 F # 1 
1 H 0 # 0 0 0 1 
1 F 0 # H 0 0 1 
1 0 1 # 0 0 1 1 
1 H 0 0 0 # 0 1 
1 1 1 1 1 1 1 1 
p22 T8

Map
1 1 1 1 1 1 1 1 
1 0 0 0 0 0 0 1 
S 0 0 F 0 F 0 1 
1 0 0 F # 0 1 1 
G 0 0 0 0 0 0 1 
1 0 0 0 0 0 0 1 
1 0 0 0 0 0 F 1 
1 1 1 1 1 1 1 1 
r15 T7

Map
1 1 1 1 1 G 1 1 
S 0 0 1 0 0 # 1 
1 0 0 # 0 F # 1 
1 0 1 0 0 0 0 1 
1 0 F 0 0 0 # 1 
1 0 0 0 # 0 0 1 
1 0 0 0 1 # 0 1 
1 1 1 1 1 1 1 1 
r14 T7

Map
1 1 1 1 1 1 S 1 
1 0 0 1 0 0 F 1 
1 0 # 0 0 0 0 G 
1 1 F 0 0 0 F 1 
1 0 0 0 0 # 0 1 
1 0 0 0 0 0 0 1 
1 0 F 0 0 0 0 1 
1 1 1 1 1 1 1 1 
p24 T7

Map
1 1 1 1 1 1 1 1 
1 # 0 0 0 0 1 1 
1 0 0 0 0 H 0 1 
1 0 0 0 0 1 0 1 
1 1 0 H 0 0 0 1 
G 0 0 1 0 0 0 1 
1 0 0 1 0 # 0 1 
1 1 1 1 S 1 1 1 
p31 T7

Map
1 G 1 1 1 1 1 1 
1 0 0 0 0 1 0 1 
1 0 0 1 0 0 0 1 
1 1 0 1 0 0 0 1 
1 0 # 0 # 0 0 1 
1 # 0 0 0 # 0 1 
1 0 1 # 0 0 0 S 
1 1 1 1 1 1 1 1 
l62 T7

Map
1 1 1 1 1 1 1 1 
1 F 1 F F 0 0 1 
1 0 # 0 0 0 0 1 
S F # 0 0 0 0 1 
1 F H 1 F # 0 1 
1 1 0 0 0 # 0 1 
1 # 0 0 1 # H 1 
1 1 1 G 1 1 1 1 
p33 T7

Map
1 G 1 1 1 1 1 1 
1 # 0 0 F 0 0 1 
1 0 # 1 F 0 0 1 
1 0 0 0 F # F 1 
S 0 F 1 1 0 0 1 
1 0 0 # 1 0 0 1 
1 1 # 0 # 0 0 1 
1 1 1 1 1 1 1 1 
D14 T7

Map
1 1 1 1 1 1 1 1 
1 0 0 1 F 0 0 1 
1 0 # 0 # 0 0 1 
S 0 0 0 # 0 0 1 
1 0 0 1 F F F 1 
G F 0 0 0 0 1 1 
1 0 0 # 0 # 0 1 
1 1 1 1 1 1 1 1 
p24 T7

Map
1 S 1 G 1 1 1 1 
1 0 1 0 F 0 0 1 
1 0 # 1 0 0 F 1 
1 # 0 0 1 # # 1 
1 0 0 0 0 0 1 1 
1 0 0 1 F F 0 1 
1 0 F 0 F 0 0 1 
1 1 1 1 1 1 1 1 
p12 T8

Map
1 1 1 1 G 1 1 1 
1 0 0 0 0 # 0 S 
1 1 0 # F 0 0 1 
1 0 0 # # 0 0 1 
1 F 0 0 0 0 0 1 
1 0 0 0 0 F 0 1 
1 0 0 0 0 # 0 1 
1 1 1 1 1 1 1 1 
p31 T7

Map
1 1 1 1 1 1 1 1 
1 0 # 0 0 # 0 1 
1 0 0 H 0 1 1 1 
1 0 0 # 0 0 0 1 
1 0 0 # 0 0 0 1 
1 # # 0 1 0 0 1 
S 0 1 # 0 0 0 1 
1 1 1 G 1 1 1 1 
d41 T8

Map
1 1 1 1 1 1 1 1 
1 1 H 0 0 0 0 1 
1 0 0 0 # 0 0 1 
1 0 0 F # F 0 1 
1 0 F F 0 # H 1 
1 0 0 H 0 0 0 1 
S 0 # 0 1 0 0 1 
1 1 1 1 1 G 1 1 
p32 T10

Map
1 1 1 1 1 S 1 1 
1 0 0 0 H 0 0 1 
1 0 0 F # 1 # 1 
1 0 1 0 0 0 # 1 
1 0 0 0 0 0 0 1 
1 0 # 0 0 0 1 1 
1 0 # 0 # # 0 1 
1 1 1 1 G 1 1 1 
r12 T7

Map
1 1 1 1 1 1 1 1 
1 0 0 0 1 0 0 1 
1 0 0 0 0 0 F 1 
1 0 0 F F 0 F 1 
1 1 0 0 F 1 # 1 
S 0 0 0 0 F 0 1 
G # 0 0 H 0 0 1 
1 1 1 1 1 1 1 1 
l52 T9

Map
1 1 1 1 1 1 1 1 
1 0 0 0 0 1 0 1 
1 0 F 0 0 0 # 1 
1 0 0 0 F 1 # S 
1 0 0 # 0 # 1 1 
1 0 0 1 # 0 0 G 
1 0 0 H 1 0 0 1 
1 1 1 1 1 1 1 1 
P61 T7

Map
1 1 1 1 1 1 1 1 
1 F 0 0 0 0 0 1 
1 0 F 0 0 0 F S 
1 0 0 # # # 1 1 
1 0 0 0 0 0 # 1 
1 1 0 H 0 0 0 1 
1 # 0 0 0 0 # 1 
1 1 1 G 1 1 1 1 
p46 T7

Map
1 1 1 1 1 1 S 1 
1 # 0 0 F F # 1 
1 0 0 0 F 0 0 1 
1 0 0 1 0 0 0 1 
1 0 0 0 0 1 0 G 
1 1 1 # 0 1 # 1 
1 0 0 0 # 0 # 1 
1 1 1 1 1 1 1 1 
P63 T8

Map
1 1 G 1 1 1 1 1 
1 0 0 0 0 F 0 1 
S 0 1 # 0 F 0 1 
1 0 H # 0 0 # 1 
1 F 0 0 0 0 F 1 
1 0 0 0 0 0 0 1 
1 0 0 0 0 # 0 1 
1 1 1 1 1 1 1 1 
p11 T7

Map
1 1 1 1 1 1 1 1 
1 0 H 0 0 0 0 1 
1 0 0 0 0 # 0 1 
S 0 0 0 1 F 0 1 
1 0 # H 0 0 0 1 
1 H F 1 0 0 0 1 
1 0 0 0 0 0 0 1 
1 1 1 G 1 1 1 1 
p46 T7

Map
1 1 1 1 1 1 1 1 
S 0 # 0 0 0 0 1 
1 0 0 0 0 F # 1 
1 # 0 0 0 # # 1 
1 0 0 1 0 # H 1 
1 1 F 0 0 0 0 1 
1 0 0 0 0 0 0 1 
1 1 1 G 1 1 1 1 
d36 T7

Map
1 1 1 1 1 1 1 1 
1 0 0 0 0 0 F 1 
1 0 0 0 1 0 H 1 
G 0 H 0 0 1 H 1 
1 1 0 0 0 0 0 1 
1 0 1 0 0 F 1 1 
1 0 0 0 0 0 # 1 
1 1 1 1 S 1 1 1 
p46 T7

Map
1 1 1 1 1 1 1 1 
1 0 0 1 0 0 0 1 
1 0 0 0 1 0 0 1 
1 0 0 # 0 0 0 1 
S 0 1 0 0 0 0 1 
1 1 0 1 H 0 0 G 
1 1 0 0 0 0 0 1 
1 1 1 1 1 1 1 1 
r65 T7

Map
1 1 1 1 1 1 1 1 
1 0 0 0 0 0 0 1 
1 F F H 0 1 0 1 
1 0 F 0 0 0 0 1 
1 0 1 0 0 0 0 1 
1 0 0 F 1 0 0 G 
1 0 F H F 1 # 1 
1 1 S 1 1 1 1 1 
p64 T7

Map
1 1 1 1 1 1 1 1 
1 0 F # # 0 # 1 
1 F 0 0 # 0 0 1 
1 0 0 H # 0 0 1 
1 F 0 H 0 H 0 1 
1 0 F F 0 0 0 1 
1 1 H 0 # 0 0 1 
1 1 1 1 S G 1 1 
p65 T8

Map
1 1 1 1 1 1 1 1 
1 0 0 0 0 0 0 1 
1 0 0 1 0 0 0 S 
G 0 0 0 0 F # 1 
1 0 0 0 0 1 0 1 
1 0 1 0 F 0 0 1 
1 0 0 H 0 0 0 1 
1 1 1 1 1 1 1 1 
U56 T7

Map
1 1 1 1 1 1 1 1 
1 0 1 0 0 0 0 1 
1 0 0 0 F 0 0 1 
1 0 0 0 0 1 F 1 
1 0 0 1 0 0 0 1 
1 # 0 0 0 0 0 1 
1 1 0 0 0 1 1 1 
1 1 1 G S 1 1 1 
p45 T7

Map
1 1 1 1 1 1 1 1 
1 # 0 F 0 0 F 1 
1 # # H 0 F 0 G 
1 0 0 0 1 0 0 S 
1 # 0 0 # 0 1 1 
1 0 0 F 0 1 # 1 
1 F F 0 0 0 0 1 
1 1 1 1 1 1 1 1 
P51 T7

Map
1 1 1 1 1 1 1 1 
1 1 0 0 1 0 0 1 
1 # 0 0 1 0 F S 
1 0 0 # 0 # H 1 
1 0 0 0 1 0 # 1 
G # 0 1 F 0 0 1 
1 0 0 0 0 0 0 1 
1 1 1 1 1 1 1 1 
L25 T8

Map
1 1 1 1 1 1 G 1 
1 0 0 1 F 0 0 1 
1 1 F F F 0 H 1 
1 0 0 0 0 # 0 1 
1 F 1 0 0 1 0 S 
1 F 0 0 1 1 0 1 
1 0 0 # 0 0 0 1 
1 1 1 1 1 1 1 1 
p43 T9

Map
1 1 1 1 1 1 1 1 
1 # 0 0 1 0 0 1 
G # 0 0 # 0 0 1 
1 0 # 0 0 0 1 1 
1 0 0 0 0 F 0 1 
1 0 0 # 0 0 # 1 
S 0 # 0 0 0 0 1 
1 1 1 1 1 1 1 1 
R13 T7

Map
1 1 1 G 1 1 1 1 
S 0 1 0 0 0 0 1 
1 0 0 F 0 0 0 1 
1 0 1 0 1 0 0 1 
1 # 0 0 0 0 0 1 
1 0 0 1 0 # H 1 
1 0 0 0 1 # 0 1 
1 1 1 1 1 1 1 1 
U26 T7

Map
1 1 S 1 1 1 1 1 
1 F 0 F 0 0 0 1 
1 0 0 F F 0 # 1 
1 0 # 0 0 1 0 1 
1 0 1 0 1 F 0 1 
1 0 0 0 0 0 F 1 
1 0 0 0 F 0 0 1 
1 1 G 1 1 1 1 1 
p36 T7

Map
1 1 1 1 1 1 1 1 
1 0 0 0 1 0 0 1 
1 0 0 0 0 0 0 1 
1 0 0 1 0 0 F 1 
G 0 0 H 0 0 H 1 
1 0 0 0 0 0 0 1 
1 0 0 1 # 0 1 1 
1 1 1 1 1 S 1 1 
l14 T7

Map
1 1 1 1 G 1 1 1 
S 0 0 1 0 0 0 1 
1 0 0 0 H F 0 1 
1 0 1 # 0 F 0 1 
1 0 0 0 0 F 0 1 
1 0 # 0 # 0 0 1 
1 F 0 0 0 H 0 1 
1 1 1 1 1 1 1 1 
P15 T7

Map
1 1 1 1 1 1 1 1 
G # F 0 0 H 0 1 
1 0 H 1 1 0 F S 
1 0 0 0 0 F F 1 
1 0 F 0 0 0 # 1 
1 0 1 0 0 0 0 1 
1 F 0 0 0 F 1 1 
1 1 1 1 1 1 1 1 
R54 T8

Map
1 1 1 1 1 1 1 1 
S 0 0 0 # 1 1 1 
1 0 H F 0 # 0 1 
1 1 # 0 # 0 1 1 
1 1 0 # # F # 1 
G 0 F 1 H F 0 1 
1 0 0 F 0 0 0 1 
1 1 1 1 1 1 1 1 
p21 T8

Map
1 1 1 S 1 1 1 1 
1 0 0 0 0 0 0 1 
1 0 H 0 H 0 0 1 
1 1 0 1 0 0 0 1 
1 0 H 1 0 0 0 1 
1 0 0 0 0 0 0 1 
1 1 0 0 0 H 0 1 
1 1 1 1 G 1 1 1 
p62 T7

Map
1 G 1 1 1 1 1 1 
1 F 0 F # 0 0 1 
1 0 0 0 0 0 0 1 
1 0 0 0 F 0 F 1 
1 1 F H F 0 0 1 
1 0 0 0 0 0 0 1 
1 0 0 0 0 0 0 1 
1 1 1 1 S 1 1 1 
P61 T7

Map
1 S 1 1 1 G 1 1 
1 0 F 0 0 0 # 1 
1 1 0 0 1 0 # 1 
1 F 0 # 0 0 F 1 
1 0 0 0 0 # # 1 
1 0 0 0 0 0 0 1 
1 # 0 0 # # 0 1 
1 1 1 1 1 1 1 1 
P41 T7

Map
1 1 1 1 1 1 1 1 
1 H 0 F 0 0 # 1 
1 1 1 0 0 0 F 1 
G 0 0 0 # 0 0 1 
1 0 0 H 0 0 0 S 
1 0 1 0 0 0 0 1 
1 0 # 0 1 0 0 1 
1 1 1 1 1 1 1 1 
P54 T9

Map
1 1 1 1 1 1 1 1 
1 0 1 H 0 0 0 1 
1 0 1 H 0 0 0 1 
1 0 0 0 0 0 0 1 
1 1 0 1 0 0 0 1 
1 0 0 0 0 1 0 1 
G 0 0 1 0 0 0 1 
1 1 1 1 1 1 S 1 
l45 T7

Map
1 1 1 1 1 1 G 1 
1 1 0 # F 0 F 1 
1 0 0 0 F 0 0 1 
1 0 0 0 # F 1 1 
1 0 0 0 F 0 1 1 
S 0 # 0 0 F 0 1 
1 0 # 1 0 0 0 1 
1 1 1 1 1 1 1 1 
l45 T7

Map
1 1 1 1 1 1 1 1 
1 0 0 0 0 0 # 1 
1 F 1 0 0 F 0 1 
1 0 F 0 1 0 1 1 
1 1 F 0 F 0 # S 
1 0 0 0 F 0 1 1 
1 0 0 0 0 F 0 1 
1 1 1 1 1 G 1 1 
U54 T9

Map
1 1 1 1 1 1 1 1 
S 0 0 # 0 0 # 1 
1 0 0 0 F 0 1 1 
1 0 0 1 0 0 1 1 
1 0 0 0 0 # 0 1 
1 # # 0 0 1 0 G 
1 0 0 0 0 # 1 1 
1 1 1 1 1 1 1 1 
P41 T7

Map
1 1 1 G 1 1 1 1 
1 0 0 0 0 0 0 1 
1 0 0 0 1 0 0 1 
1 0 0 0 0 0 0 1 
1 0 0 0 0 0 0 1 
1 1 0 H F # # 1 
1 0 0 0 0 0 0 S 
1 1 1 1 1 1 1 1 
r12 T7

Map
1 1 1 1 1 1 1 1 
S F F 0 1 0 0 1 
1 0 0 0 0 0 0 1 
1 # 1 0 # F 0 G 
1 0 0 F 0 0 0 1 
1 F 0 F 0 0 1 1 
1 0 0 0 0 0 1 1 
1 1 1 1 1 1 1 1 
r63 T7

Map
1 1 1 1 1 1 1 1 
1 0 0 0 F 0 0 1 
G 0 0 # # 0 F 1 
1 0 0 1 F 0 0 1 
1 1 H 0 1 0 0 1 
1 0 # H # 0 0 1 
1 0 0 0 0 1 1 1 
1 S 1 1 1 1 1 1 
P21 T9

Map
1 S 1 1 1 1 1 1 
1 0 1 0 0 0 0 1 
1 0 1 1 0 0 0 1 
1 0 0 1 0 # 0 1 
1 1 0 0 # 0 0 1 
1 0 0 0 0 0 0 1 
1 0 0 1 0 # 0 1 
1 1 1 1 1 G 1 1 
d55 T7

Map
1 1 1 1 1 1 1 1 
1 # 0 1 F F # 1 
G 0 0 1 0 F 0 1 
1 0 0 1 1 # F 1 
1 F 0 0 F 0 0 1 
1 0 0 0 F F # 1 
1 0 0 0 0 0 0 1 
1 1 1 S 1 1 1 1 
P23 T7

Map
1 S 1 1 G 1 1 1 
1 0 0 0 F 0 0 1 
1 0 0 0 F F 0 1 
1 0 0 0 0 0 F 1 
1 # 0 0 0 0 1 1 
1 F 0 0 F 0 0 1 
1 0 0 1 # 0 # 1 
1 1 1 1 1 1 1 1 
r24 T7

Map
1 1 1 1 1 1 1 1 
1 0 0 0 0 0 1 1 
1 0 0 0 0 H 0 1 
1 F 1 0 0 0 0 1 
1 0 0 0 0 0 0 1 
1 0 0 1 F H 0 G 
1 F 0 0 H 1 1 1 
1 S 1 1 1 1 1 1 
p21 T7

Map
1 1 1 1 1 1 1 1 
1 F 0 0 1 0 0 1 
G 0 0 0 F 0 0 1 
1 0 0 1 0 0 F 1 
S 0 0 0 F 0 0 1 
1 0 0 0 0 F 0 1 
1 0 0 0 F 0 H 1 
1 1 1 1 1 1 1 1 
p36 T10

Map
1 S 1 1 1 G 1 1 
1 F 0 # 0 0 0 1 
1 F 0 # 1 0 0 1 
1 # F 0 0 1 1 1 
1 # 0 0 0 0 0 1 
1 0 1 0 0 0 0 1 
1 0 0 F # 0 0 1 
1 1 1 1 1 1 1 1 
l65 T9

Map
1 1 1 1 1 1 S 1 
1 # 0 0 0 0 0 1 
1 0 0 0 0 1 0 1 
1 1 0 0 0 0 1 1 
G 0 0 0 H 0 0 1 
1 0 0 0 0 0 0 1 
1 0 0 0 0 0 F 1 
1 1 1 1 1 1 1 1 
p31 T8

Map
1 1 S 1 1 1 1 1 
1 0 F # 1 0 1 1 
1 0 0 F # 0 0 1 
1 0 0 0 0 0 0 1 
1 1 0 0 0 0 0 1 
1 0 0 0 H 0 0 1 
1 F # # F 0 0 1 
1 1 1 G 1 1 1 1 
d33 T7

Map
1 1 1 1 1 1 1 1 
S 0 1 0 0 0 0 1 
1 0 0 0 0 0 1 1 
1 1 0 0 1 1 0 1 
1 0 0 0 1 0 0 1 
1 0 0 0 F 0 0 1 
1 0 0 0 0 F 0 1 
1 1 1 1 G 1 1 1 
D46 T7

Map
1 S 1 1 1 1 1 1 
1 # # 0 0 0 1 1 
1 0 0 0 0 # # 1 
1 0 # 0 0 # 0 1 
1 1 1 1 0 0 H 1 
1 # 0 0 0 1 0 1 
1 0 0 0 0 1 0 1 
1 1 1 G 1 1 1 1 
d36 T8

Map
1 1 1 1 1 1 S 1 
1 0 0 0 0 0 # 1 
1 0 F 0 1 0 0 1 
1 0 0 1 0 1 1 1 
1 # # F F 0 0 1 
1 0 0 # 0 # 0 1 
1 0 0 0 1 0 0 G 
1 1 1 1 1 1 1 1 
r15 T7

Map
1 1 1 S G 1 1 1 
1 0 # 0 0 0 0 1 
1 # F # 0 0 F 1 
1 0 0 0 0 0 0 1 
1 0 0 # 1 0 0 1 
1 1 0 1 0 0 F 1 
1 0 # 0 0 F 0 1 
1 1 1 1 1 1 1 1 
p31 T9

Map
1 1 1 S G 1 1 1 
1 0 0 0 # 0 0 1 
1 1 0 0 1 0 0 1 
1 0 0 0 0 0 0 1 
1 0 F 0 0 1 F 1 
1 # 0 # 0 0 F 1 
1 0 0 1 0 0 1 1 
1 1 1 1 1 1 1 1 
p31 T7

Map
1 1 1 1 G 1 1 1 
S 0 1 0 0 0 0 1 
1 0 0 0 F 0 0 1 
1 0 0 0 0 F 0 1 
1 0 0 0 0 F 0 1 
1 H H 0 F 0 0 1 
1 0 0 0 0 1 0 1 
1 1 1 1 1 1 1 1 
R13 T7

Map
1 1 1 S 1 1 1 1 
1 0 0 0 0 # F 1 
1 1 0 # 0 0 0 1 
1 F 0 1 0 0 0 1 
1 0 1 0 1 0 0 1 
1 0 1 0 0 0 0 1 
1 0 0 0 0 0 1 1 
1 1 G 1 1 1 1 1 
P16 T7

Map
1 1 1 1 1 1 1 1 
G 0 0 H 0 F 0 1 
1 0 0 0 0 0 0 1 
1 0 0 0 H 0 0 1 
1 0 0 1 0 0 0 1 
1 1 1 0 0 0 0 1 
1 1 0 0 H 0 0 1 
1 1 1 S 1 1 1 1 
p63 T7

Map
1 1 1 1 1 1 1 1 
1 0 F 0 H 0 0 1 
1 0 F F 0 F 0 1 
1 0 F 0 0 0 0 1 
1 0 0 0 0 # 0 G 
1 1 0 0 0 0 0 1 
1 0 F 0 0 0 0 1 
1 1 1 1 1 S 1 1 
U36 T7

Map
1 1 1 1 1 1 1 1 
1 0 0 1 0 0 0 1 
1 0 # 0 # 0 0 1 
1 0 0 0 1 0 # 1 
1 H 0 0 # 1 # S 
1 0 0 1 0 0 1 1 
1 0 0 0 0 0 0 1 
1 1 1 1 1 G 1 1 
d56 T10

Map
1 G 1 1 1 1 1 1 
1 0 1 0 0 # 0 1 
1 0 # # H 0 0 1 
1 0 1 0 # 0 0 1 
1 0 0 1 0 0 0 1 
1 0 1 1 0 0 0 1 
1 0 # 0 # 1 0 S 
1 1 1 1 1 1 1 1 
D53 T9

Map
1 1 1 1 1 1 1 1 
1 0 # 1 F 0 # 1 
1 F 0 0 0 0 0 1 
1 # F 0 0 0 0 1 
1 0 0 0 F 1 0 1 
1 0 F # 0 0 0 G 
1 0 0 0 0 0 # 1 
1 S 1 1 1 1 1 1 
p46 T7

Map
1 1 1 1 S 1 1 1 
1 1 0 0 0 0 0 1 
1 0 0 1 0 F 0 1 
1 0 1 0 0 H 0 1 
G 0 0 1 0 1 0 1 
1 0 0 0 0 0 0 1 
1 0 F H 0 0 0 1 
1 1 1 1 1 1 1 1 
l14 T7

Map
1 1 1 1 1 1 1 1 
1 0 0 1 0 0 0 G 
1 0 0 0 H 0 H 1 
1 0 # 0 0 0 0 1 
1 0 1 0 # 0 1 1 
1 0 # 0 F 1 H 1 
1 0 0 # 0 0 0 1 
1 1 1 S 1 1 1 1 
u53 T8

Map
1 1 1 1 1 1 1 1 
1 0 0 0 F 0 0 1 
1 H H 0 # 0 0 1 
1 0 1 0 F 1 F 1 
1 # # 0 0 F 0 1 
1 0 0 F 0 0 0 1 
1 1 0 0 # F 1 1 
1 1 1 1 S G 1 1 
P45 T7

Map
1 1 1 1 1 1 G 1 
1 1 0 0 0 1 0 1 
1 H 0 1 0 0 0 1 
1 0 0 # 0 H 0 1 
1 1 0 F F 1 H 1 
1 0 0 0 0 # 0 1 
1 1 0 0 # 0 0 1 
1 1 1 1 1 S 1 1 
P43 T8

Map
1 1 1 1 1 1 1 1 
1 1 1 1 0 0 0 1 
1 # 0 0 0 0 0 1 
S 0 0 # 0 F 0 1 
G 0 1 H 0 0 1 1 
1 0 0 0 0 F 1 1 
1 0 F 0 0 F H 1 
1 1 1 1 1 1 1 1 
l14 T7

Map
1 1 1 1 1 1 1 1 
1 0 0 0 F 0 1 1 
1 F 0 0 1 0 0 1 
1 0 0 0 # 1 0 1 
1 1 F 0 0 0 F 1 
1 0 F 0 0 0 F 1 
1 0 0 F 0 F 0 G 
1 1 1 1 1 S 1 1 
U34 T7

Map
1 1 1 1 1 1 1 1 
G 0 H # 0 # 0 1 
1 0 0 # 0 H 0 1 
1 1 1 0 0 # # 1 
1 # H 0 0 0 0 1 
1 0 0 0 0 0 0 S 
1 0 0 0 1 1 1 1 
1 1 1 1 1 1 1 1 
p33 T8

Map
1 1 1 1 1 1 1 1 
S 0 0 # 0 1 0 1 
1 0 0 0 1 0 0 1 
1 # 0 F 0 0 0 1 
1 0 # 0 # 0 0 G 
1 # 0 0 F 0 1 1 
1 0 0 0 # 0 0 1 
1 1 1 1 1 1 1 1 
U56 T7

Map
1 S 1 1 1 1 1 1 
1 0 0 0 # # 0 1 
1 # 0 0 0 H # 1 
1 1 0 0 H 0 H 1 
1 0 F 0 0 0 0 G 
1 0 0 F 0 0 F 1 
1 0 0 0 1 0 0 1 
1 1 1 1 1 1 1 1 
d31 T7

Map
1 1 1 1 1 1 1 1 
1 # 0 1 F # 0 1 
1 0 # F 0 0 0 1 
1 0 # F 0 # 0 S 
1 F 0 0 0 0 0 1 
1 # # 0 0 H 0 1 
1 F 0 0 0 # 0 1 
1 1 1 1 G 1 1 1 
p36 T7

Map
1 1 1 1 1 1 1 1 
1 0 # F 0 1 0 S 
1 # 0 0 H H 0 1 
1 0 F 1 0 0 0 1 
1 H F # 0 0 1 1 
1 # 0 F 1 0 0 1 
1 F F 0 0 0 0 1 
1 1 1 1 G 1 1 1 
P36 T8

Map
1 1 1 1 1 1 1 1 
1 0 0 0 F 0 0 1 
1 F 0 0 1 F 0 1 
1 0 1 H 0 0 0 1 
1 0 F 0 0 0 1 1 
G 0 0 1 0 0 0 1 
S 0 0 0 0 0 0 1 
1 1 1 1 1 1 1 1 
l15 T9

Map
1 1 1 1 1 1 1 1 
1 0 0 0 0 0 0 1 
1 H 0 0 1 F 0 1 
1 0 0 0 0 0 F 1 
1 0 0 1 0 # F S 
1 1 0 1 0 F 0 1 
1 F F H 0 F 1 1 
1 1 1 1 1 G 1 1 
p41 T9

Map
1 1 1 G 1 1 1 1 
1 0 0 0 0 0 0 1 
1 H # 0 0 H 0 1 
1 0 # # H # 0 1 
1 0 0 0 1 1 0 1 
1 0 0 1 0 0 0 1 
1 F 0 0 0 0 1 1 
1 1 1 S 1 1 1 1 
P21 T7

Map
1 1 1 1 G 1 1 1 
1 0 0 H # 0 # 1 
1 1 F # 0 0 0 1 
1 # 0 0 0 0 # 1 
1 F 0 0 0 # 0 1 
1 0 1 1 1 0 0 1 
1 0 # 0 0 0 0 1 
1 1 1 1 1 1 S 1 
p33 T7

Map
1 1 1 G S 1 1 1 
1 F 0 0 0 # 0 1 
1 0 # 0 0 0 F 1 
1 0 0 1 F H 0 1 
1 0 0 1 F 0 1 1 
1 0 0 0 0 0 0 1 
1 0 0 1 # 0 0 1 
1 1 1 1 1 1 1 1 
U31 T8

Map
1 1 1 1 1 1 1 1 
1 0 1 0 0 1 0 1 
1 0 0 0 0 H 0 1 
G # 0 # 0 H 0 1 
1 H 0 H 0 0 0 1 
1 0 0 0 0 0 # S 
1 1 0 0 0 0 # 1 
1 1 1 1 1 1 1 1 
p24 T7

Map
1 1 1 1 1 1 1 1 
1 0 H # 0 0 0 1 
1 0 0 0 # 0 0 1 
1 0 0 0 # 0 0 1 
1 0 0 0 0 1 1 1 
1 0 1 0 0 0 0 1 
1 0 0 0 1 0 0 G 
1 1 S 1 1 1 1 1 
D41 T7

Map
1 1 1 1 G 1 1 1 
1 0 1 0 0 0 0 1 
1 0 0 0 0 0 1 1 
1 0 F # 0 1 0 1 
1 F 0 0 0 0 0 1 
1 F 0 0 0 0 1 1 
1 0 1 0 F 0 0 1 
1 1 1 1 1 S 1 1 
p31 T7

Map
1 S 1 1 1 1 1 1 
1 0 0 # 0 0 # 1 
1 0 0 # 1 0 0 1 
1 0 0 0 H 0 0 1 
1 0 0 # H 0 # 1 
1 0 0 1 0 0 0 1 
1 0 1 0 # 0 0 1 
1 1 1 1 G 1 1 1 
p56 T7

Map
1 1 1 1 1 1 1 1 
1 # 0 0 0 0 0 1 
1 0 # H 0 0 0 1 
1 0 1 # 0 0 0 1 
1 0 0 # H 0 0 1 
1 1 0 0 0 H 0 1 
1 0 0 0 0 0 0 1 
1 1 S G 1 1 1 1 
p64 T7

Map
1 1 1 1 1 1 1 1 
1 0 F 0 0 0 F S 
G 0 # 0 0 0 0 1 
1 H 0 0 0 0 H 1 
1 0 0 0 0 0 0 1 
1 0 0 F 0 1 0 1 
1 1 H 1 0 0 0 1 
1 1 1 1 1 1 1 1 
P41 T7

Map
1 1 1 1 1 1 1 1 
1 0 0 # 1 0 # 1 
1 0 0 0 0 0 0 1 
1 0 0 0 F 0 0 1 
1 0 0 # # 0 0 1 
1 0 0 0 0 0 1 1 
1 0 0 0 0 # # 1 
1 1 1 1 1 G S 1 
u46 T7

Map
1 1 1 1 1 G 1 1 
1 F 0 0 0 0 0 1 
1 0 0 # 0 # 0 1 
1 0 F # 0 0 0 1 
1 1 # F 0 0 0 1 
1 0 0 F 0 1 # S 
1 0 # # 0 F # 1 
1 1 1 1 1 1 1 1 
u51 T8

Map
1 1 1 1 1 1 1 1 
1 0 0 # 0 0 0 1 
1 1 0 F F H 0 G 
1 0 F 1 0 # 0 1 
1 0 0 F 0 1 0 1 
1 0 # 0 F 0 0 1 
1 0 0 0 0 1 0 1 
1 S 1 1 1 1 1 1 
P63 T7

Map
1 1 1 1 1 1 1 1 
1 0 0 0 0 # H 1 
G 0 0 0 0 0 H 1 
1 1 0 # # 0 # 1 
1 0 0 0 1 0 0 1 
S # 0 F 0 # H 1 
1 0 0 1 0 0 0 1 
1 1 1 1 1 1 1 1 
P25 T7

Map
1 1 1 1 1 1 G 1 
1 0 0 0 1 0 F 1 
1 0 0 0 # 0 0 1 
1 0 0 # 0 0 H 1 
1 0 H 0 H 0 1 1 
1 0 0 H 0 0 0 1 
1 0 0 0 0 0 0 1 
1 1 1 1 1 1 S 1 
p13 T7

Map
1 1 1 1 1 1 1 1 
1 0 0 0 0 0 1 1 
1 F 1 0 0 F 0 1 
G # 0 1 0 0 0 1 
1 0 1 # 0 1 # 1 
1 0 0 0 0 0 0 1 
1 # 1 0 0 0 0 1 
1 S 1 1 1 1 1 1 
P14 T8

Map
1 1 1 1 1 1 1 1 
1 0 F 1 0 0 0 1 
1 1 0 0 0 0 0 1 
1 0 0 0 1 0 0 1 
1 0 0 0 0 0 0 1 
1 0 0 0 0 0 0 1 
1 H 0 0 0 0 0 1 
1 1 1 1 G S 1 1 
d46 T7

Map
1 1 G 1 1 1 1 1 
1 0 0 0 0 0 F 1 
1 0 0 1 0 0 0 1 
1 0 0 0 0 0 1 1 
1 0 # 0 0 0 0 1 
1 1 0 F 0 0 F 1 
1 0 0 0 0 0 0 1 
1 S 1 1 1 1 1 1 
r12 T7

Map
1 1 S 1 1 1 1 1 
G 0 F 0 0 0 F 1 
1 F # F # # 0 1 
1 0 1 1 0 F # 1 
1 0 0 1 F F 1 1 
1 0 0 0 0 0 0 1 
1 0 1 1 # 0 F 1 
1 1 1 1 1 1 1 1 
L45 T7

Map
1 1 1 1 1 1 1 1 
1 0 # # 0 0 F 1 
1 # 0 0 0 0 0 G 
1 0 0 0 1 0 0 1 
1 H # 0 H 0 F 1 
S 0 0 0 0 0 0 1 
1 0 0 0 1 0 0 1 
1 1 1 1 1 1 1 1 
d41 T7

Map
1 1 1 1 1 1 1 1 
1 F 1 F F 0 # 1 
S # # 1 0 0 # G 
1 0 0 0 1 1 0 1 
1 F # # 1 0 # 1 
1 0 F 0 0 F 0 1 
1 1 0 0 0 0 F 1 
1 1 1 1 1 1 1 1 
D51 T7

Map
1 1 1 1 S 1 1 1 
1 0 0 0 F 0 0 1 
1 F 0 0 0 0 0 G 
1 # # 0 0 0 1 1 
1 1 0 # 0 0 H 1 
1 0 0 0 0 0 F 1 
1 # 0 0 0 1 1 1 
1 1 1 1 1 1 1 1 
U55 T7

Map
1 1 1 1 1 1 1 1 
1 # F 0 F F 0 1 
1 0 F 0 0 0 0 G 
1 1 H 0 0 0 0 1 
1 0 0 H 0 F 0 1 
1 # 0 0 0 0 0 1 
1 0 0 1 0 0 0 1 
1 S 1 1 1 1 1 1 
p16 T7

Map
1 1 S 1 1 1 1 1 
1 # 0 0 0 H 0 1 
1 0 # F 0 0 0 1 
1 # 0 # 1 0 0 1 
1 1 0 0 0 0 0 1 
1 # 0 1 # 0 0 G 
1 0 0 1 0 0 0 1 
1 1 1 1 1 1 1 1 
R65 T8

Map
1 1 1 1 1 1 1 1 
1 0 0 F 1 1 0 1 
1 0 0 0 0 0 0 1 
1 0 F 0 0 0 0 1 
1 0 0 0 0 0 0 G 
1 0 0 1 0 0 1 1 
1 0 0 0 0 0 0 1 
1 1 S 1 1 1 1 1 
u46 T8

Map
1 1 1 1 1 G 1 1 
1 F 0 0 0 0 # 1 
1 # 0 1 # 0 0 1 
1 F 0 0 0 1 1 1 
1 0 0 # 1 0 # 1 
1 0 0 0 0 0 0 1 
1 1 0 0 0 0 # 1 
1 1 1 S 1 1 1 1 
P41 T7

Map
1 1 1 G 1 1 1 1 
1 0 F 0 0 0 0 1 
1 0 0 1 0 0 H 1 
1 0 0 # # 1 0 S 
1 0 0 F 0 0 0 1 
1 0 0 H 0 0 F 1 
1 0 F H 1 # # 1 
1 1 1 1 1 1 1 1 
U31 T7

Map
1 1 1 1 1 1 1 1 
1 1 0 0 0 0 0 1 
S 0 F 0 1 H F 1 
1 F 0 F F 0 0 1 
1 H 1 1 1 0 0 1 
1 0 0 1 0 0 F 1 
1 0 0 0 0 F 0 1 
1 1 G 1 1 1 1 1 
R15 T7

Map
1 1 1 1 1 1 1 1 
1 F 0 0 0 0 0 1 
1 0 H F 0 0 0 S 
1 0 0 0 0 0 0 1 
1 0 0 1 F 0 0 1 
1 F 0 1 0 F 0 1 
1 0 0 1 F 0 1 1 
1 G 1 1 1 1 1 1 
P42 T7

Map
1 1 1 1 1 1 S 1 
1 0 0 0 0 0 0 1 
1 0 F 0 0 0 0 1 
1 H 0 0 H 1 1 1 
1 0 0 0 F 0 H 1 
1 F 0 # 0 0 0 1 
1 0 0 0 0 0 0 1 
1 G 1 1 1 1 1 1 
p31 T7

Map
1 1 1 1 1 1 1 1 
1 F # # 0 0 0 1 
1 0 1 F 0 0 # 1 
S 0 1 0 # 0 0 1 
1 0 1 # 1 F 0 1 
1 0 0 0 0 0 # 1 
1 0 0 0 # F # 1 
1 1 1 G 1 1 1 1 
p64 T7

Map
1 1 1 1 1 1 1 1 
1 0 # 0 # # # S 
1 0 0 0 0 0 F 1 
1 0 0 0 0 0 0 1 
1 1 0 0 F F 0 G 
1 0 0 0 # # F 1 
1 0 0 H 0 0 0 1 
1 1 1 1 1 1 1 1 
P63 T7

Map
1 1 1 1 1 1 1 1 
S F # 0 F 0 0 1 
1 # 0 0 # 0 1 1 
1 0 0 0 0 # 0 1 
1 0 0 0 0 0 0 1 
1 F 0 1 1 0 0 1 
1 # 0 1 0 0 # 1 
1 1 G 1 1 1 1 1 
d51 T8

Map
1 1 1 1 1 1 1 1 
1 1 0 0 0 # 0 1 
1 0 0 0 0 1 0 1 
1 0 0 0 F 0 0 G 
1 0 0 0 # 0 0 1 
S 0 0 # 0 0 F 1 
1 0 # 1 0 # 1 1 
1 1 1 1 1 1 1 1 
P25 T7

Map
1 1 1 1 G 1 1 1 
1 0 F 0 0 1 0 1 
1 # F 0 F F # 1 
1 # 0 0 0 0 0 1 
1 0 0 1 0 0 # 1 
1 0 F F 1 0 # 1 
1 F 1 F 0 0 # 1 
1 1 1 1 S 1 1 1 
p63 T8

Map
1 1 1 1 G S 1 1 
1 1 H 0 0 0 0 1 
1 1 # 0 0 # 0 1 
1 0 0 0 0 0 # 1 
1 # 0 0 0 0 0 1 
1 0 0 0 0 F 0 1 
1 F 0 # 1 0 1 1 
1 1 1 1 1 1 1 1 
P53 T7

Map
1 1 1 1 1 1 1 1 
1 0 0 # 0 0 0 1 
1 0 H 1 0 0 0 1 
1 0 1 0 0 0 # 1 
1 0 0 1 F 1 0 1 
G 0 1 F 0 # # 1 
1 # 0 0 0 F 0 1 
1 1 S 1 1 1 1 1 
p14 T7

Map
1 1 1 1 1 1 1 1 
1 0 0 # 0 0 0 1 
S F 0 # 0 F 0 1 
1 0 # 0 0 1 1 1 
1 0 # F 0 0 0 1 
1 0 F # F 0 F 1 
1 0 # # 0 0 0 1 
1 G 1 1 1 1 1 1 
p41 T7

Map
1 1 1 1 1 1 S 1 
1 0 0 0 0 0 0 1 
1 0 F 0 H 0 0 1 
1 0 0 0 0 0 0 1 
1 1 0 0 0 0 0 1 
1 # # 0 0 0 0 1 
1 H 0 0 0 # 0 1 
1 1 1 1 G 1 1 1 
p33 T7

Map
1 1 1 1 1 1 1 1 
1 0 0 # 1 0 0 S 
1 # 0 H 1 1 0 1 
1 0 F 0 0 # # 1 
G 0 0 0 0 0 F 1 
1 0 H 0 0 1 # 1 
1 # # 0 F # 0 1 
1 1 1 1 1 1 1 1 
p15 T7

Map
1 1 1 1 1 1 1 1 
1 0 1 0 0 H H 1 
1 0 0 0 0 0 0 1 
1 1 F 0 0 0 0 1 
1 # 0 0 0 0 F 1 
1 0 0 0 F 0 F 1 
1 0 1 1 0 0 0 G 
1 1 1 1 S 1 1 1 
U25 T7

Map
1 1 1 1 1 1 1 1 
1 0 0 0 0 0 0 1 
1 0 0 0 0 0 # 1 
1 1 0 # 0 # 0 G 
1 0 0 0 0 # 0 1 
S 0 0 0 # # 0 1 
1 0 0 0 # 0 0 1 
1 1 1 1 1 1 1 1 
P64 T8

Map
1 1 1 1 1 1 1 1 
G F 0 H 0 H 0 1 
1 0 0 0 F F F 1 
1 0 0 # 0 F H 1 
1 0 F 0 F 0 0 S 
1 # 0 0 0 0 0 1 
1 0 0 1 0 0 1 1 
1 1 1 1 1 1 1 1 
P54 T7

Map
1 1 1 1 1 1 1 1 
1 0 H 0 0 # 0 1 
S 0 0 # 0 0 1 1 
1 0 0 # 0 1 0 1 
1 1 1 0 0 0 1 1 
1 0 0 0 # 0 1 1 
1 H F # F # 0 G 
1 1 1 1 1 1 1 1 
R44 T7

Map
1 1 1 1 1 1 1 1 
1 0 0 # 0 0 0 S 
1 0 1 0 H 0 0 G 
1 0 0 0 0 0 0 1 
1 0 0 0 0 F H 1 
1 0 0 1 0 0 0 1 
1 0 0 1 0 0 1 1 
1 1 1 1 1 1 1 1 
p61 T7

Map
1 1 1 1 1 1 1 1 
1 0 1 0 0 0 F 1 
G 0 0 1 0 0 1 1 
1 0 0 # 0 0 1 1 
1 0 0 0 F 0 0 1 
1 0 0 0 1 0 0 S 
1 F 0 0 F 0 0 1 
1 1 1 1 1 1 1 1 
p13 T7

Map
1 1 1 1 1 1 1 1 
1 1 0 # 1 0 0 1 
1 0 # F 0 F 0 G 
1 0 0 1 F 0 0 1 
1 1 0 0 1 0 0 1 
1 0 0 0 1 F 0 1 
1 0 0 F 0 0 F S 
1 1 1 1 1 1 1 1 
P21 T7

Map
1 1 1 1 1 1 1 1 
1 0 0 # 0 # 0 G 
1 0 # 0 0 0 H 1 
1 H 0 H 0 1 F 1 
1 1 0 0 0 0 0 1 
1 0 F F # 0 0 1 
1 # 0 F 0 0 0 1 
1 S 1 1 1 1 1 1 
p46 T8

Map
1 1 1 1 1 1 1 1 
1 0 0 F 1 0 0 1 
1 0 # F 1 0 0 1 
1 0 0 0 0 0 # 1 
1 0 # F # 0 0 1 
1 # # 0 F 0 F S 
1 0 0 1 0 0 0 1 
1 1 1 1 1 1 G 1 
P12 T8

Map
1 1 1 1 1 1 1 1 
S 0 0 0 # 0 0 1 
1 0 1 0 0 0 1 1 
1 # 0 0 1 0 F 1 
1 0 0 0 0 # 0 1 
1 0 # # 0 1 1 1 
1 0 1 0 0 0 0 1 
1 1 1 1 1 1 G 1 
r15 T7

Map
1 1 1 1 1 G 1 1 
1 # 1 # 0 0 0 1 
1 # H 0 # H 0 1 
1 # 0 0 0 0 1 1 
1 0 1 1 0 F 0 1 
1 0 0 0 1 0 # 1 
1 0 # 0 0 0 # 1 
1 1 S 1 1 1 1 1 
P61 T8

Map
1 1 1 1 1 1 1 1 
1 0 0 0 F 0 0 1 
1 0 F F 0 0 F 1 
1 0 0 1 F H 0 1 
1 1 0 0 0 F H 1 
1 0 0 0 # 0 0 1 
1 0 0 0 0 F 0 1 
1 1 S 1 G 1 1 1 
P55 T9

Map
1 1 1 1 1 1 1 1 
1 1 0 0 0 0 0 1 
1 0 0 0 0 0 1 1 
1 0 # F 0 # # 1 
S 0 F 0 # 0 0 1 
1 0 0 0 0 0 0 1 
1 0 0 # 0 1 0 1 
1 1 G 1 1 1 1 1 
P15 T8

Map
1 1 1 1 1 S 1 1 
1 0 H 0 1 0 0 1 
1 0 0 0 F 0 0 1 
G 0 1 0 0 0 1 1 
1 0 0 0 0 1 0 1 
1 0 # 0 0 0 0 1 
1 0 0 0 0 0 0 1 
1 1 1 1 1 1 1 1 
p14 T7

Map
1 1 1 1 1 1 1 1 
1 # 0 0 0 1 0 1 
1 0 0 F 0 0 # 1 
1 0 0 0 1 0 0 1 
1 0 # 0 0 H # G 
1 0 0 0 0 0 0 S 
1 0 0 0 0 0 F 1 
1 1 1 1 1 1 1 1 
p65 T7

Map
1 1 1 1 1 1 1 1 
1 0 0 1 0 0 0 S 
1 0 0 0 0 0 1 1 
1 0 H F 0 0 0 1 
1 0 # 0 # H 0 G 
1 0 # 0 0 0 # 1 
1 1 1 # 0 0 H 1 
1 1 1 1 1 1 1 1 
P63 T9

Map
1 1 S 1 1 1 1 1 
1 0 0 0 1 0 0 1 
1 0 F 0 0 0 0 1 
1 0 F F 0 0 H 1 
1 F 0 0 # 0 0 1 
1 0 0 0 0 0 0 1 
1 0 F # 0 0 1 1 
1 1 1 1 1 G 1 1 
P25 T7

Map
1 1 1 1 1 1 S 1 
G 0 H H # H 0 1 
1 0 1 0 # 0 0 1 
1 0 0 0 0 0 1 1 
1 0 0 F 0 0 # 1 
1 1 0 # 0 # 1 1 
1 0 0 0 # # 0 1 
1 1 1 1 1 1 1 1 
u26 T8

Map
1 1 1 1 1 1 1 1 
1 # 1 F 1 0 # 1 
1 0 # F 0 H 0 1 
1 0 # F F # # 1 
1 1 0 0 H 0 0 1 
S 0 0 1 0 0 # 1 
1 0 1 0 0 0 0 1 
1 1 1 1 1 G 1 1 
d56 T8

Map
1 1 1 S 1 1 1 1 
1 0 # # 1 0 0 G 
1 0 0 # 0 0 0 1 
1 F 1 0 0 0 0 1 
1 0 0 0 0 1 0 1 
1 0 # # 0 0 0 1 
1 0 0 0 1 0 0 1 
1 1 1 1 1 1 1 1 
U26 T7

Map
1 1 1 1 1 1 1 1 
1 1 0 0 F 1 0 1 
1 0 0 0 F F 0 1 
1 0 0 0 0 1 H 1 
1 0 1 0 0 F 0 1 
S F 0 0 0 F 0 1 
1 0 F 0 0 0 0 1 
1 1 1 1 G 1 1 1 
L64 T7

Map
1 1 1 1 1 1 1 1 
1 0 0 0 0 0 0 1 
1 0 0 1 0 0 1 1 
G 0 0 # # 0 F 1 
1 H # 0 0 0 H 1 
S 0 1 0 0 0 0 1 
1 0 # 0 0 1 # 1 
1 1 1 1 1 1 1 1 
l45 T7

Map
1 1 1 1 1 S 1 1 
1 0 F 0 0 0 0 1 
1 0 0 0 # 1 F 1 
1 # 0 F 0 0 0 1 
G 0 F 0 1 1 # 1 
1 0 0 F 0 1 0 1 
1 # F # 0 # 0 1 
1 1 1 1 1 1 1 1 
p15 T7

Map
1 1 1 1 1 1 1 1 
1 0 0 0 0 0 # 1 
S 0 0 # 0 1 0 1 
1 0 H 0 0 0 # 1 
1 # 0 0 0 F 0 1 
1 F 0 H H 0 0 1 
1 1 0 0 0 0 0 1 
1 1 1 G 1 1 1 1 
p46 T7

Map
1 1 1 1 1 1 1 1 
1 F # F 1 0 0 1 
1 1 F # 0 # # 1 
1 0 # 0 0 1 0 1 
1 0 0 F 0 0 0 1 
1 0 0 0 0 0 F 1 
1 0 0 0 # F 1 1 
1 1 1 G 1 S 1 1 
P26 T7

Map
1 1 1 1 1 1 S 1 
1 # # 0 0 0 0 1 
1 0 0 # 0 0 1 1 
1 0 H 0 0 1 0 1 
1 0 0 0 1 0 0 1 
1 1 0 0 1 0 0 G 
1 0 0 0 # 0 0 1 
1 1 1 1 1 1 1 1 
P64 T8

Map
1 1 1 G 1 1 1 1 
1 0 0 0 # 0 0 1 
1 0 # 1 0 0 0 1 
1 # # 0 # 0 0 1 
1 0 # 0 1 F 0 1 
1 H 1 0 0 1 0 1 
1 F 1 1 0 0 F 1 
1 1 1 1 1 S 1 1 
P21 T9

Map
1 1 S 1 1 1 1 1 
1 H 0 0 0 F 0 1 
1 1 # 0 1 F F 1 
1 0 1 0 0 1 0 1 
1 # F 0 0 0 0 1 
1 H 0 1 0 0 H 1 
1 0 H 0 0 F 0 1 
1 1 1 1 1 1 G 1 
P34 T7

Map
1 1 1 S 1 1 1 1 
1 0 0 0 0 0 0 1 
1 0 0 0 0 0 0 1 
1 0 0 1 0 0 0 1 
1 1 0 0 0 0 0 1 
1 0 0 0 0 0 0 G 
1 1 0 # 0 0 F 1 
1 1 1 1 1 1 1 1 
p24 T7

Map
1 1 1 1 1 1 1 1 
1 0 0 F 0 F 0 1 
1 # 0 0 0 0 0 1 
G # 0 0 # # # 1 
1 0 0 F 0 1 0 1 
1 1 0 0 0 1 0 1 
1 0 0 # 1 0 0 1 
1 1 1 1 1 1 S 1 
L23 T7

Map
1 1 1 1 1 1 S 1 
1 # 0 0 0 0 0 1 
1 0 0 0 0 0 F 1 
G 0 1 # 0 0 0 1 
1 0 1 0 0 1 0 1 
1 # 0 # 0 0 0 1 
1 # 0 0 1 0 0 1 
1 1 1 1 1 1 1 1 
p14 T7

Map
1 1 G 1 1 1 1 1 
1 0 0 0 0 0 0 1 
1 H # # 0 0 0 1 
1 1 0 F F 0 0 1 
1 # 0 0 0 1 F 1 
1 # F 0 0 1 0 1 
1 # 1 H # # 0 1 
1 S 1 1 1 1 1 1 
d51 T9

Map
1 1 1 1 1 1 1 1 
G 0 1 0 0 0 0 1 
1 0 0 # H 0 0 1 
1 0 0 0 0 0 H 1 
1 # 0 # 1 1 0 S 
1 1 0 # 1 0 # 1 
1 # 1 0 0 0 0 1 
1 1 1 1 1 1 1 1 
l33 T7

Map
1 S 1 1 1 1 1 1 
1 0 0 0 # 0 0 1 
1 0 0 0 # # 1 1 
1 0 1 0 0 0 # 1 
1 1 0 # 0 0 0 1 
1 0 0 0 0 0 # 1 
G 0 0 1 # 1 0 1 
1 1 1 1 1 1 1 1 
d31 T7

