Map
1 1 1 1 1 1 1 1 
1 0 0 0 0 0 0 1 
1 F 0 0 0 1 1 1 
1 # 0 0 0 H 0 G 
1 0 H 0 0 0 0 1 
1 0 # 0 0 0 H 1 
1 0 F 1 0 0 H 1 
1 1 1 1 1 S 1 1 
P43 P55 

Map
1 1 1 1 1 1 1 1 
1 F 0 0 0 0 0 1 
1 0 0 0 0 0 0 1 
1 0 0 0 0 0 1 1 
1 0 0 0 0 0 0 1 
1 0 0 0 0 0 0 1 
1 0 F 0 0 0 0 S 
1 1 G 1 1 1 1 1 
P14 P56 

Map
1 1 1 1 1 G S 1 
1 0 0 0 # 0 0 1 
1 F 0 0 F 0 0 1 
1 0 0 0 1 0 0 1 
1 F 0 # 0 0 # 1 
1 1 0 0 H 0 F 1 
1 0 0 # 0 F 0 1 
1 1 1 1 1 1 1 1 
P11 P62 

Map
1 1 1 1 1 1 1 1 
1 0 0 F 0 0 F 1 
1 0 # 0 F 0 0 1 
S 0 1 0 0 0 0 1 
1 F 0 0 1 1 0 1 
1 0 # F 0 0 0 1 
1 F F 0 1 0 # 1 
1 1 G 1 1 1 1 1 
P11 P15 

Map
1 1 1 1 1 1 1 1 
1 0 0 0 H 0 H 1 
G 0 1 0 0 F 0 1 
1 0 0 1 1 F 0 1 
1 0 0 F 0 0 1 1 
1 H 0 0 0 0 # 1 
1 0 0 0 0 F 0 1 
1 1 1 S 1 1 1 1 
P11 P35 

Map
1 1 1 1 1 1 1 1 
1 0 0 # 0 H 0 1 
1 # 0 0 0 0 0 1 
G 0 1 0 0 0 1 1 
1 0 0 0 0 0 0 1 
1 0 H 0 1 0 0 S 
1 0 # # 0 1 0 1 
1 1 1 1 1 1 1 1 
P52 P14 

Map
1 1 1 1 1 1 1 1 
1 0 0 1 0 1 0 1 
1 0 0 0 F 0 0 1 
1 0 0 0 0 F 0 S 
1 0 0 0 0 0 0 1 
1 F 1 F 0 0 0 G 
1 H 0 0 F 0 F 1 
1 1 1 1 1 1 1 1 
P64 P56 

Map
1 S 1 1 1 1 1 1 
1 # 1 0 0 F 1 1 
1 0 0 1 # 0 1 1 
1 1 # 0 0 F 0 1 
1 0 # F 0 0 0 1 
1 0 0 0 # 0 0 1 
1 0 F 0 F # # 1 
1 1 1 G 1 1 1 1 
P64 P25 

Map
1 1 1 1 G 1 1 1 
1 0 F 0 0 0 0 1 
1 0 0 1 H F 1 1 
1 0 0 0 0 H 1 1 
1 0 1 0 F 0 0 1 
1 H F 0 0 0 0 1 
1 0 0 0 0 0 0 1 
1 1 1 1 1 S 1 1 
P51 P55 

Map
1 1 1 1 1 1 1 1 
1 0 0 F 1 1 0 1 
1 0 0 0 0 1 0 S 
1 0 0 0 0 0 0 1 
G F 0 F 1 0 # 1 
1 0 0 0 0 0 1 1 
1 0 F 0 1 F 0 1 
1 1 1 1 1 1 1 1 
P13 P25 

Map
1 1 1 1 1 G 1 1 
1 0 0 # 0 0 F 1 
1 F 0 0 0 # 1 1 
1 # F 1 1 1 F 1 
1 0 H F H 0 0 1 
1 0 1 0 # F # 1 
1 # 0 0 H 0 0 1 
1 1 1 S 1 1 1 1 
P41 P35 

Map
1 1 1 1 1 1 1 1 
1 0 0 0 # # 0 1 
S 0 0 H 0 F # 1 
1 F 0 0 0 H 0 1 
1 0 0 0 # 0 0 1 
1 1 F 0 0 0 # G 
1 1 0 0 0 0 # 1 
1 1 1 1 1 1 1 1 
P22 P64 

Map
1 1 1 1 1 1 1 1 
1 H 0 0 0 1 0 1 
1 0 F # 0 0 0 1 
1 0 F F 1 0 0 1 
1 0 0 # # 0 0 S 
1 F H 0 0 0 1 1 
1 0 0 F 0 0 0 1 
1 1 G 1 1 1 1 1 
P62 P16 

Map
1 1 1 1 1 1 1 1 
1 1 # 0 0 0 F 1 
S 0 0 H 0 0 0 1 
1 # 1 1 F F 0 1 
1 0 0 F 0 0 0 1 
1 0 0 0 1 0 0 1 
1 0 0 0 0 # 0 1 
1 1 1 1 G 1 1 1 
P22 P36 

Map
1 1 1 1 1 1 1 1 
1 F 0 0 0 F 0 1 
1 0 0 0 0 0 0 1 
S 0 0 0 H 0 0 1 
1 H 0 0 F 0 0 1 
1 # F 0 F 0 0 1 
G 0 H 0 0 0 0 1 
1 1 1 1 1 1 1 1 
P33 P66 

Map
1 1 1 1 1 1 G 1 
1 0 0 1 0 0 0 1 
1 0 0 0 # H 0 1 
1 0 # 0 0 0 1 1 
1 1 1 0 1 0 0 S 
1 H 0 0 0 0 0 1 
1 # 0 0 0 0 0 1 
1 1 1 1 1 1 1 1 
P53 P26 

Map
1 1 1 1 1 1 1 1 
1 0 F 0 0 0 0 1 
1 0 1 0 0 0 H 1 
1 0 1 # 1 0 0 G 
1 0 F 0 0 0 1 1 
1 0 0 0 0 1 0 S 
1 1 H 0 0 F 0 1 
1 1 1 1 1 1 1 1 
P52 P36 

Map
1 1 1 1 1 1 1 1 
1 # # H 0 0 H 1 
S 0 0 1 0 0 F 1 
1 1 0 0 0 # 0 1 
1 0 # H F # 0 G 
1 # F 0 F F 1 1 
1 0 0 0 0 # 0 1 
1 1 1 1 1 1 1 1 
P52 P66 

Map
1 1 1 1 1 1 1 1 
1 # 0 0 H 0 0 S 
1 0 # 1 0 0 0 1 
1 0 0 1 0 0 0 1 
1 1 0 # # 0 0 1 
1 0 0 0 1 0 H 1 
1 0 # 1 0 0 0 G 
1 1 1 1 1 1 1 1 
P51 P64 

Map
1 1 1 1 1 1 1 1 
G 0 1 1 F 0 F 1 
1 0 0 0 0 0 F 1 
1 1 0 0 # 0 0 1 
1 0 F 0 0 # 0 1 
1 # 1 1 0 0 0 1 
S 0 0 0 # F H 1 
1 1 1 1 1 1 1 1 
P44 P26 

Map
1 1 1 1 1 1 1 1 
1 F # F H 0 0 1 
1 0 F F 0 0 0 1 
1 0 # 0 F # 1 1 
1 # 0 0 1 0 # 1 
1 0 F 0 # H 0 1 
1 0 F 1 0 # 0 1 
1 1 G 1 S 1 1 1 
P52 P13 

Map
1 1 1 1 1 1 1 1 
1 0 0 # 0 0 F S 
1 # 0 0 # 0 0 1 
1 F 0 0 0 F # 1 
1 0 0 0 H 0 0 G 
1 F # 0 0 H 0 1 
1 0 0 0 0 # 0 1 
1 1 1 1 1 1 1 1 
P11 P65 

Map
1 1 1 1 1 1 S 1 
1 0 F 0 0 0 0 1 
1 # F 0 F F 0 1 
1 0 0 0 0 0 H 1 
1 0 H 0 0 1 F 1 
1 0 0 0 0 0 F 1 
1 0 0 0 F 0 F 1 
1 1 1 G 1 1 1 1 
P41 P62 

Map
1 1 G 1 1 1 1 1 
1 0 F 0 0 # 0 1 
1 0 F 0 0 0 1 1 
1 # 0 0 # 0 0 1 
1 # 1 0 0 0 0 1 
1 0 0 0 0 0 0 1 
1 # 0 0 # 0 F 1 
1 1 1 1 1 1 S 1 
P12 P33 

Map
1 1 1 1 1 G 1 1 
1 F 0 # 0 # F 1 
1 H 1 0 0 0 F 1 
1 # 0 0 # 0 0 1 
1 0 # H F 1 1 1 
1 1 0 F 0 0 1 1 
1 0 H 0 0 0 # 1 
1 1 1 1 1 1 S 1 
P63 P46 

Map
1 1 1 1 1 1 1 1 
S F F 0 0 F 0 1 
1 0 H 0 0 1 1 1 
1 H F 1 0 0 0 G 
1 0 0 0 # 1 0 1 
1 0 0 0 0 0 0 1 
1 0 0 0 0 1 0 1 
1 1 1 1 1 1 1 1 
P41 P46 

Map
1 G 1 1 1 1 1 1 
1 0 0 0 # F 1 1 
1 # 0 # 1 # 0 1 
1 0 # 0 0 0 H 1 
1 1 H F 0 # 0 S 
1 0 0 F 0 H F 1 
1 0 0 0 0 F 0 1 
1 1 1 1 1 1 1 1 
P44 P26 

Map
1 1 1 1 1 1 1 1 
1 0 # 0 0 0 F 1 
S 0 # 0 1 0 0 G 
1 H F 0 0 # F 1 
1 # # 0 1 # 0 1 
1 F 0 1 0 0 1 1 
1 0 F F 0 0 # 1 
1 1 1 1 1 1 1 1 
P51 P56 

Map
1 1 1 1 1 G 1 1 
1 1 # 0 0 F 0 1 
1 0 0 0 0 0 0 1 
1 # # 0 0 1 0 1 
1 0 1 0 0 0 0 1 
1 1 0 0 0 0 0 1 
S 0 0 0 0 # H 1 
1 1 1 1 1 1 1 1 
P62 P46 

Map
1 1 1 1 1 1 1 1 
1 0 0 # 0 F 1 1 
1 1 0 0 # # 0 1 
1 0 1 # # F 1 1 
1 0 0 0 # 0 0 1 
1 0 0 1 F 0 0 1 
1 0 F 0 0 0 # 1 
1 1 1 G 1 S 1 1 
P55 P46 

Map
1 1 G 1 1 1 S 1 
1 0 # 1 0 # 0 1 
1 # 1 0 H 0 0 1 
1 0 0 0 # 0 H 1 
1 0 F # 0 0 0 1 
1 0 0 0 1 0 # 1 
1 0 0 0 # 0 H 1 
1 1 1 1 1 1 1 1 
P41 P62 

Map
1 1 1 1 1 1 1 1 
1 0 0 0 0 0 0 1 
1 0 0 H # # F G 
1 0 0 # 0 0 0 1 
1 1 0 # 0 0 0 1 
1 1 0 0 0 1 0 1 
1 1 H # 0 0 0 1 
1 1 1 1 1 S 1 1 
P51 P63 

Map
1 1 1 1 1 1 1 1 
1 0 0 F F # 0 1 
G 0 0 1 0 0 0 1 
1 0 0 1 # # # 1 
1 1 H # F 0 0 1 
1 0 0 0 0 F # S 
1 F F 0 0 0 F 1 
1 1 1 1 1 1 1 1 
P13 P25 

Map
1 1 S 1 1 1 1 1 
1 F 0 # 0 0 0 1 
1 0 0 0 0 0 0 1 
1 0 F 0 1 0 0 1 
1 0 1 # 0 F 1 1 
1 0 0 0 F 0 0 1 
1 0 0 # 0 0 0 1 
1 1 1 1 G 1 1 1 
P22 P56 

Map
1 1 1 1 1 1 1 1 
1 0 H 0 0 H 0 1 
1 0 0 0 1 0 0 1 
1 0 1 0 0 1 0 S 
1 0 H 0 0 0 0 1 
1 0 0 0 1 0 0 1 
1 # 0 0 1 0 0 1 
1 1 1 G 1 1 1 1 
P31 P34 

Map
1 1 1 1 S 1 1 1 
G 0 1 0 0 # 0 1 
1 0 1 0 0 0 0 1 
1 0 # 0 0 0 1 1 
1 0 0 F H 0 0 1 
1 0 # F H F 0 1 
1 0 # 1 H 1 0 1 
1 1 1 1 1 1 1 1 
P42 P54 

Map
1 1 1 1 1 1 1 1 
1 # 0 1 0 # F 1 
1 0 0 1 F 0 0 1 
G 0 H 1 0 # # 1 
1 0 F 0 # 0 0 1 
1 0 0 0 # 0 0 1 
1 1 H 0 0 0 # S 
1 1 1 1 1 1 1 1 
P12 P46 

Map
1 1 1 1 1 1 1 1 
1 1 0 0 0 0 1 1 
1 # 0 0 0 0 # 1 
1 0 0 0 0 # F 1 
1 0 0 1 0 F F 1 
1 0 0 0 0 0 F 1 
1 F # 0 0 0 F 1 
1 1 1 G 1 1 S 1 
P32 P46 

Map
1 1 S 1 1 1 1 1 
1 0 0 0 0 F # 1 
1 0 1 1 0 0 0 1 
1 1 1 # 1 0 0 1 
1 0 0 0 0 0 0 1 
1 0 0 0 0 0 H 1 
G # H 0 # H 0 1 
1 1 1 1 1 1 1 1 
P64 P55 

Map
1 1 1 1 1 1 1 1 
1 0 0 1 1 # # 1 
1 H F # # 0 0 1 
1 0 1 0 0 0 H 1 
1 H 0 F F 0 1 1 
1 1 F F # 0 0 1 
1 0 0 # 0 H 0 1 
1 1 G 1 S 1 1 1 
P54 P16 

Map
1 1 1 1 1 1 1 1 
G 0 H # # 0 0 1 
1 0 0 0 0 1 H 1 
1 # 0 0 0 1 0 S 
1 0 1 0 0 0 0 1 
1 0 1 1 F F 0 1 
1 0 F 0 # 0 H 1 
1 1 1 1 1 1 1 1 
P32 P65 

Map
1 1 1 1 1 S 1 1 
1 0 1 0 0 0 0 1 
1 0 0 0 0 0 0 1 
1 F 0 0 0 1 0 1 
1 H 0 1 0 1 0 1 
G 0 0 H 0 0 H 1 
1 0 # # 0 # 1 1 
1 1 1 1 1 1 1 1 
P24 P16 

Map
1 1 1 1 1 1 1 1 
1 0 0 0 F 0 0 1 
1 F 0 0 F # H 1 
G 0 F 0 0 # 0 1 
1 F 0 F 0 0 0 S 
1 0 0 0 # 0 0 1 
1 0 # # 0 0 0 1 
1 1 1 1 1 1 1 1 
P61 P54 

Map
1 1 1 G 1 1 1 1 
1 0 0 0 # 0 0 1 
1 F 0 0 0 0 0 1 
1 0 0 0 0 0 1 1 
1 0 0 1 H 0 0 1 
1 0 0 0 0 0 0 1 
1 0 1 0 0 0 0 1 
1 1 1 1 S 1 1 1 
P22 P45 

Map
1 1 1 1 1 1 1 1 
1 0 0 # 1 0 0 1 
1 0 F 0 H 0 # 1 
1 0 # 0 1 0 0 1 
1 # 1 0 F # 0 1 
1 0 1 0 0 0 1 1 
1 0 # 0 F 0 # 1 
1 1 S 1 G 1 1 1 
P55 P36 

Map
1 1 1 1 S 1 1 1 
1 H 0 0 0 0 0 1 
1 F 1 0 0 0 0 1 
1 0 H 0 0 0 0 1 
1 # # 0 0 0 0 1 
1 0 F 0 F # 0 G 
1 F F F H 0 # 1 
1 1 1 1 1 1 1 1 
P43 P64 

Map
1 1 1 1 S 1 1 1 
1 # F 1 0 0 0 1 
G 0 0 0 1 0 0 1 
1 0 0 F 0 F # 1 
1 0 0 0 0 0 0 1 
1 # H H # # F 1 
1 0 # 0 0 0 0 1 
1 1 1 1 1 1 1 1 
P13 P44 

Map
1 1 1 1 1 1 1 1 
1 # 0 0 0 0 0 S 
1 # 0 0 0 0 F 1 
1 0 # 1 0 0 0 1 
1 0 H 0 0 F F G 
1 # 0 0 # F 0 1 
1 0 0 0 F F 0 1 
1 1 1 1 1 1 1 1 
P16 P26 

Map
1 1 1 1 1 1 1 1 
1 1 H 0 H 0 0 1 
1 # 0 0 0 0 0 1 
1 0 0 0 # # 0 1 
1 1 0 0 0 F F 1 
1 H 0 0 0 0 # S 
1 0 F 0 F # 1 1 
1 1 G 1 1 1 1 1 
P42 P35 

Map
1 1 1 1 1 1 1 1 
1 0 0 0 0 1 0 1 
1 0 0 0 0 0 0 1 
S 0 0 F 1 0 0 1 
1 0 F 0 0 H 0 1 
1 0 1 0 0 0 0 G 
1 H 1 F 0 0 0 1 
1 1 1 1 1 1 1 1 
P23 P66 

Map
1 1 1 1 S 1 1 1 
1 H F F 0 0 0 1 
1 0 0 1 0 0 0 1 
1 0 0 1 F 0 1 1 
1 F F H 1 # 1 1 
1 0 0 1 F 0 0 1 
1 0 0 F 0 0 # 1 
1 1 G 1 1 1 1 1 
P42 P16 

Map
1 1 1 1 G 1 1 1 
1 0 0 # 0 F 0 1 
1 1 0 0 0 0 0 1 
1 0 # # 0 # 1 1 
S 0 F 0 1 0 # 1 
1 # 0 F 0 0 1 1 
1 1 0 0 0 0 0 1 
1 1 1 1 1 1 1 1 
P32 P13 

Map
1 1 G 1 1 1 S 1 
1 F 0 0 0 0 0 1 
1 0 0 # 0 1 1 1 
1 # 1 F # 0 0 1 
1 0 1 0 0 0 0 1 
1 F 0 # 1 0 0 1 
1 0 0 F 0 1 0 1 
1 1 1 1 1 1 1 1 
P31 P12 

Map
1 1 1 S 1 1 1 1 
1 F 0 0 # 0 1 1 
1 0 0 # 1 0 0 1 
1 0 F 0 0 F # G 
1 F 0 F 0 0 # 1 
1 1 0 0 0 # 0 1 
1 F 0 F 0 0 0 1 
1 1 1 1 1 1 1 1 
P62 P33 

Map
1 1 1 1 1 1 1 1 
1 1 H 1 0 0 H 1 
1 0 0 # 0 0 # 1 
1 F 0 0 0 F 1 1 
1 H 0 F F # 0 1 
1 F 0 0 1 0 0 1 
1 0 0 0 1 0 # 1 
1 G 1 1 1 1 S 1 
P51 P12 

Map
1 G 1 1 1 1 1 1 
1 0 F 0 0 0 0 1 
1 H 0 0 1 0 0 1 
S 0 0 F 0 F F 1 
1 0 0 0 0 0 F 1 
1 F 0 H 0 0 1 1 
1 0 0 1 H F # 1 
1 1 1 1 1 1 1 1 
P23 P44 

Map
1 1 1 1 1 S 1 1 
1 H 0 0 F # # 1 
G 0 0 0 F # F 1 
1 0 0 F 0 # # 1 
1 0 0 # F # 0 1 
1 H F H 0 0 1 1 
1 H 0 0 0 0 F 1 
1 1 1 1 1 1 1 1 
P21 P14 

Map
1 1 1 1 1 1 1 1 
1 0 # # 0 # 0 1 
1 F 0 0 0 0 0 1 
G 0 0 1 F F 0 1 
1 0 # 0 H 1 0 1 
1 1 0 0 1 0 0 1 
1 0 F 0 0 0 H 1 
1 S 1 1 1 1 1 1 
P14 P46 

Map
1 1 1 1 G 1 1 1 
1 0 0 0 0 0 0 1 
1 0 0 0 0 0 0 1 
1 1 H 0 0 0 0 1 
1 0 0 0 0 H 0 1 
S 0 0 1 0 0 0 1 
1 0 0 0 1 0 0 1 
1 1 1 1 1 1 1 1 
P51 P44 

Map
1 1 S 1 1 1 1 1 
1 H 0 0 1 # 0 1 
1 0 # 0 # 0 F 1 
1 0 0 1 0 0 # G 
1 1 0 0 0 1 H 1 
1 0 0 F H # 0 1 
1 F 0 F F 0 # 1 
1 1 1 1 1 1 1 1 
P52 P44 

Map
1 1 1 1 1 1 G 1 
1 0 1 0 0 0 F 1 
1 0 1 0 0 0 0 1 
1 F 0 0 1 0 1 1 
1 0 0 0 0 0 # 1 
1 0 0 0 0 0 # 1 
1 # 0 0 0 0 F 1 
1 S 1 1 1 1 1 1 
P31 P14 

Map
1 G 1 1 1 1 1 1 
1 F 0 H 1 0 0 1 
1 F 0 0 F 0 0 1 
1 F 0 0 0 0 0 1 
1 0 # 1 F 1 0 S 
1 0 0 0 0 0 F 1 
1 0 0 H 0 H 0 1 
1 1 1 1 1 1 1 1 
P33 P46 

Map
1 1 1 1 1 1 1 1 
1 F # # 0 0 0 1 
1 0 1 0 0 0 F G 
1 0 0 0 1 # 1 1 
1 F 0 0 0 1 0 1 
S 0 1 # 1 0 0 1 
1 0 # 0 0 0 # 1 
1 1 1 1 1 1 1 1 
P51 P12 

Map
1 1 1 G 1 1 1 1 
1 F 0 0 0 0 0 1 
1 # # 0 0 0 0 1 
1 0 0 0 0 0 0 1 
1 0 0 0 F 0 0 1 
1 F 1 0 0 0 0 1 
1 0 0 H # F H 1 
1 1 S 1 1 1 1 1 
P21 P13 

Map
1 1 G 1 1 1 1 1 
1 0 0 F 0 0 0 1 
1 # # 0 0 0 0 1 
1 # 1 # 0 0 1 1 
1 F 1 1 F 0 H 1 
1 F 0 0 H 0 0 S 
1 # 0 0 0 0 0 1 
1 1 1 1 1 1 1 1 
P11 P55 

Map
1 1 1 1 1 1 1 1 
1 0 0 0 # 0 1 1 
1 # 0 0 0 0 0 1 
1 0 0 0 1 0 0 S 
1 0 0 1 F 0 F G 
1 F # 0 0 F 0 1 
1 0 0 0 0 0 0 1 
1 1 1 1 1 1 1 1 
P53 P66 

Map
1 1 1 1 1 G 1 1 
1 0 F 0 0 0 0 1 
1 1 0 0 0 0 0 1 
1 0 0 0 H 0 0 1 
1 0 0 0 0 0 F 1 
1 0 F 0 0 0 # 1 
1 0 0 # 0 F 0 1 
1 1 S 1 1 1 1 1 
P41 P22 

Map
1 1 1 1 1 G 1 1 
1 0 0 0 1 0 0 1 
1 0 0 1 F 0 0 1 
1 F # 0 0 0 0 1 
1 # 0 0 0 1 0 1 
1 0 0 0 0 0 1 1 
1 0 0 # 0 0 0 1 
1 1 1 1 S 1 1 1 
P44 P25 

Map
1 1 1 1 1 1 1 1 
1 # 0 0 0 0 0 1 
G 0 F F 0 0 0 1 
S F 0 1 0 0 F 1 
1 0 # 0 H 0 0 1 
1 0 0 0 # # 0 1 
1 # # # H 0 0 1 
1 1 1 1 1 1 1 1 
P61 P14 

Map
1 1 1 1 1 1 1 1 
1 0 0 F # 0 0 1 
1 1 0 0 0 0 0 1 
S 0 0 H 0 0 0 G 
1 0 0 0 0 0 0 1 
1 0 0 0 1 # 0 1 
1 # 0 1 0 0 0 1 
1 1 1 1 1 1 1 1 
P62 P23 

Map
1 1 S 1 1 1 1 1 
1 0 0 0 0 H 0 1 
1 0 1 # 0 0 0 1 
1 0 0 1 H 0 0 1 
1 0 0 0 0 0 F 1 
1 # 0 0 0 H 0 1 
1 1 0 0 0 0 0 1 
1 1 1 1 G 1 1 1 
P41 P36 

Map
1 1 1 1 1 G 1 1 
1 0 1 0 0 F 0 1 
1 0 H 1 0 0 H 1 
1 0 0 0 # 0 # 1 
1 1 0 0 F 0 H 1 
1 0 0 0 0 0 1 1 
1 # F 0 0 F 0 1 
1 1 1 1 S 1 1 1 
P42 P23 

Map
1 1 1 1 1 1 1 1 
1 0 H 0 # 0 0 1 
1 # 1 H 0 H 0 1 
1 0 F 0 F F 0 1 
1 0 0 # 0 1 # 1 
1 0 H 0 0 # # 1 
1 # 0 0 F 0 0 1 
1 1 G 1 1 S 1 1 
P62 P36 

Map
1 1 1 1 1 1 1 1 
1 0 0 0 0 1 0 S 
1 0 0 0 0 0 0 1 
1 0 0 0 0 # 0 1 
1 1 1 0 0 0 0 1 
1 0 H 0 0 # 0 G 
1 H 0 # 0 0 H 1 
1 1 1 1 1 1 1 1 
P63 P46 

Map
1 1 1 1 1 1 1 1 
1 0 0 0 0 0 0 1 
1 0 # 0 0 0 0 1 
1 # F 0 # 0 0 1 
1 F 0 # F 0 0 G 
1 0 # 0 0 F 0 S 
1 0 0 F # F H 1 
1 1 1 1 1 1 1 1 
P41 P35 

Map
1 1 1 1 S 1 1 1 
1 H F 0 0 0 0 1 
1 0 0 0 1 0 1 1 
1 0 0 0 0 0 0 1 
1 0 0 1 0 0 0 1 
1 H 0 0 0 0 0 1 
1 0 0 H 0 0 0 1 
1 G 1 1 1 1 1 1 
P61 P13 

Map
1 1 1 S 1 1 1 1 
1 0 0 0 0 0 0 1 
1 0 H 0 0 0 0 1 
1 0 0 0 0 0 0 1 
1 0 F H 0 # 0 1 
G # F 0 H 0 # 1 
1 # # 1 0 0 0 1 
1 1 1 1 1 1 1 1 
P33 P14 

Map
1 1 1 1 1 1 1 1 
1 0 0 0 0 0 0 1 
1 1 0 H 0 0 0 1 
1 # 0 # 0 0 F 1 
G # 1 # 0 0 0 1 
1 0 0 0 0 0 0 1 
1 0 0 0 0 0 0 1 
1 1 S 1 1 1 1 1 
P11 P15 

Map
1 1 1 1 1 1 1 1 
1 0 0 0 0 1 0 1 
1 0 # F 0 0 1 1 
1 0 0 # 0 0 F 1 
G 0 0 0 0 # 0 1 
1 0 0 H 0 0 0 1 
1 0 H 1 H 1 0 1 
1 1 1 1 1 1 S 1 
P64 P45 

Map
1 1 1 1 1 1 1 1 
1 0 F 0 # 0 0 1 
1 0 F 0 H # 0 1 
1 0 0 0 F 0 0 1 
1 0 0 H 0 0 0 1 
1 1 0 0 0 0 F 1 
1 0 0 0 0 1 0 G 
1 1 1 1 S 1 1 1 
P23 P44 

Map
1 1 G 1 1 1 1 1 
1 0 F 0 0 F 0 1 
1 0 0 F F 0 0 1 
1 F 0 # 0 # 0 1 
1 0 0 F 0 1 0 1 
1 0 H 1 0 0 1 1 
1 0 1 0 1 0 0 1 
1 1 1 1 1 1 S 1 
P43 P14 

Map
1 1 G 1 1 1 1 1 
1 0 0 0 # 1 # 1 
1 0 1 0 0 # 0 1 
1 0 0 0 H 0 # 1 
1 0 0 0 0 0 # 1 
1 0 0 0 0 1 0 1 
1 0 0 1 # 0 0 1 
1 1 1 1 1 1 S 1 
P31 P44 

Map
1 1 G 1 1 S 1 1 
1 0 # 0 0 F H 1 
1 # 0 1 1 # 1 1 
1 0 1 0 F F 0 1 
1 0 H F 0 # 0 1 
1 0 0 0 0 0 0 1 
1 0 H 0 0 # # 1 
1 1 1 1 1 1 1 1 
P11 P64 

Map
1 1 S 1 1 1 1 1 
1 1 0 0 0 0 0 1 
1 H 0 1 0 0 H 1 
1 0 1 1 0 0 0 1 
G 0 0 1 0 0 0 1 
1 0 0 0 # 0 1 1 
1 # 0 0 0 0 0 1 
1 1 1 1 1 1 1 1 
P51 P13 

Map
1 1 1 1 1 1 1 1 
1 0 0 0 F 0 F 1 
1 F 0 0 0 # 0 1 
1 H F 0 0 0 0 1 
1 0 0 0 H 1 0 S 
G 0 0 1 0 0 0 1 
1 0 # 0 0 1 0 1 
1 1 1 1 1 1 1 1 
P14 P66 

Map
1 1 1 1 1 1 1 1 
1 0 1 F H 0 0 G 
1 F 0 0 # F 0 1 
1 0 F # F 1 H 1 
1 0 0 0 0 F # 1 
1 0 0 0 F H 0 1 
1 H 1 0 0 0 # S 
1 1 1 1 1 1 1 1 
P34 P15 

Map
1 1 S 1 1 1 1 1 
1 0 0 0 1 0 0 1 
1 0 0 0 0 0 0 1 
1 H H 0 0 0 1 1 
1 0 0 H F 0 0 1 
1 0 0 0 0 # H 1 
G 0 F 0 0 0 0 1 
1 1 1 1 1 1 1 1 
P22 P33 

Map
1 1 1 1 1 1 1 1 
1 0 0 0 F 0 F 1 
1 0 H 1 0 0 0 1 
G 0 F 0 H # 0 1 
1 F 0 0 0 0 H 1 
1 0 1 F 0 0 0 S 
1 # 0 0 0 1 0 1 
1 1 1 1 1 1 1 1 
P45 P46 

Map
1 1 1 1 1 1 1 1 
1 0 0 0 1 F 0 1 
1 0 0 0 0 0 F 1 
1 0 0 F 0 0 0 1 
G 0 0 1 0 0 0 1 
1 0 F # 1 F 0 1 
1 0 H 0 0 F 0 1 
1 1 1 1 S 1 1 1 
P63 P15 

Map
1 1 1 1 1 1 1 1 
G 0 F # # 1 0 1 
1 0 H 0 0 1 F 1 
1 0 0 H H F 0 1 
1 F # 0 0 0 0 1 
1 F 0 # 0 # F 1 
1 0 0 0 1 0 # S 
1 1 1 1 1 1 1 1 
P54 P25 

Map
1 1 1 1 1 1 1 1 
1 0 # 0 0 0 # 1 
1 H # 1 0 H 0 1 
1 0 0 1 0 0 F G 
1 0 0 # 0 0 0 1 
1 1 1 0 H 0 0 1 
1 0 1 0 0 0 0 1 
1 1 1 1 1 S 1 1 
P42 P54 

Map
1 1 1 1 G 1 1 1 
1 0 0 0 0 F 0 1 
1 0 0 F F 0 0 1 
1 # 0 0 F F 0 1 
1 0 0 # 1 0 # 1 
1 0 0 1 F # 1 1 
1 0 F 0 1 0 0 1 
1 1 1 S 1 1 1 1 
P11 P31 

Map
1 1 1 G S 1 1 1 
1 0 F 0 0 0 0 1 
1 0 0 0 F H 0 1 
1 0 0 F 0 0 0 1 
1 0 0 0 0 0 F 1 
1 0 0 H F 0 0 1 
1 H 0 0 0 H 0 1 
1 1 1 1 1 1 1 1 
P44 P15 

Map
1 1 1 1 G 1 1 1 
1 0 0 0 0 1 0 1 
1 0 H 1 1 0 0 S 
1 0 H 0 0 0 0 1 
1 0 0 0 H 0 1 1 
1 1 0 0 0 0 0 1 
1 1 0 0 0 0 0 1 
1 1 1 1 1 1 1 1 
P33 P26 

Map
1 1 1 1 1 1 G 1 
1 0 0 0 # 0 F 1 
1 F 0 0 # # 0 1 
1 F 0 1 H H # 1 
1 # # 0 0 0 1 1 
1 0 1 0 0 0 0 S 
1 0 1 0 0 0 1 1 
1 1 1 1 1 1 1 1 
P31 P23 

Map
1 1 1 1 1 1 1 1 
1 1 0 1 0 0 0 1 
1 0 0 0 0 1 # S 
1 H 0 # # 0 0 1 
1 # 0 F # F H 1 
G 0 1 0 0 0 0 1 
1 0 0 0 0 F 0 1 
1 1 1 1 1 1 1 1 
P45 P16 

Map
1 1 1 1 1 1 1 1 
1 0 0 F 0 F 0 1 
1 0 F 0 0 1 1 1 
1 0 0 0 0 F 0 1 
1 0 0 0 0 0 H 1 
1 0 0 1 0 0 0 1 
S 0 0 0 0 H 0 G 
1 1 1 1 1 1 1 1 
P11 P46 

Map
1 1 1 S 1 1 1 1 
1 0 0 0 0 0 0 1 
1 0 0 0 0 # 0 1 
1 1 0 F H F 0 1 
1 0 0 0 H F 0 1 
1 0 0 H F 1 0 1 
1 F F # 1 # # 1 
1 G 1 1 1 1 1 1 
P32 P25 

Map
1 1 S 1 1 1 1 1 
1 0 0 0 0 0 0 1 
1 # 0 0 0 0 F 1 
1 H 1 0 H 1 H 1 
1 0 1 0 0 0 1 1 
1 F 1 0 0 0 F 1 
1 0 0 H 0 1 0 1 
1 1 1 1 G 1 1 1 
P42 P35 

Map
1 1 1 1 1 1 1 1 
1 F 0 1 0 F H 1 
1 0 0 0 0 0 H 1 
1 F 0 0 0 0 0 1 
1 0 H 1 0 0 F 1 
1 0 1 0 0 0 0 1 
1 0 0 1 0 0 0 1 
1 1 G 1 1 1 S 1 
P41 P65 

Map
1 1 1 1 1 1 1 1 
S # # # F 0 0 1 
G # 0 # 1 0 0 1 
1 0 1 0 0 0 0 1 
1 0 H F 1 0 0 1 
1 0 # F H 0 0 1 
1 # 1 0 0 # H 1 
1 1 1 1 1 1 1 1 
P61 P13 

Map
1 G 1 1 1 1 S 1 
1 0 0 H 0 0 0 1 
1 0 0 # 0 0 F 1 
1 1 0 0 0 0 F 1 
1 H 0 0 0 0 # 1 
1 0 0 0 0 0 0 1 
1 0 0 1 0 0 F 1 
1 1 1 1 1 1 1 1 
P44 P65 

Map
1 1 1 1 1 1 1 1 
1 0 0 0 0 0 0 1 
S 0 0 H 0 H 0 1 
1 1 H # 0 0 0 1 
1 0 F # 0 # 0 1 
1 F F 1 F 0 0 1 
G 0 0 0 H F 0 1 
1 1 1 1 1 1 1 1 
P22 P65 

Map
1 1 1 1 1 1 S 1 
1 0 0 0 0 0 # 1 
1 F 0 0 0 0 # 1 
1 0 H H # # 0 1 
1 1 F H # F F 1 
1 0 # 0 0 # F 1 
1 F 0 0 0 0 0 1 
1 G 1 1 1 1 1 1 
P31 P46 

Map
1 1 1 1 1 G 1 1 
1 0 1 1 0 F 0 1 
1 0 1 0 0 0 0 1 
1 1 0 0 1 0 F 1 
1 0 0 0 1 0 0 1 
1 0 0 0 0 H 0 1 
1 0 H 0 0 0 0 S 
1 1 1 1 1 1 1 1 
P62 P36 

