Map
1 1 1 1 1 1 1 1 
1 1 1 1 S 1 1 1 
1 1 0 0 0 0 1 1 
1 1 0 0 0 0 G 1 
1 1 0 0 F 0 1 1 
1 1 0 0 F 0 1 1 
1 1 1 1 1 1 1 1 
1 1 1 1 1 1 1 1 
L52 T5

Map
1 1 1 1 1 1 1 1 
1 1 1 1 1 1 1 1 
1 1 0 0 F 0 1 1 
1 1 0 0 0 0 1 1 
1 S 0 F H 0 1 1 
1 1 0 0 H 0 G 1 
1 1 1 1 1 1 1 1 
1 1 1 1 1 1 1 1 
D33 T6

Map
1 1 1 1 1 1 1 1 
1 1 1 1 1 1 1 1 
1 1 H 1 0 0 S 1 
1 1 1 0 0 0 1 1 
1 1 0 0 H 0 1 1 
1 1 0 0 1 0 1 1 
1 1 G 1 1 1 1 1 
1 1 1 1 1 1 1 1 
L53 T5

Map
1 1 1 1 1 1 1 1 
1 1 1 1 1 1 1 1 
1 1 0 0 0 0 1 1 
1 1 # 0 0 # 1 1 
1 1 0 0 0 0 G 1 
1 S 0 0 0 0 1 1 
1 1 1 1 1 1 1 1 
1 1 1 1 1 1 1 1 
L55 T5

Map
1 1 1 1 1 1 1 1 
1 1 1 1 1 1 1 1 
1 1 0 0 F 0 1 1 
1 1 0 F 0 0 1 1 
1 1 0 0 H 0 1 1 
1 G 0 0 # 0 1 1 
1 1 1 1 S 1 1 1 
1 1 1 1 1 1 1 1 
R35 T5

Map
1 1 1 1 1 1 1 1 
1 1 1 G 1 1 1 1 
1 1 0 0 0 0 1 1 
1 1 F 0 0 0 S 1 
1 1 0 0 0 0 1 1 
1 1 0 0 0 0 1 1 
1 1 1 1 1 1 1 1 
1 1 1 1 1 1 1 1 
D22 T5

Map
1 1 1 1 1 1 1 1 
1 1 1 1 G 1 1 1 
1 1 1 0 0 0 1 1 
1 1 0 0 0 0 1 1 
1 S 0 0 F F 1 1 
1 1 0 0 F 0 1 1 
1 1 1 1 1 1 1 1 
1 1 1 1 1 1 1 1 
D53 T5

Map
1 1 1 1 1 1 1 1 
1 1 1 G 1 1 1 1 
1 1 0 0 F 0 1 1 
1 S F H H 0 1 1 
1 1 0 0 0 0 1 1 
1 1 0 0 0 0 1 1 
1 1 1 1 1 1 1 1 
1 1 1 1 1 1 1 1 
D22 T5

Map
1 1 1 1 1 1 1 1 
1 1 1 S 1 1 1 1 
1 1 0 0 0 # 1 1 
1 1 0 F 0 0 1 1 
1 1 # 0 0 0 1 1 
1 G 0 F 0 1 1 1 
1 1 1 1 1 1 1 1 
1 1 1 1 1 1 1 1 
U34 T4

Map
1 1 1 1 1 1 1 1 
1 1 1 1 1 1 1 1 
1 1 # 0 0 0 1 1 
1 1 0 0 0 0 G 1 
1 1 0 0 F 0 S 1 
1 1 0 # 0 0 1 1 
1 1 1 1 1 1 1 1 
1 1 1 1 1 1 1 1 
R43 T4

Map
1 1 1 1 1 1 1 1 
1 1 1 1 1 1 1 1 
1 1 H 0 0 0 G 1 
1 1 0 0 0 F 1 1 
1 S 0 0 H 0 1 1 
1 1 0 0 0 0 1 1 
1 1 1 1 1 1 1 1 
1 1 1 1 1 1 1 1 
D23 T4

Map
1 1 1 1 1 1 1 1 
1 1 1 1 1 1 1 1 
1 1 # # 1 0 1 1 
1 1 0 0 0 1 1 1 
1 1 F F 0 F S 1 
1 G 0 0 0 1 1 1 
1 1 1 1 1 1 1 1 
1 1 1 1 1 1 1 1 
U35 T4

Map
1 1 1 1 1 1 1 1 
1 1 1 1 1 1 1 1 
1 1 0 F 0 0 1 1 
1 G 0 0 F F 1 1 
1 1 0 0 0 0 1 1 
1 1 0 0 0 0 1 1 
1 1 1 S 1 1 1 1 
1 1 1 1 1 1 1 1 
R22 T5

Map
1 1 1 1 1 1 1 1 
1 1 1 1 1 1 1 1 
1 1 0 F 0 0 1 1 
1 1 0 0 0 F 1 1 
1 1 0 # F 0 1 1 
1 1 0 0 0 F 1 1 
1 1 1 S 1 G 1 1 
1 1 1 1 1 1 1 1 
D33 T5

Map
1 1 1 1 1 1 1 1 
1 1 1 1 1 1 1 1 
1 1 # 0 0 # 1 1 
1 1 0 0 0 0 G 1 
1 S 0 0 0 0 1 1 
1 1 0 0 0 0 1 1 
1 1 1 1 1 1 1 1 
1 1 1 1 1 1 1 1 
L54 T5

Map
1 1 1 1 1 1 1 1 
1 1 1 G S 1 1 1 
1 1 F 0 0 0 1 1 
1 1 0 0 0 0 1 1 
1 1 0 1 F 0 1 1 
1 1 0 0 0 0 1 1 
1 1 1 1 1 1 1 1 
1 1 1 1 1 1 1 1 
U33 T4

Map
1 1 1 1 1 1 1 1 
1 1 1 1 1 1 1 1 
1 1 0 0 0 0 1 1 
1 1 0 1 0 0 S 1 
1 G 0 0 0 1 1 1 
1 1 0 1 # 0 1 1 
1 1 1 1 1 1 1 1 
1 1 1 1 1 1 1 1 
L34 T4

Map
1 1 1 1 1 1 1 1 
1 1 1 1 1 1 1 1 
1 G 0 0 0 H 1 1 
1 1 H 0 0 0 1 1 
1 1 0 0 H 0 S 1 
1 1 1 0 0 0 1 1 
1 1 1 1 1 1 1 1 
1 1 1 1 1 1 1 1 
D53 T4

Map
1 1 1 1 1 1 1 1 
1 1 1 1 1 1 1 1 
1 1 0 0 0 0 S 1 
1 1 0 H H 0 1 1 
1 1 0 0 0 0 1 1 
1 1 H 0 0 0 1 1 
1 1 1 1 G 1 1 1 
1 1 1 1 1 1 1 1 
D44 T4

Map
1 1 1 1 1 1 1 1 
1 1 1 S 1 1 1 1 
1 1 # 0 0 0 1 1 
1 1 0 0 0 F 1 1 
1 G 0 0 0 # 1 1 
1 1 0 F 0 0 1 1 
1 1 1 1 1 1 1 1 
1 1 1 1 1 1 1 1 
R25 T5

Map
1 1 1 1 1 1 1 1 
1 1 1 1 1 G 1 1 
1 1 0 F F 0 1 1 
1 1 F 0 0 0 1 1 
1 1 0 0 1 0 1 1 
1 1 0 0 F 0 1 1 
1 1 1 1 S 1 1 1 
1 1 1 1 1 1 1 1 
L55 T4

Map
1 1 1 1 1 1 1 1 
1 1 1 G S 1 1 1 
1 1 0 0 0 0 1 1 
1 1 F 0 0 0 1 1 
1 1 0 0 0 1 1 1 
1 1 1 0 F 0 1 1 
1 1 1 1 1 1 1 1 
1 1 1 1 1 1 1 1 
U44 T5

Map
1 1 1 1 1 1 1 1 
1 1 1 1 1 1 1 1 
1 1 0 0 F F 1 1 
1 1 0 F 0 H 1 1 
1 1 0 0 0 0 1 1 
1 1 0 0 0 0 1 1 
1 1 1 S G 1 1 1 
1 1 1 1 1 1 1 1 
D44 T4

Map
1 1 1 1 1 1 1 1 
1 1 1 1 1 G 1 1 
1 1 0 0 0 0 1 1 
1 1 F 0 H 0 1 1 
1 1 0 0 F 0 1 1 
1 1 0 0 0 0 1 1 
1 1 1 1 S 1 1 1 
1 1 1 1 1 1 1 1 
L54 T4

Map
1 1 1 1 1 1 1 1 
1 1 1 S 1 1 1 1 
1 1 0 0 F 0 1 1 
1 1 0 1 0 1 1 1 
1 1 0 0 0 0 1 1 
1 1 0 # 0 1 1 1 
1 1 1 G 1 1 1 1 
1 1 1 1 1 1 1 1 
D34 T4

Map
1 1 1 1 1 1 1 1 
1 1 1 1 1 1 1 1 
1 1 0 0 0 0 1 1 
1 1 0 0 H 0 G 1 
1 1 0 0 0 0 1 1 
1 1 0 0 0 0 1 1 
1 1 1 1 S 1 1 1 
1 1 1 1 1 1 1 1 
L54 T5

Map
1 1 1 1 1 1 1 1 
1 1 S 1 1 1 1 1 
1 1 0 0 1 0 1 1 
1 1 0 0 0 0 1 1 
1 1 H 0 0 0 1 1 
1 1 # 0 1 0 G 1 
1 1 1 1 1 1 1 1 
1 1 1 1 1 1 1 1 
R23 T5

Map
1 1 1 1 1 1 1 1 
1 1 1 1 1 1 1 1 
1 1 0 0 0 0 1 1 
1 1 0 0 0 0 1 1 
1 1 1 0 F 0 1 1 
1 1 0 0 0 H 1 1 
1 1 G 1 S 1 1 1 
1 1 1 1 1 1 1 1 
L54 T4

Map
1 1 1 1 1 1 1 1 
1 1 S 1 1 1 1 1 
1 1 0 0 0 # 1 1 
1 1 0 0 H 0 1 1 
1 1 1 0 0 0 G 1 
1 1 0 0 1 0 1 1 
1 1 1 1 1 1 1 1 
1 1 1 1 1 1 1 1 
R44 T4

Map
1 1 1 1 1 1 1 1 
1 1 G 1 S 1 1 1 
1 1 0 1 0 H 1 1 
1 1 0 # F 1 1 1 
1 1 0 # 0 0 1 1 
1 1 F 0 F 0 1 1 
1 1 1 1 1 1 1 1 
1 1 1 1 1 1 1 1 
R35 T4

Map
1 1 1 1 1 1 1 1 
1 1 1 1 G 1 1 1 
1 1 0 0 0 0 1 1 
1 1 0 0 F 0 S 1 
1 1 0 0 0 F 1 1 
1 1 H 0 F 0 1 1 
1 1 1 1 1 1 1 1 
1 1 1 1 1 1 1 1 
D32 T5

Map
1 1 1 1 1 1 1 1 
1 1 G 1 1 1 1 1 
1 1 0 # H 1 1 1 
1 1 0 0 F 1 1 1 
1 1 1 0 F 0 1 1 
1 1 0 H F 0 1 1 
1 1 1 1 S 1 1 1 
1 1 1 1 1 1 1 1 
L54 T4

Map
1 1 1 1 1 1 1 1 
1 1 1 1 1 1 1 1 
1 1 0 F 0 H 1 1 
1 G 0 0 1 0 S 1 
1 1 0 0 # 0 1 1 
1 1 1 0 # 0 1 1 
1 1 1 1 1 1 1 1 
1 1 1 1 1 1 1 1 
L33 T6

Map
1 1 1 1 1 1 1 1 
1 1 1 1 S 1 1 1 
1 1 0 0 0 0 1 1 
1 1 F 1 H 0 G 1 
1 1 0 0 1 0 1 1 
1 1 1 0 0 0 1 1 
1 1 1 1 1 1 1 1 
1 1 1 1 1 1 1 1 
L52 T7

Map
1 1 1 1 1 1 1 1 
1 1 1 1 1 1 1 1 
1 1 0 0 0 0 1 1 
1 1 H # # 0 S 1 
1 1 0 0 0 0 1 1 
1 1 0 # 0 0 G 1 
1 1 1 1 1 1 1 1 
1 1 1 1 1 1 1 1 
U34 T4

Map
1 1 1 1 1 1 1 1 
1 1 1 1 1 1 1 1 
1 1 1 0 1 0 S 1 
1 1 0 0 0 0 1 1 
1 G 0 0 0 0 1 1 
1 1 1 0 0 # 1 1 
1 1 1 1 1 1 1 1 
1 1 1 1 1 1 1 1 
L44 T4

Map
1 1 1 1 1 1 1 1 
1 1 1 1 1 1 1 1 
1 1 0 0 0 # 1 1 
1 S # 1 0 0 G 1 
1 1 0 0 0 0 1 1 
1 1 0 0 0 0 1 1 
1 1 1 1 1 1 1 1 
1 1 1 1 1 1 1 1 
R43 T4

Map
1 1 1 1 1 1 1 1 
1 1 1 1 1 1 1 1 
1 1 0 0 F 0 1 1 
1 1 0 0 F # G 1 
1 1 0 0 0 0 1 1 
1 1 0 0 0 0 1 1 
1 1 1 1 S 1 1 1 
1 1 1 1 1 1 1 1 
L52 T5

Map
1 1 1 1 1 1 1 1 
1 1 1 1 S 1 1 1 
1 1 0 0 0 0 1 1 
1 1 0 0 F 0 G 1 
1 1 0 0 0 0 1 1 
1 1 0 0 0 0 1 1 
1 1 1 1 1 1 1 1 
1 1 1 1 1 1 1 1 
L52 T5

Map
1 1 1 1 1 1 1 1 
1 1 1 1 1 1 1 1 
1 1 0 # 0 0 1 1 
1 S 0 1 0 0 G 1 
1 1 0 0 0 0 1 1 
1 1 0 0 0 0 1 1 
1 1 1 1 1 1 1 1 
1 1 1 1 1 1 1 1 
R43 T4

Map
1 1 1 1 1 1 1 1 
1 1 1 1 1 1 1 1 
1 G 0 0 1 0 1 1 
1 1 0 F H 0 S 1 
1 1 0 0 F 0 1 1 
1 1 # 0 # 1 1 1 
1 1 1 1 1 1 1 1 
1 1 1 1 1 1 1 1 
D52 T4

Map
1 1 1 1 1 1 1 1 
1 1 1 1 1 1 1 1 
1 1 0 H 0 0 1 1 
1 1 0 F 0 0 1 1 
1 S 0 0 # F 1 1 
1 1 0 H 0 0 G 1 
1 1 1 1 1 1 1 1 
1 1 1 1 1 1 1 1 
U45 T4

Map
1 1 1 1 1 1 1 1 
1 1 1 1 1 1 1 1 
1 1 0 0 0 0 1 1 
1 G 0 H 0 0 1 1 
1 1 1 H # 0 S 1 
1 1 # H # 0 1 1 
1 1 1 1 1 1 1 1 
1 1 1 1 1 1 1 1 
D43 T6

Map
1 1 1 1 1 1 1 1 
1 1 1 1 1 1 1 1 
1 1 H 0 0 0 1 1 
1 1 F 0 F 0 S 1 
1 1 0 0 0 F 1 1 
1 1 1 0 0 0 G 1 
1 1 1 1 1 1 1 1 
1 1 1 1 1 1 1 1 
U34 T4

Map
1 1 1 1 1 1 1 1 
1 1 1 1 1 1 1 1 
1 G 0 H 0 0 1 1 
1 1 0 0 H 0 S 1 
1 1 0 0 0 0 1 1 
1 1 0 F 0 0 1 1 
1 1 1 1 1 1 1 1 
1 1 1 1 1 1 1 1 
D52 T4

Map
1 1 1 1 1 1 1 1 
1 1 1 1 1 1 1 1 
1 S 0 F 0 0 1 1 
1 1 0 F 0 H 1 1 
1 1 0 0 0 0 1 1 
1 1 0 0 0 0 1 1 
1 1 1 1 1 G 1 1 
1 1 1 1 1 1 1 1 
L42 T4

Map
1 1 1 1 1 1 1 1 
1 1 1 G 1 1 1 1 
1 1 # 0 0 0 1 1 
1 1 0 F 0 0 S 1 
1 1 0 0 0 0 1 1 
1 1 0 0 0 0 1 1 
1 1 1 1 1 1 1 1 
1 1 1 1 1 1 1 1 
D42 T5

Map
1 1 1 1 1 1 1 1 
1 1 G 1 S 1 1 1 
1 1 0 0 F 0 1 1 
1 1 0 H 0 0 1 1 
1 1 0 0 0 0 1 1 
1 1 0 0 F 0 1 1 
1 1 1 1 1 1 1 1 
1 1 1 1 1 1 1 1 
R32 T4

Map
1 1 1 1 1 1 1 1 
1 1 S 1 1 1 1 1 
1 1 0 0 0 0 1 1 
1 1 0 H 0 0 G 1 
1 1 0 H 0 0 1 1 
1 1 0 0 1 0 1 1 
1 1 1 1 1 1 1 1 
1 1 1 1 1 1 1 1 
R43 T4

Map
1 1 1 1 1 1 1 1 
1 1 1 S 1 1 1 1 
1 1 H 0 0 # 1 1 
1 G 0 0 1 0 1 1 
1 1 F F H # 1 1 
1 1 0 0 # 0 1 1 
1 1 1 1 1 1 1 1 
1 1 1 1 1 1 1 1 
L33 T5

Map
1 1 1 1 1 1 1 1 
1 1 1 1 1 1 1 1 
1 1 0 0 0 0 G 1 
1 1 1 0 0 0 1 1 
1 1 0 0 H 0 S 1 
1 1 1 0 0 0 1 1 
1 1 1 1 1 1 1 1 
1 1 1 1 1 1 1 1 
D53 T4

Map
1 1 1 1 1 1 1 1 
1 1 1 1 1 1 1 1 
1 1 1 # F 0 1 1 
1 1 0 F 0 F 1 1 
1 1 0 0 0 0 1 1 
1 S 0 1 0 0 1 1 
1 1 1 1 G 1 1 1 
1 1 1 1 1 1 1 1 
D52 T5

Map
1 1 1 1 1 1 1 1 
1 1 1 1 1 1 1 1 
1 1 0 0 F 1 1 1 
1 1 F # # 0 1 1 
1 1 1 0 F 0 1 1 
1 1 1 # 0 0 1 1 
1 1 1 1 S G 1 1 
1 1 1 1 1 1 1 1 
L54 T4

Map
1 1 1 1 1 1 1 1 
1 1 1 1 S 1 1 1 
1 1 0 0 0 0 1 1 
1 1 0 0 0 0 1 1 
1 1 0 0 # 0 G 1 
1 1 0 0 F 0 1 1 
1 1 1 1 1 1 1 1 
1 1 1 1 1 1 1 1 
L53 T5

Map
1 1 1 1 1 1 1 1 
1 1 1 S 1 1 1 1 
1 1 0 0 1 0 1 1 
1 1 0 1 0 0 1 1 
1 1 F 0 0 0 1 1 
1 1 0 0 0 H 1 1 
1 1 1 1 G 1 1 1 
1 1 1 1 1 1 1 1 
D44 T4

Map
1 1 1 1 1 1 1 1 
1 1 1 1 1 1 1 1 
1 1 0 0 0 F 1 1 
1 G 0 0 0 0 1 1 
1 1 1 0 0 0 1 1 
1 1 F 0 0 0 1 1 
1 1 1 1 1 S 1 1 
1 1 1 1 1 1 1 1 
L53 T6

Map
1 1 1 1 1 1 1 1 
1 1 1 1 G 1 1 1 
1 1 0 0 0 0 1 1 
1 1 0 F 0 0 S 1 
1 1 F 0 H F 1 1 
1 1 0 0 0 0 1 1 
1 1 1 1 1 1 1 1 
1 1 1 1 1 1 1 1 
D32 T5

