Map
1 1 1 1 1 1 1 1 
1 1 1 1 1 1 1 1 
1 1 0 0 1 0 1 1 
1 1 0 1 F 0 G 1 
1 1 0 0 F 0 1 1 
1 1 0 0 0 0 1 1 
1 1 1 1 S 1 1 1 
1 1 1 1 1 1 1 1 
U35 L45 r53 

Map
1 1 1 1 1 1 1 1 
1 1 1 1 1 1 1 1 
1 1 0 0 0 0 1 1 
1 1 0 # H 0 1 1 
1 G 0 0 0 F 1 1 
1 1 H # 0 # 1 1 
1 1 1 1 S 1 1 1 
1 1 1 1 1 1 1 1 
P44 D32 l34 

Map
1 1 1 1 1 1 1 1 
1 1 1 S 1 1 1 1 
1 1 0 0 0 0 1 1 
1 1 0 H 0 0 1 1 
1 1 H 0 0 0 1 1 
1 1 0 0 0 0 1 1 
1 1 1 G 1 1 1 1 
1 1 1 1 1 1 1 1 
P22 D35 L32 

Map
1 1 1 1 1 1 1 1 
1 1 1 S 1 1 1 1 
1 1 H 0 0 0 1 1 
1 1 0 H 0 0 G 1 
1 1 1 0 F F 1 1 
1 1 # 0 0 0 1 1 
1 1 1 1 1 1 1 1 
1 1 1 1 1 1 1 1 
R32 r43 D42 

Map
1 1 1 1 1 1 1 1 
1 1 G 1 1 1 1 1 
1 1 0 0 0 0 1 1 
1 1 H 0 0 0 1 1 
1 1 0 0 0 F 1 1 
1 S 0 H 0 H 1 1 
1 1 1 1 1 1 1 1 
1 1 1 1 1 1 1 1 
R24 U25 P44 

Map
1 1 1 1 1 1 1 1 
1 1 1 1 1 1 1 1 
1 1 0 0 # # 1 1 
1 1 F 0 0 0 G 1 
1 1 0 0 H 0 1 1 
1 1 0 0 0 0 1 1 
1 1 1 1 S 1 1 1 
1 1 1 1 1 1 1 1 
R45 P34 d32 

Map
1 1 1 1 1 1 1 1 
1 1 1 1 S 1 1 1 
1 1 0 0 0 0 1 1 
1 1 # F H 1 1 1 
1 1 0 0 0 1 1 1 
1 1 H 0 0 0 1 1 
1 1 1 1 1 G 1 1 
1 1 1 1 1 1 1 1 
D32 P52 R42 

Map
1 1 1 1 1 1 1 1 
1 1 1 1 1 1 1 1 
1 1 H 0 0 0 1 1 
1 G 0 0 H 0 S 1 
1 1 0 0 0 0 1 1 
1 1 1 0 0 0 1 1 
1 1 1 1 1 1 1 1 
1 1 1 1 1 1 1 1 
P52 L33 U53 

Map
1 1 1 1 1 1 1 1 
1 1 1 1 1 1 1 1 
1 1 0 0 0 0 1 1 
1 1 0 0 H 0 S 1 
1 1 0 0 0 0 1 1 
1 1 0 0 F 0 1 1 
1 1 1 1 G 1 1 1 
1 1 1 1 1 1 1 1 
U53 D44 r24 

Map
1 1 1 1 1 1 1 1 
1 1 1 1 1 1 1 1 
1 1 0 0 0 0 1 1 
1 S 0 H 0 0 1 1 
1 1 0 0 0 H 1 1 
1 1 0 H 0 0 1 1 
1 1 1 1 1 G 1 1 
1 1 1 1 1 1 1 1 
P25 D23 D44 

