Map8
1 1 1 1 1 1 1 1 
1 1 1 1 1 1 1 1 
1 1 0 0 0 F 1 1 
1 S 0 F 0 0 1 1 
1 1 0 F 0 # 1 1 
1 1 0 0 0 F G 1 
1 1 1 1 1 1 1 1 
1 1 1 1 1 1 1 1 
L43 T3

Map8
1 1 1 1 1 1 1 1 
1 1 1 1 1 1 1 1 
1 1 0 F 0 0 1 1 
1 1 1 0 0 0 1 1 
1 G 0 # 0 0 1 1 
1 1 0 0 0 0 1 1 
1 1 1 S 1 1 1 1 
1 1 1 1 1 1 1 1 
D33 T4

Map8
1 1 1 1 1 1 1 1 
1 1 1 1 1 1 1 1 
1 G 0 0 F 0 1 1 
1 1 0 0 0 F 1 1 
1 1 0 0 0 F 1 1 
1 1 0 0 0 0 1 1 
1 1 1 1 S 1 1 1 
1 1 1 1 1 1 1 1 
R35 T3

Map8
1 1 1 1 1 1 1 1 
1 1 1 1 1 S 1 1 
1 1 0 1 0 0 1 1 
1 1 0 0 F 0 1 1 
1 1 0 0 0 0 1 1 
1 1 1 0 1 0 1 1 
1 1 1 G 1 1 1 1 
1 1 1 1 1 1 1 1 
D33 T5

Map8
1 1 1 1 1 1 1 1 
1 1 1 1 1 1 1 1 
1 1 0 F H 0 1 1 
1 1 1 0 1 H 1 1 
1 1 0 F 0 0 1 1 
1 S 0 0 # # 1 1 
1 1 1 G 1 1 1 1 
1 1 1 1 1 1 1 1 
D33 T4

Map8
1 1 1 1 1 1 1 1 
1 1 1 1 S 1 1 1 
1 1 0 0 0 0 1 1 
1 1 0 0 0 0 1 1 
1 1 0 1 0 0 1 1 
1 G 0 0 F 0 1 1 
1 1 1 1 1 1 1 1 
1 1 1 1 1 1 1 1 
R32 T3

Map8
1 1 1 1 1 1 1 1 
1 1 1 S 1 1 1 1 
1 1 0 0 0 0 1 1 
1 1 0 0 0 0 1 1 
1 1 0 H 0 0 1 1 
1 1 0 H 1 0 G 1 
1 1 1 1 1 1 1 1 
1 1 1 1 1 1 1 1 
R22 T3

Map8
1 1 1 1 1 1 1 1 
1 1 G 1 1 1 1 1 
1 1 0 0 0 0 1 1 
1 1 0 0 H 0 1 1 
1 1 H 0 0 0 1 1 
1 1 0 1 0 0 1 1 
1 1 1 1 S 1 1 1 
1 1 1 1 1 1 1 1 
R34 T4

Map8
1 1 1 1 1 1 1 1 
1 1 1 1 1 1 1 1 
1 1 0 0 H 0 1 1 
1 1 0 0 0 0 1 1 
1 1 0 H 0 0 S 1 
1 1 0 F 0 0 1 1 
1 1 G 1 1 1 1 1 
1 1 1 1 1 1 1 1 
D43 T3

Map8
1 1 1 1 1 1 1 1 
1 1 1 S 1 1 1 1 
1 1 0 0 0 0 1 1 
1 1 0 0 0 0 1 1 
1 1 0 H 0 0 1 1 
1 1 0 0 0 0 G 1 
1 1 1 1 1 1 1 1 
1 1 1 1 1 1 1 1 
L42 T3

Map8
1 1 1 1 1 1 1 1 
1 1 1 1 1 1 1 1 
1 1 0 H 0 0 1 1 
1 G 0 0 0 0 1 1 
1 1 0 0 1 0 1 1 
1 1 1 0 0 0 1 1 
1 1 1 1 S 1 1 1 
1 1 1 1 1 1 1 1 
L43 T3

Map8
1 1 1 1 1 1 1 1 
1 1 1 1 1 1 1 1 
1 1 0 0 0 0 1 1 
1 1 0 0 H 0 G 1 
1 1 0 0 0 0 1 1 
1 1 0 0 0 0 1 1 
1 1 1 1 S 1 1 1 
1 1 1 1 1 1 1 1 
L54 T5

Map8
1 1 1 1 1 1 1 1 
1 1 1 1 1 G 1 1 
1 S 0 0 1 0 1 1 
1 1 0 0 0 0 1 1 
1 1 H 0 H 0 1 1 
1 1 0 1 F 0 1 1 
1 1 1 1 1 1 1 1 
1 1 1 1 1 1 1 1 
R23 T3

Map8
1 1 1 1 1 1 1 1 
1 1 1 S 1 1 1 1 
1 1 0 0 H 0 G 1 
1 1 F 0 1 0 1 1 
1 1 0 F 0 0 1 1 
1 1 0 1 F 0 1 1 
1 1 1 1 1 1 1 1 
1 1 1 1 1 1 1 1 
R24 T3

Map8
1 1 1 1 1 1 1 1 
1 1 1 1 1 1 1 1 
1 1 0 1 0 0 G 1 
1 S 0 # 0 F 1 1 
1 1 0 0 0 0 1 1 
1 1 0 0 0 0 1 1 
1 1 1 1 1 1 1 1 
1 1 1 1 1 1 1 1 
L43 T5

Map8
1 1 1 1 1 1 1 1 
1 1 1 1 1 1 1 1 
1 G 0 0 0 0 1 1 
1 1 0 H 0 0 1 1 
1 1 0 0 0 0 1 1 
1 1 0 0 0 0 1 1 
1 1 1 S 1 1 1 1 
1 1 1 1 1 1 1 1 
R24 T3

Map8
1 1 1 1 1 1 1 1 
1 1 1 S 1 1 1 1 
1 1 0 F 0 0 1 1 
1 1 0 1 0 0 1 1 
1 1 0 0 0 0 1 1 
1 1 0 0 0 0 G 1 
1 1 1 1 1 1 1 1 
1 1 1 1 1 1 1 1 
R22 T3

Map8
1 1 1 1 1 1 1 1 
1 1 1 1 1 G 1 1 
1 1 0 0 F F 1 1 
1 1 H 0 0 0 1 1 
1 S 0 0 0 F 1 1 
1 1 0 0 0 0 1 1 
1 1 1 1 1 1 1 1 
1 1 1 1 1 1 1 1 
D33 T3

Map8
1 1 1 1 1 1 1 1 
1 1 1 1 1 1 1 1 
1 1 0 0 1 0 1 1 
1 1 0 0 0 0 1 1 
1 S 0 0 0 H 1 1 
1 1 0 1 0 0 1 1 
1 1 1 1 1 G 1 1 
1 1 1 1 1 1 1 1 
D43 T3

Map8
1 1 1 1 1 1 1 1 
1 1 1 1 S 1 1 1 
1 1 0 F 0 0 1 1 
1 1 # 0 0 0 1 1 
1 1 1 0 H 0 1 1 
1 1 0 0 0 0 1 1 
1 1 G 1 1 1 1 1 
1 1 1 1 1 1 1 1 
R33 T4

Map8
1 1 1 1 1 1 1 1 
1 1 1 1 1 G 1 1 
1 1 0 # 0 0 1 1 
1 1 0 1 0 H 1 1 
1 S F 0 F 0 1 1 
1 1 0 F H 1 1 1 
1 1 1 1 1 1 1 1 
1 1 1 1 1 1 1 1 
U25 T3

Map8
1 1 1 1 1 1 1 1 
1 1 1 1 1 1 1 1 
1 1 0 0 0 0 1 1 
1 1 0 H 0 0 S 1 
1 1 0 0 0 # 1 1 
1 G 0 0 0 F 1 1 
1 1 1 1 1 1 1 1 
1 1 1 1 1 1 1 1 
U44 T4

Map8
1 1 1 1 1 1 1 1 
1 1 1 S 1 1 1 1 
1 1 0 0 0 0 1 1 
1 1 0 H H 0 1 1 
1 1 F 0 0 0 1 1 
1 1 # 0 # 0 1 1 
1 1 1 1 1 G 1 1 
1 1 1 1 1 1 1 1 
L42 T4

Map8
1 1 1 1 1 1 1 1 
1 1 1 1 1 1 1 1 
1 1 0 0 0 0 1 1 
1 1 0 0 H 0 S 1 
1 1 0 0 1 0 1 1 
1 G 0 0 0 0 1 1 
1 1 1 1 1 1 1 1 
1 1 1 1 1 1 1 1 
U54 T4

Map8
1 1 1 1 1 1 1 1 
1 1 1 G 1 S 1 1 
1 1 1 0 F F 1 1 
1 1 0 0 0 0 1 1 
1 1 F 0 0 0 1 1 
1 1 # 0 0 0 1 1 
1 1 1 1 1 1 1 1 
1 1 1 1 1 1 1 1 
U34 T4

Map8
1 1 1 1 1 1 1 1 
1 1 1 1 1 1 1 1 
1 1 0 0 0 F 1 1 
1 1 0 0 F 0 1 1 
1 S 0 # # F 1 1 
1 1 0 0 0 0 1 1 
1 1 1 G 1 1 1 1 
1 1 1 1 1 1 1 1 
U45 T5

Map8
1 1 1 1 1 1 1 1 
1 1 1 S 1 1 1 1 
1 1 F 0 0 0 1 1 
1 1 F F 1 H 1 1 
1 1 0 0 0 0 1 1 
1 G 0 H H 0 1 1 
1 1 1 1 1 1 1 1 
1 1 1 1 1 1 1 1 
L44 T3

Map8
1 1 1 1 1 1 1 1 
1 1 1 1 S 1 1 1 
1 1 0 0 F 0 1 1 
1 1 0 0 0 # 1 1 
1 1 0 0 0 0 1 1 
1 1 0 1 F # G 1 
1 1 1 1 1 1 1 1 
1 1 1 1 1 1 1 1 
R32 T3

Map8
1 1 1 1 1 1 1 1 
1 1 1 G 1 1 1 1 
1 1 0 0 0 0 1 1 
1 S 0 # # H 1 1 
1 1 0 # 0 H 1 1 
1 1 0 0 0 0 1 1 
1 1 1 1 1 1 1 1 
1 1 1 1 1 1 1 1 
D42 T5

Map8
1 1 1 1 1 1 1 1 
1 1 1 1 1 1 1 1 
1 1 # 0 1 0 G 1 
1 1 0 0 0 0 1 1 
1 S 0 H 0 # 1 1 
1 1 0 0 0 # 1 1 
1 1 1 1 1 1 1 1 
1 1 1 1 1 1 1 1 
D23 T4

Map8
1 1 1 1 1 1 1 1 
1 1 1 1 G 1 1 1 
1 1 0 0 0 0 1 1 
1 S 0 0 F 0 1 1 
1 1 0 0 0 0 1 1 
1 1 0 0 0 0 1 1 
1 1 1 1 1 1 1 1 
1 1 1 1 1 1 1 1 
D32 T5

Map8
1 1 1 1 1 1 1 1 
1 1 1 1 1 1 1 1 
1 1 # 0 0 0 1 1 
1 1 F 0 0 0 S 1 
1 1 0 0 0 0 1 1 
1 1 0 0 # 0 1 1 
1 1 G 1 1 1 1 1 
1 1 1 1 1 1 1 1 
U34 T3

Map8
1 1 1 1 1 1 1 1 
1 1 1 1 1 1 1 1 
1 1 0 0 0 0 1 1 
1 1 # 0 0 0 1 1 
1 G 0 0 1 # 1 1 
1 1 0 0 0 0 S 1 
1 1 1 1 1 1 1 1 
1 1 1 1 1 1 1 1 
R25 T5

Map8
1 1 1 1 1 1 1 1 
1 1 1 1 S 1 1 1 
1 1 0 0 F 0 1 1 
1 1 F 0 F 0 G 1 
1 1 0 0 0 0 1 1 
1 1 0 0 0 0 1 1 
1 1 1 1 1 1 1 1 
1 1 1 1 1 1 1 1 
L52 T5

Map8
1 1 1 1 1 1 1 1 
1 1 1 S 1 1 1 1 
1 1 0 0 0 0 1 1 
1 1 0 0 0 0 1 1 
1 1 0 0 0 0 1 1 
1 G 0 F 0 0 1 1 
1 1 1 1 1 1 1 1 
1 1 1 1 1 1 1 1 
R22 T3

Map8
1 1 1 1 1 1 1 1 
1 1 1 1 1 G 1 1 
1 1 0 0 0 0 1 1 
1 1 0 0 0 0 1 1 
1 S 0 0 H 0 1 1 
1 1 0 0 0 0 1 1 
1 1 1 1 1 1 1 1 
1 1 1 1 1 1 1 1 
D23 T3

Map8
1 1 1 1 1 1 1 1 
1 1 G 1 1 1 1 1 
1 1 0 0 0 0 1 1 
1 1 0 H 0 0 S 1 
1 1 0 0 0 F 1 1 
1 1 0 0 0 # 1 1 
1 1 1 1 1 1 1 1 
1 1 1 1 1 1 1 1 
U44 T3

Map8
1 1 1 1 1 1 1 1 
1 1 1 S 1 1 1 1 
1 1 0 # 0 0 1 1 
1 1 0 0 0 1 1 1 
1 G 0 H 0 0 1 1 
1 1 0 0 0 0 1 1 
1 1 1 1 1 1 1 1 
1 1 1 1 1 1 1 1 
R23 T5

Map8
1 1 1 1 1 1 1 1 
1 1 1 1 S 1 1 1 
1 1 0 0 0 0 1 1 
1 1 0 0 F 1 1 1 
1 1 0 0 0 0 1 1 
1 G 0 0 H 0 1 1 
1 1 1 1 1 1 1 1 
1 1 1 1 1 1 1 1 
U44 T4

Map8
1 1 1 1 1 1 1 1 
1 1 1 1 1 1 1 1 
1 1 0 0 0 F 1 1 
1 1 0 0 0 0 S 1 
1 1 1 0 0 1 1 1 
1 1 0 0 0 0 1 1 
1 1 1 1 1 G 1 1 
1 1 1 1 1 1 1 1 
D32 T3

Map8
1 1 1 1 1 1 1 1 
1 1 1 1 S G 1 1 
1 1 1 0 0 0 1 1 
1 1 0 0 F 0 1 1 
1 1 0 0 0 0 1 1 
1 1 0 0 0 1 1 1 
1 1 1 1 1 1 1 1 
1 1 1 1 1 1 1 1 
U44 T3

Map8
1 1 1 1 1 1 1 1 
1 1 1 1 1 G 1 1 
1 1 0 0 0 0 1 1 
1 1 0 0 0 # 1 1 
1 S 0 0 H 0 1 1 
1 1 # 0 0 0 1 1 
1 1 1 1 1 1 1 1 
1 1 1 1 1 1 1 1 
U35 T3

Map8
1 1 1 1 1 1 1 1 
1 1 1 1 1 1 1 1 
1 1 0 0 0 0 1 1 
1 1 0 0 0 0 1 1 
1 1 0 0 H 0 S 1 
1 G 0 0 0 0 1 1 
1 1 1 1 1 1 1 1 
1 1 1 1 1 1 1 1 
U55 T4

Map8
1 1 1 1 1 1 1 1 
1 1 1 1 1 G 1 1 
1 1 0 1 0 0 1 1 
1 1 0 0 0 1 1 1 
1 1 0 0 0 # 1 1 
1 1 0 0 0 0 1 1 
1 1 1 1 1 S 1 1 
1 1 1 1 1 1 1 1 
U45 T4

Map8
1 1 1 1 1 1 1 1 
1 1 G 1 1 1 1 1 
1 1 0 0 0 H 1 1 
1 1 F 0 F F S 1 
1 1 F 0 0 0 1 1 
1 1 0 0 0 0 1 1 
1 1 1 1 1 1 1 1 
1 1 1 1 1 1 1 1 
D32 T3

Map8
1 1 1 1 1 1 1 1 
1 1 1 1 1 1 1 1 
1 1 0 0 # 0 1 1 
1 1 0 H 0 0 S 1 
1 1 0 0 0 0 1 1 
1 1 0 0 # # 1 1 
1 1 1 1 G 1 1 1 
1 1 1 1 1 1 1 1 
D52 T5

Map8
1 1 1 1 1 1 1 1 
1 1 1 1 1 1 1 1 
1 G 0 H 0 0 1 1 
1 1 0 0 1 0 1 1 
1 1 0 0 0 0 1 1 
1 1 0 F 0 0 1 1 
1 1 1 S 1 1 1 1 
1 1 1 1 1 1 1 1 
L44 T3

Map8
1 1 1 1 1 1 1 1 
1 1 1 1 1 1 1 1 
1 S 0 0 1 0 1 1 
1 1 0 0 0 0 1 1 
1 1 0 0 0 1 1 1 
1 1 0 # 0 F 1 1 
1 1 1 1 G 1 1 1 
1 1 1 1 1 1 1 1 
R24 T3

Map8
1 1 1 1 1 1 1 1 
1 1 1 1 1 1 1 1 
1 1 0 0 F 0 G 1 
1 1 0 0 H 0 1 1 
1 S F H 0 0 1 1 
1 1 0 0 0 0 1 1 
1 1 1 1 1 1 1 1 
1 1 1 1 1 1 1 1 
D23 T4

Map8
1 1 1 1 1 1 1 1 
1 1 1 1 1 1 1 1 
1 1 0 0 0 0 1 1 
1 1 0 0 0 0 1 1 
1 S 0 H 0 0 1 1 
1 1 0 0 0 0 1 1 
1 1 1 1 1 G 1 1 
1 1 1 1 1 1 1 1 
D23 T3

Map8
1 1 1 1 1 1 1 1 
1 1 1 1 1 G 1 1 
1 1 0 0 0 # 1 1 
1 S 0 0 H 0 1 1 
1 1 # 0 0 0 1 1 
1 1 0 0 0 0 1 1 
1 1 1 1 1 1 1 1 
1 1 1 1 1 1 1 1 
D22 T3

Map8
1 1 1 1 1 1 1 1 
1 1 1 1 S 1 1 1 
1 1 0 0 0 0 1 1 
1 1 1 0 0 0 1 1 
1 1 0 0 0 0 1 1 
1 1 0 0 F 0 G 1 
1 1 1 1 1 1 1 1 
1 1 1 1 1 1 1 1 
L53 T3

Map8
1 1 1 1 1 1 1 1 
1 1 1 1 1 1 1 1 
1 1 0 0 0 0 1 1 
1 1 # 0 0 0 1 1 
1 1 F H 0 F S 1 
1 1 0 0 0 0 1 1 
1 1 1 G 1 1 1 1 
1 1 1 1 1 1 1 1 
U45 T5

Map8
1 1 1 1 1 1 1 1 
1 1 1 S 1 1 1 1 
1 1 0 0 0 H 1 1 
1 1 1 0 0 0 1 1 
1 1 0 F 0 1 1 1 
1 1 0 F 0 0 G 1 
1 1 1 1 1 1 1 1 
1 1 1 1 1 1 1 1 
L44 T3

Map8
1 1 1 1 1 1 1 1 
1 1 1 1 1 1 1 1 
1 1 0 0 0 0 1 1 
1 1 1 0 0 0 1 1 
1 1 0 0 0 0 1 1 
1 1 0 1 0 0 S 1 
1 1 G 1 1 1 1 1 
1 1 1 1 1 1 1 1 
L54 T3

Map8
1 1 1 1 1 1 1 1 
1 1 1 1 G 1 1 1 
1 1 0 0 0 0 1 1 
1 1 0 0 F 0 S 1 
1 1 0 0 0 0 1 1 
1 1 0 0 0 0 1 1 
1 1 1 1 1 1 1 1 
1 1 1 1 1 1 1 1 
D32 T5

Map8
1 1 1 1 1 1 1 1 
1 1 1 S 1 G 1 1 
1 1 0 0 0 0 1 1 
1 1 # # 0 F 1 1 
1 1 0 F F 0 1 1 
1 1 H 0 1 H 1 1 
1 1 1 1 1 1 1 1 
1 1 1 1 1 1 1 1 
U35 T3

Map8
1 1 1 1 1 1 1 1 
1 1 1 1 1 1 1 1 
1 1 0 0 # 0 G 1 
1 1 0 0 0 0 1 1 
1 1 0 # H 0 1 1 
1 1 0 0 0 0 1 1 
1 1 1 1 S 1 1 1 
1 1 1 1 1 1 1 1 
L55 T3

Map8
1 1 1 1 1 1 1 1 
1 1 1 1 1 G 1 1 
1 1 F 0 0 0 1 1 
1 S 0 0 0 H 1 1 
1 1 F 0 0 H 1 1 
1 1 F 0 # 0 1 1 
1 1 1 1 1 1 1 1 
1 1 1 1 1 1 1 1 
U34 T3

Map8
1 1 1 1 1 1 1 1 
1 1 1 1 S 1 1 1 
1 1 H 0 0 0 1 1 
1 1 0 0 F 1 1 1 
1 1 0 F 0 0 1 1 
1 1 # 0 0 0 1 1 
1 1 1 G 1 1 1 1 
1 1 1 1 1 1 1 1 
D33 T4

Map8
1 1 1 1 1 1 1 1 
1 1 1 1 1 G 1 1 
1 1 0 0 F 0 1 1 
1 1 0 0 0 0 1 1 
1 1 0 1 F 0 S 1 
1 1 0 0 0 1 1 1 
1 1 1 1 1 1 1 1 
1 1 1 1 1 1 1 1 
D43 T5

Map8
1 1 1 1 1 1 1 1 
1 1 1 1 S 1 1 1 
1 1 H 0 # # 1 1 
1 1 0 0 0 0 1 1 
1 1 0 0 H 0 G 1 
1 1 0 0 0 0 1 1 
1 1 1 1 1 1 1 1 
1 1 1 1 1 1 1 1 
L53 T5

Map8
1 1 1 1 1 1 1 1 
1 1 1 1 1 1 1 1 
1 1 0 0 F 0 1 1 
1 1 0 0 0 F S 1 
1 1 1 0 0 0 1 1 
1 1 0 0 0 # 1 1 
1 1 G 1 1 1 1 1 
1 1 1 1 1 1 1 1 
D32 T3

Map8
1 1 1 1 1 1 1 1 
1 1 1 1 1 1 1 1 
1 G 0 1 0 0 1 1 
1 1 0 0 F 0 1 1 
1 1 F 0 0 0 S 1 
1 1 0 0 0 0 1 1 
1 1 1 1 1 1 1 1 
1 1 1 1 1 1 1 1 
D33 T4

Map8
1 1 1 1 1 1 1 1 
1 1 1 1 1 1 1 1 
1 1 0 0 0 0 G 1 
1 1 0 F 0 0 1 1 
1 1 0 H 0 0 1 1 
1 1 0 0 0 0 1 1 
1 1 1 S 1 1 1 1 
1 1 1 1 1 1 1 1 
R25 T3

Map8
1 1 1 1 1 1 1 1 
1 1 1 1 1 1 1 1 
1 1 0 0 0 0 1 1 
1 S 0 0 F F 1 1 
1 1 0 0 0 0 1 1 
1 1 F 0 0 # 1 1 
1 1 1 1 1 G 1 1 
1 1 1 1 1 1 1 1 
U24 T3

Map8
1 1 1 1 1 1 1 1 
1 1 1 1 1 G 1 1 
1 1 0 0 F 0 1 1 
1 1 0 0 0 0 1 1 
1 1 # 0 F 0 1 1 
1 1 F 0 0 0 1 1 
1 1 1 1 S 1 1 1 
1 1 1 1 1 1 1 1 
D43 T3

Map8
1 1 1 1 1 1 1 1 
1 1 1 1 1 1 1 1 
1 1 0 0 0 0 1 1 
1 1 0 F 0 0 1 1 
1 S 0 0 F 0 1 1 
1 1 0 0 0 0 1 1 
1 1 1 1 G 1 1 1 
1 1 1 1 1 1 1 1 
U35 T5

Map8
1 1 1 1 1 1 1 1 
1 1 1 1 1 G 1 1 
1 1 0 F 0 0 1 1 
1 1 # F 0 F 1 1 
1 1 F 0 0 1 1 1 
1 1 0 # # 0 1 1 
1 1 1 S 1 1 1 1 
1 1 1 1 1 1 1 1 
L43 T4

Map8
1 1 1 1 1 1 1 1 
1 1 1 1 1 1 1 1 
1 1 1 F H H 1 1 
1 G 0 0 0 0 1 1 
1 1 0 F # 0 1 1 
1 1 0 H 0 0 1 1 
1 1 1 1 1 S 1 1 
1 1 1 1 1 1 1 1 
L53 T4

Map8
1 1 1 1 1 1 1 1 
1 1 1 1 S 1 1 1 
1 1 0 0 0 0 1 1 
1 1 0 0 0 0 1 1 
1 1 0 H H 0 1 1 
1 1 0 0 1 0 G 1 
1 1 1 1 1 1 1 1 
1 1 1 1 1 1 1 1 
R32 T3

Map8
1 1 1 1 1 1 1 1 
1 1 1 1 1 1 1 1 
1 1 0 0 F 0 1 1 
1 1 0 0 0 0 1 1 
1 S 0 F F F 1 1 
1 1 0 0 1 0 G 1 
1 1 1 1 1 1 1 1 
1 1 1 1 1 1 1 1 
U25 T4

Map8
1 1 1 1 1 1 1 1 
1 1 1 1 1 G 1 1 
1 1 0 0 0 0 1 1 
1 S 0 0 0 F 1 1 
1 1 0 0 0 0 1 1 
1 1 0 0 0 0 1 1 
1 1 1 1 1 1 1 1 
1 1 1 1 1 1 1 1 
D22 T3

Map8
1 1 1 1 1 1 1 1 
1 1 1 1 1 1 1 1 
1 1 0 0 0 0 1 1 
1 S 0 F 0 F 1 1 
1 1 0 0 0 0 1 1 
1 1 0 0 F F 1 1 
1 1 G 1 1 1 1 1 
1 1 1 1 1 1 1 1 
U34 T3

Map8
1 1 1 1 1 1 1 1 
1 1 1 1 G 1 1 1 
1 1 0 0 0 0 1 1 
1 S 0 0 F 0 1 1 
1 1 0 0 0 0 1 1 
1 1 0 F 0 0 1 1 
1 1 1 1 1 1 1 1 
1 1 1 1 1 1 1 1 
D52 T5

Map8
1 1 1 1 1 1 1 1 
1 1 1 S 1 1 1 1 
1 1 0 0 0 0 1 1 
1 G # H H 1 1 1 
1 1 1 0 F H 1 1 
1 1 # 0 0 0 1 1 
1 1 1 1 1 1 1 1 
1 1 1 1 1 1 1 1 
L42 T3

Map8
1 1 1 1 1 1 1 1 
1 1 S 1 1 1 1 1 
1 1 0 0 F 0 1 1 
1 1 0 0 F 0 1 1 
1 1 1 0 0 1 1 1 
1 1 0 0 0 0 1 1 
1 1 1 1 1 G 1 1 
1 1 1 1 1 1 1 1 
D32 T4

Map8
1 1 1 1 1 1 1 1 
1 1 1 1 1 1 1 1 
1 1 0 0 0 0 1 1 
1 S 0 # # F 1 1 
1 1 0 1 F 0 1 1 
1 1 0 0 0 # 1 1 
1 1 1 1 1 G 1 1 
1 1 1 1 1 1 1 1 
U24 T3

Map8
1 1 1 1 1 1 1 1 
1 1 1 1 1 1 1 1 
1 1 0 0 0 0 1 1 
1 1 0 0 0 0 1 1 
1 S 0 0 H 0 1 1 
1 1 0 0 0 0 1 1 
1 1 1 1 1 G 1 1 
1 1 1 1 1 1 1 1 
D23 T3

Map8
1 1 1 1 1 1 1 1 
1 1 G 1 1 1 1 1 
1 1 0 0 0 0 1 1 
1 1 1 0 1 0 1 1 
1 1 1 F 0 0 S 1 
1 1 0 0 0 0 1 1 
1 1 1 1 1 1 1 1 
1 1 1 1 1 1 1 1 
U35 T3

Map8
1 1 1 1 1 1 1 1 
1 1 1 S 1 1 1 1 
1 1 0 0 0 0 1 1 
1 1 0 0 0 F 1 1 
1 1 0 H 0 H 1 1 
1 1 0 0 0 0 1 1 
1 1 1 1 1 G 1 1 
1 1 1 1 1 1 1 1 
L42 T4

Map8
1 1 1 1 1 1 1 1 
1 1 1 1 1 1 1 1 
1 1 F 0 # 0 S 1 
1 1 F # H 0 1 1 
1 1 F 0 F 0 1 1 
1 1 0 0 0 0 1 1 
1 1 G 1 1 1 1 1 
1 1 1 1 1 1 1 1 
R32 T4

Map8
1 1 1 1 1 1 1 1 
1 1 1 1 S 1 1 1 
1 1 0 F 0 0 1 1 
1 1 F 0 F 0 1 1 
1 1 0 0 1 0 1 1 
1 1 0 F 0 # 1 1 
1 1 G 1 1 1 1 1 
1 1 1 1 1 1 1 1 
R33 T4

Map8
1 1 1 1 1 1 1 1 
1 1 1 1 1 1 1 1 
1 1 0 0 0 0 1 1 
1 1 0 0 0 0 1 1 
1 S 0 H 0 0 1 1 
1 1 0 0 0 0 1 1 
1 1 1 1 1 G 1 1 
1 1 1 1 1 1 1 1 
U25 T3

Map8
1 1 1 1 1 1 1 1 
1 1 1 1 1 1 1 1 
1 1 0 0 F 0 1 1 
1 1 0 1 0 F S 1 
1 1 F 0 0 0 1 1 
1 G 0 0 1 0 1 1 
1 1 1 1 1 1 1 1 
1 1 1 1 1 1 1 1 
L52 T4

Map8
1 1 1 1 1 1 1 1 
1 1 G 1 1 1 1 1 
1 1 0 0 H 0 1 1 
1 1 1 0 0 1 1 1 
1 1 0 0 0 # 1 1 
1 1 0 0 # 0 1 1 
1 1 1 1 1 S 1 1 
1 1 1 1 1 1 1 1 
U35 T4

Map8
1 1 1 1 1 1 1 1 
1 1 1 1 1 1 1 1 
1 1 0 0 F 0 1 1 
1 1 0 0 0 0 1 1 
1 S 0 F 0 0 1 1 
1 1 0 0 0 0 1 1 
1 1 1 G 1 1 1 1 
1 1 1 1 1 1 1 1 
U25 T5

Map8
1 1 1 1 1 1 1 1 
1 1 1 1 1 1 1 1 
1 1 0 # 1 # 1 1 
1 1 0 0 0 0 1 1 
1 1 # 1 0 0 1 1 
1 1 0 0 H 0 1 1 
1 1 G 1 1 S 1 1 
1 1 1 1 1 1 1 1 
L53 T4

Map8
1 1 1 1 1 1 1 1 
1 1 1 1 1 1 1 1 
1 G 0 F 0 H 1 1 
1 1 0 0 0 0 1 1 
1 1 F H 1 0 1 1 
1 1 0 0 0 0 1 1 
1 1 1 S 1 1 1 1 
1 1 1 1 1 1 1 1 
L45 T3

Map8
1 1 1 1 1 1 1 1 
1 1 1 1 1 1 1 1 
1 1 0 1 0 0 G 1 
1 1 0 F 0 0 1 1 
1 1 0 H 0 0 1 1 
1 1 0 0 0 0 1 1 
1 1 1 S 1 1 1 1 
1 1 1 1 1 1 1 1 
R25 T3

Map8
1 1 1 1 1 1 1 1 
1 1 1 1 S 1 1 1 
1 1 0 0 F 0 1 1 
1 1 0 0 0 0 1 1 
1 1 0 0 0 0 1 1 
1 1 0 0 F 0 G 1 
1 1 1 1 1 1 1 1 
1 1 1 1 1 1 1 1 
L52 T3

Map8
1 1 1 1 1 1 1 1 
1 1 1 1 S 1 1 1 
1 1 0 # 0 0 1 1 
1 1 0 0 H # 1 1 
1 1 0 0 1 0 1 1 
1 G 0 # 0 0 1 1 
1 1 1 1 1 1 1 1 
1 1 1 1 1 1 1 1 
L52 T3

Map8
1 1 1 1 1 1 1 1 
1 1 1 1 S 1 1 1 
1 1 F 0 0 0 1 1 
1 1 0 0 H 0 1 1 
1 1 1 0 1 0 1 1 
1 1 0 0 0 # 1 1 
1 1 G 1 1 1 1 1 
1 1 1 1 1 1 1 1 
R32 T4

Map8
1 1 1 1 1 1 1 1 
1 1 1 1 G 1 1 1 
1 1 0 0 0 0 1 1 
1 S 0 F 0 F 1 1 
1 1 0 0 0 F 1 1 
1 1 0 0 0 0 1 1 
1 1 1 1 1 1 1 1 
1 1 1 1 1 1 1 1 
D32 T5

Map8
1 1 1 1 1 1 1 1 
1 1 1 1 S G 1 1 
1 1 0 0 0 0 1 1 
1 1 0 0 F F 1 1 
1 1 0 0 F 0 1 1 
1 1 0 0 F 1 1 1 
1 1 1 1 1 1 1 1 
1 1 1 1 1 1 1 1 
L54 T4

Map8
1 1 1 1 1 1 1 1 
1 1 1 1 1 1 1 1 
1 G 0 0 0 0 1 1 
1 1 0 0 0 H 1 1 
1 1 0 H 0 0 1 1 
1 1 0 0 0 0 1 1 
1 1 1 S 1 1 1 1 
1 1 1 1 1 1 1 1 
L45 T3

Map8
1 1 1 1 1 1 1 1 
1 1 1 1 G 1 1 1 
1 1 0 0 0 0 1 1 
1 S 0 F H 0 1 1 
1 1 0 # 0 0 1 1 
1 1 H 0 0 0 1 1 
1 1 1 1 1 1 1 1 
1 1 1 1 1 1 1 1 
D32 T5

Map8
1 1 1 1 1 1 1 1 
1 1 1 1 1 1 1 1 
1 G 0 0 0 0 1 1 
1 1 H 0 0 0 1 1 
1 S 0 0 H F 1 1 
1 1 0 0 0 0 1 1 
1 1 1 1 1 1 1 1 
1 1 1 1 1 1 1 1 
D33 T4

Map8
1 1 1 1 1 1 1 1 
1 1 1 1 1 1 1 1 
1 1 0 0 F 0 1 1 
1 1 0 0 0 H 1 1 
1 G 0 0 0 0 1 1 
1 1 1 0 0 0 1 1 
1 1 1 1 1 S 1 1 
1 1 1 1 1 1 1 1 
L54 T6

Map8
1 1 1 1 1 1 1 1 
1 1 1 1 1 1 1 1 
1 1 0 F 0 1 1 1 
1 G 0 0 0 0 1 1 
1 1 1 F 0 0 S 1 
1 1 0 0 0 1 1 1 
1 1 1 1 1 1 1 1 
1 1 1 1 1 1 1 1 
U45 T4

Map8
1 1 1 1 1 1 1 1 
1 1 1 1 1 1 1 1 
1 1 0 0 0 0 1 1 
1 1 0 H 0 0 1 1 
1 1 0 H 0 0 1 1 
1 1 0 0 0 0 1 1 
1 1 1 S 1 G 1 1 
1 1 1 1 1 1 1 1 
L45 T4

Map8
1 1 1 1 1 1 1 1 
1 1 1 1 1 1 1 1 
1 G 0 0 H 0 1 1 
1 1 0 0 0 F 1 1 
1 1 0 H 0 0 1 1 
1 1 0 0 0 0 1 1 
1 1 1 S 1 1 1 1 
1 1 1 1 1 1 1 1 
L45 T3

Map8
1 1 1 1 1 1 1 1 
1 1 1 1 1 1 1 1 
1 1 1 0 0 0 1 1 
1 1 0 0 H 0 S 1 
1 1 0 0 1 0 1 1 
1 1 0 0 F 0 1 1 
1 1 G 1 1 1 1 1 
1 1 1 1 1 1 1 1 
U54 T5

Map8
1 1 1 1 1 1 1 1 
1 1 1 1 1 1 1 1 
1 1 1 0 0 0 1 1 
1 1 F 0 0 0 1 1 
1 S 0 F 0 F 1 1 
1 1 0 0 0 0 G 1 
1 1 1 1 1 1 1 1 
1 1 1 1 1 1 1 1 
L44 T3

Map8
1 1 1 1 1 1 1 1 
1 1 1 G 1 1 1 1 
1 1 0 0 0 0 1 1 
1 S 0 0 # H 1 1 
1 1 0 # 0 0 1 1 
1 1 0 0 0 0 1 1 
1 1 1 1 1 1 1 1 
1 1 1 1 1 1 1 1 
D42 T5

Map8
1 1 1 1 1 1 1 1 
1 1 1 1 1 1 1 1 
1 G 0 0 0 0 1 1 
1 1 F H 0 0 1 1 
1 1 F 0 0 0 1 1 
1 1 H 0 0 1 1 1 
1 1 1 S 1 1 1 1 
1 1 1 1 1 1 1 1 
R34 T5

Map8
1 1 1 1 1 1 1 1 
1 1 1 1 1 1 1 1 
1 G 0 H H 0 1 1 
1 1 0 0 # 0 1 1 
1 1 0 0 0 0 1 1 
1 1 1 0 H 0 1 1 
1 1 1 S 1 1 1 1 
1 1 1 1 1 1 1 1 
L44 T3

Map8
1 1 1 1 1 1 1 1 
1 1 1 1 1 1 1 1 
1 1 0 F # 0 1 1 
1 1 # 0 0 0 1 1 
1 1 0 H 0 0 1 1 
1 1 0 0 0 0 1 1 
1 1 1 S 1 G 1 1 
1 1 1 1 1 1 1 1 
L45 T4

Map8
1 1 1 1 1 1 1 1 
1 1 1 1 G 1 1 1 
1 1 H 0 0 1 1 1 
1 1 0 F 0 0 S 1 
1 1 0 0 F 0 1 1 
1 1 F 0 0 0 1 1 
1 1 1 1 1 1 1 1 
1 1 1 1 1 1 1 1 
U34 T3

Map8
1 1 1 1 1 1 1 1 
1 1 1 1 1 1 1 1 
1 1 0 1 # 0 1 1 
1 S 0 # 0 H 1 1 
1 1 0 0 0 1 1 1 
1 1 0 # 0 0 1 1 
1 1 1 1 1 G 1 1 
1 1 1 1 1 1 1 1 
D22 T3

Map8
1 1 1 1 1 1 1 1 
1 1 1 1 S 1 1 1 
1 1 0 F 0 0 1 1 
1 1 0 1 0 # 1 1 
1 1 # F 0 0 1 1 
1 G 0 0 F F 1 1 
1 1 1 1 1 1 1 1 
1 1 1 1 1 1 1 1 
L52 T3

Map8
1 1 1 1 1 1 1 1 
1 1 G 1 1 1 1 1 
1 1 0 0 0 0 1 1 
1 1 0 H 0 0 S 1 
1 1 0 0 0 F 1 1 
1 1 0 0 0 0 1 1 
1 1 1 1 1 1 1 1 
1 1 1 1 1 1 1 1 
U44 T3

Map8
1 1 1 1 1 1 1 1 
1 1 1 1 1 1 1 1 
1 S 0 F 0 H 1 1 
1 1 0 0 0 0 1 1 
1 1 0 0 0 0 1 1 
1 1 0 0 0 0 1 1 
1 1 1 1 1 G 1 1 
1 1 1 1 1 1 1 1 
L42 T4

Map8
1 1 1 1 1 1 1 1 
1 1 1 1 1 1 1 1 
1 G 0 0 1 0 1 1 
1 1 H 0 0 0 1 1 
1 1 0 0 0 0 1 1 
1 1 0 0 0 0 1 1 
1 1 1 1 S 1 1 1 
1 1 1 1 1 1 1 1 
U34 T3

Map8
1 1 1 1 1 1 1 1 
1 1 1 1 1 1 1 1 
1 1 0 0 0 0 G 1 
1 1 0 H 0 0 1 1 
1 1 0 0 0 0 1 1 
1 1 0 0 0 0 1 1 
1 1 1 S 1 1 1 1 
1 1 1 1 1 1 1 1 
R24 T3

Map8
1 1 1 1 1 1 1 1 
1 1 1 1 S 1 1 1 
1 1 0 0 0 0 1 1 
1 1 0 F 0 H 1 1 
1 1 1 0 F 0 1 1 
1 1 0 # F 0 G 1 
1 1 1 1 1 1 1 1 
1 1 1 1 1 1 1 1 
L54 T3

Map8
1 1 1 1 1 1 1 1 
1 1 S 1 1 G 1 1 
1 1 0 1 0 0 1 1 
1 1 0 0 0 1 1 1 
1 1 F F 0 0 1 1 
1 1 0 0 0 # 1 1 
1 1 1 1 1 1 1 1 
1 1 1 1 1 1 1 1 
U45 T7

Map8
1 1 1 1 1 1 1 1 
1 1 G 1 S 1 1 1 
1 1 0 0 0 1 1 1 
1 1 H 0 F 0 1 1 
1 1 F 0 0 0 1 1 
1 1 1 1 0 0 1 1 
1 1 1 1 1 1 1 1 
1 1 1 1 1 1 1 1 
U44 T3

Map8
1 1 1 1 1 1 1 1 
1 1 1 1 1 G 1 1 
1 1 0 H 0 0 1 1 
1 S 0 0 0 F 1 1 
1 1 0 0 0 0 1 1 
1 1 F 0 0 0 1 1 
1 1 1 1 1 1 1 1 
1 1 1 1 1 1 1 1 
D42 T3

Map8
1 1 1 1 1 1 1 1 
1 1 1 1 1 1 1 1 
1 G 0 0 H H 1 1 
1 1 0 0 0 1 1 1 
1 1 1 0 0 0 1 1 
1 1 0 0 F 0 S 1 
1 1 1 1 1 1 1 1 
1 1 1 1 1 1 1 1 
R35 T5

Map8
1 1 1 1 1 1 1 1 
1 1 1 1 1 1 1 1 
1 1 0 0 0 0 1 1 
1 1 0 1 0 0 1 1 
1 1 0 F 0 0 1 1 
1 G 0 0 # # 1 1 
1 1 1 S 1 1 1 1 
1 1 1 1 1 1 1 1 
R24 T3

Map8
1 1 1 1 1 1 1 1 
1 1 1 1 1 1 1 1 
1 1 0 0 0 0 G 1 
1 1 0 0 H 0 1 1 
1 1 0 F 0 H 1 1 
1 1 0 0 0 0 1 1 
1 1 1 1 S 1 1 1 
1 1 1 1 1 1 1 1 
L55 T3

Map8
1 1 1 1 1 1 1 1 
1 1 1 1 1 1 1 1 
1 1 1 0 H 1 1 1 
1 1 0 0 0 0 1 1 
1 1 0 0 # 0 1 1 
1 1 0 0 0 0 1 1 
1 1 1 G S 1 1 1 
1 1 1 1 1 1 1 1 
D43 T5

Map8
1 1 1 1 1 1 1 1 
1 1 1 1 1 G 1 1 
1 1 0 0 0 0 1 1 
1 S 0 0 H 0 1 1 
1 1 0 0 F 0 1 1 
1 1 0 0 0 0 1 1 
1 1 1 1 1 1 1 1 
1 1 1 1 1 1 1 1 
U24 T3

Map8
1 1 1 1 1 1 1 1 
1 1 1 1 1 1 1 1 
1 G 0 F 1 0 1 1 
1 1 0 H 0 0 1 1 
1 1 0 F F 0 1 1 
1 1 0 0 0 0 1 1 
1 1 1 S 1 1 1 1 
1 1 1 1 1 1 1 1 
L45 T3

Map8
1 1 1 1 1 1 1 1 
1 1 1 1 1 1 1 1 
1 S 0 F 0 H 1 1 
1 1 0 0 0 0 1 1 
1 1 0 0 0 0 1 1 
1 G 0 H 0 0 1 1 
1 1 1 1 1 1 1 1 
1 1 1 1 1 1 1 1 
L42 T3

Map8
1 1 1 1 1 1 1 1 
1 1 1 S 1 1 1 1 
1 1 H 0 0 H 1 1 
1 1 0 0 0 0 1 1 
1 G 0 F 0 # 1 1 
1 1 0 F H 1 1 1 
1 1 1 1 1 1 1 1 
1 1 1 1 1 1 1 1 
R23 T3

Map8
1 1 1 1 1 1 1 1 
1 1 1 1 1 1 1 1 
1 1 0 0 0 1 1 1 
1 S 0 0 0 1 1 1 
1 1 F 0 0 0 1 1 
1 1 0 1 F 0 1 1 
1 1 1 1 1 G 1 1 
1 1 1 1 1 1 1 1 
R34 T3

Map8
1 1 1 1 1 1 1 1 
1 1 1 1 S 1 1 1 
1 G 0 0 0 0 1 1 
1 1 0 1 F 0 1 1 
1 1 0 0 0 0 1 1 
1 1 0 0 F 0 1 1 
1 1 1 1 1 1 1 1 
1 1 1 1 1 1 1 1 
R34 T3

Map8
1 1 1 1 1 1 1 1 
1 1 1 G 1 1 1 1 
1 1 0 0 0 0 1 1 
1 S F F 0 0 1 1 
1 1 0 1 0 0 1 1 
1 1 0 0 # 0 1 1 
1 1 1 1 1 1 1 1 
1 1 1 1 1 1 1 1 
D22 T5

Map8
1 1 1 1 1 1 1 1 
1 1 1 1 1 G 1 1 
1 1 0 H H 0 1 1 
1 S 0 0 H 0 1 1 
1 1 0 0 0 0 1 1 
1 1 0 0 0 0 1 1 
1 1 1 1 1 1 1 1 
1 1 1 1 1 1 1 1 
D22 T3

Map8
1 1 1 1 1 1 1 1 
1 1 1 1 S 1 1 1 
1 1 0 0 0 0 1 1 
1 1 0 1 0 1 1 1 
1 1 # 0 0 0 1 1 
1 G 0 0 H H 1 1 
1 1 1 1 1 1 1 1 
1 1 1 1 1 1 1 1 
L52 T3

Map8
1 1 1 1 1 1 1 1 
1 1 1 1 1 1 1 1 
1 1 0 0 0 0 1 1 
1 1 0 0 0 0 1 1 
1 1 0 F H 0 S 1 
1 1 0 0 0 0 1 1 
1 1 1 1 G 1 1 1 
1 1 1 1 1 1 1 1 
U55 T5

Map8
1 1 1 1 1 1 1 1 
1 1 1 S 1 1 1 1 
1 1 0 0 H 0 1 1 
1 1 0 0 0 0 1 1 
1 G 0 0 0 0 1 1 
1 1 0 F 0 0 1 1 
1 1 1 1 1 1 1 1 
1 1 1 1 1 1 1 1 
R23 T5

Map8
1 1 1 1 1 1 1 1 
1 1 1 1 1 1 1 1 
1 1 0 F 0 0 1 1 
1 1 0 0 0 0 1 1 
1 1 F 0 1 0 1 1 
1 1 0 F 0 0 G 1 
1 1 1 S 1 1 1 1 
1 1 1 1 1 1 1 1 
L43 T5

Map8
1 1 1 1 1 1 1 1 
1 1 G 1 1 1 1 1 
1 1 F 0 0 0 1 1 
1 1 F # 0 0 1 1 
1 1 0 0 0 1 1 1 
1 1 1 0 0 0 1 1 
1 1 1 1 1 S 1 1 
1 1 1 1 1 1 1 1 
L44 T4

Map8
1 1 1 1 1 1 1 1 
1 1 1 1 1 1 1 1 
1 1 0 0 0 0 G 1 
1 1 0 1 0 0 1 1 
1 1 0 F 0 0 1 1 
1 1 0 0 0 0 1 1 
1 1 1 S 1 1 1 1 
1 1 1 1 1 1 1 1 
L44 T3

Map8
1 1 1 1 1 1 1 1 
1 1 1 S 1 1 1 1 
1 1 0 0 0 0 1 1 
1 1 1 0 1 0 1 1 
1 1 0 F 0 0 1 1 
1 1 0 F 0 0 1 1 
1 1 G 1 1 1 1 1 
1 1 1 1 1 1 1 1 
R22 T4

Map8
1 1 1 1 1 1 1 1 
1 1 1 1 1 1 1 1 
1 1 0 0 0 0 G 1 
1 1 0 0 H 0 1 1 
1 1 0 1 # 1 1 1 
1 1 0 0 0 0 1 1 
1 1 1 1 S 1 1 1 
1 1 1 1 1 1 1 1 
L55 T3

Map8
1 1 1 1 1 1 1 1 
1 1 1 S 1 1 1 1 
1 1 0 0 1 1 1 1 
1 1 0 # 0 0 1 1 
1 1 0 H 0 0 1 1 
1 1 0 0 0 1 1 1 
1 1 1 1 G 1 1 1 
1 1 1 1 1 1 1 1 
L43 T4

Map8
1 1 1 1 1 1 1 1 
1 1 1 S 1 1 1 1 
1 1 0 0 F # 1 1 
1 1 F 0 0 0 1 1 
1 1 0 0 0 0 1 1 
1 G 0 H 0 0 1 1 
1 1 1 1 1 1 1 1 
1 1 1 1 1 1 1 1 
L44 T3

Map8
1 1 1 1 1 1 1 1 
1 1 1 1 1 1 1 1 
1 1 0 0 F 0 G 1 
1 1 F 0 # 0 S 1 
1 1 0 0 0 0 1 1 
1 1 0 0 0 0 1 1 
1 1 1 1 1 1 1 1 
1 1 1 1 1 1 1 1 
D22 T4

Map8
1 1 1 1 1 1 1 1 
1 1 G 1 1 1 1 1 
1 1 # 0 F H 1 1 
1 1 0 0 0 H 1 1 
1 1 0 H 0 # S 1 
1 1 0 0 # 0 1 1 
1 1 1 1 1 1 1 1 
1 1 1 1 1 1 1 1 
D43 T3

Map8
1 1 1 1 1 1 1 1 
1 1 1 1 1 1 1 1 
1 1 0 F 0 0 1 1 
1 1 F 0 0 0 1 1 
1 S 0 F H 0 1 1 
1 1 0 0 # 0 G 1 
1 1 1 1 1 1 1 1 
1 1 1 1 1 1 1 1 
U25 T4

Map8
1 1 1 1 1 1 1 1 
1 1 1 1 1 1 1 1 
1 1 0 0 0 0 1 1 
1 1 0 H 0 0 S 1 
1 1 0 0 0 0 1 1 
1 1 0 0 0 0 1 1 
1 1 G 1 1 1 1 1 
1 1 1 1 1 1 1 1 
U44 T3

Map8
1 1 1 1 1 1 1 1 
1 1 1 1 1 1 1 1 
1 1 0 0 0 0 1 1 
1 S 0 0 H 0 1 1 
1 1 F 0 0 0 1 1 
1 1 0 1 0 0 G 1 
1 1 1 1 1 1 1 1 
1 1 1 1 1 1 1 1 
U34 T4

Map8
1 1 1 1 1 1 1 1 
1 1 1 1 1 1 1 1 
1 1 0 0 0 0 1 1 
1 1 0 # 0 1 1 1 
1 1 0 F 0 0 1 1 
1 1 F 0 0 0 G 1 
1 1 1 S 1 1 1 1 
1 1 1 1 1 1 1 1 
R23 T3

Map8
1 1 1 1 1 1 1 1 
1 1 1 S 1 1 1 1 
1 1 0 0 0 0 1 1 
1 1 0 0 0 F 1 1 
1 1 0 F 0 0 G 1 
1 1 0 0 0 0 1 1 
1 1 1 1 1 1 1 1 
1 1 1 1 1 1 1 1 
L55 T6

Map8
1 1 1 1 1 1 1 1 
1 1 G 1 1 1 1 1 
1 1 0 0 0 0 1 1 
1 1 # 0 0 0 1 1 
1 1 0 0 H # S 1 
1 1 0 0 0 0 1 1 
1 1 1 1 1 1 1 1 
1 1 1 1 1 1 1 1 
U55 T3

Map8
1 1 1 1 1 1 1 1 
1 1 1 1 1 1 1 1 
1 G 0 F 0 0 1 1 
1 1 0 0 0 F 1 1 
1 1 # 0 0 # 1 1 
1 1 0 0 0 0 1 1 
1 1 1 S 1 1 1 1 
1 1 1 1 1 1 1 1 
R25 T3

Map8
1 1 1 1 1 1 1 1 
1 1 1 S 1 1 1 1 
1 1 H # F 0 1 1 
1 1 0 0 0 0 1 1 
1 1 0 0 0 0 1 1 
1 G 0 H 0 0 1 1 
1 1 1 1 1 1 1 1 
1 1 1 1 1 1 1 1 
L43 T3

Map8
1 1 1 1 1 1 1 1 
1 1 1 1 1 S 1 1 
1 1 0 1 0 0 1 1 
1 1 0 0 0 0 1 1 
1 G 0 0 0 H 1 1 
1 1 1 0 0 0 1 1 
1 1 1 1 1 1 1 1 
1 1 1 1 1 1 1 1 
L53 T5

Map8
1 1 1 1 1 1 1 1 
1 1 1 1 G 1 1 1 
1 1 1 H 0 F 1 1 
1 1 0 0 0 0 1 1 
1 S # # 0 F 1 1 
1 1 0 0 0 1 1 1 
1 1 1 1 1 1 1 1 
1 1 1 1 1 1 1 1 
D23 T3

Map8
1 1 1 1 1 1 1 1 
1 1 1 1 1 G 1 1 
1 1 0 0 # 0 1 1 
1 1 0 H # 0 1 1 
1 1 0 0 0 0 1 1 
1 1 0 0 H 1 1 1 
1 1 1 S 1 1 1 1 
1 1 1 1 1 1 1 1 
L44 T4

Map8
1 1 1 1 1 1 1 1 
1 1 1 1 1 1 1 1 
1 1 0 # 1 0 1 1 
1 1 F 0 0 0 1 1 
1 1 0 0 0 # 1 1 
1 1 H 0 1 0 G 1 
1 1 1 S 1 1 1 1 
1 1 1 1 1 1 1 1 
R24 T3

Map8
1 1 1 1 1 1 1 1 
1 1 G 1 1 1 1 1 
1 1 0 F 0 0 1 1 
1 1 0 0 0 0 1 1 
1 1 0 H 0 0 S 1 
1 1 0 0 F 0 1 1 
1 1 1 1 1 1 1 1 
1 1 1 1 1 1 1 1 
U55 T3

Map8
1 1 1 1 1 1 1 1 
1 1 1 1 1 1 1 1 
1 1 0 0 F 0 G 1 
1 1 F 0 0 0 1 1 
1 1 # 0 0 0 1 1 
1 1 # 0 0 0 1 1 
1 1 1 1 S 1 1 1 
1 1 1 1 1 1 1 1 
L54 T3

Map8
1 1 1 1 1 1 1 1 
1 1 1 S 1 1 1 1 
1 1 0 0 0 H 1 1 
1 1 0 0 0 0 1 1 
1 1 0 H 1 0 1 1 
1 1 1 0 # 0 G 1 
1 1 1 1 1 1 1 1 
1 1 1 1 1 1 1 1 
R23 T3

Map8
1 1 1 1 1 1 1 1 
1 1 1 1 1 1 1 1 
1 1 0 F F 0 1 1 
1 G 0 0 0 0 1 1 
1 1 0 # 0 0 1 1 
1 1 0 0 0 0 1 1 
1 1 1 S 1 1 1 1 
1 1 1 1 1 1 1 1 
R22 T5

Map8
1 1 1 1 1 1 1 1 
1 1 G 1 1 1 1 1 
1 1 0 0 0 0 1 1 
1 1 0 0 1 0 1 1 
1 1 1 0 H 0 1 1 
1 1 0 0 0 0 1 1 
1 1 1 1 S 1 1 1 
1 1 1 1 1 1 1 1 
R35 T4

Map8
1 1 1 1 1 1 1 1 
1 1 1 1 1 1 1 1 
1 1 0 0 0 0 G 1 
1 1 0 0 1 0 1 1 
1 1 0 1 0 F 1 1 
1 1 0 0 F 0 1 1 
1 1 1 1 S 1 1 1 
1 1 1 1 1 1 1 1 
U55 T3

Map8
1 1 1 1 1 1 1 1 
1 1 1 S 1 1 1 1 
1 1 0 0 F 1 1 1 
1 1 0 0 0 0 1 1 
1 G 0 0 # 0 1 1 
1 1 F F F 1 1 1 
1 1 1 1 1 1 1 1 
1 1 1 1 1 1 1 1 
R23 T3

Map8
1 1 1 1 1 1 1 1 
1 1 1 1 1 1 1 1 
1 1 0 0 0 1 1 1 
1 1 0 0 0 # 1 1 
1 1 0 # 1 F 1 1 
1 S 0 0 F 0 1 1 
1 1 1 G 1 1 1 1 
1 1 1 1 1 1 1 1 
D32 T3

Map8
1 1 1 1 1 1 1 1 
1 1 1 1 G 1 1 1 
1 1 0 1 # F 1 1 
1 S # 0 F 0 1 1 
1 1 0 0 0 0 1 1 
1 1 0 0 0 1 1 1 
1 1 1 1 1 1 1 1 
1 1 1 1 1 1 1 1 
D22 T3

Map8
1 1 1 1 1 1 1 1 
1 1 1 1 1 1 1 1 
1 1 0 0 0 0 1 1 
1 1 0 0 0 0 1 1 
1 1 H 0 0 0 S 1 
1 1 0 0 0 0 1 1 
1 1 G 1 1 1 1 1 
1 1 1 1 1 1 1 1 
D33 T3

Map8
1 1 1 1 1 1 1 1 
1 1 G 1 1 1 1 1 
1 1 0 0 0 0 1 1 
1 1 0 0 H 0 1 1 
1 1 H 0 0 0 S 1 
1 1 0 0 0 0 1 1 
1 1 1 1 1 1 1 1 
1 1 1 1 1 1 1 1 
U35 T3

Map8
1 1 1 1 1 1 1 1 
1 1 1 1 1 1 1 1 
1 1 H 1 0 0 G 1 
1 1 1 0 0 0 1 1 
1 1 0 0 0 0 1 1 
1 S 0 0 F H 1 1 
1 1 1 1 1 1 1 1 
1 1 1 1 1 1 1 1 
U35 T6

Map8
1 1 1 1 1 1 1 1 
1 1 G 1 1 1 1 1 
1 1 0 0 0 0 1 1 
1 1 0 H 0 0 S 1 
1 1 1 0 0 0 1 1 
1 1 0 0 0 0 1 1 
1 1 1 1 1 1 1 1 
1 1 1 1 1 1 1 1 
U44 T3

Map8
1 1 1 1 1 1 1 1 
1 1 1 S 1 1 1 1 
1 1 0 0 0 0 1 1 
1 1 0 # # 0 1 1 
1 G 0 F 0 F 1 1 
1 1 0 0 0 0 1 1 
1 1 1 1 1 1 1 1 
1 1 1 1 1 1 1 1 
R23 T5

Map8
1 1 1 1 1 1 1 1 
1 1 1 1 1 1 1 1 
1 1 0 H 0 0 1 1 
1 1 F # # 0 1 1 
1 1 0 # 0 0 1 1 
1 1 0 0 0 0 1 1 
1 1 1 S 1 G 1 1 
1 1 1 1 1 1 1 1 
L44 T4

Map8
1 1 1 1 1 1 1 1 
1 1 1 1 1 1 1 1 
1 1 0 0 0 0 1 1 
1 G 0 F 1 0 1 1 
1 1 0 F 0 0 1 1 
1 1 F 0 F 0 1 1 
1 1 1 S 1 1 1 1 
1 1 1 1 1 1 1 1 
R24 T5

Map8
1 1 1 1 1 1 1 1 
1 1 1 1 1 1 1 1 
1 1 # 0 0 0 G 1 
1 1 0 0 0 0 1 1 
1 1 # H 0 0 1 1 
1 1 0 0 0 0 1 1 
1 1 1 S 1 1 1 1 
1 1 1 1 1 1 1 1 
R25 T3

Map8
1 1 1 1 1 1 1 1 
1 1 G 1 1 1 1 1 
1 1 0 0 0 0 1 1 
1 1 0 0 0 0 1 1 
1 1 0 H 0 0 S 1 
1 1 0 H 0 0 1 1 
1 1 1 1 1 1 1 1 
1 1 1 1 1 1 1 1 
U45 T3

Map8
1 1 1 1 1 1 1 1 
1 1 G 1 1 1 1 1 
1 1 0 0 0 0 1 1 
1 1 0 0 # 0 1 1 
1 1 0 0 H 0 1 1 
1 1 F 0 0 0 1 1 
1 1 1 1 S 1 1 1 
1 1 1 1 1 1 1 1 
R35 T4

Map8
1 1 1 1 1 1 1 1 
1 1 G 1 1 1 1 1 
1 1 0 0 0 0 1 1 
1 1 0 0 0 # 1 1 
1 1 0 H 0 0 1 1 
1 1 0 0 0 0 1 1 
1 1 1 S 1 1 1 1 
1 1 1 1 1 1 1 1 
R25 T4

Map8
1 1 1 1 1 1 1 1 
1 1 1 1 S 1 1 1 
1 1 0 0 0 0 1 1 
1 1 0 H 0 0 1 1 
1 1 0 0 0 0 1 1 
1 1 0 0 H # G 1 
1 1 1 1 1 1 1 1 
1 1 1 1 1 1 1 1 
R32 T3

Map8
1 1 1 1 1 1 1 1 
1 1 1 1 1 G 1 1 
1 1 0 0 0 F 1 1 
1 1 0 F 0 0 1 1 
1 1 0 0 F 0 S 1 
1 1 H 1 0 0 1 1 
1 1 1 1 1 1 1 1 
1 1 1 1 1 1 1 1 
D43 T3

Map8
1 1 1 1 1 1 1 1 
1 1 1 1 1 G 1 1 
1 1 0 0 0 0 1 1 
1 1 0 H 0 0 1 1 
1 1 0 0 0 H 1 1 
1 1 0 0 0 0 1 1 
1 1 1 S 1 1 1 1 
1 1 1 1 1 1 1 1 
L44 T4

Map8
1 1 1 1 1 1 1 1 
1 1 1 1 1 1 1 1 
1 1 0 0 0 H 1 1 
1 1 0 H 0 0 S 1 
1 1 0 0 0 1 1 1 
1 G 0 H 0 1 1 1 
1 1 1 1 1 1 1 1 
1 1 1 1 1 1 1 1 
U44 T4

Map8
1 1 1 1 1 1 1 1 
1 1 1 1 1 1 1 1 
1 1 0 # # 0 1 1 
1 1 1 0 F 1 1 1 
1 G 0 H # F 1 1 
1 1 0 0 0 0 1 1 
1 1 1 1 S 1 1 1 
1 1 1 1 1 1 1 1 
L55 T3

Map8
1 1 1 1 1 1 1 1 
1 1 1 1 1 1 1 1 
1 1 F 0 0 0 S 1 
1 1 1 0 0 0 G 1 
1 1 0 0 0 0 1 1 
1 1 1 0 0 0 1 1 
1 1 1 1 1 1 1 1 
1 1 1 1 1 1 1 1 
R32 T5

Map8
1 1 1 1 1 1 1 1 
1 1 1 1 1 1 1 1 
1 1 1 0 0 0 1 1 
1 1 0 0 0 H 1 1 
1 1 0 F 0 0 1 1 
1 1 0 0 0 0 G 1 
1 1 1 S 1 1 1 1 
1 1 1 1 1 1 1 1 
L43 T3

Map8
1 1 1 1 1 1 1 1 
1 1 1 1 S 1 1 1 
1 1 0 0 0 # G 1 
1 1 # 0 # 0 1 1 
1 1 0 0 0 0 1 1 
1 1 H 0 H 0 1 1 
1 1 1 1 1 1 1 1 
1 1 1 1 1 1 1 1 
L53 T3

Map8
1 1 1 1 1 1 1 1 
1 1 1 1 1 1 1 1 
1 1 0 0 0 0 1 1 
1 1 0 0 0 0 1 1 
1 1 0 # H 0 G 1 
1 1 0 0 0 0 1 1 
1 1 1 1 S 1 1 1 
1 1 1 1 1 1 1 1 
L55 T5

Map8
1 1 1 1 1 1 1 1 
1 1 1 1 1 1 1 1 
1 1 0 0 0 0 1 1 
1 S 0 # H 0 1 1 
1 1 0 0 0 0 1 1 
1 G 0 0 0 1 1 1 
1 1 1 1 1 1 1 1 
1 1 1 1 1 1 1 1 
U34 T4

Map8
1 1 1 1 1 1 1 1 
1 1 1 1 1 1 1 1 
1 1 # F 0 0 1 1 
1 G 0 0 0 F 1 1 
1 1 0 0 0 0 1 1 
1 1 0 0 0 0 1 1 
1 1 1 S 1 1 1 1 
1 1 1 1 1 1 1 1 
R24 T5

Map8
1 1 1 1 1 1 1 1 
1 1 1 1 1 1 1 1 
1 1 0 0 0 0 1 1 
1 S 0 F 0 H 1 1 
1 1 0 0 0 1 1 1 
1 1 0 0 0 0 1 1 
1 1 1 1 1 G 1 1 
1 1 1 1 1 1 1 1 
U34 T5

Map8
1 1 1 1 1 1 1 1 
1 1 1 1 1 1 1 1 
1 1 0 0 0 0 1 1 
1 1 0 H H 0 S 1 
1 1 0 0 0 0 1 1 
1 1 # 0 0 0 G 1 
1 1 1 1 1 1 1 1 
1 1 1 1 1 1 1 1 
U54 T4

Map8
1 1 1 1 1 1 1 1 
1 1 1 1 1 1 1 1 
1 1 0 0 0 0 1 1 
1 1 0 0 0 0 1 1 
1 1 F 0 F 0 G 1 
1 1 0 0 0 0 1 1 
1 1 1 1 S 1 1 1 
1 1 1 1 1 1 1 1 
L53 T5

Map8
1 1 1 1 1 1 1 1 
1 1 1 1 1 G 1 1 
1 1 0 0 0 F 1 1 
1 S 0 H 0 # 1 1 
1 1 0 F 0 0 1 1 
1 1 0 # 0 0 1 1 
1 1 1 1 1 1 1 1 
1 1 1 1 1 1 1 1 
D22 T3

Map8
1 1 1 1 1 1 1 1 
1 1 1 1 1 1 1 1 
1 1 0 0 0 0 1 1 
1 1 0 F H 0 1 1 
1 1 F F H 0 S 1 
1 1 0 F 0 0 1 1 
1 1 1 1 G 1 1 1 
1 1 1 1 1 1 1 1 
U55 T5

Map8
1 1 1 1 1 1 1 1 
1 1 1 1 S 1 1 1 
1 1 0 0 0 0 1 1 
1 1 0 H 0 0 1 1 
1 1 0 0 H 0 1 1 
1 1 0 0 F 0 G 1 
1 1 1 1 1 1 1 1 
1 1 1 1 1 1 1 1 
R32 T3

Map8
1 1 1 1 1 1 1 1 
1 1 1 1 1 1 1 1 
1 1 1 0 # H 1 1 
1 1 0 0 F 0 1 1 
1 1 0 0 0 # 1 1 
1 1 1 1 0 0 1 1 
1 1 1 1 G S 1 1 
1 1 1 1 1 1 1 1 
D53 T3

Map8
1 1 1 1 1 1 1 1 
1 1 G 1 1 1 1 1 
1 1 0 1 0 H 1 1 
1 1 0 0 0 0 1 1 
1 1 0 0 0 # 1 1 
1 1 0 0 0 0 1 1 
1 1 1 1 1 S 1 1 
1 1 1 1 1 1 1 1 
D53 T3

Map8
1 1 1 1 1 1 1 1 
1 1 1 1 1 1 1 1 
1 1 0 H 0 0 G 1 
1 1 0 0 0 0 1 1 
1 S 0 0 0 F 1 1 
1 1 0 # 0 0 1 1 
1 1 1 1 1 1 1 1 
1 1 1 1 1 1 1 1 
D23 T4

Map8
1 1 1 1 1 1 1 1 
1 1 1 1 1 G 1 1 
1 1 0 0 0 0 1 1 
1 1 0 F 0 1 1 1 
1 1 F 0 0 0 S 1 
1 1 H 0 0 0 1 1 
1 1 1 1 1 1 1 1 
1 1 1 1 1 1 1 1 
U35 T3

Map8
1 1 1 1 1 1 1 1 
1 1 G 1 1 1 1 1 
1 1 0 0 0 0 1 1 
1 1 0 0 # 0 1 1 
1 1 0 H 0 0 S 1 
1 1 0 # 0 0 1 1 
1 1 1 1 1 1 1 1 
1 1 1 1 1 1 1 1 
U45 T3

Map8
1 1 1 1 1 1 1 1 
1 1 1 1 S 1 1 1 
1 1 0 0 0 0 G 1 
1 1 1 0 F 0 1 1 
1 1 0 0 H 0 1 1 
1 1 0 0 0 0 1 1 
1 1 1 1 1 1 1 1 
1 1 1 1 1 1 1 1 
L53 T3

Map8
1 1 1 1 1 1 1 1 
1 1 1 1 1 1 1 1 
1 G 0 0 H H 1 1 
1 1 0 0 F 0 1 1 
1 1 0 H 0 # 1 1 
1 1 0 0 0 0 1 1 
1 1 1 1 1 S 1 1 
1 1 1 1 1 1 1 1 
D53 T4

Map8
1 1 1 1 1 1 1 1 
1 1 1 G 1 1 1 1 
1 S 0 0 0 1 1 1 
1 1 0 0 0 0 1 1 
1 1 1 0 0 0 1 1 
1 1 0 0 0 0 1 1 
1 1 1 1 1 1 1 1 
1 1 1 1 1 1 1 1 
L54 T3

Map8
1 1 1 1 1 1 1 1 
1 1 1 1 1 1 1 1 
1 1 1 1 H 0 1 1 
1 G 0 H 0 0 1 1 
1 1 0 0 0 0 1 1 
1 1 H 0 0 0 1 1 
1 1 1 1 S 1 1 1 
1 1 1 1 1 1 1 1 
L54 T3

Map8
1 1 1 1 1 1 1 1 
1 1 1 1 1 1 1 1 
1 1 0 0 0 F 1 1 
1 1 0 F 0 1 1 1 
1 G 0 0 0 H 1 1 
1 1 0 0 0 0 1 1 
1 1 1 S 1 1 1 1 
1 1 1 1 1 1 1 1 
R23 T5

Map8
1 1 1 1 1 1 1 1 
1 1 1 S 1 1 1 1 
1 1 0 0 0 0 1 1 
1 1 0 0 0 0 1 1 
1 1 0 H 0 0 1 1 
1 1 0 0 0 0 G 1 
1 1 1 1 1 1 1 1 
1 1 1 1 1 1 1 1 
L42 T3

Map8
1 1 1 1 1 1 1 1 
1 1 1 1 1 1 1 1 
1 1 0 0 H 0 G 1 
1 1 0 0 0 0 1 1 
1 1 # H 0 0 1 1 
1 1 0 0 0 0 1 1 
1 1 1 1 S 1 1 1 
1 1 1 1 1 1 1 1 
R33 T3

Map8
1 1 1 1 1 1 1 1 
1 1 1 S 1 1 1 1 
1 1 1 0 H 0 1 1 
1 1 F F 0 0 1 1 
1 1 0 0 0 H 1 1 
1 1 0 F 0 0 1 1 
1 1 1 1 1 G 1 1 
1 1 1 1 1 1 1 1 
L44 T4

Map8
1 1 1 1 1 1 1 1 
1 1 1 1 1 1 1 1 
1 G 0 H 0 0 1 1 
1 1 0 0 0 0 1 1 
1 1 0 0 # 0 1 1 
1 1 H 0 0 0 1 1 
1 1 1 1 S 1 1 1 
1 1 1 1 1 1 1 1 
L53 T3

Map8
1 1 1 1 1 1 1 1 
1 1 G 1 1 1 1 1 
1 1 F # H 1 1 1 
1 1 0 F 0 0 1 1 
1 1 F F 0 0 1 1 
1 1 H 0 # # S 1 
1 1 1 1 1 1 1 1 
1 1 1 1 1 1 1 1 
R35 T4

Map8
1 1 1 1 1 1 1 1 
1 1 G 1 1 1 1 1 
1 1 0 0 0 0 1 1 
1 1 0 0 0 0 1 1 
1 1 0 0 H 0 S 1 
1 1 0 # H 0 1 1 
1 1 1 1 1 1 1 1 
1 1 1 1 1 1 1 1 
U55 T3

Map8
1 1 1 1 1 1 1 1 
1 1 1 1 G 1 1 1 
1 1 0 0 0 0 1 1 
1 S 0 0 F 0 1 1 
1 1 0 0 0 0 1 1 
1 1 F 0 0 0 1 1 
1 1 1 1 1 1 1 1 
1 1 1 1 1 1 1 1 
D32 T5

Map8
1 1 1 1 1 1 1 1 
1 1 1 1 1 1 1 1 
1 G 0 F F # 1 1 
1 1 0 0 0 # 1 1 
1 1 0 0 0 0 1 1 
1 1 H 0 0 0 1 1 
1 1 1 1 S 1 1 1 
1 1 1 1 1 1 1 1 
R33 T3

Map8
1 1 1 1 1 1 1 1 
1 1 1 1 1 1 1 1 
1 1 0 F 0 0 1 1 
1 1 F 0 0 0 1 1 
1 1 0 0 F 0 G 1 
1 1 0 0 0 0 1 1 
1 1 1 1 S 1 1 1 
1 1 1 1 1 1 1 1 
L55 T5

Map8
1 1 1 1 1 1 1 1 
1 1 1 1 1 S 1 1 
1 1 0 0 0 0 1 1 
1 1 0 1 0 F 1 1 
1 1 F 0 1 0 1 1 
1 1 F 0 0 0 1 1 
1 1 G 1 1 1 1 1 
1 1 1 1 1 1 1 1 
U54 T3

Map8
1 1 1 1 1 1 1 1 
1 1 1 1 1 1 1 1 
1 1 0 0 0 0 1 1 
1 1 # F 0 0 1 1 
1 1 0 F 0 # S 1 
1 1 0 0 0 0 1 1 
1 1 1 G 1 1 1 1 
1 1 1 1 1 1 1 1 
U25 T5

Map8
1 1 1 1 1 1 1 1 
1 1 1 1 1 G 1 1 
1 1 0 0 0 0 1 1 
1 S 0 0 H 0 1 1 
1 1 0 # 0 0 1 1 
1 1 0 0 0 0 1 1 
1 1 1 1 1 1 1 1 
1 1 1 1 1 1 1 1 
D22 T3

Map8
1 1 1 1 1 1 1 1 
1 1 1 1 1 1 1 1 
1 1 0 H 0 0 1 1 
1 1 0 0 H 0 1 1 
1 1 0 0 0 0 1 1 
1 1 0 0 H 0 G 1 
1 1 1 S 1 1 1 1 
1 1 1 1 1 1 1 1 
R24 T3

Map8
1 1 1 1 1 1 1 1 
1 1 1 1 1 1 1 1 
1 1 # 0 0 0 G 1 
1 1 0 0 0 0 1 1 
1 S # H 0 0 1 1 
1 1 0 0 0 0 1 1 
1 1 1 1 1 1 1 1 
1 1 1 1 1 1 1 1 
D23 T4

Map8
1 1 1 1 1 1 1 1 
1 1 1 S 1 1 1 1 
1 1 0 0 0 0 1 1 
1 G 0 0 0 F 1 1 
1 1 0 F 0 0 1 1 
1 1 F 0 0 0 1 1 
1 1 1 1 1 1 1 1 
1 1 1 1 1 1 1 1 
R24 T5

Map8
1 1 1 1 1 1 1 1 
1 1 1 1 1 S 1 1 
1 1 0 0 F 0 1 1 
1 1 0 0 0 0 1 1 
1 1 0 0 0 0 1 1 
1 1 0 F 0 0 1 1 
1 1 1 1 G 1 1 1 
1 1 1 1 1 1 1 1 
U55 T5

Map8
1 1 1 1 1 1 1 1 
1 1 1 1 1 1 1 1 
1 1 0 0 0 0 1 1 
1 1 H F F 0 S 1 
1 1 0 0 0 0 1 1 
1 1 0 0 # 0 G 1 
1 1 1 1 1 1 1 1 
1 1 1 1 1 1 1 1 
U34 T4

Map8
1 1 1 1 1 1 1 1 
1 1 1 S 1 1 1 1 
1 1 0 0 F 0 1 1 
1 1 0 # 0 F 1 1 
1 1 0 H 0 0 1 1 
1 1 0 0 0 0 1 1 
1 1 1 1 1 G 1 1 
1 1 1 1 1 1 1 1 
L43 T4

Map8
1 1 1 1 1 1 1 1 
1 1 S 1 1 1 1 1 
1 1 0 0 0 H 1 1 
1 1 0 0 0 0 1 1 
1 1 0 0 0 H 1 1 
1 1 1 0 0 0 1 1 
1 1 1 1 1 G 1 1 
1 1 1 1 1 1 1 1 
D33 T4

Map8
1 1 1 1 1 1 1 1 
1 1 1 1 1 1 1 1 
1 1 0 F 0 0 1 1 
1 1 0 0 0 0 1 1 
1 1 F 0 0 1 1 1 
1 1 0 F 1 0 1 1 
1 1 S G 1 1 1 1 
1 1 1 1 1 1 1 1 
D33 T6

Map8
1 1 1 1 1 1 1 1 
1 1 1 1 1 1 1 1 
1 G 0 0 0 0 1 1 
1 1 0 H 0 # 1 1 
1 1 0 0 0 0 1 1 
1 1 0 0 0 0 1 1 
1 1 1 S 1 1 1 1 
1 1 1 1 1 1 1 1 
L44 T3

Map8
1 1 1 1 1 1 1 1 
1 1 1 S 1 1 1 1 
1 1 F F 0 0 1 1 
1 1 # 0 F 0 1 1 
1 1 0 0 # 0 1 1 
1 G 0 F 0 0 1 1 
1 1 1 1 1 1 1 1 
1 1 1 1 1 1 1 1 
R24 T3

Map8
1 1 1 1 1 1 1 1 
1 1 1 1 1 1 1 1 
1 1 0 F 0 # 1 1 
1 G 0 H 0 0 1 1 
1 1 0 0 0 0 1 1 
1 1 H 0 0 0 1 1 
1 1 1 S 1 1 1 1 
1 1 1 1 1 1 1 1 
R24 T5

Map8
1 1 1 1 1 1 1 1 
1 1 1 1 1 G 1 1 
1 1 0 0 0 0 1 1 
1 1 H 0 # 0 S 1 
1 1 0 F 0 0 1 1 
1 1 0 0 0 0 1 1 
1 1 1 1 1 1 1 1 
1 1 1 1 1 1 1 1 
D32 T3

Map8
1 1 1 1 1 1 1 1 
1 1 1 1 S 1 1 1 
1 1 0 0 0 0 1 1 
1 1 0 0 0 0 G 1 
1 1 0 0 H 0 1 1 
1 1 0 0 0 0 1 1 
1 1 1 1 1 1 1 1 
1 1 1 1 1 1 1 1 
L52 T5

Map8
1 1 1 1 1 1 1 1 
1 1 1 G 1 1 1 1 
1 1 0 0 # 0 1 1 
1 1 0 0 0 0 1 1 
1 1 0 0 0 0 1 1 
1 1 0 F 0 0 1 1 
1 1 S 1 1 1 1 1 
1 1 1 1 1 1 1 1 
D22 T5

Map8
1 1 1 1 1 1 1 1 
1 1 1 1 S 1 1 1 
1 1 F 0 0 0 1 1 
1 1 0 # F 0 1 1 
1 1 0 0 0 F 1 1 
1 1 0 0 F 0 1 1 
1 1 G 1 1 1 1 1 
1 1 1 1 1 1 1 1 
U44 T5

Map8
1 1 1 1 1 1 1 1 
1 1 G 1 1 1 1 1 
1 1 # 0 0 F 1 1 
1 1 H 0 0 0 S 1 
1 1 0 # 0 0 1 1 
1 1 0 0 0 0 1 1 
1 1 1 1 1 1 1 1 
1 1 1 1 1 1 1 1 
U44 T3

Map8
1 1 1 1 1 1 1 1 
1 1 1 1 1 1 1 1 
1 1 0 0 0 0 1 1 
1 1 0 0 1 0 G 1 
1 S F F 0 1 1 1 
1 1 0 1 0 0 1 1 
1 1 1 1 1 1 1 1 
1 1 1 1 1 1 1 1 
U25 T4

Map8
1 1 1 1 1 1 1 1 
1 1 1 1 1 G 1 1 
1 1 0 0 0 0 1 1 
1 1 F 0 0 0 1 1 
1 S F F 0 F 1 1 
1 1 0 0 0 1 1 1 
1 1 1 1 1 1 1 1 
1 1 1 1 1 1 1 1 
D33 T5

Map8
1 1 1 1 1 1 1 1 
1 1 1 1 S 1 1 1 
1 1 0 0 0 0 1 1 
1 1 0 0 F 0 1 1 
1 1 0 0 H 1 1 1 
1 1 0 0 0 0 G 1 
1 1 1 1 1 1 1 1 
1 1 1 1 1 1 1 1 
L52 T3

Map8
1 1 1 1 1 1 1 1 
1 1 1 1 1 G 1 1 
1 1 F 0 0 0 1 1 
1 S 0 0 F F 1 1 
1 1 1 0 # 1 1 1 
1 1 0 0 0 1 1 1 
1 1 1 1 1 1 1 1 
1 1 1 1 1 1 1 1 
U34 T3

Map8
1 1 1 1 1 1 1 1 
1 1 G 1 1 1 1 1 
1 1 0 0 # 0 1 1 
1 1 H H # 0 1 1 
1 1 H 0 0 0 S 1 
1 1 0 0 0 0 1 1 
1 1 1 1 1 1 1 1 
1 1 1 1 1 1 1 1 
U45 T3

Map8
1 1 1 1 1 1 1 1 
1 1 1 1 1 1 1 1 
1 1 0 0 0 0 G 1 
1 S 0 H 0 0 1 1 
1 1 0 0 0 0 1 1 
1 1 0 0 0 0 1 1 
1 1 1 1 1 1 1 1 
1 1 1 1 1 1 1 1 
D22 T4

Map8
1 1 1 1 1 1 1 1 
1 1 1 S 1 1 1 1 
1 1 0 0 0 0 1 1 
1 1 0 0 0 0 1 1 
1 1 0 H 0 0 1 1 
1 1 0 0 0 0 G 1 
1 1 1 1 1 1 1 1 
1 1 1 1 1 1 1 1 
R22 T3

Map8
1 1 1 1 1 1 1 1 
1 1 1 1 G 1 1 1 
1 1 H # 0 1 1 1 
1 1 0 0 F 0 S 1 
1 1 0 0 F # 1 1 
1 1 0 1 0 H 1 1 
1 1 1 1 1 1 1 1 
1 1 1 1 1 1 1 1 
U34 T3

Map8
1 1 1 1 1 1 1 1 
1 1 1 1 1 G 1 1 
1 1 0 0 0 0 1 1 
1 1 0 0 0 1 1 1 
1 S 0 0 H H 1 1 
1 1 0 0 0 H 1 1 
1 1 1 1 1 1 1 1 
1 1 1 1 1 1 1 1 
U25 T3

Map8
1 1 1 1 1 1 1 1 
1 1 1 S 1 1 1 1 
1 1 0 F H 0 1 1 
1 1 0 0 0 0 1 1 
1 1 0 0 0 0 1 1 
1 G 0 F F 0 1 1 
1 1 1 1 1 1 1 1 
1 1 1 1 1 1 1 1 
L43 T3

Map8
1 1 1 1 1 1 1 1 
1 1 1 S 1 1 1 1 
1 1 0 0 0 0 1 1 
1 1 0 # 0 0 1 1 
1 1 0 # 0 0 1 1 
1 G 0 F 0 0 1 1 
1 1 1 1 1 1 1 1 
1 1 1 1 1 1 1 1 
R22 T3

Map8
1 1 1 1 1 1 1 1 
1 1 G 1 1 1 1 1 
1 1 F 0 0 0 1 1 
1 1 F # 0 0 S 1 
1 1 0 0 0 0 1 1 
1 1 0 0 0 0 1 1 
1 1 1 1 1 1 1 1 
1 1 1 1 1 1 1 1 
D32 T3

Map8
1 1 1 1 1 1 1 1 
1 1 1 1 1 1 1 1 
1 1 F 0 0 0 1 1 
1 1 0 0 0 0 1 1 
1 S 0 0 H 0 1 1 
1 1 0 0 0 0 1 1 
1 1 1 1 G 1 1 1 
1 1 1 1 1 1 1 1 
U35 T5

Map8
1 1 1 1 1 1 1 1 
1 1 1 1 S 1 1 1 
1 1 F 0 F 0 1 1 
1 1 0 0 0 0 1 1 
1 1 0 0 H 0 1 1 
1 G 0 0 0 0 1 1 
1 1 1 1 1 1 1 1 
1 1 1 1 1 1 1 1 
L53 T3

Map8
1 1 1 1 1 1 1 1 
1 1 1 1 1 1 1 1 
1 G 0 F F 0 1 1 
1 1 0 0 0 0 1 1 
1 1 0 F 0 0 1 1 
1 1 0 0 0 0 1 1 
1 1 1 S 1 1 1 1 
1 1 1 1 1 1 1 1 
R23 T3

Map8
1 1 1 1 1 1 1 1 
1 1 1 1 1 1 1 1 
1 1 0 0 0 0 1 1 
1 1 0 0 H 0 1 1 
1 S 0 0 H H 1 1 
1 1 0 0 0 0 1 1 
1 1 1 1 1 G 1 1 
1 1 1 1 1 1 1 1 
D23 T3

Map8
1 1 1 1 1 1 1 1 
1 1 1 1 S 1 1 1 
1 1 0 0 0 0 1 1 
1 1 0 0 0 0 1 1 
1 1 0 # H 0 G 1 
1 1 0 0 0 0 1 1 
1 1 1 1 1 1 1 1 
1 1 1 1 1 1 1 1 
L53 T5

Map8
1 1 1 1 1 1 1 1 
1 1 1 1 1 1 1 1 
1 1 0 0 0 F 1 1 
1 1 0 F 0 0 1 1 
1 1 # 0 # 0 1 1 
1 S F 0 1 0 1 1 
1 1 1 1 1 G 1 1 
1 1 1 1 1 1 1 1 
R23 T3

Map8
1 1 1 1 1 1 1 1 
1 1 1 1 1 1 1 1 
1 1 0 0 0 0 1 1 
1 1 0 0 0 0 1 1 
1 S 0 H 0 0 1 1 
1 1 0 0 0 0 1 1 
1 1 1 1 1 G 1 1 
1 1 1 1 1 1 1 1 
D23 T3

Map8
1 1 1 1 1 1 1 1 
1 1 1 1 1 1 1 1 
1 1 0 0 0 0 1 1 
1 S 0 0 0 F 1 1 
1 1 F 0 0 0 1 1 
1 1 0 F 0 0 1 1 
1 1 1 1 1 G 1 1 
1 1 1 1 1 1 1 1 
U34 T3

Map8
1 1 1 1 1 1 1 1 
1 1 1 1 1 1 1 1 
1 1 0 0 0 0 1 1 
1 1 0 0 0 0 1 1 
1 1 0 0 H 0 S 1 
1 1 0 0 0 0 1 1 
1 1 1 1 G 1 1 1 
1 1 1 1 1 1 1 1 
U55 T5

Map8
1 1 1 1 1 1 1 1 
1 1 G 1 1 1 1 1 
1 1 0 0 0 0 1 1 
1 1 0 F 0 F 1 1 
1 S F 0 H 0 1 1 
1 1 F 0 0 0 1 1 
1 1 1 1 1 1 1 1 
1 1 1 1 1 1 1 1 
U35 T3

Map8
1 1 1 1 1 1 1 1 
1 1 G 1 1 1 1 1 
1 1 0 0 0 0 1 1 
1 1 0 0 H 0 S 1 
1 1 0 1 0 0 1 1 
1 1 0 0 0 0 1 1 
1 1 1 1 1 1 1 1 
1 1 1 1 1 1 1 1 
U54 T3

Map8
1 1 1 1 1 1 1 1 
1 1 S 1 1 1 1 1 
1 1 0 H F 0 G 1 
1 1 0 0 0 0 1 1 
1 1 F 0 F F 1 1 
1 1 # 0 0 1 1 1 
1 1 1 1 1 1 1 1 
1 1 1 1 1 1 1 1 
R33 T5

Map8
1 1 1 1 1 1 1 1 
1 1 1 1 G 1 1 1 
1 1 0 0 0 0 1 1 
1 1 0 0 F 0 S 1 
1 1 0 F 0 0 1 1 
1 1 0 0 0 0 1 1 
1 1 1 1 1 1 1 1 
1 1 1 1 1 1 1 1 
D32 T5

Map8
1 1 1 1 1 1 1 1 
1 1 1 1 S 1 1 1 
1 1 F F 0 0 1 1 
1 1 0 0 0 0 1 1 
1 1 0 0 F 0 1 1 
1 G 0 0 H 1 1 1 
1 1 1 1 1 1 1 1 
1 1 1 1 1 1 1 1 
R33 T5

Map8
1 1 1 1 1 1 1 1 
1 1 1 S 1 1 1 1 
1 1 0 0 H 0 G 1 
1 1 0 0 0 0 1 1 
1 1 0 0 0 0 1 1 
1 1 0 H # 0 1 1 
1 1 1 1 1 1 1 1 
1 1 1 1 1 1 1 1 
R23 T3

Map8
1 1 1 1 1 1 1 1 
1 1 1 S 1 1 1 1 
1 1 0 0 F 0 1 1 
1 1 0 0 0 0 1 1 
1 1 0 0 0 0 1 1 
1 1 0 H 0 0 G 1 
1 1 1 1 1 1 1 1 
1 1 1 1 1 1 1 1 
R22 T3

Map8
1 1 1 1 1 1 1 1 
1 1 1 1 1 1 1 1 
1 1 0 0 # 0 1 1 
1 1 0 F 0 # 1 1 
1 S 0 0 F F 1 1 
1 1 0 0 0 0 1 1 
1 1 1 1 1 G 1 1 
1 1 1 1 1 1 1 1 
U25 T3

Map8
1 1 1 1 1 1 1 1 
1 1 1 1 1 1 1 1 
1 1 H 0 0 0 1 1 
1 1 0 F 0 0 1 1 
1 1 0 0 F 0 S 1 
1 1 0 0 0 0 1 1 
1 1 1 1 G 1 1 1 
1 1 1 1 1 1 1 1 
U35 T5

Map8
1 1 1 1 1 1 1 1 
1 1 1 1 1 1 1 1 
1 1 1 0 # F 1 1 
1 G 0 1 0 0 1 1 
1 1 0 0 0 0 1 1 
1 1 F 0 F 0 1 1 
1 1 1 1 S 1 1 1 
1 1 1 1 1 1 1 1 
L54 T3

Map8
1 1 1 1 1 1 1 1 
1 1 1 1 1 G 1 1 
1 1 F H 0 0 1 1 
1 1 1 0 F F 1 1 
1 1 0 0 0 1 1 1 
1 1 0 0 0 F 1 1 
1 1 1 S 1 1 1 1 
1 1 1 1 1 1 1 1 
R24 T4

Map8
1 1 1 1 1 1 1 1 
1 1 1 1 1 1 1 1 
1 G 0 F 0 0 1 1 
1 1 0 0 1 0 1 1 
1 1 0 0 0 0 1 1 
1 1 0 0 0 0 1 1 
1 1 1 S 1 1 1 1 
1 1 1 1 1 1 1 1 
R24 T3

Map8
1 1 1 1 1 1 1 1 
1 1 1 1 1 1 1 1 
1 1 0 0 0 0 1 1 
1 1 0 0 0 0 1 1 
1 S # F 0 0 1 1 
1 1 # 0 0 0 1 1 
1 1 1 G 1 1 1 1 
1 1 1 1 1 1 1 1 
U45 T5

Map8
1 1 1 1 1 1 1 1 
1 1 G 1 1 1 1 1 
1 1 0 0 0 0 1 1 
1 1 H H 0 0 1 1 
1 1 0 0 0 0 1 1 
1 1 0 0 0 0 1 1 
1 1 1 S 1 1 1 1 
1 1 1 1 1 1 1 1 
R24 T4

Map8
1 1 1 1 1 1 1 1 
1 1 1 1 1 1 1 1 
1 1 F H F 0 G 1 
1 1 0 # 0 0 1 1 
1 1 0 F 0 0 1 1 
1 1 0 0 # 0 1 1 
1 1 1 S 1 1 1 1 
1 1 1 1 1 1 1 1 
R23 T3

Map8
1 1 1 1 1 1 1 1 
1 1 1 G 1 1 1 1 
1 1 0 0 # 0 1 1 
1 S 0 1 # 0 1 1 
1 1 0 0 H 0 1 1 
1 1 0 0 0 0 1 1 
1 1 1 1 1 1 1 1 
1 1 1 1 1 1 1 1 
D22 T5

Map8
1 1 1 1 1 1 1 1 
1 1 1 1 1 1 1 1 
1 G 0 F F 0 1 1 
1 1 # 0 # 0 1 1 
1 1 0 0 0 0 1 1 
1 1 0 0 0 0 1 1 
1 1 1 S 1 1 1 1 
1 1 1 1 1 1 1 1 
R24 T3

Map8
1 1 1 1 1 1 1 1 
1 1 1 G 1 1 1 1 
1 1 0 0 0 H 1 1 
1 1 F F F 0 S 1 
1 1 0 F 0 0 1 1 
1 1 0 0 0 0 1 1 
1 1 1 1 1 1 1 1 
1 1 1 1 1 1 1 1 
D42 T5

Map8
1 1 1 1 1 1 1 1 
1 1 1 1 1 1 1 1 
1 G 0 0 0 0 1 1 
1 1 0 0 H 0 1 1 
1 1 0 0 F 0 1 1 
1 1 0 0 0 0 1 1 
1 1 1 1 S 1 1 1 
1 1 1 1 1 1 1 1 
R34 T3

Map8
1 1 1 1 1 1 1 1 
1 1 1 1 1 1 1 1 
1 1 F 0 0 0 1 1 
1 1 F 0 1 0 1 1 
1 S 0 0 H 0 1 1 
1 1 F 0 0 0 1 1 
1 1 1 1 G 1 1 1 
1 1 1 1 1 1 1 1 
U35 T5

Map8
1 1 1 1 1 1 1 1 
1 1 1 1 1 1 1 1 
1 1 0 0 0 1 1 1 
1 1 0 0 0 F 1 1 
1 1 F 0 0 0 G 1 
1 1 0 0 0 0 1 1 
1 1 S 1 1 1 1 1 
1 1 1 1 1 1 1 1 
R34 T3

Map8
1 1 1 1 1 1 1 1 
1 1 S 1 1 1 1 1 
1 1 0 # 0 0 1 1 
1 1 0 0 0 0 1 1 
1 1 1 0 0 1 1 1 
1 1 0 0 0 # 1 1 
1 1 1 1 1 G 1 1 
1 1 1 1 1 1 1 1 
D42 T4

Map8
1 1 1 1 1 1 1 1 
1 1 G 1 1 1 1 1 
1 1 0 0 0 # 1 1 
1 1 F 0 F 0 1 1 
1 1 F H H 0 S 1 
1 1 0 F H 0 1 1 
1 1 1 1 1 1 1 1 
1 1 1 1 1 1 1 1 
U55 T3

Map8
1 1 1 1 1 1 1 1 
1 1 1 1 1 1 1 1 
1 1 0 0 0 0 1 1 
1 S 0 H 0 0 1 1 
1 1 0 0 0 0 1 1 
1 1 0 0 H 0 G 1 
1 1 1 1 1 1 1 1 
1 1 1 1 1 1 1 1 
U24 T4

Map8
1 1 1 1 1 1 1 1 
1 1 1 1 1 G 1 1 
1 1 1 0 0 # 1 1 
1 1 0 # # 1 1 1 
1 S 0 F 0 0 1 1 
1 1 F F F 0 1 1 
1 1 1 1 1 1 1 1 
1 1 1 1 1 1 1 1 
L44 T6

Map8
1 1 1 1 1 1 1 1 
1 1 1 1 S 1 1 1 
1 1 0 0 F 0 1 1 
1 1 0 0 0 0 1 1 
1 1 0 F H 0 1 1 
1 1 0 0 0 0 1 1 
1 1 G 1 1 1 1 1 
1 1 1 1 1 1 1 1 
R32 T4

Map8
1 1 1 1 1 1 1 1 
1 1 1 1 1 1 1 1 
1 1 F 1 0 0 G 1 
1 1 1 # 0 1 1 1 
1 1 0 0 0 0 1 1 
1 1 H H 0 0 1 1 
1 1 1 1 1 S 1 1 
1 1 1 1 1 1 1 1 
U45 T3

Map8
1 1 1 1 1 1 1 1 
1 1 1 1 1 G 1 1 
1 1 0 0 0 0 1 1 
1 1 1 0 F # 1 1 
1 S 0 F 0 F 1 1 
1 1 0 # 0 # 1 1 
1 1 1 1 1 1 1 1 
1 1 1 1 1 1 1 1 
L44 T4

Map8
1 1 1 1 1 1 1 1 
1 1 1 1 1 1 1 1 
1 1 # 0 0 0 G 1 
1 1 0 H 0 F 1 1 
1 1 0 0 0 0 1 1 
1 1 0 F 0 F 1 1 
1 1 1 S 1 1 1 1 
1 1 1 1 1 1 1 1 
R24 T3

Map8
1 1 1 1 1 1 1 1 
1 1 1 1 1 S 1 1 
1 1 0 0 0 0 1 1 
1 1 F 0 H 0 1 1 
1 1 0 F # 0 1 1 
1 1 0 F 0 0 1 1 
1 1 1 1 G 1 1 1 
1 1 1 1 1 1 1 1 
U55 T5

Map8
1 1 1 1 1 1 1 1 
1 1 1 1 1 1 1 1 
1 1 H # 0 H 1 1 
1 G 0 # 0 0 1 1 
1 1 0 0 0 0 S 1 
1 1 0 0 1 1 1 1 
1 1 1 1 1 1 1 1 
1 1 1 1 1 1 1 1 
L43 T4

Map8
1 1 1 1 1 1 1 1 
1 1 1 1 1 1 1 1 
1 1 0 0 # 0 1 1 
1 1 0 0 0 0 1 1 
1 S F 0 H 0 1 1 
1 1 0 F 0 0 G 1 
1 1 1 1 1 1 1 1 
1 1 1 1 1 1 1 1 
U25 T4

Map8
1 1 1 1 1 1 1 1 
1 1 1 1 1 1 1 1 
1 1 0 0 0 1 1 1 
1 1 0 0 0 0 1 1 
1 S 0 1 0 0 1 1 
1 1 0 0 # 0 1 1 
1 1 1 G 1 1 1 1 
1 1 1 1 1 1 1 1 
U25 T5

Map8
1 1 1 1 1 1 1 1 
1 1 1 S 1 1 1 1 
1 1 0 0 # 0 1 1 
1 1 0 0 0 0 1 1 
1 G 0 F 0 # 1 1 
1 1 0 0 0 0 1 1 
1 1 1 1 1 1 1 1 
1 1 1 1 1 1 1 1 
R23 T5

Map8
1 1 1 1 1 1 1 1 
1 1 1 1 G 1 1 1 
1 1 0 0 0 1 1 1 
1 1 0 0 0 0 1 1 
1 1 0 H 0 # 1 1 
1 1 0 0 0 0 1 1 
1 1 1 S 1 1 1 1 
1 1 1 1 1 1 1 1 
L45 T4

Map8
1 1 1 1 1 1 1 1 
1 1 1 1 1 1 1 1 
1 1 0 0 0 0 1 1 
1 1 H 0 # 0 1 1 
1 1 0 F 0 H 1 1 
1 1 0 0 0 H 1 1 
1 1 G S 1 1 1 1 
1 1 1 1 1 1 1 1 
D33 T3

Map8
1 1 1 1 1 1 1 1 
1 1 1 1 1 1 1 1 
1 1 0 0 F 0 1 1 
1 G 0 F 0 0 1 1 
1 1 0 0 0 0 1 1 
1 1 0 0 0 0 1 1 
1 1 1 S 1 1 1 1 
1 1 1 1 1 1 1 1 
R22 T5

Map8
1 1 1 1 1 1 1 1 
1 1 1 1 1 S 1 1 
1 1 0 0 1 0 1 1 
1 1 0 0 0 0 1 1 
1 1 0 H 0 0 1 1 
1 G 0 0 0 1 1 1 
1 1 1 1 1 1 1 1 
1 1 1 1 1 1 1 1 
U45 T5

Map8
1 1 1 1 1 1 1 1 
1 1 G 1 1 1 1 1 
1 1 0 0 0 # 1 1 
1 1 0 0 H 0 S 1 
1 1 0 0 H 0 1 1 
1 1 0 0 0 0 1 1 
1 1 1 1 1 1 1 1 
1 1 1 1 1 1 1 1 
U54 T3

Map8
1 1 1 1 1 1 1 1 
1 1 1 1 1 1 1 1 
1 1 0 F 0 # G 1 
1 1 0 0 1 0 1 1 
1 1 0 0 0 1 1 1 
1 1 0 F 0 0 1 1 
1 1 1 S 1 1 1 1 
1 1 1 1 1 1 1 1 
L44 T3

Map8
1 1 1 1 1 1 1 1 
1 1 1 1 1 G 1 1 
1 1 0 0 0 0 1 1 
1 1 0 0 0 H 1 1 
1 1 H 0 0 0 S 1 
1 1 0 F 0 0 1 1 
1 1 1 1 1 1 1 1 
1 1 1 1 1 1 1 1 
U45 T3

Map8
1 1 1 1 1 1 1 1 
1 1 G 1 S 1 1 1 
1 1 0 0 0 H 1 1 
1 1 0 F # 0 1 1 
1 1 0 0 0 0 1 1 
1 1 0 H F 0 1 1 
1 1 1 1 1 1 1 1 
1 1 1 1 1 1 1 1 
U44 T3

Map8
1 1 1 1 1 1 1 1 
1 1 1 1 1 1 1 1 
1 1 0 0 0 0 G 1 
1 1 0 0 H 0 1 1 
1 1 0 0 0 0 1 1 
1 1 0 0 0 0 1 1 
1 1 1 1 S 1 1 1 
1 1 1 1 1 1 1 1 
L54 T3

Map8
1 1 1 1 1 1 1 1 
1 1 1 1 1 G 1 1 
1 1 0 0 0 0 1 1 
1 1 0 1 0 0 1 1 
1 1 F 0 0 F 1 1 
1 1 0 F 0 # 1 1 
1 1 1 S 1 1 1 1 
1 1 1 1 1 1 1 1 
D43 T4

Map8
1 1 1 1 1 1 1 1 
1 1 1 1 1 1 1 1 
1 1 0 F F 0 1 1 
1 1 0 F 0 0 G 1 
1 1 0 0 0 0 1 1 
1 1 0 0 0 0 1 1 
1 1 1 1 S 1 1 1 
1 1 1 1 1 1 1 1 
L52 T5

Map8
1 1 1 1 1 1 1 1 
1 1 1 1 1 1 1 1 
1 1 0 0 1 0 1 1 
1 1 0 0 0 0 1 1 
1 1 0 0 0 0 1 1 
1 1 0 0 1 0 G 1 
1 1 1 S 1 1 1 1 
1 1 1 1 1 1 1 1 
R23 T3

Map8
1 1 1 1 1 1 1 1 
1 1 1 1 1 G 1 1 
1 1 0 0 F 0 1 1 
1 S F 1 1 0 1 1 
1 1 0 0 0 0 1 1 
1 1 0 H 0 F 1 1 
1 1 1 1 1 1 1 1 
1 1 1 1 1 1 1 1 
U24 T3

Map8
1 1 1 1 1 1 1 1 
1 1 1 1 1 S 1 1 
1 1 0 0 0 0 1 1 
1 1 H 0 0 0 1 1 
1 1 0 0 0 1 1 1 
1 G 0 0 0 0 1 1 
1 1 1 1 1 1 1 1 
1 1 1 1 1 1 1 1 
D32 T3

Map8
1 1 1 1 1 1 1 1 
1 1 1 1 1 1 1 1 
1 1 0 0 0 0 1 1 
1 1 0 0 0 0 1 1 
1 S 0 0 H 0 1 1 
1 1 H 0 0 0 1 1 
1 1 1 1 1 G 1 1 
1 1 1 1 1 1 1 1 
U35 T3

Map8
1 1 1 1 1 1 1 1 
1 1 1 1 1 1 1 1 
1 1 0 0 F 0 1 1 
1 1 F 0 F 0 1 1 
1 S 0 0 0 F 1 1 
1 1 0 0 0 0 1 1 
1 1 1 1 G 1 1 1 
1 1 1 1 1 1 1 1 
U35 T5

Map8
1 1 1 1 1 1 1 1 
1 1 1 1 1 1 1 1 
1 1 0 F 1 0 S 1 
1 1 0 1 0 0 1 1 
1 G F 0 0 0 1 1 
1 1 # 0 F F 1 1 
1 1 1 1 1 1 1 1 
1 1 1 1 1 1 1 1 
L54 T4

Map8
1 1 1 1 1 1 1 1 
1 1 1 1 1 1 1 1 
1 1 0 F 0 1 1 1 
1 G 0 F 0 0 1 1 
1 1 0 0 0 0 1 1 
1 S 0 # 0 F 1 1 
1 1 1 1 1 1 1 1 
1 1 1 1 1 1 1 1 
L45 T7

Map8
1 1 1 1 1 1 1 1 
1 1 1 1 1 1 1 1 
1 1 0 1 0 0 1 1 
1 1 0 H 0 0 S 1 
1 1 H 0 0 0 1 1 
1 1 1 0 0 0 1 1 
1 1 1 G 1 1 1 1 
1 1 1 1 1 1 1 1 
D42 T3

Map8
1 1 1 1 1 1 1 1 
1 1 1 S 1 1 1 1 
1 1 0 0 H H 1 1 
1 1 0 0 0 0 1 1 
1 1 0 H 0 0 1 1 
1 G 0 0 0 1 1 1 
1 1 1 1 1 1 1 1 
1 1 1 1 1 1 1 1 
L43 T3

Map8
1 1 1 1 1 1 1 1 
1 1 1 1 1 1 1 1 
1 1 0 0 0 0 1 1 
1 S 0 0 0 H 1 1 
1 1 0 0 0 0 1 1 
1 1 0 0 0 0 1 1 
1 1 1 1 1 G 1 1 
1 1 1 1 1 1 1 1 
D22 T3

Map8
1 1 1 1 1 1 1 1 
1 1 1 1 1 1 1 1 
1 1 0 0 # 0 1 1 
1 1 0 H # 0 S 1 
1 1 0 0 0 0 1 1 
1 G 0 H 0 0 1 1 
1 1 1 1 1 1 1 1 
1 1 1 1 1 1 1 1 
U44 T4

Map8
1 1 1 1 1 1 1 1 
1 1 1 1 1 1 1 1 
1 1 F 0 0 0 1 1 
1 S F 0 H 0 1 1 
1 1 0 0 0 0 G 1 
1 1 0 0 0 1 1 1 
1 1 1 1 1 1 1 1 
1 1 1 1 1 1 1 1 
U34 T4

Map8
1 1 1 1 1 1 1 1 
1 1 1 1 1 1 1 1 
1 1 0 F 0 0 1 1 
1 1 0 0 0 0 1 1 
1 1 F # 0 0 S 1 
1 1 0 # 0 # 1 1 
1 1 G 1 1 1 1 1 
1 1 1 1 1 1 1 1 
U45 T3

Map8
1 1 1 1 1 1 1 1 
1 1 1 1 1 1 1 1 
1 1 0 0 0 0 1 1 
1 1 H 0 F 0 S 1 
1 1 0 0 0 0 1 1 
1 1 0 0 0 0 G 1 
1 1 1 1 1 1 1 1 
1 1 1 1 1 1 1 1 
U34 T4

Map8
1 1 1 1 1 1 1 1 
1 1 1 1 1 1 1 1 
1 1 0 0 0 0 1 1 
1 S 0 # F F 1 1 
1 1 0 0 0 0 1 1 
1 G 0 0 0 0 1 1 
1 1 1 1 1 1 1 1 
1 1 1 1 1 1 1 1 
U24 T4

Map8
1 1 1 1 1 1 1 1 
1 1 1 1 1 1 1 1 
1 1 0 0 0 0 G 1 
1 1 0 0 0 0 1 1 
1 1 F H 0 0 1 1 
1 1 0 0 0 0 1 1 
1 1 1 S 1 1 1 1 
1 1 1 1 1 1 1 1 
L45 T3

Map8
1 1 1 1 1 1 1 1 
1 1 1 1 1 1 1 1 
1 1 H H # 0 1 1 
1 1 0 0 0 0 1 1 
1 S 0 0 0 H 1 1 
1 1 # 0 # 0 1 1 
1 1 1 1 1 G 1 1 
1 1 1 1 1 1 1 1 
D23 T3

Map8
1 1 1 1 1 1 1 1 
1 1 1 1 1 1 1 1 
1 1 0 # F 0 1 1 
1 1 F 0 # 0 1 1 
1 1 0 0 F F 1 1 
1 1 0 0 0 0 G 1 
1 1 1 1 S 1 1 1 
1 1 1 1 1 1 1 1 
L52 T3

Map8
1 1 1 1 1 1 1 1 
1 1 1 1 1 1 1 1 
1 1 0 H 0 0 1 1 
1 1 0 0 0 0 1 1 
1 1 0 # 0 0 1 1 
1 1 0 0 0 0 1 1 
1 1 1 S 1 G 1 1 
1 1 1 1 1 1 1 1 
D33 T3

Map8
1 1 1 1 1 1 1 1 
1 1 1 1 1 1 1 1 
1 G 0 0 F 0 1 1 
1 1 0 0 H 0 S 1 
1 1 0 0 F 0 1 1 
1 1 0 0 0 0 1 1 
1 1 1 1 1 1 1 1 
1 1 1 1 1 1 1 1 
D52 T4

Map8
1 1 1 1 1 1 1 1 
1 1 1 1 1 1 1 1 
1 1 0 0 0 0 1 1 
1 1 0 0 H 0 S 1 
1 1 0 0 0 0 1 1 
1 G 0 0 0 0 1 1 
1 1 1 1 1 1 1 1 
1 1 1 1 1 1 1 1 
U54 T4

Map8
1 1 1 1 1 1 1 1 
1 1 S 1 1 1 1 1 
1 1 0 0 0 0 1 1 
1 1 # # 0 0 1 1 
1 1 0 0 0 0 1 1 
1 1 F 0 0 0 G 1 
1 1 1 1 1 1 1 1 
1 1 1 1 1 1 1 1 
U24 T4

Map8
1 1 1 1 1 1 1 1 
1 1 1 1 S 1 1 1 
1 1 # 0 0 # 1 1 
1 1 0 0 F 0 1 1 
1 1 0 0 # 0 1 1 
1 1 0 0 H 0 1 1 
1 1 G 1 1 1 1 1 
1 1 1 1 1 1 1 1 
R33 T4

Map8
1 1 1 1 1 1 1 1 
1 1 1 1 S 1 1 1 
1 1 0 0 0 1 1 1 
1 1 0 0 1 0 1 1 
1 1 0 0 0 F G 1 
1 1 # 1 0 0 1 1 
1 1 1 1 1 1 1 1 
1 1 1 1 1 1 1 1 
R24 T5

Map8
1 1 1 1 1 1 1 1 
1 1 1 1 1 1 1 1 
1 G F 0 0 0 1 1 
1 1 H 0 # # 1 1 
1 1 0 0 H 0 1 1 
1 1 0 0 0 0 1 1 
1 1 1 1 S 1 1 1 
1 1 1 1 1 1 1 1 
R35 T3

Map8
1 1 1 1 1 1 1 1 
1 1 1 1 1 1 1 1 
1 1 0 0 0 0 G 1 
1 1 0 0 0 0 1 1 
1 1 0 0 0 0 1 1 
1 S 0 # 0 F 1 1 
1 1 1 1 1 1 1 1 
1 1 1 1 1 1 1 1 
L45 T3

Map8
1 1 1 1 1 1 1 1 
1 1 G 1 1 1 1 1 
1 1 0 0 0 0 1 1 
1 1 0 F 0 0 1 1 
1 1 0 0 H # 1 1 
1 1 0 0 0 0 1 1 
1 1 1 1 S 1 1 1 
1 1 1 1 1 1 1 1 
R35 T4

Map8
1 1 1 1 1 1 1 1 
1 1 1 G 1 1 1 1 
1 1 1 0 0 0 1 1 
1 1 0 0 H 0 1 1 
1 1 H 0 F 0 S 1 
1 1 0 H 1 0 1 1 
1 1 1 1 1 1 1 1 
1 1 1 1 1 1 1 1 
U55 T3

Map8
1 1 1 1 1 1 1 1 
1 1 1 1 G 1 1 1 
1 1 0 0 0 0 1 1 
1 1 0 H 0 0 S 1 
1 1 0 0 0 0 1 1 
1 1 0 0 0 0 1 1 
1 1 1 1 1 1 1 1 
1 1 1 1 1 1 1 1 
D52 T5

Map8
1 1 1 1 1 1 1 1 
1 1 1 1 1 1 1 1 
1 G 0 0 # 0 1 1 
1 1 0 H 0 H 1 1 
1 1 0 0 H 0 1 1 
1 1 0 0 0 0 1 1 
1 1 1 S 1 1 1 1 
1 1 1 1 1 1 1 1 
L45 T3

Map8
1 1 1 1 1 1 1 1 
1 1 1 S 1 1 1 1 
1 1 0 0 1 0 1 1 
1 1 0 0 0 1 1 1 
1 1 0 0 0 0 1 1 
1 1 0 0 1 0 G 1 
1 1 1 1 1 1 1 1 
1 1 1 1 1 1 1 1 
R24 T3

Map8
1 1 1 1 1 1 1 1 
1 1 1 1 G 1 1 1 
1 1 0 0 0 0 1 1 
1 S F 0 0 F 1 1 
1 1 F # # 0 1 1 
1 1 0 0 F 0 1 1 
1 1 1 1 1 1 1 1 
1 1 1 1 1 1 1 1 
D32 T5

Map8
1 1 1 1 1 1 1 1 
1 1 1 S 1 1 1 1 
1 1 # 0 F F 1 1 
1 1 0 0 0 0 1 1 
1 1 0 0 # 0 1 1 
1 G 0 F 0 0 1 1 
1 1 1 1 1 1 1 1 
1 1 1 1 1 1 1 1 
R23 T3

Map8
1 1 1 1 1 1 1 1 
1 1 1 1 1 1 1 1 
1 1 0 0 0 0 1 1 
1 1 0 0 0 0 1 1 
1 S 0 H 0 0 1 1 
1 1 0 0 0 0 1 1 
1 1 1 1 1 G 1 1 
1 1 1 1 1 1 1 1 
U25 T3

Map8
1 1 1 1 1 1 1 1 
1 1 1 1 1 1 1 1 
1 1 0 F 0 0 1 1 
1 1 0 0 F 0 1 1 
1 S F H 0 F 1 1 
1 1 0 0 0 0 G 1 
1 1 1 1 1 1 1 1 
1 1 1 1 1 1 1 1 
U25 T4

Map8
1 1 1 1 1 1 1 1 
1 1 1 1 1 G 1 1 
1 1 0 0 0 0 1 1 
1 1 0 1 0 0 1 1 
1 S 0 F F F 1 1 
1 1 0 0 0 0 1 1 
1 1 1 1 1 1 1 1 
1 1 1 1 1 1 1 1 
D23 T3

Map8
1 1 1 1 1 1 1 1 
1 1 1 1 1 1 1 1 
1 1 0 0 0 0 1 1 
1 1 H H 0 0 S 1 
1 1 0 0 0 0 1 1 
1 1 0 0 0 0 1 1 
1 1 G 1 1 1 1 1 
1 1 1 1 1 1 1 1 
D42 T3

Map8
1 1 1 1 1 1 1 1 
1 1 1 S 1 1 1 1 
1 G 0 0 F 0 1 1 
1 1 0 F F 0 1 1 
1 1 0 0 0 H 1 1 
1 1 0 F 0 H 1 1 
1 1 1 1 1 1 1 1 
1 1 1 1 1 1 1 1 
L44 T3

Map8
1 1 1 1 1 1 1 1 
1 1 1 1 1 1 1 1 
1 G 0 0 H 0 1 1 
1 1 0 0 0 0 1 1 
1 1 0 0 0 F 1 1 
1 1 0 0 0 0 1 1 
1 1 1 1 1 S 1 1 
1 1 1 1 1 1 1 1 
D53 T4

Map8
1 1 1 1 1 1 1 1 
1 1 1 1 1 1 1 1 
1 1 0 0 0 0 G 1 
1 1 0 H 0 # 1 1 
1 1 0 H 0 F 1 1 
1 1 0 0 0 0 1 1 
1 1 1 S 1 1 1 1 
1 1 1 1 1 1 1 1 
L45 T3

Map8
1 1 1 1 1 1 1 1 
1 1 1 1 1 1 1 1 
1 G 0 0 H 0 1 1 
1 1 0 0 H 0 1 1 
1 1 0 0 0 0 1 1 
1 1 0 0 0 0 1 1 
1 1 1 1 S 1 1 1 
1 1 1 1 1 1 1 1 
L54 T3

Map8
1 1 1 1 1 1 1 1 
1 1 1 1 1 1 1 1 
1 1 0 F 0 0 1 1 
1 1 0 0 0 0 1 1 
1 1 0 F 0 0 1 1 
1 G 0 0 0 0 1 1 
1 1 1 S 1 1 1 1 
1 1 1 1 1 1 1 1 
R22 T3

Map8
1 1 1 1 1 1 1 1 
1 1 1 1 1 1 1 1 
1 1 1 0 0 0 G 1 
1 1 # 0 0 0 1 1 
1 1 0 H 0 0 1 1 
1 1 0 0 0 1 1 1 
1 1 1 S 1 1 1 1 
1 1 1 1 1 1 1 1 
L45 T5

Map8
1 1 1 1 1 1 1 1 
1 1 1 1 S 1 1 1 
1 1 0 F 0 0 1 1 
1 1 0 0 0 0 1 1 
1 1 0 0 0 0 1 1 
1 1 0 0 H 0 G 1 
1 1 1 1 1 1 1 1 
1 1 1 1 1 1 1 1 
R33 T3

Map8
1 1 1 1 1 1 1 1 
1 1 1 1 1 G 1 1 
1 1 0 0 0 # 1 1 
1 S 0 0 H 0 1 1 
1 1 0 0 0 0 1 1 
1 1 0 0 0 0 1 1 
1 1 1 1 1 1 1 1 
1 1 1 1 1 1 1 1 
U24 T3

Map8
1 1 1 1 1 1 1 1 
1 1 1 1 1 G 1 1 
1 1 0 0 0 0 1 1 
1 1 0 0 0 0 1 1 
1 S 0 H 0 0 1 1 
1 1 0 0 H 0 1 1 
1 1 1 1 1 1 1 1 
1 1 1 1 1 1 1 1 
U25 T3

Map8
1 1 1 1 1 1 1 1 
1 1 G 1 1 1 1 1 
1 1 0 0 0 H 1 1 
1 1 H 0 0 0 1 1 
1 1 F 0 0 # S 1 
1 1 F 0 1 0 1 1 
1 1 1 1 1 1 1 1 
1 1 1 1 1 1 1 1 
U35 T3

Map8
1 1 1 1 1 1 1 1 
1 1 1 1 1 1 1 1 
1 1 0 0 F 0 S 1 
1 1 F 0 0 0 1 1 
1 1 0 0 0 0 1 1 
1 1 0 H 0 0 G 1 
1 1 1 1 1 1 1 1 
1 1 1 1 1 1 1 1 
R32 T3

Map8
1 1 1 1 1 1 1 1 
1 1 1 1 1 G 1 1 
1 1 0 0 0 0 1 1 
1 1 0 F F 0 1 1 
1 1 H 1 F 0 S 1 
1 1 0 0 0 1 1 1 
1 1 1 1 1 1 1 1 
1 1 1 1 1 1 1 1 
U45 T3

Map8
1 1 1 1 1 1 1 1 
1 1 1 1 1 1 1 1 
1 1 0 0 0 0 1 1 
1 1 0 0 H 0 S 1 
1 1 0 0 0 0 1 1 
1 1 0 0 0 0 1 1 
1 1 G 1 1 1 1 1 
1 1 1 1 1 1 1 1 
U54 T3

Map8
1 1 1 1 1 1 1 1 
1 1 1 S 1 1 1 1 
1 1 0 0 0 0 1 1 
1 1 0 0 0 0 1 1 
1 1 0 H 0 0 1 1 
1 1 F 0 0 0 G 1 
1 1 1 1 1 1 1 1 
1 1 1 1 1 1 1 1 
R22 T3

Map8
1 1 1 1 1 1 1 1 
1 1 S G 1 1 1 1 
1 1 0 0 F 0 1 1 
1 1 0 F 0 0 1 1 
1 1 F 0 0 0 1 1 
1 1 0 0 # 0 1 1 
1 1 1 1 1 1 1 1 
1 1 1 1 1 1 1 1 
U25 T5

Map8
1 1 1 1 1 1 1 1 
1 1 1 1 G 1 1 1 
1 1 1 0 0 0 S 1 
1 1 0 0 0 0 1 1 
1 1 0 0 0 1 1 1 
1 1 0 0 0 0 1 1 
1 1 1 1 1 1 1 1 
1 1 1 1 1 1 1 1 
R24 T3

Map8
1 1 1 1 1 1 1 1 
1 1 1 G 1 1 1 1 
1 1 0 0 F 0 1 1 
1 S 0 F 0 # 1 1 
1 1 0 0 0 0 1 1 
1 1 0 0 0 0 1 1 
1 1 1 1 1 1 1 1 
1 1 1 1 1 1 1 1 
D22 T5

Map8
1 1 1 1 1 1 1 1 
1 1 1 1 S 1 1 1 
1 1 0 0 0 0 1 1 
1 1 0 H 0 0 G 1 
1 1 0 0 # 0 1 1 
1 1 0 0 0 # 1 1 
1 1 1 1 1 1 1 1 
1 1 1 1 1 1 1 1 
L52 T5

Map8
1 1 1 1 1 1 1 1 
1 1 1 1 1 1 1 1 
1 1 0 0 0 0 G 1 
1 1 0 0 0 0 1 1 
1 1 0 H 0 0 1 1 
1 1 0 0 0 0 1 1 
1 1 1 S 1 1 1 1 
1 1 1 1 1 1 1 1 
L45 T3

Map8
1 1 1 1 1 1 1 1 
1 1 G 1 1 1 1 1 
1 1 0 1 0 0 1 1 
1 1 0 1 F 0 S 1 
1 1 F 0 0 F 1 1 
1 1 0 0 0 0 1 1 
1 1 1 1 1 1 1 1 
1 1 1 1 1 1 1 1 
U44 T5

Map8
1 1 1 1 1 1 1 1 
1 1 1 1 G 1 1 1 
1 1 0 F 0 1 1 1 
1 1 1 0 0 0 1 1 
1 1 F H 0 0 S 1 
1 1 0 0 H 0 1 1 
1 1 1 1 1 1 1 1 
1 1 1 1 1 1 1 1 
U44 T3

Map8
1 1 1 1 1 1 1 1 
1 1 1 1 G 1 1 1 
1 1 0 1 0 0 1 1 
1 1 0 0 0 F 1 1 
1 1 0 0 1 0 1 1 
1 1 0 0 1 0 1 1 
1 1 1 S 1 1 1 1 
1 1 1 1 1 1 1 1 
U54 T4

Map8
1 1 1 1 1 1 1 1 
1 1 1 1 1 G 1 1 
1 1 0 # H 0 1 1 
1 1 0 0 0 0 1 1 
1 S 0 0 1 # 1 1 
1 1 # 0 1 0 1 1 
1 1 1 1 1 1 1 1 
1 1 1 1 1 1 1 1 
R23 T3

Map8
1 1 1 1 1 1 1 1 
1 1 1 1 1 1 1 1 
1 1 0 0 0 0 1 1 
1 1 0 # H 0 S 1 
1 1 0 0 0 0 1 1 
1 1 0 0 0 0 1 1 
1 1 G 1 1 1 1 1 
1 1 1 1 1 1 1 1 
D52 T3

Map8
1 1 1 1 1 1 1 1 
1 1 G 1 1 1 1 1 
1 1 0 0 1 0 1 1 
1 1 0 0 0 0 1 1 
1 1 F H 0 0 S 1 
1 1 0 0 0 # 1 1 
1 1 1 1 1 1 1 1 
1 1 1 1 1 1 1 1 
U45 T3

Map8
1 1 1 1 1 1 1 1 
1 1 1 1 1 S 1 1 
1 1 0 0 0 0 1 1 
1 1 0 1 0 F 1 1 
1 1 F 0 0 0 1 1 
1 1 F 0 F 0 1 1 
1 1 G 1 1 1 1 1 
1 1 1 1 1 1 1 1 
U54 T3

Map8
1 1 1 1 1 1 1 1 
1 1 1 1 1 1 1 1 
1 1 0 0 0 0 1 1 
1 1 0 0 0 0 1 1 
1 1 0 H 0 0 S 1 
1 1 0 0 0 0 1 1 
1 1 1 G 1 1 1 1 
1 1 1 1 1 1 1 1 
U45 T5

Map8
1 1 1 1 1 1 1 1 
1 1 1 1 1 1 1 1 
1 1 H 0 0 F 1 1 
1 G 0 F 0 F 1 1 
1 1 0 0 1 # 1 1 
1 1 1 0 0 H 1 1 
1 1 1 1 S 1 1 1 
1 1 1 1 1 1 1 1 
L43 T3

Map8
1 1 1 1 1 1 1 1 
1 1 1 1 S 1 1 1 
1 1 # 0 0 0 1 1 
1 1 0 0 0 0 1 1 
1 1 0 F 0 0 1 1 
1 1 0 0 F 0 G 1 
1 1 1 1 1 1 1 1 
1 1 1 1 1 1 1 1 
L52 T3

Map8
1 1 1 1 1 1 1 1 
1 1 1 1 1 S 1 1 
1 1 0 0 0 0 1 1 
1 1 0 0 # 0 1 1 
1 1 0 0 0 0 1 1 
1 1 1 0 0 F G 1 
1 1 1 1 1 1 1 1 
1 1 1 1 1 1 1 1 
U54 T6

Map8
1 1 1 1 1 1 1 1 
1 1 1 1 1 1 1 1 
1 1 0 0 H 0 1 1 
1 1 0 H 0 0 S 1 
1 1 1 0 0 0 1 1 
1 1 1 0 0 0 1 1 
1 1 1 G 1 1 1 1 
1 1 1 1 1 1 1 1 
D52 T3

Map8
1 1 1 1 1 1 1 1 
1 1 1 S 1 1 1 1 
1 1 0 0 0 0 1 1 
1 G 0 H 0 0 1 1 
1 1 0 0 0 0 1 1 
1 1 0 0 0 0 1 1 
1 1 1 1 1 1 1 1 
1 1 1 1 1 1 1 1 
R22 T5

Map8
1 1 1 1 1 1 1 1 
1 1 1 1 1 S 1 1 
1 1 0 0 H 0 1 1 
1 1 0 0 0 0 1 1 
1 1 F 0 0 0 1 1 
1 1 0 0 F 1 1 1 
1 1 G 1 1 1 1 1 
1 1 1 1 1 1 1 1 
U35 T4

Map8
1 1 1 1 1 1 1 1 
1 1 G 1 1 S 1 1 
1 1 0 0 0 0 1 1 
1 1 0 0 0 # 1 1 
1 1 0 0 0 0 1 1 
1 1 0 0 0 H 1 1 
1 1 1 1 1 1 1 1 
1 1 1 1 1 1 1 1 
U54 T3

Map8
1 1 1 1 1 1 1 1 
1 1 1 1 1 1 1 1 
1 1 0 0 0 0 G 1 
1 1 0 H 0 0 1 1 
1 1 F 0 F 0 S 1 
1 1 0 0 H 0 1 1 
1 1 1 1 1 1 1 1 
1 1 1 1 1 1 1 1 
R34 T3

Map8
1 1 1 1 1 1 1 1 
1 1 1 1 G 1 1 1 
1 1 # 0 0 0 1 1 
1 1 0 H 0 0 S 1 
1 1 0 0 0 0 1 1 
1 1 0 0 0 0 1 1 
1 1 1 1 1 1 1 1 
1 1 1 1 1 1 1 1 
D52 T5

Map8
1 1 1 1 1 1 1 1 
1 1 G 1 1 1 1 1 
1 1 # 0 0 0 1 1 
1 1 0 F 0 0 1 1 
1 1 H 0 0 0 S 1 
1 1 0 H 0 0 1 1 
1 1 1 1 1 1 1 1 
1 1 1 1 1 1 1 1 
U45 T3

Map8
1 1 1 1 1 1 1 1 
1 1 1 1 S 1 1 1 
1 1 0 # 0 0 1 1 
1 1 H 0 0 0 1 1 
1 1 0 0 H F 1 1 
1 1 0 0 0 0 1 1 
1 1 G 1 1 1 1 1 
1 1 1 1 1 1 1 1 
R33 T4

Map8
1 1 1 1 1 1 1 1 
1 1 1 1 1 S 1 1 
1 1 1 0 0 0 1 1 
1 1 0 1 0 0 1 1 
1 1 0 0 F 0 1 1 
1 G 0 0 H F 1 1 
1 1 1 1 1 1 1 1 
1 1 1 1 1 1 1 1 
L54 T5

Map8
1 1 1 1 1 1 1 1 
1 1 1 1 1 1 1 1 
1 1 0 F 0 0 1 1 
1 S 0 0 0 F 1 1 
1 1 H 0 0 0 1 1 
1 1 0 0 H 0 G 1 
1 1 1 1 1 1 1 1 
1 1 1 1 1 1 1 1 
U44 T4

Map8
1 1 1 1 1 1 1 1 
1 1 1 G 1 1 1 1 
1 1 # 0 0 0 S 1 
1 1 0 1 0 0 1 1 
1 1 0 0 0 1 1 1 
1 1 0 0 0 H 1 1 
1 1 1 1 1 1 1 1 
1 1 1 1 1 1 1 1 
D42 T7

Map8
1 1 1 1 1 1 1 1 
1 1 1 1 1 1 1 1 
1 G 0 0 H 0 1 1 
1 1 # 0 0 0 1 1 
1 1 0 0 0 # 1 1 
1 S 0 F 0 0 1 1 
1 1 1 1 1 1 1 1 
1 1 1 1 1 1 1 1 
L45 T3

Map8
1 1 1 1 1 1 1 1 
1 1 1 1 S 1 1 1 
1 1 0 0 0 0 1 1 
1 1 F F F 0 1 1 
1 1 0 0 H 0 1 1 
1 1 0 0 0 0 1 1 
1 1 G 1 1 1 1 1 
1 1 1 1 1 1 1 1 
R32 T4

Map8
1 1 1 1 1 1 1 1 
1 1 1 1 1 1 1 1 
1 1 0 0 0 0 1 1 
1 1 H 0 H 0 1 1 
1 1 0 0 # 0 1 1 
1 1 0 0 0 0 1 1 
1 1 G 1 S 1 1 1 
1 1 1 1 1 1 1 1 
R34 T4

Map8
1 1 1 1 1 1 1 1 
1 1 1 1 S 1 1 1 
1 1 0 0 0 0 1 1 
1 1 H 0 F F 1 1 
1 1 F 0 0 F 1 1 
1 1 0 1 H 0 G 1 
1 1 1 1 1 1 1 1 
1 1 1 1 1 1 1 1 
R32 T3

Map8
1 1 1 1 1 1 1 1 
1 1 G 1 1 1 1 1 
1 1 0 0 0 0 1 1 
1 1 H 0 0 0 1 1 
1 1 0 H 0 0 1 1 
1 1 0 0 0 0 1 1 
1 1 1 S 1 1 1 1 
1 1 1 1 1 1 1 1 
R25 T4

Map8
1 1 1 1 1 1 1 1 
1 1 1 1 1 1 1 1 
1 1 0 0 0 0 G 1 
1 1 F H 0 # 1 1 
1 1 0 0 0 0 1 1 
1 1 # 0 0 0 1 1 
1 1 1 S 1 1 1 1 
1 1 1 1 1 1 1 1 
L44 T3

Map8
1 1 1 1 1 1 1 1 
1 1 1 1 1 1 1 1 
1 1 0 0 0 0 1 1 
1 S 0 H 0 0 1 1 
1 1 0 0 0 0 1 1 
1 1 0 0 0 0 G 1 
1 1 1 1 1 1 1 1 
1 1 1 1 1 1 1 1 
U24 T4

Map8
1 1 1 1 1 1 1 1 
1 1 1 1 1 S 1 1 
1 1 0 0 0 0 1 1 
1 1 F 0 1 F 1 1 
1 1 0 0 0 0 1 1 
1 1 F 0 0 0 1 1 
1 1 G 1 1 1 1 1 
1 1 1 1 1 1 1 1 
U54 T3

Map8
1 1 1 1 1 1 1 1 
1 1 G 1 1 1 1 1 
1 1 0 0 0 1 1 1 
1 1 1 0 0 H 1 1 
1 S 0 0 # 0 1 1 
1 1 0 0 0 0 1 1 
1 1 1 1 1 1 1 1 
1 1 1 1 1 1 1 1 
U35 T3

Map8
1 1 1 1 1 1 1 1 
1 1 1 1 S 1 1 1 
1 1 # 0 0 F 1 1 
1 1 0 0 0 0 1 1 
1 1 0 0 H 0 1 1 
1 G 0 F 0 0 1 1 
1 1 1 1 1 1 1 1 
1 1 1 1 1 1 1 1 
R33 T3

Map8
1 1 1 1 1 1 1 1 
1 1 1 S 1 1 1 1 
1 1 0 0 1 0 1 1 
1 1 0 0 F 0 1 1 
1 1 0 0 0 0 1 1 
1 G 0 F 0 0 1 1 
1 1 1 1 1 1 1 1 
1 1 1 1 1 1 1 1 
R23 T3

Map8
1 1 1 1 1 1 1 1 
1 1 1 1 1 G 1 1 
1 1 0 0 0 0 1 1 
1 1 0 0 0 0 1 1 
1 1 0 0 H 0 1 1 
1 1 0 0 0 0 1 1 
1 1 1 1 S 1 1 1 
1 1 1 1 1 1 1 1 
L55 T4

Map8
1 1 1 1 1 1 1 1 
1 1 1 1 1 1 1 1 
1 1 0 0 0 0 1 1 
1 1 0 0 # 0 1 1 
1 S 0 0 H 0 1 1 
1 1 H # 0 # 1 1 
1 1 1 1 1 G 1 1 
1 1 1 1 1 1 1 1 
D33 T3

Map8
1 1 1 1 1 1 1 1 
1 1 1 1 1 1 1 1 
1 1 0 0 # 0 G 1 
1 1 0 0 0 0 1 1 
1 S F 0 H F 1 1 
1 1 0 0 0 0 1 1 
1 1 1 1 1 1 1 1 
1 1 1 1 1 1 1 1 
D23 T4

Map8
1 1 1 1 1 1 1 1 
1 1 1 1 1 1 1 1 
1 1 F 0 0 0 1 1 
1 1 0 H 0 0 S 1 
1 1 0 0 0 0 1 1 
1 1 0 0 0 0 1 1 
1 1 G 1 1 1 1 1 
1 1 1 1 1 1 1 1 
D42 T3

Map8
1 1 1 1 1 1 1 1 
1 1 1 1 1 1 1 1 
1 G 0 0 F 0 1 1 
1 1 0 0 0 0 1 1 
1 1 0 0 0 # 1 1 
1 1 F 0 # 0 1 1 
1 1 1 1 S 1 1 1 
1 1 1 1 1 1 1 1 
R33 T3

Map8
1 1 1 1 1 1 1 1 
1 1 1 1 1 1 1 1 
1 1 1 1 0 0 G 1 
1 1 0 H 0 0 1 1 
1 1 0 # 0 0 1 1 
1 1 0 0 0 0 1 1 
1 1 1 S 1 1 1 1 
1 1 1 1 1 1 1 1 
R24 T3

Map8
1 1 1 1 1 1 1 1 
1 1 1 S 1 1 1 1 
1 1 0 0 0 0 1 1 
1 1 0 F 0 0 1 1 
1 1 0 0 0 0 1 1 
1 1 # F 0 0 G 1 
1 1 1 1 1 1 1 1 
1 1 1 1 1 1 1 1 
R22 T3

Map8
1 1 1 1 1 1 1 1 
1 1 1 1 1 1 1 1 
1 1 # 0 0 H 1 1 
1 1 0 0 # 0 1 1 
1 S 0 0 H 0 1 1 
1 1 0 # 0 0 1 1 
1 1 1 1 1 G 1 1 
1 1 1 1 1 1 1 1 
D23 T3

Map8
1 1 1 1 1 1 1 1 
1 1 1 1 1 1 1 1 
1 1 0 0 0 0 1 1 
1 1 0 0 0 0 1 1 
1 S 0 H 0 0 1 1 
1 1 0 1 0 0 1 1 
1 1 1 1 G 1 1 1 
1 1 1 1 1 1 1 1 
U25 T5

Map8
1 1 1 1 1 1 1 1 
1 1 1 1 1 1 1 1 
1 G 0 H 0 0 1 1 
1 1 0 0 0 0 1 1 
1 1 0 0 0 0 1 1 
1 1 H 0 0 0 1 1 
1 1 1 S 1 1 1 1 
1 1 1 1 1 1 1 1 
L43 T3

Map8
1 1 1 1 1 1 1 1 
1 1 1 1 1 S 1 1 
1 1 0 0 0 0 1 1 
1 1 0 0 0 F 1 1 
1 1 0 1 F 0 1 1 
1 1 0 F 0 0 1 1 
1 1 1 1 G 1 1 1 
1 1 1 1 1 1 1 1 
D42 T6

Map8
1 1 1 1 1 1 1 1 
1 1 1 1 1 1 1 1 
1 1 0 # # 0 1 1 
1 1 0 H 0 0 1 1 
1 1 0 0 0 0 1 1 
1 1 0 0 H 0 G 1 
1 1 1 S 1 1 1 1 
1 1 1 1 1 1 1 1 
R24 T3

Map8
1 1 1 1 1 1 1 1 
1 1 1 1 G 1 1 1 
1 1 0 0 0 0 1 1 
1 1 H 0 F 0 S 1 
1 1 0 0 0 0 1 1 
1 1 0 0 # 0 1 1 
1 1 1 1 1 1 1 1 
1 1 1 1 1 1 1 1 
D32 T5

Map8
1 1 1 1 1 1 1 1 
1 1 1 1 G 1 1 1 
1 1 # 0 # 0 1 1 
1 1 # H 0 0 S 1 
1 1 0 F F 0 1 1 
1 1 0 0 0 0 1 1 
1 1 1 1 1 1 1 1 
1 1 1 1 1 1 1 1 
D52 T5

Map8
1 1 1 1 1 1 1 1 
1 1 1 1 1 1 1 1 
1 1 0 0 0 1 1 1 
1 1 1 0 0 0 1 1 
1 1 0 0 H 0 S 1 
1 1 0 # # 0 1 1 
1 1 G 1 1 1 1 1 
1 1 1 1 1 1 1 1 
U55 T5

Map8
1 1 1 1 1 1 1 1 
1 1 1 1 1 1 1 1 
1 1 0 0 0 H 1 1 
1 S 0 F 0 0 1 1 
1 1 # 0 0 0 1 1 
1 1 0 F 0 H 1 1 
1 1 G 1 1 1 1 1 
1 1 1 1 1 1 1 1 
U34 T3

Map8
1 1 1 1 1 1 1 1 
1 1 1 1 1 1 1 1 
1 G 0 F 1 0 1 1 
1 1 0 0 0 0 1 1 
1 1 0 0 0 0 1 1 
1 1 0 0 0 0 1 1 
1 1 1 S 1 1 1 1 
1 1 1 1 1 1 1 1 
L43 T3

Map8
1 1 1 1 1 1 1 1 
1 1 1 1 1 1 1 1 
1 S 0 1 0 0 1 1 
1 1 0 0 0 F 1 1 
1 1 1 0 0 0 1 1 
1 1 0 0 0 0 G 1 
1 1 1 1 1 1 1 1 
1 1 1 1 1 1 1 1 
D42 T4

Map8
1 1 1 1 1 1 1 1 
1 1 1 1 1 1 1 1 
1 1 H 0 0 0 1 1 
1 1 0 0 0 0 1 1 
1 S 0 0 H 1 1 1 
1 1 0 0 0 0 1 1 
1 1 1 1 1 G 1 1 
1 1 1 1 1 1 1 1 
D23 T3

Map8
1 1 1 1 1 1 1 1 
1 1 1 1 1 1 1 1 
1 G F 0 0 1 1 1 
1 1 0 1 0 1 1 1 
1 1 0 0 0 0 1 1 
1 1 0 0 0 0 1 1 
1 1 1 1 1 S 1 1 
1 1 1 1 1 1 1 1 
U45 T3

Map8
1 1 1 1 1 1 1 1 
1 1 1 1 S 1 1 1 
1 1 0 0 0 0 1 1 
1 1 0 0 H 0 1 1 
1 1 0 0 H 0 1 1 
1 G 0 H 0 0 1 1 
1 1 1 1 1 1 1 1 
1 1 1 1 1 1 1 1 
L52 T3

Map8
1 1 1 1 1 1 1 1 
1 1 1 S 1 1 1 1 
1 1 # 0 H 0 G 1 
1 1 F # 0 0 1 1 
1 1 0 F 0 0 1 1 
1 1 0 F 0 0 1 1 
1 1 1 1 1 1 1 1 
1 1 1 1 1 1 1 1 
L44 T5

Map8
1 1 1 1 1 1 1 1 
1 1 1 1 1 1 1 1 
1 1 0 0 H 0 1 1 
1 1 0 H 0 0 S 1 
1 1 0 0 H 0 1 1 
1 1 0 0 0 0 1 1 
1 1 G 1 1 1 1 1 
1 1 1 1 1 1 1 1 
D52 T3

Map8
1 1 1 1 1 1 1 1 
1 1 1 1 1 S 1 1 
1 1 0 1 0 0 1 1 
1 1 0 1 0 0 1 1 
1 1 0 0 0 0 1 1 
1 1 0 0 0 H 1 1 
1 1 G 1 1 1 1 1 
1 1 1 1 1 1 1 1 
L54 T4

Map8
1 1 1 1 1 1 1 1 
1 1 1 1 1 1 1 1 
1 1 0 0 0 0 G 1 
1 1 0 0 F 0 1 1 
1 1 0 0 H 0 1 1 
1 1 # 0 0 0 1 1 
1 1 1 1 S 1 1 1 
1 1 1 1 1 1 1 1 
L55 T3

Map8
1 1 1 1 1 1 1 1 
1 1 1 1 1 1 1 1 
1 1 H 0 0 H 1 1 
1 1 F 0 F F S 1 
1 1 H 0 0 0 1 1 
1 1 0 0 0 0 1 1 
1 1 G 1 1 1 1 1 
1 1 1 1 1 1 1 1 
D32 T3

Map8
1 1 1 1 1 1 1 1 
1 1 1 1 1 1 1 1 
1 1 0 0 0 H 1 1 
1 1 F H # H 1 1 
1 S 0 F 0 0 1 1 
1 1 0 0 0 F G 1 
1 1 1 1 1 1 1 1 
1 1 1 1 1 1 1 1 
L44 T3

Map8
1 1 1 1 1 1 1 1 
1 1 1 1 1 G 1 1 
1 1 0 0 0 0 1 1 
1 1 0 0 H H 1 1 
1 1 0 0 0 H 1 1 
1 1 0 0 # 0 1 1 
1 1 1 1 S 1 1 1 
1 1 1 1 1 1 1 1 
L55 T4

Map8
1 1 1 1 1 1 1 1 
1 1 1 1 G 1 1 1 
1 1 H 0 0 H 1 1 
1 1 1 1 0 0 1 1 
1 1 0 F 0 0 1 1 
1 S 0 0 0 F 1 1 
1 1 1 1 1 1 1 1 
1 1 1 1 1 1 1 1 
U45 T4

Map8
1 1 1 1 1 1 1 1 
1 1 1 1 1 1 1 1 
1 1 0 0 # # G 1 
1 1 0 0 0 0 1 1 
1 1 0 H 0 0 1 1 
1 1 0 0 0 0 1 1 
1 1 1 S 1 1 1 1 
1 1 1 1 1 1 1 1 
L45 T3

Map8
1 1 1 1 1 1 1 1 
1 1 1 1 1 1 1 1 
1 1 0 0 0 0 G 1 
1 1 0 0 0 0 1 1 
1 S 0 F 1 0 1 1 
1 1 0 F F 0 1 1 
1 1 1 1 1 1 1 1 
1 1 1 1 1 1 1 1 
D23 T4

Map8
1 1 1 1 1 1 1 1 
1 1 1 1 1 1 1 1 
1 G 0 0 H 0 1 1 
1 1 0 0 H 0 1 1 
1 1 # 0 0 0 1 1 
1 1 0 H 0 0 1 1 
1 1 1 1 S 1 1 1 
1 1 1 1 1 1 1 1 
L54 T3

Map8
1 1 1 1 1 1 1 1 
1 1 1 1 1 1 1 1 
1 1 0 0 H 1 1 1 
1 1 H 0 0 0 G 1 
1 1 0 0 H 0 1 1 
1 1 0 0 0 0 1 1 
1 1 1 1 S 1 1 1 
1 1 1 1 1 1 1 1 
R35 T3

Map8
1 1 1 1 1 1 1 1 
1 1 1 1 S 1 1 1 
1 1 0 H F 0 1 1 
1 1 0 0 0 0 1 1 
1 1 0 H H 0 G 1 
1 1 # 0 0 0 1 1 
1 1 1 1 1 1 1 1 
1 1 1 1 1 1 1 1 
L53 T5

Map8
1 1 1 1 1 1 1 1 
1 1 1 1 S 1 1 1 
1 1 1 0 0 H 1 1 
1 1 0 0 0 1 1 1 
1 1 0 1 H 0 1 1 
1 G 0 0 0 H 1 1 
1 1 1 1 1 1 1 1 
1 1 1 1 1 1 1 1 
L43 T5

Map8
1 1 1 1 1 1 1 1 
1 1 1 1 1 1 1 1 
1 1 0 0 0 0 1 1 
1 S 0 0 H 0 G 1 
1 1 0 0 0 1 1 1 
1 1 0 0 0 0 1 1 
1 1 1 1 1 1 1 1 
1 1 1 1 1 1 1 1 
U24 T4

Map8
1 1 1 1 1 1 1 1 
1 1 1 S 1 1 1 1 
1 1 0 0 0 # 1 1 
1 G 0 0 0 0 1 1 
1 1 0 F 0 # 1 1 
1 1 # 0 0 0 1 1 
1 1 1 1 1 1 1 1 
1 1 1 1 1 1 1 1 
R22 T5

Map8
1 1 1 1 1 1 1 1 
1 1 1 S 1 1 1 1 
1 1 0 # 0 0 1 1 
1 1 # 0 0 0 G 1 
1 1 0 H H 0 1 1 
1 1 0 0 0 0 1 1 
1 1 1 1 1 1 1 1 
1 1 1 1 1 1 1 1 
R22 T5

Map8
1 1 1 1 1 1 1 1 
1 1 1 1 1 1 1 1 
1 1 F 0 0 0 1 1 
1 1 0 0 F H 1 1 
1 S 0 H F 0 1 1 
1 1 0 F 0 0 1 1 
1 1 1 1 1 G 1 1 
1 1 1 1 1 1 1 1 
D23 T3

Map8
1 1 1 1 1 1 1 1 
1 1 1 1 1 1 1 1 
1 1 0 0 0 0 1 1 
1 1 0 0 0 0 1 1 
1 1 F 0 1 F S 1 
1 1 0 0 1 0 1 1 
1 1 G 1 1 1 1 1 
1 1 1 1 1 1 1 1 
U55 T3

Map8
1 1 1 1 1 1 1 1 
1 1 1 1 1 1 1 1 
1 G 0 0 F 0 1 1 
1 1 0 0 H 0 1 1 
1 1 0 0 0 H 1 1 
1 1 0 0 0 0 1 1 
1 1 1 1 S 1 1 1 
1 1 1 1 1 1 1 1 
L55 T3

Map8
1 1 1 1 1 1 1 1 
1 1 1 1 G 1 1 1 
1 1 0 0 # 0 1 1 
1 1 0 0 F 0 S 1 
1 1 0 0 F 0 1 1 
1 1 0 0 0 0 1 1 
1 1 1 1 1 1 1 1 
1 1 1 1 1 1 1 1 
D32 T5

Map8
1 1 1 1 1 1 1 1 
1 1 1 1 S 1 1 1 
1 1 0 F 0 0 1 1 
1 1 0 0 0 0 1 1 
1 1 0 0 H 0 1 1 
1 1 0 0 F 0 G 1 
1 1 1 1 1 1 1 1 
1 1 1 1 1 1 1 1 
L52 T3

Map8
1 1 1 1 1 1 1 1 
1 1 G 1 1 1 1 1 
1 1 0 0 0 0 1 1 
1 1 1 1 0 0 1 1 
1 1 0 0 0 F S 1 
1 1 0 F 0 F 1 1 
1 1 1 1 1 1 1 1 
1 1 1 1 1 1 1 1 
U45 T3

Map8
1 1 1 1 1 1 1 1 
1 1 1 1 1 1 1 1 
1 1 0 0 0 0 1 1 
1 1 F 0 0 F 1 1 
1 1 F H 0 0 S 1 
1 1 0 0 0 0 1 1 
1 1 G 1 1 1 1 1 
1 1 1 1 1 1 1 1 
U45 T3

Map8
1 1 1 1 1 1 1 1 
1 1 1 1 1 1 1 1 
1 1 0 F 0 0 1 1 
1 1 0 0 0 H 1 1 
1 1 0 F F # 1 1 
1 1 F 0 H 0 G 1 
1 1 1 S 1 1 1 1 
1 1 1 1 1 1 1 1 
R24 T3

Map8
1 1 1 1 1 1 1 1 
1 1 1 1 S 1 1 1 
1 1 0 0 0 0 1 1 
1 1 0 0 H 0 1 1 
1 1 0 0 0 0 1 1 
1 1 H 0 0 0 G 1 
1 1 1 1 1 1 1 1 
1 1 1 1 1 1 1 1 
R32 T3

Map8
1 1 1 1 1 1 1 1 
1 1 1 1 1 1 1 1 
1 1 F 0 0 0 G 1 
1 1 0 0 1 H 1 1 
1 1 H 0 0 0 1 1 
1 1 0 0 0 1 1 1 
1 1 1 1 S 1 1 1 
1 1 1 1 1 1 1 1 
U35 T3

Map8
1 1 1 1 1 1 1 1 
1 1 1 1 1 G 1 1 
1 1 # 0 # 0 1 1 
1 S # H 0 0 1 1 
1 1 0 0 H 0 1 1 
1 1 0 0 0 H 1 1 
1 1 1 1 1 1 1 1 
1 1 1 1 1 1 1 1 
U24 T3

Map8
1 1 1 1 1 1 1 1 
1 1 1 1 1 1 1 1 
1 G 0 0 # 0 1 1 
1 1 0 0 H # 1 1 
1 1 0 0 0 0 1 1 
1 1 0 0 0 0 1 1 
1 1 1 1 S 1 1 1 
1 1 1 1 1 1 1 1 
R34 T3

Map8
1 1 1 1 1 1 1 1 
1 1 G 1 1 1 1 1 
1 1 0 0 0 H 1 1 
1 1 0 H 0 0 1 1 
1 1 H 0 0 0 S 1 
1 1 0 0 0 0 1 1 
1 1 1 1 1 1 1 1 
1 1 1 1 1 1 1 1 
U45 T3

Map8
1 1 1 1 1 1 1 1 
1 1 1 G 1 1 1 1 
1 1 0 0 # 0 1 1 
1 1 # 0 F 0 S 1 
1 1 0 0 0 0 1 1 
1 1 0 F 0 0 1 1 
1 1 1 1 1 1 1 1 
1 1 1 1 1 1 1 1 
D22 T5

Map8
1 1 1 1 1 1 1 1 
1 1 1 1 1 1 1 1 
1 1 1 H F 0 1 1 
1 1 0 H 0 1 1 1 
1 S 0 # 0 F 1 1 
1 G 0 0 0 F 1 1 
1 1 1 1 1 1 1 1 
1 1 1 1 1 1 1 1 
L44 T3

Map8
1 1 1 1 1 1 1 1 
1 1 1 G 1 1 1 1 
1 1 1 0 1 0 1 1 
1 1 0 0 1 0 1 1 
1 1 # H 0 0 S 1 
1 1 0 0 0 0 1 1 
1 1 1 1 1 1 1 1 
1 1 1 1 1 1 1 1 
D53 T5

Map8
1 1 1 1 1 1 1 1 
1 1 1 S 1 G 1 1 
1 1 1 0 0 0 1 1 
1 1 0 F 0 H 1 1 
1 1 0 0 0 0 1 1 
1 1 1 H 1 0 1 1 
1 1 1 1 1 1 1 1 
1 1 1 1 1 1 1 1 
U34 T3

Map8
1 1 1 1 1 1 1 1 
1 1 1 1 1 1 1 1 
1 1 H 0 0 0 G 1 
1 1 F F 0 0 1 1 
1 1 H 0 H 0 1 1 
1 1 0 0 0 0 1 1 
1 1 1 1 S 1 1 1 
1 1 1 1 1 1 1 1 
R35 T3

Map8
1 1 1 1 1 1 1 1 
1 1 1 1 1 1 1 1 
1 1 F 0 0 # 1 1 
1 1 0 0 0 0 1 1 
1 1 H 0 0 0 S 1 
1 1 # 0 0 0 1 1 
1 1 G 1 1 1 1 1 
1 1 1 1 1 1 1 1 
D33 T3

Map8
1 1 1 1 1 1 1 1 
1 1 1 1 1 1 1 1 
1 1 0 0 0 0 1 1 
1 S # 0 # H 1 1 
1 1 1 0 0 0 1 1 
1 1 0 0 0 # 1 1 
1 1 1 1 1 G 1 1 
1 1 1 1 1 1 1 1 
D32 T3

Map8
1 1 1 1 1 1 1 1 
1 1 G 1 1 S 1 1 
1 1 0 1 0 0 1 1 
1 1 0 0 0 1 1 1 
1 1 0 0 0 0 1 1 
1 1 0 0 F 0 1 1 
1 1 1 1 1 1 1 1 
1 1 1 1 1 1 1 1 
L54 T4

Map8
1 1 1 1 1 1 1 1 
1 1 1 1 1 1 1 1 
1 1 0 0 0 0 G 1 
1 1 0 0 0 0 1 1 
1 1 0 0 H 0 1 1 
1 1 0 0 0 0 1 1 
1 1 1 1 S 1 1 1 
1 1 1 1 1 1 1 1 
R35 T3

Map8
1 1 1 1 1 1 1 1 
1 1 1 1 S 1 1 1 
1 1 0 0 0 0 1 1 
1 1 # F 0 # 1 1 
1 1 0 0 F 0 G 1 
1 1 # F 0 0 1 1 
1 1 1 1 1 1 1 1 
1 1 1 1 1 1 1 1 
L55 T5

Map8
1 1 1 1 1 1 1 1 
1 1 1 1 1 1 1 1 
1 1 0 0 0 0 1 1 
1 S 0 H 0 0 1 1 
1 1 0 0 0 0 1 1 
1 1 0 0 1 0 G 1 
1 1 1 1 1 1 1 1 
1 1 1 1 1 1 1 1 
U24 T4

Map8
1 1 1 1 1 1 1 1 
1 1 1 1 1 1 1 1 
1 1 0 0 # 0 G 1 
1 1 0 H 0 H 1 1 
1 1 0 # H 0 1 1 
1 1 0 0 0 0 1 1 
1 1 1 1 S 1 1 1 
1 1 1 1 1 1 1 1 
L55 T3

Map8
1 1 1 1 1 1 1 1 
1 1 1 S 1 1 1 1 
1 1 0 0 0 1 1 1 
1 1 0 H 0 0 1 1 
1 1 0 0 0 0 1 1 
1 1 0 0 1 0 G 1 
1 1 1 1 1 1 1 1 
1 1 1 1 1 1 1 1 
R22 T5

Map8
1 1 1 1 1 1 1 1 
1 1 G 1 1 S 1 1 
1 1 0 0 0 0 1 1 
1 1 0 0 0 F 1 1 
1 1 0 0 0 0 1 1 
1 1 0 0 0 H 1 1 
1 1 1 1 1 1 1 1 
1 1 1 1 1 1 1 1 
U54 T3

Map8
1 1 1 1 1 1 1 1 
1 1 1 1 1 1 1 1 
1 G 0 0 F 0 1 1 
1 1 F 0 0 F 1 1 
1 1 0 0 0 0 1 1 
1 1 0 0 F 0 1 1 
1 1 1 1 S 1 1 1 
1 1 1 1 1 1 1 1 
R34 T3

Map8
1 1 1 1 1 1 1 1 
1 1 1 1 1 1 1 1 
1 1 F 0 1 0 1 1 
1 S 0 # 0 H 1 1 
1 1 0 0 0 0 1 1 
1 1 0 0 0 0 G 1 
1 1 1 1 1 1 1 1 
1 1 1 1 1 1 1 1 
L43 T3

Map8
1 1 1 1 1 1 1 1 
1 1 1 S 1 1 1 1 
1 1 0 0 0 0 1 1 
1 G 0 H 0 # 1 1 
1 1 0 0 0 0 1 1 
1 1 0 F 0 0 1 1 
1 1 1 1 1 1 1 1 
1 1 1 1 1 1 1 1 
R22 T5

Map8
1 1 1 1 1 1 1 1 
1 1 1 1 1 1 1 1 
1 1 0 0 0 0 G 1 
1 S 0 H # F 1 1 
1 1 0 0 0 0 1 1 
1 1 # 0 0 # 1 1 
1 1 1 1 1 1 1 1 
1 1 1 1 1 1 1 1 
D22 T4

Map8
1 1 1 1 1 1 1 1 
1 1 1 1 1 1 1 1 
1 G 0 0 0 0 1 1 
1 S 0 F 0 F 1 1 
1 1 0 0 0 0 1 1 
1 1 H F 0 F 1 1 
1 1 1 1 1 1 1 1 
1 1 1 1 1 1 1 1 
L43 T3

Map8
1 1 1 1 1 1 1 1 
1 1 1 1 1 1 1 1 
1 1 0 0 # H 1 1 
1 1 0 0 0 # 1 1 
1 1 F 0 0 0 S 1 
1 1 0 0 0 0 1 1 
1 1 G 1 1 1 1 1 
1 1 1 1 1 1 1 1 
U35 T3

Map8
1 1 1 1 1 1 1 1 
1 1 1 1 1 1 1 1 
1 G 0 0 0 0 1 1 
1 S 0 # 0 F 1 1 
1 1 0 0 F 0 1 1 
1 1 0 0 0 0 1 1 
1 1 1 1 1 1 1 1 
1 1 1 1 1 1 1 1 
L43 T3

Map8
1 1 1 1 1 1 1 1 
1 1 1 1 1 1 1 1 
1 1 0 0 0 0 G 1 
1 1 0 F H 0 1 1 
1 S 0 F H F 1 1 
1 1 0 0 0 0 1 1 
1 1 1 1 1 1 1 1 
1 1 1 1 1 1 1 1 
D23 T4

Map8
1 1 1 1 1 1 1 1 
1 1 1 1 1 1 1 1 
1 1 0 0 0 0 1 1 
1 1 0 0 0 0 1 1 
1 S 0 0 H 0 1 1 
1 1 0 0 0 0 1 1 
1 1 1 G 1 1 1 1 
1 1 1 1 1 1 1 1 
U25 T5

Map8
1 1 1 1 1 1 1 1 
1 1 1 1 1 1 1 1 
1 1 0 0 0 0 1 1 
1 1 0 0 0 0 1 1 
1 1 0 0 H 0 S 1 
1 1 0 0 0 0 1 1 
1 1 G 1 1 1 1 1 
1 1 1 1 1 1 1 1 
U55 T3

Map8
1 1 1 1 1 1 1 1 
1 1 1 1 S 1 1 1 
1 G 0 1 0 0 1 1 
1 1 0 0 0 0 1 1 
1 1 0 1 H 0 1 1 
1 1 0 H 0 0 1 1 
1 1 1 1 1 1 1 1 
1 1 1 1 1 1 1 1 
L53 T3

Map8
1 1 1 1 1 1 1 1 
1 1 1 1 1 S 1 1 
1 1 0 0 F 0 1 1 
1 1 0 0 0 0 1 1 
1 1 0 F 0 F 1 1 
1 1 0 F # 0 1 1 
1 1 1 1 G 1 1 1 
1 1 1 1 1 1 1 1 
U55 T5

Map8
1 1 1 1 1 1 1 1 
1 1 1 S 1 1 1 1 
1 1 H 0 # 1 1 1 
1 1 0 0 0 0 1 1 
1 1 0 H 0 F 1 1 
1 1 0 F F 0 1 1 
1 1 1 1 1 G 1 1 
1 1 1 1 1 1 1 1 
L43 T4

Map8
1 1 1 1 1 1 1 1 
1 1 1 1 1 1 1 1 
1 1 0 0 # 0 1 1 
1 S 0 0 0 H 1 1 
1 1 0 0 0 0 1 1 
1 1 0 0 0 0 1 1 
1 1 1 1 1 G 1 1 
1 1 1 1 1 1 1 1 
D22 T3

Map8
1 1 1 1 1 1 1 1 
1 1 1 1 1 G 1 1 
1 1 0 0 0 0 1 1 
1 S 0 0 H 0 1 1 
1 1 0 0 0 0 1 1 
1 1 0 0 0 0 1 1 
1 1 1 1 1 1 1 1 
1 1 1 1 1 1 1 1 
D22 T3

Map8
1 1 1 1 1 1 1 1 
1 1 1 1 S 1 1 1 
1 1 0 # 0 0 1 1 
1 1 0 0 0 0 1 1 
1 1 0 0 H 0 1 1 
1 1 0 0 0 0 G 1 
1 1 1 1 1 1 1 1 
1 1 1 1 1 1 1 1 
L52 T3

Map8
1 1 1 1 1 1 1 1 
1 1 1 S 1 1 1 1 
1 1 0 # 0 F 1 1 
1 1 # 0 0 0 1 1 
1 1 0 0 # 0 1 1 
1 G 0 F 0 0 1 1 
1 1 1 1 1 1 1 1 
1 1 1 1 1 1 1 1 
R24 T3

Map8
1 1 1 1 1 1 1 1 
1 1 1 S 1 1 1 1 
1 1 0 0 0 0 1 1 
1 1 0 H 1 H 1 1 
1 1 0 F 0 0 1 1 
1 G # 0 H 0 1 1 
1 1 1 1 1 1 1 1 
1 1 1 1 1 1 1 1 
L42 T3

Map8
1 1 1 1 1 1 1 1 
1 1 1 1 1 1 1 1 
1 1 0 0 0 0 1 1 
1 1 0 0 0 0 1 1 
1 1 # 0 F 0 S 1 
1 1 0 0 0 0 1 1 
1 1 1 1 G 1 1 1 
1 1 1 1 1 1 1 1 
U35 T5

Map8
1 1 1 1 1 1 1 1 
1 1 G 1 1 1 1 1 
1 1 0 0 F 0 1 1 
1 1 # 0 0 0 1 1 
1 1 0 0 H 0 1 1 
1 1 # 0 0 0 1 1 
1 1 1 1 S 1 1 1 
1 1 1 1 1 1 1 1 
R35 T4

Map8
1 1 1 1 1 1 1 1 
1 1 1 1 1 1 1 1 
1 1 0 F 0 0 G 1 
1 1 0 0 F 0 1 1 
1 1 0 0 # 0 1 1 
1 1 0 0 0 0 1 1 
1 1 1 S 1 1 1 1 
1 1 1 1 1 1 1 1 
L45 T3

Map8
1 1 1 1 1 1 1 1 
1 1 1 1 1 1 1 1 
1 1 0 0 0 0 1 1 
1 1 0 0 H 0 1 1 
1 S 0 0 H 0 1 1 
1 1 0 1 0 0 1 1 
1 1 1 1 G 1 1 1 
1 1 1 1 1 1 1 1 
U25 T5

Map8
1 1 1 1 1 1 1 1 
1 1 1 1 S 1 1 1 
1 1 # 0 0 0 1 1 
1 1 0 0 F F 1 1 
1 1 0 F 1 # 1 1 
1 1 0 0 # 0 1 1 
1 1 1 1 1 G 1 1 
1 1 1 1 1 1 1 1 
L52 T4

Map8
1 1 1 1 1 1 1 1 
1 1 G 1 1 1 1 1 
1 1 0 0 0 0 1 1 
1 1 F 0 0 0 S 1 
1 1 0 0 0 0 1 1 
1 1 0 0 0 # 1 1 
1 1 1 1 1 1 1 1 
1 1 1 1 1 1 1 1 
D32 T3

Map8
1 1 1 1 1 1 1 1 
1 1 1 1 S 1 1 1 
1 1 0 0 0 0 1 1 
1 1 0 0 F 0 G 1 
1 1 0 0 0 0 1 1 
1 1 0 H 0 0 1 1 
1 1 1 1 1 1 1 1 
1 1 1 1 1 1 1 1 
L54 T5

Map8
1 1 1 1 1 1 1 1 
1 1 G 1 1 1 1 1 
1 1 # 0 0 0 1 1 
1 1 H 0 H F S 1 
1 1 0 0 0 0 1 1 
1 1 0 1 0 1 1 1 
1 1 1 1 1 1 1 1 
1 1 1 1 1 1 1 1 
U54 T3

Map8
1 1 1 1 1 1 1 1 
1 1 1 1 1 1 1 1 
1 G 0 0 H 0 1 1 
1 1 0 0 0 0 1 1 
1 1 0 H 0 0 1 1 
1 1 0 0 0 0 1 1 
1 1 1 1 S 1 1 1 
1 1 1 1 1 1 1 1 
L53 T3

Map8
1 1 1 1 1 1 1 1 
1 1 1 1 S 1 1 1 
1 1 H # 0 0 1 1 
1 1 H 0 0 0 1 1 
1 1 0 # H 0 1 1 
1 1 0 0 # 0 G 1 
1 1 1 1 1 1 1 1 
1 1 1 1 1 1 1 1 
R33 T3

Map8
1 1 1 1 1 1 1 1 
1 1 1 1 1 1 1 1 
1 1 0 0 0 0 1 1 
1 1 0 0 H 0 1 1 
1 1 0 H 0 0 S 1 
1 1 0 0 0 0 1 1 
1 1 1 1 G 1 1 1 
1 1 1 1 1 1 1 1 
U55 T5

Map8
1 1 1 1 1 1 1 1 
1 1 1 1 1 1 1 1 
1 1 0 0 0 0 G 1 
1 1 0 0 0 0 1 1 
1 1 0 H 0 0 1 1 
1 1 0 0 0 0 1 1 
1 1 1 S 1 1 1 1 
1 1 1 1 1 1 1 1 
L45 T3

Map8
1 1 1 1 1 1 1 1 
1 1 G 1 1 1 1 1 
1 1 0 0 0 0 1 1 
1 1 0 0 0 0 1 1 
1 1 0 H F 0 S 1 
1 1 0 0 0 0 1 1 
1 1 1 1 1 1 1 1 
1 1 1 1 1 1 1 1 
U45 T3

Map8
1 1 1 1 1 1 1 1 
1 1 1 1 1 G 1 1 
1 1 0 0 0 0 1 1 
1 1 0 0 0 0 1 1 
1 1 0 H 0 0 1 1 
1 1 0 0 0 0 1 1 
1 1 1 S 1 1 1 1 
1 1 1 1 1 1 1 1 
L45 T4

Map8
1 1 1 1 1 1 1 1 
1 1 1 S 1 1 1 1 
1 1 F 0 0 0 1 1 
1 1 0 F 0 0 1 1 
1 1 # 1 0 0 1 1 
1 1 # 0 0 0 G 1 
1 1 1 1 1 1 1 1 
1 1 1 1 1 1 1 1 
R23 T3

Map8
1 1 1 1 1 1 1 1 
1 1 1 1 1 1 1 1 
1 1 0 F 0 0 1 1 
1 1 0 0 0 0 1 1 
1 1 0 F 0 0 1 1 
1 1 F 0 # 0 G 1 
1 1 1 S 1 1 1 1 
1 1 1 1 1 1 1 1 
R22 T3

Map8
1 1 1 1 1 1 1 1 
1 1 1 1 1 G 1 1 
1 1 0 0 0 0 1 1 
1 S 0 0 H 0 1 1 
1 1 # 0 0 H 1 1 
1 1 0 0 0 0 1 1 
1 1 1 1 1 1 1 1 
1 1 1 1 1 1 1 1 
U34 T3

Map8
1 1 1 1 1 1 1 1 
1 1 1 1 1 1 1 1 
1 G 0 0 F # 1 1 
1 1 0 0 0 F 1 1 
1 1 0 F 0 0 1 1 
1 1 0 # F # 1 1 
1 1 1 1 S 1 1 1 
1 1 1 1 1 1 1 1 
L54 T3

Map8
1 1 1 1 1 1 1 1 
1 1 1 G 1 1 1 1 
1 1 0 0 0 # 1 1 
1 S 0 F 0 0 1 1 
1 1 0 0 0 0 1 1 
1 1 0 0 0 0 1 1 
1 1 1 1 1 1 1 1 
1 1 1 1 1 1 1 1 
D22 T5

Map8
1 1 1 1 1 1 1 1 
1 1 1 S 1 1 1 1 
1 1 0 F 0 0 1 1 
1 1 # H H 0 1 1 
1 1 0 # 0 0 1 1 
1 1 0 0 0 1 1 1 
1 1 1 1 G 1 1 1 
1 1 1 1 1 1 1 1 
R22 T6

Map8
1 1 1 1 1 1 1 1 
1 1 1 1 1 1 1 1 
1 1 # 0 0 0 1 1 
1 S 0 0 0 0 1 1 
1 1 0 H 0 0 G 1 
1 1 0 0 0 # 1 1 
1 1 1 1 1 1 1 1 
1 1 1 1 1 1 1 1 
L53 T5

Map8
1 1 1 1 1 1 1 1 
1 1 1 1 1 1 1 1 
1 S 0 # 0 1 1 1 
1 1 0 0 0 0 1 1 
1 1 0 1 0 0 1 1 
1 1 0 0 H 0 G 1 
1 1 1 1 1 1 1 1 
1 1 1 1 1 1 1 1 
R33 T4

Map8
1 1 1 1 1 1 1 1 
1 1 1 1 1 1 1 1 
1 1 0 F 0 # 1 1 
1 1 0 H 0 0 G 1 
1 S 0 0 0 0 1 1 
1 1 0 0 0 0 1 1 
1 1 1 1 1 1 1 1 
1 1 1 1 1 1 1 1 
L54 T5

Map8
1 1 1 1 1 1 1 1 
1 1 1 S 1 1 1 1 
1 1 0 0 0 # 1 1 
1 G 0 0 0 0 1 1 
1 1 0 F 0 0 1 1 
1 1 0 1 1 0 1 1 
1 1 1 1 1 1 1 1 
1 1 1 1 1 1 1 1 
R24 T5

Map8
1 1 1 1 1 1 1 1 
1 1 1 1 1 1 1 1 
1 1 0 0 0 0 1 1 
1 S 0 F 0 F 1 1 
1 1 0 H 0 0 1 1 
1 1 0 0 # 0 1 1 
1 1 G 1 1 1 1 1 
1 1 1 1 1 1 1 1 
U44 T3

Map8
1 1 1 1 1 1 1 1 
1 1 1 1 1 1 1 1 
1 1 0 0 H 0 1 1 
1 1 0 0 0 0 1 1 
1 1 0 0 0 F 1 1 
1 1 0 0 0 0 1 1 
1 1 G 1 1 S 1 1 
1 1 1 1 1 1 1 1 
D53 T3

Map8
1 1 1 1 1 1 1 1 
1 1 S 1 1 G 1 1 
1 1 0 0 0 0 1 1 
1 1 F 0 0 0 1 1 
1 1 0 F H 0 1 1 
1 1 H H # 0 1 1 
1 1 1 1 1 1 1 1 
1 1 1 1 1 1 1 1 
U24 T3

Map8
1 1 1 1 1 1 1 1 
1 1 1 1 1 1 1 1 
1 1 0 F 0 0 G 1 
1 1 0 0 H 0 1 1 
1 S 0 H 0 0 1 1 
1 1 0 F 0 0 1 1 
1 1 1 1 1 1 1 1 
1 1 1 1 1 1 1 1 
D23 T4

Map8
1 1 1 1 1 1 1 1 
1 1 1 1 1 1 1 1 
1 G 0 H 0 H 1 1 
1 1 0 0 0 1 1 1 
1 1 0 0 F F 1 1 
1 1 0 0 0 0 1 1 
1 1 1 S 1 1 1 1 
1 1 1 1 1 1 1 1 
L43 T3

Map8
1 1 1 1 1 1 1 1 
1 1 1 1 1 1 1 1 
1 1 0 0 0 0 1 1 
1 1 0 0 0 0 1 1 
1 1 1 1 1 F 1 1 
1 1 0 0 0 0 1 1 
1 1 G 1 1 S 1 1 
1 1 1 1 1 1 1 1 
D53 T3

Map8
1 1 1 1 1 1 1 1 
1 1 1 1 1 1 1 1 
1 1 0 0 0 0 1 1 
1 1 0 H 0 0 S 1 
1 1 0 # 0 1 1 1 
1 1 0 0 # 0 1 1 
1 1 G 1 1 1 1 1 
1 1 1 1 1 1 1 1 
U44 T3

Map8
1 1 1 1 1 1 1 1 
1 1 1 1 1 1 1 1 
1 1 0 0 0 0 G 1 
1 1 0 H 0 0 1 1 
1 1 0 0 0 0 1 1 
1 1 0 0 0 0 1 1 
1 1 1 S 1 1 1 1 
1 1 1 1 1 1 1 1 
L44 T3

Map8
1 1 1 1 1 1 1 1 
1 1 1 1 1 1 1 1 
1 G 0 0 0 0 1 1 
1 1 0 0 0 0 1 1 
1 1 0 0 H 0 S 1 
1 1 0 0 0 0 1 1 
1 1 1 1 1 1 1 1 
1 1 1 1 1 1 1 1 
D53 T4

Map8
1 1 1 1 1 1 1 1 
1 1 G 1 1 1 1 1 
1 1 0 0 0 0 1 1 
1 1 F 0 # 0 S 1 
1 1 0 0 0 H 1 1 
1 1 F 0 F 0 1 1 
1 1 1 1 1 1 1 1 
1 1 1 1 1 1 1 1 
R33 T4

Map8
1 1 1 1 1 1 1 1 
1 1 1 1 1 1 1 1 
1 1 0 1 F 1 1 1 
1 1 0 0 0 0 1 1 
1 1 0 0 F 0 1 1 
1 G 0 0 0 0 1 1 
1 1 1 1 S 1 1 1 
1 1 1 1 1 1 1 1 
R33 T3

Map8
1 1 1 1 1 1 1 1 
1 1 G 1 1 1 1 1 
1 1 0 0 0 0 1 1 
1 1 0 0 0 # 1 1 
1 1 H 0 F 0 S 1 
1 1 F 0 0 H 1 1 
1 1 1 1 1 1 1 1 
1 1 1 1 1 1 1 1 
U35 T3

Map8
1 1 1 1 1 1 1 1 
1 1 1 1 G 1 1 1 
1 1 0 0 0 1 1 1 
1 1 0 H 0 # 1 1 
1 S 0 0 H H 1 1 
1 1 0 0 0 0 1 1 
1 1 1 1 1 1 1 1 
1 1 1 1 1 1 1 1 
U25 T3

Map8
1 1 1 1 1 1 1 1 
1 1 1 S 1 1 1 1 
1 1 0 0 0 0 1 1 
1 1 H H 0 0 1 1 
1 1 0 # 0 0 1 1 
1 1 0 0 0 0 G 1 
1 1 1 1 1 1 1 1 
1 1 1 1 1 1 1 1 
R22 T3

Map8
1 1 1 1 1 1 1 1 
1 1 1 1 1 1 1 1 
1 1 0 0 0 0 1 1 
1 1 0 0 H 0 S 1 
1 1 0 0 0 0 1 1 
1 G 0 0 0 1 1 1 
1 1 1 1 1 1 1 1 
1 1 1 1 1 1 1 1 
U54 T4

Map8
1 1 1 1 1 1 1 1 
1 1 1 1 1 S 1 1 
1 1 1 0 0 0 1 1 
1 G # 0 0 0 1 1 
1 1 0 0 0 H 1 1 
1 1 0 0 0 0 1 1 
1 1 1 1 1 1 1 1 
1 1 1 1 1 1 1 1 
L53 T6

Map8
1 1 1 1 1 1 1 1 
1 1 1 1 1 1 1 1 
1 1 F H 0 1 1 1 
1 S 0 # 0 H 1 1 
1 1 1 0 F 0 1 1 
1 1 # 0 0 # 1 1 
1 1 G 1 1 1 1 1 
1 1 1 1 1 1 1 1 
D42 T3

Map8
1 1 1 1 1 1 1 1 
1 1 1 1 1 1 1 1 
1 1 0 F 0 0 1 1 
1 1 # 0 0 # G 1 
1 1 0 0 0 0 1 1 
1 1 0 0 F 0 1 1 
1 1 1 S 1 1 1 1 
1 1 1 1 1 1 1 1 
R22 T5

Map8
1 1 1 1 1 1 1 1 
1 1 1 1 G 1 1 1 
1 1 0 0 0 0 1 1 
1 S 0 0 0 F 1 1 
1 1 F 0 0 0 1 1 
1 1 0 0 0 0 1 1 
1 1 1 1 1 1 1 1 
1 1 1 1 1 1 1 1 
D32 T5

Map8
1 1 1 1 1 1 1 1 
1 1 G 1 1 S 1 1 
1 1 0 0 0 0 1 1 
1 1 0 0 0 F 1 1 
1 1 0 H 0 0 1 1 
1 1 # 0 0 1 1 1 
1 1 1 1 1 1 1 1 
1 1 1 1 1 1 1 1 
D43 T4

Map8
1 1 1 1 1 1 1 1 
1 1 1 1 1 1 1 1 
1 1 # 0 0 0 G 1 
1 1 0 0 0 0 1 1 
1 S 0 H # 0 1 1 
1 1 0 0 0 0 1 1 
1 1 1 1 1 1 1 1 
1 1 1 1 1 1 1 1 
D23 T4

Map8
1 1 1 1 1 1 1 1 
1 1 1 1 1 1 1 1 
1 1 H 0 0 0 1 1 
1 S 0 0 # H 1 1 
1 1 0 0 0 # 1 1 
1 1 # 0 0 0 1 1 
1 1 1 1 1 G 1 1 
1 1 1 1 1 1 1 1 
D32 T3

Map8
1 1 1 1 1 1 1 1 
1 1 1 1 1 1 1 1 
1 1 0 0 0 0 1 1 
1 1 0 F 0 0 1 1 
1 1 0 0 H 0 S 1 
1 1 0 0 F 0 1 1 
1 1 G 1 1 1 1 1 
1 1 1 1 1 1 1 1 
U55 T3

Map8
1 1 1 1 1 1 1 1 
1 1 1 S 1 G 1 1 
1 1 0 0 0 0 1 1 
1 1 0 H 0 0 1 1 
1 1 0 H 0 0 1 1 
1 1 0 0 0 0 1 1 
1 1 1 1 1 1 1 1 
1 1 1 1 1 1 1 1 
L42 T4

Map8
1 1 1 1 1 1 1 1 
1 1 1 1 G 1 1 1 
1 1 0 0 0 0 1 1 
1 S 0 0 0 F 1 1 
1 1 0 H 0 0 1 1 
1 1 0 0 0 0 1 1 
1 1 1 1 1 1 1 1 
1 1 1 1 1 1 1 1 
D52 T5

Map8
1 1 1 1 1 1 1 1 
1 1 1 1 1 1 1 1 
1 1 F 0 0 0 1 1 
1 1 H 0 0 0 S 1 
1 1 0 0 H 0 1 1 
1 1 0 0 0 0 1 1 
1 1 G 1 1 1 1 1 
1 1 1 1 1 1 1 1 
D32 T3

Map8
1 1 1 1 1 1 1 1 
1 1 1 1 1 1 1 1 
1 G F 0 1 0 1 1 
1 1 0 0 0 0 1 1 
1 1 0 0 0 F 1 1 
1 1 0 0 0 0 1 1 
1 1 1 1 S 1 1 1 
1 1 1 1 1 1 1 1 
U34 T3

Map8
1 1 1 1 1 1 1 1 
1 1 1 1 1 1 1 1 
1 1 0 0 0 1 1 1 
1 1 F 0 F 0 S 1 
1 1 1 0 0 # 1 1 
1 G 0 0 0 # 1 1 
1 1 1 1 1 1 1 1 
1 1 1 1 1 1 1 1 
R33 T3

Map8
1 1 1 1 1 1 1 1 
1 1 1 1 1 1 1 1 
1 1 0 0 0 0 1 1 
1 1 F 1 0 0 S 1 
1 1 1 # # 0 1 1 
1 1 # 0 0 0 1 1 
1 1 1 G 1 1 1 1 
1 1 1 1 1 1 1 1 
L54 T3

Map8
1 1 1 1 1 1 1 1 
1 1 1 1 1 1 1 1 
1 1 0 # 0 # 1 1 
1 1 0 0 0 0 1 1 
1 S 0 0 H 0 1 1 
1 1 0 H 0 0 G 1 
1 1 1 1 1 1 1 1 
1 1 1 1 1 1 1 1 
U25 T4

Map8
1 1 1 1 1 1 1 1 
1 1 G 1 1 1 1 1 
1 1 F 0 1 0 1 1 
1 1 0 0 1 0 1 1 
1 1 F 0 0 0 S 1 
1 1 # 0 1 0 1 1 
1 1 1 1 1 1 1 1 
1 1 1 1 1 1 1 1 
D33 T3

Map8
1 1 1 1 1 1 1 1 
1 1 1 1 1 1 1 1 
1 1 0 1 0 F 1 1 
1 G F 0 0 0 1 1 
1 1 0 0 F 0 1 1 
1 1 0 0 1 0 S 1 
1 1 1 1 1 1 1 1 
1 1 1 1 1 1 1 1 
L53 T7

Map8
1 1 1 1 1 1 1 1 
1 1 1 1 1 1 1 1 
1 1 0 0 0 0 1 1 
1 1 # 0 0 0 1 1 
1 1 F 0 # 0 S 1 
1 1 0 0 0 # 1 1 
1 1 1 G 1 1 1 1 
1 1 1 1 1 1 1 1 
U25 T5

Map8
1 1 1 1 1 1 1 1 
1 1 1 1 S 1 1 1 
1 1 0 0 0 0 1 1 
1 1 0 F H 0 1 1 
1 1 0 0 0 0 1 1 
1 1 # 0 0 # G 1 
1 1 1 1 1 1 1 1 
1 1 1 1 1 1 1 1 
R32 T3

Map8
1 1 1 1 1 1 1 1 
1 1 1 1 G 1 1 1 
1 1 0 1 0 0 1 1 
1 1 F 1 0 0 1 1 
1 1 0 0 F 0 1 1 
1 1 F F 0 0 S 1 
1 1 1 1 1 1 1 1 
1 1 1 1 1 1 1 1 
U45 T4

Map8
1 1 1 1 1 1 1 1 
1 1 1 1 1 1 1 1 
1 1 0 H 0 0 1 1 
1 S 0 F 0 H 1 1 
1 1 0 0 1 0 1 1 
1 1 0 0 0 0 G 1 
1 1 1 1 1 1 1 1 
1 1 1 1 1 1 1 1 
L43 T3

Map8
1 1 1 1 1 1 1 1 
1 1 1 1 S 1 1 1 
1 1 # 0 F 0 1 1 
1 1 H 0 F 0 1 1 
1 1 # # 0 0 1 1 
1 G 0 1 0 0 1 1 
1 1 1 1 1 1 1 1 
1 1 1 1 1 1 1 1 
L54 T3

Map8
1 1 1 1 1 1 1 1 
1 1 1 1 1 S 1 1 
1 1 0 # 0 0 1 1 
1 1 H 0 0 0 1 1 
1 1 0 # 0 1 1 1 
1 1 0 # 0 0 1 1 
1 1 1 1 1 G 1 1 
1 1 1 1 1 1 1 1 
D42 T4

Map8
1 1 1 1 1 1 1 1 
1 1 1 1 1 1 1 1 
1 1 F 0 0 0 1 1 
1 1 0 0 F 0 1 1 
1 1 0 0 F 0 S 1 
1 1 0 0 0 F 1 1 
1 1 1 1 1 G 1 1 
1 1 1 1 1 1 1 1 
U35 T3

Map8
1 1 1 1 1 1 1 1 
1 1 1 1 1 S 1 1 
1 1 # 0 0 # 1 1 
1 1 # H H F 1 1 
1 1 0 0 0 0 1 1 
1 1 0 0 0 H 1 1 
1 1 G 1 1 1 1 1 
1 1 1 1 1 1 1 1 
U54 T3

Map8
1 1 1 1 1 1 1 1 
1 1 S 1 1 G 1 1 
1 1 F 0 0 0 1 1 
1 1 0 1 0 0 1 1 
1 1 0 0 0 0 1 1 
1 1 0 0 0 F 1 1 
1 1 1 1 1 1 1 1 
1 1 1 1 1 1 1 1 
U45 T6

Map8
1 1 1 1 1 1 1 1 
1 1 1 1 1 1 1 1 
1 S 0 1 0 0 1 1 
1 1 0 0 1 # 1 1 
1 1 0 0 # 0 G 1 
1 1 F 0 1 0 1 1 
1 1 1 1 1 1 1 1 
1 1 1 1 1 1 1 1 
R24 T4

Map8
1 1 1 1 1 1 1 1 
1 1 1 S 1 1 1 1 
1 1 0 0 # 1 1 1 
1 1 F 0 0 1 1 1 
1 1 # F 0 0 G 1 
1 1 H 1 0 0 1 1 
1 1 1 1 1 1 1 1 
1 1 1 1 1 1 1 1 
R22 T5

Map8
1 1 1 1 1 1 1 1 
1 1 G 1 1 1 1 1 
1 1 0 # 0 0 1 1 
1 1 0 0 0 0 1 1 
1 1 F 0 0 # S 1 
1 1 0 0 H 0 1 1 
1 1 1 1 1 1 1 1 
1 1 1 1 1 1 1 1 
D33 T3

Map8
1 1 1 1 1 1 1 1 
1 1 G 1 1 1 1 1 
1 1 0 0 0 0 1 1 
1 1 H 0 0 0 S 1 
1 1 H 0 0 0 1 1 
1 1 0 0 0 H 1 1 
1 1 1 1 1 1 1 1 
1 1 1 1 1 1 1 1 
U34 T3

Map8
1 1 1 1 1 1 1 1 
1 1 1 1 1 1 1 1 
1 1 0 F 0 0 1 1 
1 S 0 0 0 0 1 1 
1 1 F 0 0 0 G 1 
1 1 0 0 F # 1 1 
1 1 1 1 1 1 1 1 
1 1 1 1 1 1 1 1 
L53 T5

Map8
1 1 1 1 1 1 1 1 
1 1 1 1 1 1 1 1 
1 1 0 0 0 0 1 1 
1 S F H H 0 1 1 
1 1 # 0 0 0 1 1 
1 1 0 0 0 0 1 1 
1 1 1 1 1 G 1 1 
1 1 1 1 1 1 1 1 
D22 T3

Map8
1 1 1 1 1 1 1 1 
1 1 1 1 1 1 1 1 
1 1 H 0 0 0 G 1 
1 1 F 1 0 H 1 1 
1 1 # # # F 1 1 
1 1 1 F 0 H 1 1 
1 1 1 S 1 1 1 1 
1 1 1 1 1 1 1 1 
U45 T3

Map8
1 1 1 1 1 1 1 1 
1 1 1 1 1 1 1 1 
1 1 1 H 0 0 1 1 
1 1 0 0 0 0 G 1 
1 1 0 H 0 0 1 1 
1 1 # 0 0 # 1 1 
1 1 1 S 1 1 1 1 
1 1 1 1 1 1 1 1 
L45 T3

Map8
1 1 1 1 1 1 1 1 
1 1 1 1 1 1 1 1 
1 G 0 0 F 0 1 1 
1 1 0 0 0 0 1 1 
1 1 H F 0 0 1 1 
1 1 F 0 0 H 1 1 
1 1 1 1 S 1 1 1 
1 1 1 1 1 1 1 1 
R33 T3

Map8
1 1 1 1 1 1 1 1 
1 1 1 1 1 1 1 1 
1 1 0 0 # 0 1 1 
1 1 # 0 0 0 1 1 
1 S 0 0 H 0 1 1 
1 1 0 0 0 0 1 1 
1 1 1 1 G 1 1 1 
1 1 1 1 1 1 1 1 
U35 T5

Map8
1 1 1 1 1 1 1 1 
1 1 1 1 S 1 1 1 
1 1 1 F 0 0 1 1 
1 1 # 0 F 0 1 1 
1 1 0 0 0 0 1 1 
1 1 F F H # G 1 
1 1 1 1 1 1 1 1 
1 1 1 1 1 1 1 1 
R33 T3

Map8
1 1 1 1 1 1 1 1 
1 1 1 1 1 1 1 1 
1 1 0 # # 0 1 1 
1 1 F 0 F 0 S 1 
1 1 0 0 0 0 1 1 
1 1 0 F 0 0 1 1 
1 1 1 1 1 G 1 1 
1 1 1 1 1 1 1 1 
U24 T3

Map8
1 1 1 1 1 1 1 1 
1 1 1 1 1 1 1 1 
1 1 0 0 0 1 1 1 
1 1 0 # F 0 1 1 
1 1 0 H 0 0 S 1 
1 1 0 0 # 0 1 1 
1 1 G 1 1 1 1 1 
1 1 1 1 1 1 1 1 
U55 T3

Map8
1 1 1 1 1 1 1 1 
1 1 S 1 1 1 1 1 
1 1 0 0 0 0 1 1 
1 1 0 0 1 0 1 1 
1 1 0 0 F 0 G 1 
1 1 H 0 0 0 1 1 
1 1 1 1 1 1 1 1 
1 1 1 1 1 1 1 1 
R24 T3

Map8
1 1 1 1 1 1 1 1 
1 1 1 1 1 1 1 1 
1 1 0 0 0 0 1 1 
1 S 0 # H H 1 1 
1 1 0 0 0 # 1 1 
1 1 0 0 0 F G 1 
1 1 1 1 1 1 1 1 
1 1 1 1 1 1 1 1 
U34 T4

Map8
1 1 1 1 1 1 1 1 
1 1 G 1 1 1 1 1 
1 1 0 0 0 0 1 1 
1 1 # H 0 # 1 1 
1 1 0 0 # 0 1 1 
1 1 H 0 0 H 1 1 
1 1 1 S 1 1 1 1 
1 1 1 1 1 1 1 1 
R24 T4

Map8
1 1 1 1 1 1 1 1 
1 1 1 1 1 1 1 1 
1 1 0 F 0 1 1 1 
1 1 1 # 0 0 1 1 
1 1 0 0 F 0 1 1 
1 1 0 0 0 0 S 1 
1 1 1 1 G 1 1 1 
1 1 1 1 1 1 1 1 
R22 T6

Map8
1 1 1 1 1 1 1 1 
1 1 1 1 1 1 1 1 
1 1 0 0 0 F 1 1 
1 1 0 0 0 # 1 1 
1 S 0 F 0 # 1 1 
1 G 0 0 1 0 1 1 
1 1 1 1 1 1 1 1 
1 1 1 1 1 1 1 1 
L44 T3

Map8
1 1 1 1 1 1 1 1 
1 1 1 S 1 1 1 1 
1 1 0 0 0 0 1 1 
1 1 0 H 0 0 1 1 
1 1 0 0 0 0 1 1 
1 1 0 0 0 0 G 1 
1 1 1 1 1 1 1 1 
1 1 1 1 1 1 1 1 
R22 T3

Map8
1 1 1 1 1 1 1 1 
1 1 1 1 1 1 1 1 
1 1 0 0 0 0 1 1 
1 1 # 0 H 0 G 1 
1 1 0 # 0 0 1 1 
1 1 0 0 0 0 1 1 
1 1 1 1 S 1 1 1 
1 1 1 1 1 1 1 1 
L54 T5

Map8
1 1 1 1 1 1 1 1 
1 1 1 1 1 1 1 1 
1 1 0 0 0 # 1 1 
1 1 0 0 F 1 1 1 
1 S 0 F F F 1 1 
1 1 0 0 1 0 1 1 
1 1 G 1 1 1 1 1 
1 1 1 1 1 1 1 1 
U35 T3

Map8
1 1 1 1 1 1 1 1 
1 1 1 1 1 G 1 1 
1 1 0 F 0 0 1 1 
1 1 0 0 0 0 1 1 
1 1 0 0 H 0 1 1 
1 1 0 0 0 F 1 1 
1 1 1 S 1 1 1 1 
1 1 1 1 1 1 1 1 
L43 T4

Map8
1 1 1 1 1 1 1 1 
1 1 1 1 1 1 1 1 
1 G 0 H 0 1 1 1 
1 1 0 0 0 F 1 1 
1 1 0 0 0 0 1 1 
1 1 1 0 0 0 1 1 
1 1 1 1 S 1 1 1 
1 1 1 1 1 1 1 1 
L54 T3

Map8
1 1 1 1 1 1 1 1 
1 1 1 1 1 1 1 1 
1 1 0 H 0 # G 1 
1 1 0 0 0 F 1 1 
1 1 0 # F 0 1 1 
1 S 0 # 1 0 1 1 
1 1 1 1 1 1 1 1 
1 1 1 1 1 1 1 1 
R24 T4

Map8
1 1 1 1 1 1 1 1 
1 1 1 1 1 1 1 1 
1 1 F 0 F 0 1 1 
1 1 0 0 F 0 G 1 
1 1 1 0 0 0 1 1 
1 1 0 0 0 0 1 1 
1 1 1 1 S 1 1 1 
1 1 1 1 1 1 1 1 
L54 T5
