Map
1 1 1 1 1 1 1 1 
1 1 0 F 0 1 0 S 
1 1 0 0 0 0 0 1 
1 1 0 0 0 0 0 1 
1 1 1 0 0 1 # 1 
1 1 0 0 0 0 0 1 
1 1 1 1 G 1 1 1 
1 1 1 1 1 1 1 1 
P35 T4

Map
1 1 1 1 1 1 1 1 
1 1 1 1 1 1 1 1 
1 G 0 H 0 0 0 1 
1 1 0 0 # 0 0 1 
1 1 0 0 0 0 F 1 
1 S F 0 0 1 0 1 
1 1 0 0 0 0 0 1 
1 1 1 1 1 1 1 1 
P42 T5

Map
1 1 1 1 1 1 1 1 
1 1 1 1 1 S 1 1 
1 1 0 0 # 0 0 1 
1 1 0 1 1 H 0 1 
1 G 0 0 0 0 # 1 
1 1 0 0 F 0 0 1 
1 1 1 0 0 0 0 1 
1 1 1 1 1 1 1 1 
L52 T7

Map
1 1 1 1 1 1 1 1 
1 1 1 1 S 1 1 1 
1 1 0 0 0 0 0 1 
1 1 0 0 0 0 # 1 
1 1 # 0 0 0 0 1 
1 1 0 0 H H 0 1 
1 1 0 0 1 0 0 1 
1 1 1 1 1 G 1 1 
L43 T6

Map
1 1 1 1 1 1 1 1 
1 # 0 0 1 0 # 1 
1 0 F 0 # 1 0 1 
1 F 0 0 0 # 0 1 
1 0 0 0 0 # 0 G 
1 1 # F 0 0 0 1 
1 0 0 0 0 H 0 1 
1 1 1 1 1 1 S 1 
L65 T5

Map
1 1 1 1 1 1 1 1 
1 1 1 1 1 1 1 1 
1 1 0 0 0 0 1 1 
1 0 0 0 # 0 1 1 
1 0 0 0 0 0 G 1 
1 0 0 1 0 0 1 1 
1 0 0 0 0 H 1 1 
1 S 1 1 1 1 1 1 
D33 T3

Map
1 1 1 1 1 G 1 1 
1 1 0 0 0 0 0 1 
1 1 F 0 # 1 0 1 
1 S 0 0 0 0 0 1 
1 1 0 0 0 1 H 1 
1 1 0 0 0 0 0 1 
1 1 1 1 1 1 1 1 
1 1 1 1 1 1 1 1 
P41 T4

Map
1 1 S 1 1 1 1 1 
1 0 0 F 0 0 1 1 
1 0 1 0 0 0 1 1 
1 0 0 0 1 # 1 1 
1 0 0 0 0 # 1 1 
1 0 # 0 0 0 1 1 
1 1 1 G 1 1 1 1 
1 1 1 1 1 1 1 1 
L52 T4

Map
1 1 1 1 1 1 1 1 
1 1 1 1 1 1 1 1 
1 0 0 # 0 0 1 1 
1 0 0 0 # 0 1 1 
1 # 0 0 0 0 1 1 
1 0 # 0 0 0 S 1 
1 0 0 0 0 0 1 1 
1 1 G 1 1 1 1 1 
D22 T3

Map
1 1 1 1 1 1 1 1 
1 1 1 1 1 1 1 1 
1 1 0 F 0 0 0 1 
1 1 0 0 # 0 0 1 
1 G 0 # 0 0 0 1 
1 1 0 0 0 0 H 1 
1 S 0 0 0 0 0 1 
1 1 1 1 1 1 1 1 
P23 T4

Map
1 1 1 1 1 1 1 1 
1 1 1 S 1 1 1 1 
1 0 0 0 # # 1 1 
1 0 # 0 0 0 1 1 
1 F 0 0 # 0 1 1 
1 0 0 0 0 0 1 1 
1 0 0 1 0 F G 1 
1 1 1 1 1 1 1 1 
P55 T4

Map
1 1 1 1 1 1 1 1 
1 1 1 1 1 G 1 1 
1 F 0 0 0 0 1 1 
1 0 F 0 0 1 1 1 
1 0 0 0 0 # 1 1 
1 0 0 0 0 0 1 1 
1 F 0 F 0 0 1 1 
1 1 1 1 1 S 1 1 
R13 T6

Map
1 1 1 1 1 1 1 1 
1 1 1 G S 1 1 1 
1 H 0 # 0 0 1 1 
1 1 0 F 0 0 1 1 
1 0 0 0 0 0 1 1 
1 0 0 0 0 0 1 1 
1 0 0 0 F 0 1 1 
1 1 1 1 1 1 1 1 
P44 T7

Map
1 1 1 1 1 1 1 1 
1 1 1 1 1 1 S 1 
1 1 0 0 0 0 0 1 
1 1 0 1 0 0 0 1 
1 1 0 0 F 0 1 1 
1 G 0 # 0 0 # 1 
1 1 0 0 H 0 0 1 
1 1 1 1 1 1 1 1 
R24 T8

Map
1 1 1 1 1 1 1 1 
1 1 0 0 0 0 0 1 
1 G 0 0 H F # 1 
1 1 1 # 1 # 1 1 
1 1 0 H 0 0 0 1 
1 1 0 0 0 # 0 1 
1 1 1 1 1 1 S 1 
1 1 1 1 1 1 1 1 
P44 T6

Map
1 1 1 1 1 1 1 1 
1 S 1 1 1 1 1 1 
1 0 0 0 1 0 1 1 
1 0 0 0 0 0 1 1 
1 0 0 0 F 1 1 1 
1 F F 0 0 0 G 1 
1 0 0 0 0 H 1 1 
1 1 1 1 1 1 1 1 
P36 T6

Map
1 1 1 1 1 1 1 1 
1 1 1 1 1 1 1 1 
1 F 0 0 0 F S 1 
1 1 0 0 0 0 1 1 
1 0 0 0 0 0 1 1 
1 0 0 0 0 # 1 1 
1 0 F 0 0 F 1 1 
1 1 1 1 1 G 1 1 
P22 T6

Map
1 1 1 1 1 1 1 1 
1 1 0 0 0 0 0 1 
1 G # F 0 H # 1 
1 1 0 0 F 0 0 1 
1 1 H 0 0 0 0 1 
1 1 0 # 0 0 0 S 
1 1 1 1 1 1 1 1 
1 1 1 1 1 1 1 1 
P23 T6

Map
1 1 1 1 1 1 1 1 
1 1 1 1 1 1 1 1 
1 1 0 0 0 0 0 S 
1 1 0 0 0 0 0 1 
1 1 1 0 0 0 0 1 
1 1 0 0 0 0 0 G 
1 1 0 0 H 0 0 1 
1 1 1 1 1 1 1 1 
L64 T7

Map
1 1 1 1 1 1 1 1 
1 1 0 F 0 0 0 1 
1 S 0 0 1 0 1 1 
1 1 0 0 F F 0 1 
1 1 F 1 0 0 0 1 
1 1 F 0 0 0 0 1 
1 1 1 1 G 1 1 1 
1 1 1 1 1 1 1 1 
P35 T6

Map
1 1 1 1 1 1 1 1 
1 1 1 1 1 1 1 1 
1 0 0 F 0 0 S 1 
1 0 # 1 0 0 1 1 
1 1 0 0 # # 1 1 
1 0 0 1 0 0 G 1 
1 H 0 0 0 0 1 1 
1 1 1 1 1 1 1 1 
P56 T9

Map
1 1 1 1 1 1 1 1 
1 1 0 0 0 0 # 1 
1 1 0 0 0 0 0 1 
1 1 0 F F F 0 G 
1 1 0 0 0 F # 1 
1 1 0 0 0 0 0 1 
1 1 1 1 S 1 1 1 
1 1 1 1 1 1 1 1 
P62 T6

Map
1 1 1 1 1 1 1 1 
1 1 1 1 1 S 1 1 
1 0 0 0 0 # 1 1 
1 1 0 0 1 0 1 1 
1 0 0 0 0 1 1 1 
1 0 0 0 0 0 1 1 
1 0 0 0 0 0 1 1 
1 1 1 1 G 1 1 1 
D22 T7

Map
1 1 1 1 1 1 1 1 
1 1 1 S 1 1 1 1 
1 0 0 0 0 0 1 1 
1 H # F 0 0 1 1 
1 # 0 0 0 0 G 1 
1 1 0 F H 1 1 1 
1 0 0 0 0 0 1 1 
1 1 1 1 1 1 1 1 
P16 T6

Map
1 1 1 1 1 G 1 1 
1 0 1 0 0 0 1 1 
1 0 0 0 0 H 1 1 
S 0 # 1 0 F 1 1 
1 # 0 0 0 0 1 1 
1 F 0 0 # F 1 1 
1 1 1 1 1 1 1 1 
1 1 1 1 1 1 1 1 
P42 T6

Map
1 1 1 1 1 1 1 1 
1 1 S 1 1 1 1 1 
1 0 0 H 0 0 1 1 
1 0 1 0 0 0 1 1 
G 0 0 0 # 0 1 1 
1 0 H 0 1 0 1 1 
1 0 0 0 0 0 1 1 
1 1 1 1 1 1 1 1 
D42 T7

Map
1 1 1 S 1 1 1 1 
1 0 0 F 0 0 1 1 
1 0 0 F 0 0 1 1 
1 F 0 0 # 0 1 1 
1 0 0 1 0 0 1 1 
1 # 0 0 0 0 1 1 
1 1 G 1 1 1 1 1 
1 1 1 1 1 1 1 1 
R14 T6

Map
1 1 1 1 1 1 1 1 
1 S 0 1 1 0 0 1 
1 1 0 0 0 0 F 1 
1 1 0 H 0 0 0 1 
1 1 0 0 0 0 0 1 
1 1 0 0 # 1 0 1 
1 1 1 1 1 1 G 1 
1 1 1 1 1 1 1 1 
D52 T7

Map
1 1 1 1 S G 1 1 
1 1 0 0 0 0 0 1 
1 1 0 F 0 # F 1 
1 1 F 0 0 0 0 1 
1 1 0 0 F 0 0 1 
1 1 0 0 1 0 # 1 
1 1 1 1 1 1 1 1 
1 1 1 1 1 1 1 1 
L42 T6

Map
1 1 1 1 1 1 1 1 
1 1 1 1 1 S 1 1 
1 1 # 0 0 F # 1 
1 G 0 0 H 0 0 1 
1 1 1 # 0 0 0 1 
1 1 0 0 F 0 H 1 
1 1 0 1 0 0 0 1 
1 1 1 1 1 1 1 1 
P55 T6

Map
1 1 1 1 1 1 1 1 
1 1 0 1 0 0 0 1 
1 1 0 0 0 # 0 G 
1 1 1 0 0 0 0 1 
1 1 0 0 # 0 0 1 
1 1 0 F 0 0 0 1 
1 1 1 1 1 S 1 1 
1 1 1 1 1 1 1 1 
U34 T6

Map
1 1 1 1 1 1 1 1 
1 1 1 1 1 1 1 1 
1 H 0 0 0 0 1 1 
G 0 F 0 0 0 1 1 
1 0 0 0 0 1 1 1 
1 0 0 F 0 0 1 1 
1 0 0 0 0 0 1 1 
1 1 1 1 1 S 1 1 
P26 T7

Map
1 1 1 1 1 1 1 1 
1 1 1 1 1 1 1 1 
1 0 0 # 1 0 1 1 
1 0 0 0 0 0 1 1 
1 0 H F 0 # G 1 
1 0 0 0 0 0 1 1 
1 0 1 0 0 0 1 1 
1 S 1 1 1 1 1 1 
P53 T6

Map
1 1 1 1 1 1 1 1 
1 1 1 1 1 1 1 1 
1 1 F 0 0 0 0 G 
1 1 0 0 0 0 0 1 
1 1 0 1 0 F 1 1 
1 1 # 0 0 # 0 1 
1 1 F 0 0 1 0 S 
1 1 1 1 1 1 1 1 
D35 T6

Map
1 1 1 1 1 1 1 1 
1 1 1 1 S 1 1 1 
1 1 0 0 0 0 0 1 
1 1 0 0 0 0 F 1 
1 1 0 1 F 0 0 G 
1 1 0 0 0 0 0 1 
1 1 0 0 0 0 0 1 
1 1 1 1 1 1 1 1 
P65 T6

Map
1 S 1 1 1 1 1 1 
1 0 0 0 0 0 1 1 
1 0 0 0 0 0 1 1 
1 0 0 0 # 0 G 1 
1 # 0 0 0 # 1 1 
1 # 1 0 0 0 1 1 
1 1 1 1 1 1 1 1 
1 1 1 1 1 1 1 1 
P32 T7

Map
1 1 1 1 1 1 1 1 
1 0 0 0 0 0 1 1 
1 0 0 F 1 0 1 1 
1 0 0 0 0 0 1 1 
S 0 0 1 0 0 1 1 
1 0 0 0 F 0 1 1 
1 1 1 1 G 1 1 1 
1 1 1 1 1 1 1 1 
P55 T6

Map
1 1 1 1 1 1 1 1 
1 1 1 1 1 1 1 1 
1 # 0 0 0 0 S 1 
1 0 0 0 0 1 1 1 
1 F F # 0 0 G 1 
1 H 0 0 0 F 1 1 
1 0 0 0 0 0 1 1 
1 1 1 1 1 1 1 1 
R13 T6

Map
1 1 1 1 1 1 1 1 
1 1 G 1 1 1 1 1 
1 0 0 0 0 0 1 1 
1 H 0 0 0 0 1 1 
1 0 0 0 0 0 1 1 
1 # # 0 0 1 1 1 
1 0 0 0 0 0 1 1 
1 S 1 1 1 1 1 1 
P14 T7

Map
1 1 1 1 1 1 1 1 
1 1 1 1 1 1 1 1 
1 0 0 0 0 0 G 1 
1 1 F 0 0 0 S 1 
1 0 0 F 0 0 1 1 
1 0 0 1 0 1 1 1 
1 0 0 # # F 1 1 
1 1 1 1 1 1 1 1 
D43 T6

Map
1 1 1 1 1 1 1 1 
1 1 G 1 1 1 1 1 
1 1 0 0 0 0 F 1 
1 1 H 0 # 1 0 1 
1 1 F 0 0 0 # 1 
1 1 0 0 1 0 0 1 
1 S 0 0 0 # 0 1 
1 1 1 1 1 1 1 1 
R25 T6

Map
1 1 1 1 1 1 1 1 
1 0 0 H 0 0 1 1 
1 0 0 # 0 0 1 1 
1 0 0 0 0 0 1 1 
1 # F 0 0 0 G 1 
1 0 0 F 0 0 1 1 
1 1 S 1 1 1 1 1 
1 1 1 1 1 1 1 1 
P53 T6

Map
1 S 1 1 1 1 1 1 
1 0 0 1 0 F 1 1 
1 0 0 0 0 F 1 1 
1 0 1 0 0 0 1 1 
1 1 0 0 0 0 1 1 
1 0 0 0 0 0 1 1 
1 1 1 1 1 G 1 1 
1 1 1 1 1 1 1 1 
D32 T7

Map
1 1 1 1 1 1 1 1 
1 1 1 1 1 1 1 1 
1 1 0 0 0 0 # 1 
1 1 0 0 F 0 0 S 
1 1 H 0 0 H F 1 
1 1 0 0 0 0 0 1 
1 1 F 0 0 0 0 1 
1 1 1 1 1 G 1 1 
P46 T6

Map
1 1 1 1 1 1 1 1 
1 1 0 0 F 0 0 1 
1 1 F 0 0 F 0 S 
1 1 H 1 0 # 0 1 
1 1 # 0 0 H 0 1 
1 1 0 # 1 1 0 1 
1 1 1 G 1 1 1 1 
1 1 1 1 1 1 1 1 
P32 T6

Map
1 1 1 1 1 1 1 1 
1 1 0 H 1 0 F 1 
1 1 0 0 0 0 0 1 
1 S 0 0 1 0 0 G 
1 1 0 0 0 0 0 1 
1 1 0 0 0 1 0 1 
1 1 1 1 1 1 1 1 
1 1 1 1 1 1 1 1 
P62 T7

Map
1 1 1 1 1 1 1 1 
1 1 1 1 1 1 1 1 
S 0 1 0 # 0 1 1 
1 0 # 0 0 0 1 1 
1 0 # 0 0 1 1 1 
1 0 0 0 0 F 1 1 
1 F 0 0 F 0 1 1 
1 1 1 1 1 G 1 1 
R13 T7

Map
1 1 1 1 1 1 1 1 
1 1 1 1 1 1 1 1 
1 1 0 F 0 1 0 1 
1 1 0 0 0 0 0 1 
1 1 0 0 0 0 0 S 
1 G 0 1 F 0 0 1 
1 1 # 0 0 0 0 1 
1 1 1 1 1 1 1 1 
P24 T6

Map
1 1 1 1 1 1 1 1 
1 1 1 1 1 1 1 1 
1 1 # 0 0 0 0 1 
1 1 0 1 0 0 0 1 
1 G 0 0 0 1 0 S 
1 1 0 0 0 0 0 1 
1 1 # 0 H 0 0 1 
1 1 1 1 1 1 1 1 
U36 T6

Map
1 S 1 G 1 1 1 1 
1 0 1 0 0 0 1 1 
1 0 0 0 0 0 1 1 
1 0 # 0 0 1 1 1 
1 0 0 0 0 0 1 1 
1 0 0 H 0 0 1 1 
1 1 1 1 1 1 1 1 
1 1 1 1 1 1 1 1 
U25 T6

Map
1 1 1 1 1 1 G 1 
1 1 0 F 0 1 0 1 
1 1 0 H 0 0 0 1 
1 1 0 F F 0 F S 
1 1 0 0 0 0 0 1 
1 1 0 0 F # 0 1 
1 1 1 1 1 1 1 1 
1 1 1 1 1 1 1 1 
P65 T6

Map
1 1 1 1 1 1 1 1 
1 1 1 1 1 1 1 1 
1 0 0 0 0 0 1 1 
1 F 0 0 0 0 1 1 
S 0 1 # 0 0 1 1 
1 0 0 1 1 0 1 1 
1 # 0 0 F 0 1 1 
1 1 1 G 1 1 1 1 
P26 T6

Map
1 1 1 1 1 1 1 1 
1 1 1 1 1 1 1 1 
1 1 0 0 0 0 0 1 
1 1 0 # F # F 1 
1 1 0 # 1 1 0 G 
1 S 0 0 0 0 0 1 
1 1 0 0 0 0 0 1 
1 1 1 1 1 1 1 1 
P65 T6

Map
1 1 1 1 1 1 1 1 
1 1 0 0 0 0 F 1 
1 G 0 0 H 0 0 1 
1 1 1 0 0 0 H 1 
1 1 1 0 1 0 0 1 
1 1 0 # # # 0 1 
1 1 1 1 S 1 1 1 
1 1 1 1 1 1 1 1 
P25 T6

Map
1 1 1 1 1 1 1 1 
1 1 1 1 S 1 1 1 
1 1 0 0 0 0 F 1 
1 1 0 H 0 0 0 1 
1 1 0 # 0 # 0 1 
1 1 # F F 0 0 1 
1 G 0 # 1 0 0 1 
1 1 1 1 1 1 1 1 
R43 T7

Map
1 1 1 1 1 1 1 1 
1 1 S 1 1 1 1 1 
1 0 0 0 # # 1 1 
1 0 F 0 0 0 G 1 
1 0 0 # 0 0 1 1 
1 0 F 0 0 0 1 1 
1 0 0 0 H 1 1 1 
1 1 1 1 1 1 1 1 
P54 T6

Map
1 1 1 1 1 1 1 1 
1 1 1 1 1 1 1 1 
1 1 0 0 0 0 0 1 
1 1 0 0 # 0 # 1 
1 1 0 0 0 # F 1 
1 1 0 0 1 1 0 G 
1 S 0 0 0 0 0 1 
1 1 1 1 1 1 1 1 
P66 T6

Map
1 1 S 1 1 1 1 1 
1 1 0 0 0 0 0 1 
1 1 0 0 0 0 0 1 
1 1 0 0 0 0 0 1 
1 1 H 0 0 0 1 1 
1 1 0 0 0 0 0 1 
1 1 G 1 1 1 1 1 
1 1 1 1 1 1 1 1 
P23 T7

Map
1 1 1 1 1 S 1 1 
1 0 0 1 0 0 1 1 
G # 0 H 0 0 1 1 
1 0 0 # 1 0 1 1 
1 0 0 0 0 F 1 1 
1 0 0 1 0 0 1 1 
1 1 1 1 1 1 1 1 
1 1 1 1 1 1 1 1 
P11 T6

Map
1 1 1 1 1 1 1 1 
1 1 1 1 1 1 1 1 
1 1 0 0 0 0 1 1 
1 0 0 F 0 0 1 1 
1 0 1 0 0 0 1 1 
S 0 F F 0 0 1 1 
1 0 F 0 0 1 1 1 
1 1 1 G 1 1 1 1 
D36 T7

Map
1 1 1 1 1 1 1 1 
1 1 1 1 G 1 1 1 
1 0 0 0 F 0 1 1 
1 0 0 0 0 0 1 1 
1 0 0 1 0 0 1 1 
1 0 0 0 1 # 1 1 
1 1 0 0 # 0 1 1 
1 1 1 S 1 1 1 1 
P53 T6

Map
1 1 1 1 1 1 1 1 
1 1 1 1 1 1 1 1 
S 0 0 0 # 1 1 1 
1 0 0 0 0 0 1 1 
1 0 H F 0 0 1 1 
1 0 H 0 1 0 1 1 
G F 0 0 0 1 1 1 
1 1 1 1 1 1 1 1 
P23 T7

Map
1 1 1 1 1 1 1 1 
1 1 0 1 0 0 F 1 
1 1 0 0 0 0 0 1 
1 S F 0 0 1 # 1 
1 1 # 0 H 0 F 1 
1 G # F 0 F 0 1 
1 1 1 1 1 1 1 1 
1 1 1 1 1 1 1 1 
D51 T6

Map
1 1 1 1 1 1 1 1 
1 1 1 0 H 0 0 1 
1 1 # 0 0 F 1 1 
1 1 F 0 # 0 0 1 
1 1 0 0 0 0 0 1 
1 1 # 0 0 0 0 1 
1 1 1 G 1 1 S 1 
1 1 1 1 1 1 1 1 
P42 T6

Map
1 1 1 1 1 1 1 1 
1 1 1 1 1 1 1 1 
1 1 0 0 0 0 F 1 
1 1 0 0 0 0 0 1 
1 1 0 F 0 0 0 1 
1 1 1 # 0 0 0 1 
1 1 0 0 0 0 F 1 
1 1 S 1 1 1 G 1 
U46 T6

Map
1 1 1 1 1 1 1 1 
1 0 # 0 0 0 1 1 
1 0 # 0 0 0 1 1 
1 0 # 1 0 0 S 1 
1 0 0 0 0 0 G 1 
1 0 0 0 H 0 1 1 
1 1 1 1 1 1 1 1 
1 1 1 1 1 1 1 1 
U35 T6

Map
1 1 1 1 1 1 1 1 
1 1 1 1 1 G 1 1 
1 1 0 0 # 0 0 1 
1 1 0 0 0 H 0 1 
1 1 0 1 F 0 0 1 
1 S 0 F 0 0 0 1 
1 1 0 0 # 0 0 1 
1 1 1 1 1 1 1 1 
P62 T6

Map
1 1 1 1 1 1 1 1 
1 G 0 0 0 0 1 1 
1 1 0 0 0 0 0 1 
1 1 1 F 0 # 0 S 
1 1 # # F 0 0 1 
1 1 0 0 0 0 0 1 
1 1 1 1 1 1 1 1 
1 1 1 1 1 1 1 1 
D43 T6

Map
1 1 1 1 1 1 1 1 
1 1 1 G 1 1 1 1 
1 1 0 0 0 0 0 1 
1 1 0 0 0 1 0 S 
1 1 0 0 0 0 1 1 
1 1 1 0 0 0 0 1 
1 1 0 0 0 0 H 1 
1 1 1 1 1 1 1 1 
L55 T7

Map
1 1 1 G 1 1 S 1 
1 1 0 0 0 1 0 1 
1 1 0 0 0 0 0 1 
1 1 0 0 0 0 0 1 
1 1 0 0 0 0 # 1 
1 1 1 0 0 1 0 1 
1 1 1 1 1 1 1 1 
1 1 1 1 1 1 1 1 
P63 T7

Map
1 1 1 1 1 1 1 1 
1 1 1 1 1 1 1 1 
1 1 # 0 H 0 0 1 
1 1 1 0 0 0 0 1 
1 1 0 0 0 0 0 1 
1 G 0 F H 0 1 1 
1 1 0 0 1 0 0 S 
1 1 1 1 1 1 1 1 
L25 T6

Map
1 1 1 1 1 1 1 1 
1 1 0 0 0 0 0 1 
1 1 0 0 0 0 # 1 
1 1 # 0 0 F 0 S 
1 1 0 0 0 0 0 1 
1 1 0 H 0 0 0 1 
1 1 1 1 1 G 1 1 
1 1 1 1 1 1 1 1 
P45 T6

Map
1 1 1 1 1 1 1 1 
1 1 H 0 1 0 0 1 
1 1 0 # 0 0 0 G 
1 1 0 0 0 1 # 1 
1 1 0 F 0 0 0 S 
1 1 1 0 0 0 0 1 
1 1 1 1 1 1 1 1 
1 1 1 1 1 1 1 1 
D44 T6

Map
1 1 1 1 1 1 1 1 
1 1 1 S 1 1 1 1 
1 0 0 0 0 0 1 1 
G 0 0 F # 0 1 1 
1 0 0 0 0 0 1 1 
1 1 H 0 0 # 1 1 
1 0 0 0 0 0 1 1 
1 1 1 1 1 1 1 1 
P14 T6

Map
1 1 1 1 1 1 S 1 
1 1 0 0 F # 0 1 
1 1 0 0 0 0 0 1 
1 1 # 0 0 0 0 1 
1 1 0 0 0 0 0 1 
1 1 1 0 0 H 0 1 
1 1 1 1 G 1 1 1 
1 1 1 1 1 1 1 1 
P54 T6

Map
1 1 1 1 1 1 1 1 
1 1 1 1 1 1 1 1 
1 0 # 0 0 0 S 1 
1 0 0 0 0 1 1 1 
1 1 0 0 0 # 1 1 
1 F 0 0 F 0 G 1 
1 0 0 0 0 0 1 1 
1 1 1 1 1 1 1 1 
R55 T6

Map
1 1 1 1 1 1 1 1 
1 1 1 1 1 1 S 1 
1 1 0 0 1 0 0 1 
1 1 0 0 0 0 0 1 
1 G 0 0 0 1 0 1 
1 1 0 0 0 0 0 1 
1 1 0 H 0 0 0 1 
1 1 1 1 1 1 1 1 
P25 T7

Map
1 1 1 1 1 1 1 1 
1 1 1 1 1 1 1 1 
1 0 1 0 0 0 G 1 
1 0 0 # 0 1 1 1 
1 0 0 0 1 0 1 1 
1 0 # 0 0 0 1 1 
1 0 0 0 F 0 1 1 
1 1 1 1 1 S 1 1 
R13 T6

Map
1 1 1 G 1 1 1 1 
1 # 0 0 H 0 1 1 
1 F 0 0 0 0 1 1 
1 0 0 0 0 # 1 1 
1 0 0 0 F 0 1 1 
S 0 1 0 0 0 1 1 
1 1 1 1 1 1 1 1 
1 1 1 1 1 1 1 1 
D21 T7

Map
1 1 1 1 1 1 1 1 
1 1 1 1 1 G 1 1 
1 1 0 0 1 # 0 1 
1 1 F 0 0 0 0 1 
1 S 0 0 H 0 0 1 
1 1 0 0 F # # 1 
1 1 F F 0 1 0 1 
1 1 1 1 1 1 1 1 
P34 T8

Map
1 1 1 1 1 1 1 1 
1 1 1 1 G 1 1 1 
1 F 0 0 0 # 1 1 
1 0 0 0 0 0 1 1 
1 0 0 1 0 0 1 1 
1 0 0 0 F 0 S 1 
1 0 0 0 # 0 1 1 
1 1 1 1 1 1 1 1 
P32 T6

Map
1 1 1 1 1 1 1 1 
1 1 1 1 1 1 1 1 
1 0 # 0 0 F 1 1 
1 0 0 1 0 F 1 1 
G 0 # 0 0 0 1 1 
1 1 1 0 0 0 1 1 
1 0 # # 0 0 S 1 
1 1 1 1 1 1 1 1 
P54 T6

Map
1 1 1 1 1 1 1 1 
1 1 1 1 1 1 1 1 
1 S 0 0 0 1 0 1 
1 1 0 0 0 F 0 1 
1 1 0 0 1 0 0 1 
1 1 F 0 # 1 0 G 
1 1 0 0 # 0 # 1 
1 1 1 1 1 1 1 1 
P64 T6

Map
1 1 1 1 1 1 1 1 
1 1 1 1 1 1 1 1 
1 1 0 H F 0 1 1 
1 1 0 0 0 0 0 1 
1 1 0 0 0 F 0 1 
1 1 0 0 0 0 0 1 
1 1 0 0 # 0 0 1 
1 1 1 1 S G 1 1 
P43 T6

Map
1 1 1 1 1 1 1 1 
1 1 1 1 1 1 1 1 
1 1 F # 0 0 # 1 
1 S 0 1 H 0 0 1 
1 1 0 0 0 0 0 1 
1 1 F 0 0 0 0 1 
1 1 0 0 # 1 0 1 
1 1 1 1 1 1 G 1 
P44 T6

Map
1 1 1 1 1 1 1 1 
1 1 1 1 1 1 1 1 
S 0 0 1 F F 1 1 
1 # F 0 0 0 1 1 
1 0 0 1 # F 1 1 
1 0 1 # 0 0 G 1 
1 0 F 0 0 0 1 1 
1 1 1 1 1 1 1 1 
P46 T6

Map
1 1 1 1 1 1 1 1 
1 1 1 1 1 1 1 1 
1 1 H 0 0 0 F G 
1 1 1 0 0 0 0 1 
1 1 0 0 0 0 F 1 
1 1 # 0 0 0 0 1 
1 1 0 0 0 # 0 1 
1 1 S 1 1 1 1 1 
L63 T6

Map
1 1 1 1 1 1 1 1 
1 1 1 0 0 0 0 1 
1 G 0 F 0 0 0 1 
1 1 0 0 0 # 0 1 
1 1 0 # 0 H 0 S 
1 1 0 0 # 0 0 1 
1 1 1 1 1 1 1 1 
1 1 1 1 1 1 1 1 
U64 T6

Map
1 1 1 S 1 1 1 1 
1 1 0 0 0 0 0 1 
1 1 0 0 0 # 1 1 
1 1 # 0 # 0 0 1 
1 1 # F 0 1 0 1 
1 1 0 H 0 0 0 G 
1 1 1 1 1 1 1 1 
1 1 1 1 1 1 1 1 
P33 T6

Map
1 1 1 1 1 1 1 1 
1 1 1 1 1 1 1 1 
1 1 0 0 F 0 0 1 
1 1 0 0 0 0 0 1 
1 1 0 0 0 0 # 1 
1 1 0 0 0 H 0 G 
1 S 0 0 0 0 0 1 
1 1 1 1 1 1 1 1 
P66 T6

Map
1 1 1 1 1 1 1 1 
1 1 S 1 1 1 1 1 
1 0 0 0 F 0 1 1 
1 F F 0 0 0 1 1 
1 0 0 1 0 0 1 1 
1 0 0 0 0 0 1 1 
1 0 0 0 F 0 1 1 
1 1 1 1 G 1 1 1 
P55 T7

Map
1 1 1 1 1 1 1 1 
1 1 G 1 1 1 1 1 
1 1 0 0 0 0 1 1 
1 0 0 0 0 0 1 1 
S # 0 # 0 H 1 1 
1 0 0 0 0 0 1 1 
1 F 0 0 F 0 1 1 
1 1 1 1 1 1 1 1 
L24 T6

Map
1 1 1 1 1 1 1 1 
1 1 1 0 0 0 0 1 
1 G 0 0 0 0 0 1 
1 1 0 0 0 0 F 1 
1 1 0 H 0 F 0 S 
1 1 0 0 0 0 0 1 
1 1 1 1 1 1 1 1 
1 1 1 1 1 1 1 1 
U44 T6

Map
1 1 1 1 1 1 1 1 
1 1 1 1 1 1 S 1 
1 1 0 0 1 H # 1 
1 1 0 0 0 0 0 1 
1 G 0 H 0 0 # 1 
1 1 0 0 0 0 0 1 
1 1 0 1 # # 0 1 
1 1 1 1 1 1 1 1 
P25 T6

Map
1 1 1 1 1 S 1 1 
1 1 0 0 0 # H 1 
1 1 1 0 F 0 0 1 
1 1 1 0 0 0 0 1 
1 1 0 0 0 0 0 1 
1 1 0 0 0 F 0 1 
1 1 1 1 G 1 1 1 
1 1 1 1 1 1 1 1 
P54 T7

Map
1 1 1 1 1 1 1 1 
1 0 F 0 0 0 1 1 
1 0 0 0 0 0 1 1 
S 0 1 H F 0 1 1 
1 0 # # 0 0 1 1 
1 0 1 0 0 H 1 1 
1 1 1 G 1 1 1 1 
1 1 1 1 1 1 1 1 
P51 T6

Map
1 1 1 1 1 1 1 1 
1 G 1 1 1 1 1 1 
1 0 0 0 1 0 1 1 
1 # 0 0 0 # 1 1 
1 1 0 0 0 0 1 1 
1 0 0 0 0 0 S 1 
1 0 0 H 0 0 1 1 
1 1 1 1 1 1 1 1 
L54 T6

Map
1 1 1 1 1 1 1 1 
1 1 1 1 1 1 1 1 
1 1 0 0 # 0 0 1 
1 G 0 0 0 0 0 1 
1 1 0 1 0 0 # 1 
1 1 0 0 0 0 # 1 
1 1 1 # 0 F 0 S 
1 1 1 1 1 1 1 1 
D32 T6

Map
1 1 1 1 1 1 1 1 
1 1 1 1 1 1 1 1 
1 0 0 0 0 0 1 1 
G 0 0 0 0 0 1 1 
1 1 0 0 0 0 1 1 
1 0 H 0 # # S 1 
1 0 0 0 0 0 1 1 
1 1 1 1 1 1 1 1 
D35 T6

Map
1 1 1 1 1 1 1 1 
1 1 1 1 1 G 1 1 
1 1 0 1 0 0 0 1 
1 1 0 0 0 H 0 1 
1 1 0 1 0 F 0 1 
1 1 0 0 0 F 0 1 
1 1 0 0 0 0 0 1 
1 1 S 1 1 1 1 1 
P42 T6

Map
1 G 1 1 1 1 1 1 
1 0 0 1 0 0 1 1 
1 0 0 0 0 0 1 1 
1 F H 0 0 0 1 1 
1 F 1 0 1 0 1 1 
1 0 # 0 0 F 1 1 
1 1 1 1 1 S 1 1 
1 1 1 1 1 1 1 1 
D33 T6

Map
1 1 1 1 1 1 1 1 
1 1 1 G 1 1 1 1 
1 1 # 0 0 0 0 1 
1 1 0 0 H 0 0 1 
1 1 0 0 0 0 0 1 
1 1 0 0 0 0 0 1 
1 1 0 F F 0 0 1 
1 1 1 1 1 S 1 1 
P42 T6

Map
1 1 1 1 1 1 1 1 
1 S 1 1 1 1 1 1 
1 0 0 1 0 0 1 1 
1 1 0 0 0 0 1 1 
1 0 0 0 0 F 1 1 
1 H 1 0 F 0 1 1 
G 0 # 0 F 0 1 1 
1 1 1 1 1 1 1 1 
P24 T6

Map
1 1 S 1 1 G 1 1 
1 0 F 0 # 0 1 1 
1 # 0 0 0 H 1 1 
1 # 0 F 0 0 1 1 
1 0 F 0 0 0 1 1 
1 1 1 # 0 0 1 1 
1 1 1 1 1 1 1 1 
1 1 1 1 1 1 1 1 
L22 T8

Map
1 1 1 1 1 1 1 1 
1 1 1 1 1 1 1 1 
1 1 0 0 0 0 1 1 
1 1 0 # 0 0 0 1 
1 1 # 0 0 0 0 1 
1 1 0 0 # 0 0 G 
1 1 F 0 0 0 0 S 
1 1 1 1 1 1 1 1 
P56 T7

Map
1 1 1 1 1 1 1 1 
1 1 1 1 1 1 1 1 
1 0 0 0 0 0 1 1 
1 0 0 H # 0 G 1 
1 H 0 0 0 0 1 1 
1 0 F F 0 0 S 1 
1 0 0 # 0 1 1 1 
1 1 1 1 1 1 1 1 
R53 T6

Map
1 1 1 S 1 1 1 1 
G 0 0 F 0 0 1 1 
1 0 0 0 0 0 1 1 
1 0 H 0 0 1 1 1 
1 H 0 F 0 0 1 1 
1 0 0 F F 0 1 1 
1 1 1 1 1 1 1 1 
1 1 1 1 1 1 1 1 
R33 T7

Map
1 1 1 1 1 1 1 1 
1 1 G 1 1 1 1 1 
1 0 0 1 0 0 1 1 
1 0 H 0 0 0 1 1 
1 0 H 0 0 0 1 1 
1 0 0 0 0 0 1 1 
1 0 0 1 0 0 S 1 
1 1 1 1 1 1 1 1 
P44 T6

Map
1 1 1 1 1 1 1 1 
1 1 0 F 1 0 0 1 
1 1 0 0 0 0 0 1 
1 G 0 0 0 F 0 1 
1 1 0 0 F 0 1 1 
1 1 0 F 0 0 0 1 
1 1 S 1 1 1 1 1 
1 1 1 1 1 1 1 1 
U45 T6

Map
1 1 1 1 1 1 1 1 
1 1 1 1 1 1 1 1 
1 0 0 0 H 0 1 1 
1 0 # 0 0 0 1 1 
1 0 0 0 0 0 1 1 
1 0 0 F 0 0 G 1 
1 0 0 0 F 0 1 1 
1 1 1 S 1 1 1 1 
P54 T6

Map
1 1 1 1 1 1 1 1 
1 1 1 1 1 1 1 1 
1 F 0 0 0 0 1 1 
1 0 1 0 0 F 1 1 
1 0 0 0 0 0 1 1 
G 0 0 0 F 0 1 1 
1 0 0 0 0 # 1 1 
1 1 1 1 S 1 1 1 
P14 T6

Map
1 1 1 1 1 1 1 1 
1 1 1 G 1 1 1 1 
1 0 0 0 0 0 1 1 
1 0 1 0 0 0 1 1 
1 0 0 F # H 1 1 
1 0 0 0 # 0 1 1 
1 0 0 F 0 0 1 1 
1 1 S 1 1 1 1 1 
L53 T6

Map
1 1 1 1 1 1 1 1 
1 1 1 1 1 1 1 1 
1 0 F 0 0 0 1 1 
1 0 1 F 0 0 1 1 
S 0 0 # 0 0 1 1 
1 0 1 # F 0 G 1 
1 0 0 0 F # 1 1 
1 1 1 1 1 1 1 1 
P54 T6

Map
1 1 1 1 1 1 1 1 
1 1 1 1 1 1 1 1 
1 1 0 0 0 0 0 1 
1 G 0 # F 0 H 1 
1 1 1 0 0 0 0 1 
1 1 0 0 0 0 0 1 
1 1 0 F 0 0 0 S 
1 1 1 1 1 1 1 1 
L64 T8

Map
1 1 1 1 1 1 1 1 
1 1 1 1 1 1 1 1 
1 0 0 0 0 0 1 1 
1 1 H 0 # 0 S 1 
G 0 # 0 0 0 1 1 
1 0 0 1 0 0 1 1 
1 0 0 0 0 1 1 1 
1 1 1 1 1 1 1 1 
U33 T8

Map
1 1 1 1 1 1 1 1 
1 1 1 1 1 1 1 1 
1 1 H 0 # 0 0 S 
1 1 0 0 F # 0 G 
1 1 0 0 1 0 F 1 
1 1 1 0 0 0 0 1 
1 1 0 1 0 0 0 1 
1 1 1 1 1 1 1 1 
P32 T8

Map
1 1 1 1 1 1 1 1 
G 0 1 F H 0 1 1 
1 0 0 0 0 0 1 1 
1 1 0 0 # 0 1 1 
S 0 0 # 0 1 1 1 
1 0 0 0 0 0 1 1 
1 1 1 1 1 1 1 1 
1 1 1 1 1 1 1 1 
R42 T8

Map
1 1 1 1 1 1 1 1 
1 1 1 1 1 1 1 1 
1 1 # 0 0 1 H 1 
1 1 0 0 # 0 0 G 
1 1 0 0 0 0 0 1 
1 1 1 0 0 0 0 1 
1 1 0 0 H 0 0 1 
1 1 1 1 1 1 S 1 
P64 T8

Map
1 1 1 1 1 1 1 1 
1 1 1 1 1 1 1 1 
1 0 0 1 0 0 1 1 
1 0 0 0 0 0 1 1 
1 0 0 0 0 0 1 1 
1 H 0 0 0 0 S 1 
1 0 0 0 0 # 1 1 
1 1 G 1 1 1 1 1 
P45 T8

Map
1 1 1 1 G 1 1 1 
1 0 1 0 # 0 1 1 
1 0 0 0 H 0 1 1 
1 0 0 0 0 1 1 1 
S 0 1 0 0 # 1 1 
1 0 0 0 0 0 1 1 
1 1 1 1 1 1 1 1 
1 1 1 1 1 1 1 1 
P51 T8

Map
1 1 1 1 1 1 1 1 
1 1 1 1 G 1 1 1 
1 1 0 F 0 0 0 S 
1 1 0 0 0 0 0 1 
1 1 0 0 0 F 0 1 
1 1 1 0 F 0 0 1 
1 1 0 0 1 0 0 1 
1 1 1 1 1 1 1 1 
P52 T8

Map
1 1 1 1 1 1 1 1 
1 1 1 1 1 1 1 1 
1 0 0 # 0 0 1 1 
1 0 0 1 0 0 1 1 
1 0 F F 0 0 1 1 
1 0 0 1 0 0 G 1 
1 0 F 0 0 0 S 1 
1 1 1 1 1 1 1 1 
P54 T9

Map
1 1 1 1 1 1 1 1 
1 1 1 1 G 1 1 1 
1 0 0 0 0 # 1 1 
1 0 0 0 0 0 1 1 
1 0 # 0 F 0 1 1 
1 0 1 0 1 H 1 1 
1 0 0 # 0 0 1 1 
1 1 1 1 S 1 1 1 
P32 T9

Map
1 1 1 1 1 1 1 1 
1 1 1 1 G 1 1 1 
1 0 # 0 0 # 1 1 
1 0 0 0 0 0 1 1 
1 0 0 F F 0 1 1 
1 0 0 0 F 0 S 1 
1 F 0 0 0 0 1 1 
1 1 1 1 1 1 1 1 
P32 T8

Map
1 1 1 1 1 1 1 1 
1 1 1 1 1 1 1 1 
1 H 0 0 0 1 1 1 
1 0 0 0 0 0 1 1 
1 # 0 0 0 0 1 1 
1 1 0 0 F 0 1 1 
1 0 0 1 0 F S 1 
1 G 1 1 1 1 1 1 
P22 T8

Map
1 1 1 1 1 1 1 1 
1 0 0 1 0 # 1 1 
1 0 0 0 0 0 1 1 
G F 0 0 1 0 S 1 
1 0 H 0 0 0 1 1 
1 0 0 0 0 0 1 1 
1 1 1 1 1 1 1 1 
1 1 1 1 1 1 1 1 
L23 T8

Map
1 1 1 1 1 1 1 1 
1 1 0 0 0 0 # 1 
1 1 # 0 0 # 0 1 
1 1 F 0 0 0 0 G 
1 1 F 0 0 1 # 1 
1 1 0 0 0 0 0 1 
1 1 S 1 1 1 1 1 
1 1 1 1 1 1 1 1 
P41 T8

Map
1 1 1 1 1 1 1 1 
1 1 1 1 1 1 1 1 
1 0 # 0 0 0 1 1 
1 0 1 # 0 0 1 1 
G 0 0 0 0 1 1 1 
1 # 0 0 0 0 1 1 
1 0 1 0 0 0 1 1 
1 S 1 1 1 1 1 1 
U25 T9

Map
1 1 1 1 1 1 1 1 
1 1 1 1 1 1 1 1 
1 0 0 1 0 0 1 1 
1 0 0 0 F 0 1 1 
1 0 0 F 0 0 1 1 
G F 0 0 1 0 S 1 
1 0 0 0 1 0 1 1 
1 1 1 1 1 1 1 1 
P26 T9

Map
1 1 1 1 1 S 1 1 
1 0 0 1 0 0 1 1 
1 0 F 0 0 0 1 1 
1 # 0 0 # # 1 1 
1 0 H 1 1 0 1 1 
1 0 F # 0 0 1 1 
1 1 1 G 1 1 1 1 
1 1 1 1 1 1 1 1 
P45 T8

Map
1 1 1 1 1 1 1 1 
1 1 1 1 1 1 1 1 
1 S 0 0 0 H F 1 
1 1 0 0 0 0 0 1 
1 1 F 0 0 0 0 1 
1 1 0 0 F 0 0 1 
1 1 0 0 1 0 # 1 
1 1 1 1 1 G 1 1 
P32 T8

Map
1 1 1 1 1 1 1 1 
1 1 1 1 1 1 1 1 
1 0 0 0 1 F 1 1 
1 0 0 0 0 # 1 1 
S 0 0 1 0 0 1 1 
1 # # 0 0 0 G 1 
1 0 H 0 0 0 1 1 
1 1 1 1 1 1 1 1 
U36 T8

Map
1 1 1 1 1 1 1 1 
1 1 1 1 1 1 1 1 
1 1 0 0 0 0 0 1 
1 S 0 0 0 0 H 1 
1 1 0 0 0 # 1 1 
1 1 1 0 0 0 0 1 
1 1 0 0 1 0 0 1 
1 1 G 1 1 1 1 1 
U33 T11

