Map8
1 1 1 1 1 1 1 1 
1 1 1 1 S G 1 1 
1 0 0 0 0 # 1 1 
1 F F 0 F # 1 1 
1 0 0 0 0 H 1 1 
1 1 1 0 0 H 1 1 
1 F 0 H # 0 1 1 
1 1 1 1 1 1 1 1 
p44 T6

Map8
1 1 1 1 1 1 1 1 
1 1 1 1 1 1 1 1 
1 H 0 0 0 0 1 1 
1 # 0 0 0 0 1 1 
1 # 0 0 0 0 1 1 
1 0 1 # 0 0 S 1 
G 0 1 0 0 # 1 1 
1 1 1 1 1 1 1 1 
p34 T6

Map8
1 1 1 1 1 1 1 1 
1 1 1 1 1 1 1 1 
G 0 0 0 0 0 1 1 
1 0 H 1 0 F 1 1 
1 1 0 0 0 1 1 1 
1 0 0 0 0 H 1 1 
S 0 0 # 0 H 1 1 
1 1 1 1 1 1 1 1 
p26 L46 T5

Map8
1 1 1 1 1 1 1 1 
1 1 0 0 0 F 1 1 
1 1 0 0 0 0 0 1 
1 1 H 0 0 F 0 1 
1 1 1 0 0 0 0 G 
1 1 0 0 # 0 0 S 
1 1 1 1 1 1 1 1 
1 1 1 1 1 1 1 1 
p42 p33 T8

Map8
1 S 1 G 1 1 1 1 
1 F F F 0 H 1 1 
1 0 # F 0 # 1 1 
1 # 0 0 0 0 1 1 
1 0 0 0 0 F 1 1 
1 0 0 # 0 F 1 1 
1 1 1 1 1 1 1 1 
1 1 1 1 1 1 1 1 
p12 p23 T5

Map8
1 1 1 1 1 1 1 1 
1 1 1 1 1 S 1 1 
1 H F 0 0 F 1 1 
1 0 0 0 0 0 1 1 
1 0 F 0 F 0 1 1 
1 1 0 0 F 0 1 1 
1 0 0 0 1 0 1 1 
1 1 1 G 1 1 1 1 
p54 T6

Map8
1 1 G 1 1 S 1 1 
1 0 # 1 0 0 1 1 
1 0 0 0 0 0 1 1 
1 # H 0 0 0 1 1 
1 # H 0 0 0 1 1 
1 0 0 0 1 0 1 1 
1 1 1 1 1 1 1 1 
1 1 1 1 1 1 1 1 
p51 T6

Map8
1 1 1 1 1 1 1 1 
1 1 1 1 1 1 1 1 
1 0 0 0 0 0 1 1 
1 1 F H 0 0 1 1 
S 0 0 0 0 0 1 1 
1 0 H 0 0 0 1 1 
1 1 0 0 F F 1 1 
1 1 G 1 1 1 1 1 
p24 T5

Map8
1 1 S 1 1 1 1 1 
1 0 F 0 0 0 1 1 
1 1 0 F 1 1 1 1 
1 1 0 0 0 0 1 1 
1 0 0 0 0 0 1 1 
1 F 0 0 H 0 1 1 
1 1 1 G 1 1 1 1 
1 1 1 1 1 1 1 1 
p23 T6

Map8
1 1 1 G 1 1 1 1 
1 1 0 0 H F 1 1 
1 1 0 0 0 0 0 1 
1 1 0 0 0 0 0 1 
1 1 0 1 F 0 0 1 
1 1 0 0 F 1 0 S 
1 1 1 1 1 1 1 1 
1 1 1 1 1 1 1 1 
p42 T5

Map8
1 1 1 1 1 1 1 1 
1 1 0 0 0 0 0 1 
1 1 0 0 # 0 0 1 
1 1 0 0 0 1 0 1 
1 1 0 0 # # 0 1 
1 S # 0 # 0 0 1 
1 1 1 G 1 1 1 1 
1 1 1 1 1 1 1 1 
p41 T5

Map8
1 1 1 1 1 1 1 1 
1 1 1 G 1 1 1 1 
1 0 0 0 H H 1 1 
1 0 0 0 # 0 1 1 
S 0 # 0 0 0 1 1 
1 0 0 0 0 0 1 1 
1 0 0 0 0 0 1 1 
1 1 1 1 1 1 1 1 
p46 T5

Map8
1 1 1 1 1 1 1 1 
1 1 1 1 S 1 1 1 
1 1 F H F 0 0 1 
1 1 0 1 0 0 # 1 
1 1 H F 0 F 0 1 
1 1 0 0 # # # 1 
1 G # 1 F F 0 1 
1 1 1 1 1 1 1 1 
p64 P44 T7

Map8
1 1 S 1 1 1 1 1 
1 1 0 0 0 0 0 1 
1 1 0 0 # 0 0 1 
1 1 0 0 0 0 0 1 
1 1 0 0 0 0 0 1 
1 1 0 F 0 0 0 1 
1 1 1 1 G 1 1 1 
1 1 1 1 1 1 1 1 
p31 T5

Map8
1 1 1 1 1 1 1 1 
1 1 1 1 1 1 1 1 
1 1 0 0 1 1 0 1 
1 1 0 0 H 0 0 1 
1 G 0 0 0 F 0 1 
1 1 # 0 0 # F 1 
1 1 # 1 # F 1 1 
1 1 1 1 S 1 1 1 
p35 P44 T6

Map8
1 1 1 1 1 1 1 1 
1 1 1 S G 1 1 1 
1 0 0 # 0 # 1 1 
1 H 0 1 0 0 1 1 
1 H 0 0 0 0 1 1 
1 0 1 1 # 0 1 1 
1 0 H # # 0 1 1 
1 1 1 1 1 1 1 1 
p54 T6

Map8
1 1 1 1 1 1 1 1 
1 1 1 1 G 1 1 1 
1 0 0 0 0 1 1 1 
1 1 # F H H 1 1 
1 # # F 0 0 1 1 
1 0 # 0 # 0 1 1 
1 0 0 0 0 F 1 1 
1 1 1 1 S 1 1 1 
p35 P44 T6

Map8
1 1 1 1 1 1 1 1 
1 1 1 1 1 1 1 1 
1 # F F 0 # 1 1 
1 0 # 0 0 F 1 1 
1 0 0 # H 0 1 1 
1 0 F 0 0 0 G 1 
S 0 F # 0 0 1 1 
1 1 1 1 1 1 1 1 
p16 T5

Map8
1 1 1 1 1 1 1 1 
1 1 1 1 1 1 1 1 
1 0 0 0 0 0 1 1 
1 0 0 0 0 # 1 1 
1 0 H 0 1 1 1 1 
G 0 # 0 0 # 1 1 
1 F 1 0 0 # 1 1 
1 S 1 1 1 1 1 1 
p22 T7

Map8
1 1 1 1 1 1 1 1 
1 G 1 1 1 1 1 1 
1 0 0 H 0 0 1 1 
1 1 F 0 F F 1 1 
1 0 0 0 0 0 S 1 
1 # 0 0 0 0 1 1 
1 0 0 0 0 F 1 1 
1 1 1 1 1 1 1 1 
p34 T5

Map8
1 1 1 1 1 1 1 1 
1 1 1 1 G 1 1 1 
1 1 0 F 0 F 0 1 
1 1 # 0 0 0 0 1 
1 1 0 0 # F F 1 
1 1 0 F 1 H H 1 
1 1 0 0 0 # 1 1 
1 1 1 1 S 1 1 1 
p33 p24 T7

Map8
1 1 G 1 1 S 1 1 
1 0 F 0 0 0 1 1 
1 F 0 0 # 0 1 1 
1 0 # 0 F 0 1 1 
1 0 F H F # 1 1 
1 H F 0 0 0 1 1 
1 1 1 1 1 1 1 1 
1 1 1 1 1 1 1 1 
p52 p33 T5

Map8
1 1 1 1 1 1 1 1 
1 0 0 0 0 0 1 1 
1 1 0 F 0 0 1 1 
1 0 0 0 0 0 1 1 
1 F # 0 0 H 1 1 
1 F 0 0 0 0 G 1 
1 S 1 1 1 1 1 1 
1 1 1 1 1 1 1 1 
p13 T5

Map8
1 1 1 1 G 1 1 1 
1 1 0 # 0 1 0 1 
1 1 F 0 0 # F 1 
1 1 1 0 F 0 # 1 
1 1 1 0 0 0 0 1 
1 1 # 0 0 0 0 1 
1 1 1 1 1 S 1 1 
1 1 1 1 1 1 1 1 
p54 T6

Map8
1 1 1 1 1 1 1 1 
1 1 1 1 1 S 1 1 
1 0 0 F F 0 1 1 
G 0 0 0 H 0 1 1 
1 H 0 0 0 F 1 1 
1 0 0 F 0 0 1 1 
1 0 0 # 0 0 1 1 
1 1 1 1 1 1 1 1 
p24 P16 T5

Map8
1 1 1 1 1 1 1 1 
1 0 0 F 0 # 1 1 
1 F 0 0 F 0 1 1 
1 0 0 F F 0 1 1 
1 0 0 0 0 0 1 1 
1 0 0 1 0 F G 1 
1 1 S 1 1 1 1 1 
1 1 1 1 1 1 1 1 
p34 p25 T6

Map8
1 1 1 1 1 1 1 1 
1 1 0 0 1 0 # 1 
1 1 0 0 F 0 0 S 
1 1 F 0 0 H F 1 
1 G # 0 0 0 0 1 
1 1 F 0 0 1 0 1 
1 1 1 1 1 1 1 1 
1 1 1 1 1 1 1 1 
p33 T6

Map8
1 1 1 1 G 1 1 1 
1 1 1 0 0 1 0 1 
1 1 0 F 1 0 0 1 
1 1 0 0 0 0 F 1 
1 1 0 # 0 # F 1 
1 1 0 H 0 0 0 1 
1 1 1 1 1 S 1 1 
1 1 1 1 1 1 1 1 
p43 P52 T6

Map8
1 1 1 1 1 1 1 1 
1 1 1 1 1 1 1 1 
1 1 H F 0 0 F 1 
1 1 0 0 0 0 0 1 
1 1 0 1 F 0 0 S 
1 1 1 0 # F # 1 
1 1 0 0 0 0 0 1 
1 1 1 G 1 1 1 1 
p64 P54 T5

Map8
1 1 1 1 1 1 1 1 
1 1 F 0 0 0 0 1 
1 1 0 0 0 0 0 1 
1 1 F H 0 0 0 1 
1 G 0 0 0 1 0 S 
1 1 0 0 0 0 0 1 
1 1 1 1 1 1 1 1 
1 1 1 1 1 1 1 1 
p43 P31 T6

Map8
1 1 1 1 1 1 1 1 
1 1 1 S 1 1 1 1 
1 1 0 0 0 H 0 1 
1 1 0 0 0 0 # 1 
1 1 0 1 0 0 1 1 
1 1 1 0 0 0 F G 
1 1 0 0 0 # 0 1 
1 1 1 1 1 1 1 1 
p33 p44 T6

Map8
1 1 1 1 1 1 1 1 
1 0 1 1 F 0 G 1 
1 0 0 0 0 0 1 1 
1 0 # 0 0 1 1 1 
S 0 0 0 0 0 1 1 
1 0 0 0 0 H 1 1 
1 1 1 1 1 1 1 1 
1 1 1 1 1 1 1 1 
p14 T6

Map8
1 1 1 1 1 1 1 1 
1 1 1 1 1 1 1 1 
1 0 0 0 0 0 1 1 
S 0 0 0 0 0 1 1 
1 0 0 0 1 0 1 1 
1 0 0 0 0 0 1 1 
1 0 0 0 0 H 1 1 
1 1 1 1 G 1 1 1 
p14 p35 T7

Map8
1 1 1 1 1 1 1 1 
1 1 F 0 0 0 0 1 
1 1 0 0 # 0 0 1 
1 1 0 1 H # 0 1 
1 1 F 0 0 0 0 1 
1 1 0 0 1 0 0 S 
1 1 G 1 1 1 1 1 
1 1 1 1 1 1 1 1 
p63 T6

Map8
1 1 1 1 1 1 1 1 
1 G 1 1 1 1 1 1 
S # F 0 0 0 1 1 
1 0 0 0 0 0 1 1 
1 0 0 0 F F 1 1 
1 0 1 0 0 0 1 1 
1 0 0 0 0 F 1 1 
1 1 1 1 1 1 1 1 
p32 T5

Map8
1 1 S 1 1 1 1 1 
1 1 0 0 # 1 0 1 
1 1 F 0 0 1 F 1 
1 1 0 H # # 0 1 
1 1 0 0 0 0 0 1 
1 1 0 # 0 # 0 1 
1 1 1 1 G 1 1 1 
1 1 1 1 1 1 1 1 
p23 p34 T5

Map8
1 1 1 1 1 1 1 1 
1 1 1 1 1 1 1 1 
1 0 1 0 0 1 1 1 
1 F F # 1 0 1 1 
1 1 # 0 0 0 1 1 
1 0 0 0 0 0 1 1 
1 0 0 0 0 F 1 1 
1 1 S 1 G 1 1 1 
p35 L36 T5

Map8
1 1 1 1 1 1 1 1 
1 1 1 1 1 1 1 1 
S 0 0 # H 1 1 1 
1 # 0 1 0 0 1 1 
1 0 0 0 1 H 1 1 
1 0 0 0 0 1 1 1 
1 0 H 0 0 0 1 1 
1 1 1 1 G 1 1 1 
p14 P22 T5

Map8
1 1 1 1 1 1 1 1 
1 1 # # 0 0 0 1 
1 1 0 0 0 F 0 1 
1 1 0 0 0 F 0 1 
1 1 0 # # 0 0 G 
1 S 0 0 0 F # 1 
1 1 1 1 1 1 1 1 
1 1 1 1 1 1 1 1 
p25 T5

Map8
1 1 1 1 1 1 1 1 
1 1 1 1 1 1 1 1 
1 1 0 # # 0 F S 
1 1 H 0 0 0 F 1 
1 1 0 0 0 0 0 G 
1 1 # 1 # H F 1 
1 1 0 0 0 F 0 1 
1 1 1 1 1 1 1 1 
p22 p52 T5

Map8
1 1 1 1 1 G 1 1 
1 0 H H 0 0 1 1 
1 0 0 F 0 0 1 1 
1 0 F 0 0 0 1 1 
1 0 0 0 F H 1 1 
1 0 0 0 F 0 1 1 
1 1 S 1 1 1 1 1 
1 1 1 1 1 1 1 1 
p13 P24 T6

Map8
1 1 1 1 1 1 1 1 
1 1 1 G 1 1 1 1 
1 1 1 0 0 1 1 1 
1 1 0 0 1 0 0 1 
1 1 0 0 0 0 H 1 
1 1 F # # 0 0 1 
1 1 H 0 0 F # 1 
1 1 1 1 1 S 1 1 
p55 T6

Map8
1 1 1 1 1 1 1 1 
1 1 1 S 1 1 1 1 
1 1 H 0 1 0 # 1 
1 1 # 0 # H 0 1 
1 1 0 0 0 # 0 1 
1 1 0 0 0 F 0 1 
1 1 1 0 1 0 # 1 
1 1 1 1 1 G 1 1 
p33 T6

Map8
1 1 1 G 1 1 1 1 
1 # F 0 0 0 S 1 
1 0 H 0 0 0 1 1 
1 0 F 0 0 0 1 1 
1 0 1 0 H 0 1 1 
1 0 0 0 H 0 1 1 
1 1 1 1 1 1 1 1 
1 1 1 1 1 1 1 1 
p12 P43 T5

Map8
1 1 1 1 1 1 1 1 
1 1 1 1 1 S 1 1 
1 1 H 0 F 0 0 1 
1 1 0 F F 0 # 1 
1 1 0 0 F # 0 1 
1 1 0 0 # F 0 1 
1 1 0 H 0 F 0 1 
1 1 G 1 1 1 1 1 
p64 R46 T5

Map8
1 1 1 1 1 1 1 1 
1 1 1 1 1 1 1 1 
1 0 0 0 0 # 1 1 
1 0 H # 0 0 1 1 
1 0 0 0 1 1 1 1 
1 # H # 0 0 1 1 
S 0 # 0 0 0 1 1 
1 1 1 G 1 1 1 1 
p22 T6

Map8
1 1 S 1 1 1 1 1 
1 # F 1 0 0 G 1 
1 0 0 F F F 1 1 
1 0 # 0 0 0 1 1 
1 0 0 1 0 0 1 1 
1 F 1 0 0 0 1 1 
1 1 1 1 1 1 1 1 
1 1 1 1 1 1 1 1 
p22 T5

Map8
1 1 1 1 1 1 1 1 
1 1 1 1 1 G 1 1 
1 H 0 0 0 F 1 1 
1 0 0 F 0 0 1 1 
1 F 0 0 0 1 1 1 
1 0 F # 0 0 1 1 
1 0 F 0 0 0 1 1 
1 1 1 1 1 S 1 1 
p44 P36 T7

Map8
1 1 1 1 1 1 1 1 
1 0 0 0 0 H 1 1 
1 H F 0 1 H 1 1 
1 0 0 0 0 0 S 1 
G F 0 F 0 0 1 1 
1 0 0 0 0 0 1 1 
1 1 1 1 1 1 1 1 
1 1 1 1 1 1 1 1 
p53 T6

Map8
1 1 1 1 1 1 1 1 
1 S 1 G 1 1 1 1 
1 0 F 0 0 0 1 1 
1 F H 0 # 0 1 1 
1 0 0 0 0 F 1 1 
1 0 0 0 0 0 1 1 
1 0 1 0 0 0 1 1 
1 1 1 1 1 1 1 1 
p14 T6

Map8
1 G 1 1 1 1 1 1 
1 0 0 0 1 0 1 1 
1 0 0 0 0 0 1 1 
1 0 0 0 # 0 1 1 
1 1 0 0 1 0 1 1 
1 0 0 1 0 0 1 1 
1 1 1 1 S 1 1 1 
1 1 1 1 1 1 1 1 
p53 T6

Map8
1 S 1 G 1 1 1 1 
1 0 H 0 F 0 1 1 
1 0 0 0 0 0 1 1 
1 0 F 0 0 F 1 1 
1 0 0 F 1 0 1 1 
1 0 0 H 1 0 1 1 
1 1 1 1 1 1 1 1 
1 1 1 1 1 1 1 1 
p11 p22 T5

Map8
1 1 S 1 1 1 1 1 
1 0 0 F 0 F 1 1 
1 0 0 0 0 F 1 1 
1 0 0 0 0 0 1 1 
1 0 0 0 0 0 G 1 
1 0 F 0 0 H 1 1 
1 1 1 1 1 1 1 1 
1 1 1 1 1 1 1 1 
p13 P22 T5

Map8
1 1 1 1 1 1 1 1 
1 1 1 1 1 G 1 1 
1 1 0 H H 0 0 1 
1 1 0 0 0 0 0 1 
1 1 0 0 0 0 0 1 
1 1 0 H 0 0 0 1 
1 1 0 0 F 0 0 S 
1 1 1 1 1 1 1 1 
p43 p24 T6

Map8
1 1 1 1 1 1 1 1 
1 1 1 1 1 1 1 1 
1 F 0 0 # F G 1 
1 0 F 0 0 0 S 1 
1 F 0 0 0 0 1 1 
1 # 0 F 0 0 1 1 
1 0 0 0 0 0 1 1 
1 1 1 1 1 1 1 1 
p26 T6

Map8
1 1 G 1 1 S 1 1 
1 # 0 1 0 0 1 1 
1 0 0 F # # 1 1 
1 # H 0 F 0 1 1 
1 1 H F 1 F 1 1 
1 0 0 1 # 0 1 1 
1 1 1 1 1 1 1 1 
1 1 1 1 1 1 1 1 
p51 U53 T5

Map8
1 1 1 1 1 1 1 1 
1 1 1 S 1 1 1 1 
1 0 0 0 0 0 1 1 
G F 0 0 F 0 1 1 
1 1 0 F 0 0 1 1 
1 0 0 0 1 1 1 1 
1 0 0 # 1 0 1 1 
1 1 1 1 1 1 1 1 
p24 p35 T7

Map8
1 1 1 1 1 G 1 1 
1 1 0 0 0 F 1 1 
1 0 H 0 0 0 1 1 
1 # 1 0 0 F 1 1 
1 0 0 0 0 F 1 1 
1 F 0 0 H 0 1 1 
1 1 S 1 1 1 1 1 
1 1 1 1 1 1 1 1 
p33 P44 T6

Map8
1 1 1 1 1 1 1 1 
1 1 1 1 1 G 1 1 
1 0 0 0 H 0 1 1 
1 0 0 0 F 0 1 1 
1 0 0 0 0 H 1 1 
1 0 0 0 0 F 1 1 
S 0 F 0 0 0 1 1 
1 1 1 1 1 1 1 1 
p34 P46 T5

Map8
1 1 1 1 1 1 1 1 
1 1 1 1 1 1 1 1 
1 1 H 0 0 0 F 1 
1 G 0 0 0 0 0 1 
1 1 F 0 0 H 0 S 
1 1 F 0 F H F 1 
1 1 0 1 0 0 0 1 
1 1 1 1 1 1 1 1 
p44 D63 T5

Map8
1 1 1 1 1 1 1 1 
1 1 1 1 1 1 1 1 
S 0 0 1 0 0 1 1 
1 0 0 0 0 1 1 1 
1 0 0 0 1 0 1 1 
1 0 0 0 0 # 1 1 
1 0 H # # 0 1 1 
1 1 1 1 G 1 1 1 
p35 P16 T6

Map8
1 1 1 1 1 1 1 1 
1 1 1 S 1 1 1 1 
1 F # 0 0 F 1 1 
G 0 0 F 0 1 1 1 
1 0 0 0 H # 1 1 
1 # F F 0 0 1 1 
1 0 0 0 0 # 1 1 
1 1 1 1 1 1 1 1 
p24 P16 T5

Map8
1 1 1 1 1 1 1 1 
1 S 0 0 0 0 0 1 
1 1 0 F H 0 0 1 
1 1 0 0 0 H H 1 
1 1 0 0 0 0 0 G 
1 1 0 0 0 0 0 1 
1 1 1 1 1 1 1 1 
1 1 1 1 1 1 1 1 
p23 T5

Map8
1 1 1 1 1 1 1 1 
1 0 0 0 0 0 S 1 
1 0 0 1 # 0 1 1 
G 0 0 0 0 0 1 1 
1 H 0 0 H 0 1 1 
1 F 0 # 0 0 1 1 
1 1 1 1 1 1 1 1 
1 1 1 1 1 1 1 1 
p52 T5

Map8
1 1 1 1 1 1 1 1 
1 1 1 1 1 1 1 1 
1 G 0 # 0 1 0 1 
1 1 # 0 0 0 0 1 
1 1 # 0 0 0 0 1 
1 1 1 0 1 # 0 1 
1 1 # 0 0 0 0 1 
1 1 S 1 1 1 1 1 
p64 T7

Map8
1 1 1 1 1 1 1 1 
1 1 1 1 1 1 1 1 
1 # 0 0 0 0 1 1 
1 H 0 F F 0 1 1 
G 0 # 0 # F 1 1 
1 0 0 H 0 0 1 1 
1 0 0 0 1 0 1 1 
1 1 1 1 1 S 1 1 
p32 p23 T6

Map8
1 1 1 1 1 1 1 1 
1 S 0 0 0 0 0 1 
1 1 0 0 0 1 0 1 
1 1 0 H 0 0 0 1 
1 1 0 0 0 0 0 1 
1 1 H 0 0 0 0 1 
1 1 1 G 1 1 1 1 
1 1 1 1 1 1 1 1 
p63 p44 T6

Map8
1 1 1 1 1 1 1 1 
1 1 1 1 1 1 1 1 
1 1 0 0 0 0 0 G 
1 S 0 H 0 0 1 1 
1 1 0 H 0 0 0 1 
1 1 0 0 0 0 0 1 
1 1 1 0 0 0 0 1 
1 1 1 1 1 1 1 1 
p35 D22 T5

Map8
1 1 1 1 1 1 1 1 
1 1 S 1 1 1 1 1 
1 0 0 0 0 0 1 1 
1 0 0 0 0 0 1 1 
1 0 0 0 0 H 1 1 
1 0 0 0 0 0 1 1 
1 F H 0 0 0 G 1 
1 1 1 1 1 1 1 1 
p22 P23 T5

Map8
1 1 G 1 1 1 1 1 
1 H 0 F F H 1 1 
1 F 0 0 # H 1 1 
1 0 0 0 1 0 1 1 
1 1 0 1 0 0 S 1 
1 0 0 0 0 1 1 1 
1 1 1 1 1 1 1 1 
1 1 1 1 1 1 1 1 
p35 T5

Map8
1 1 1 1 1 1 1 1 
1 1 1 1 1 1 1 1 
1 1 0 0 0 0 0 G 
1 1 0 0 0 0 H 1 
1 1 H 0 0 H # 1 
1 1 0 0 0 0 0 1 
1 1 0 0 0 0 0 1 
1 1 1 1 1 1 S 1 
p46 P65 T5

Map8
1 1 1 1 1 1 1 1 
1 F 0 F 0 0 1 1 
1 0 H 1 0 F 1 1 
S # 0 0 0 # 1 1 
G 0 0 H 0 # 1 1 
1 # 0 0 F 0 1 1 
1 1 1 1 1 1 1 1 
1 1 1 1 1 1 1 1 
p23 p35 T6

Map8
1 1 1 1 1 1 1 1 
1 1 1 1 1 1 1 1 
1 1 # 0 0 # 1 1 
1 F 0 0 0 0 G 1 
1 0 0 0 0 1 1 1 
1 0 0 0 F 0 1 1 
1 0 H 0 # 0 S 1 
1 1 1 1 1 1 1 1 
p56 R36 T5

Map8
1 1 1 1 1 1 1 1 
1 1 1 0 1 0 1 1 
1 0 F 0 0 0 1 1 
1 0 0 F F 0 1 1 
G F 0 0 # F 1 1 
S F 0 0 0 0 1 1 
1 1 1 1 1 1 1 1 
1 1 1 1 1 1 1 1 
p35 D31 T5

Map8
1 1 1 1 1 1 1 1 
1 1 1 1 1 1 1 1 
1 1 0 F 0 F 0 1 
1 1 F 0 # 1 0 G 
1 1 H 0 H 0 1 1 
1 S 0 0 0 1 F 1 
1 1 0 F 0 # 0 1 
1 1 1 1 1 1 1 1 
p25 R22 T5

Map8
1 1 1 1 1 1 1 1 
1 1 1 1 1 G 1 1 
1 1 0 0 F 0 0 1 
1 1 0 0 F 0 0 1 
1 1 1 F 0 H 0 1 
1 S F 0 0 H F 1 
1 1 # 0 0 F 0 1 
1 1 1 1 1 1 1 1 
p63 P45 T8

Map8
1 1 1 1 1 1 1 1 
1 1 1 1 1 1 1 1 
1 1 0 1 F F H 1 
1 1 0 0 0 0 # S 
1 1 1 0 0 0 0 1 
1 1 0 0 # 1 0 1 
1 1 0 1 0 0 0 1 
1 1 G 1 1 1 1 1 
p43 T5

Map8
1 1 1 1 1 1 1 1 
1 1 1 1 1 1 1 1 
1 1 0 0 0 1 0 1 
1 S 0 0 H 0 F 1 
1 1 0 0 0 1 0 1 
1 1 F 0 H 0 0 G 
1 1 # 0 0 # 0 1 
1 1 1 1 1 1 1 1 
p46 P33 T6

Map8
1 1 1 1 1 1 1 1 
1 1 0 0 # 0 0 1 
1 1 0 0 0 0 0 1 
1 1 0 # 0 0 # 1 
1 1 # 0 0 0 0 1 
1 1 0 0 H 0 0 1 
1 1 S 1 1 G 1 1 
1 1 1 1 1 1 1 1 
p21 p61 T5

Map8
1 1 1 1 G 1 1 1 
S 0 0 H 0 0 1 1 
1 0 0 0 0 0 1 1 
1 0 H 0 0 # 1 1 
1 0 0 0 0 1 1 1 
1 0 0 1 0 1 1 1 
1 1 1 1 1 1 1 1 
1 1 1 1 1 1 1 1 
p13 P21 T5

Map8
1 1 1 1 1 1 1 1 
1 1 0 0 0 0 # 1 
1 1 0 F 0 0 0 1 
1 1 0 # 0 # 0 1 
1 1 # 0 0 0 0 G 
1 1 0 0 0 1 # S 
1 1 1 1 1 1 1 1 
1 1 1 1 1 1 1 1 
p23 T6

Map8
1 1 1 1 1 1 1 1 
1 1 0 0 0 0 1 1 
1 1 H 1 0 0 F 1 
1 1 0 0 F 0 0 1 
1 1 # 1 0 0 0 G 
1 1 0 0 0 0 0 1 
1 1 1 S 1 1 1 1 
1 1 1 1 1 1 1 1 
p51 p45 T8

Map8
1 1 1 1 1 1 1 1 
1 1 1 1 1 1 1 1 
1 # F 0 H 0 1 1 
G 0 0 F # 0 1 1 
1 0 0 0 0 0 1 1 
1 F F 0 F 0 S 1 
1 H 0 # 0 0 1 1 
1 1 1 1 1 1 1 1 
p54 D24 T5

Map8
1 1 S 1 1 1 1 1 
1 0 0 0 0 0 G 1 
1 0 H 0 0 0 1 1 
1 0 0 H 0 0 1 1 
1 # # 1 0 1 1 1 
1 0 0 0 0 0 1 1 
1 1 1 1 1 1 1 1 
1 1 1 1 1 1 1 1 
p35 L31 T6

Map8
1 1 1 1 1 1 1 1 
1 # 0 0 1 0 1 1 
1 0 # 0 0 # 1 1 
1 0 0 0 1 0 1 1 
1 0 0 0 1 0 1 1 
S # F 0 0 # 1 1 
1 G 1 1 1 1 1 1 
1 1 1 1 1 1 1 1 
p53 T5

Map8
1 1 1 1 1 1 1 1 
1 1 1 1 1 1 1 1 
S 0 # 1 0 # 1 1 
1 0 0 0 # 0 1 1 
1 0 H 0 H 0 1 1 
G # 0 0 # 0 1 1 
1 H 0 0 0 0 1 1 
1 1 1 1 1 1 1 1 
p54 R13 T5

Map8
1 1 S 1 1 1 1 1 
1 1 0 0 1 H H 1 
1 1 # 0 F 0 F 1 
1 1 0 0 F 0 0 1 
1 1 0 0 0 0 # 1 
1 1 0 F 0 H 1 1 
1 1 1 1 G 1 1 1 
1 1 1 1 1 1 1 1 
p23 p34 T5

Map8
1 1 1 1 1 1 1 1 
1 1 1 G 1 1 1 1 
1 F # 0 1 F 1 1 
1 # 0 1 H H 1 1 
1 0 0 0 1 1 1 1 
S 0 # 0 0 # 1 1 
1 0 0 # 0 0 1 1 
1 1 1 1 1 1 1 1 
p15 T5

Map8
1 1 1 1 1 1 1 1 
1 G 0 0 # H F 1 
1 1 1 F 0 H 0 1 
1 1 0 0 0 0 0 1 
1 1 0 0 0 F F 1 
1 1 F 0 0 0 0 1 
1 1 S 1 1 1 1 1 
1 1 1 1 1 1 1 1 
p23 T5

Map8
1 1 1 1 1 S 1 1 
1 1 0 0 H 0 0 1 
1 1 0 H # 0 1 1 
1 1 0 H 0 0 0 1 
1 1 0 0 # 0 0 1 
1 1 0 0 1 0 1 1 
1 1 1 G 1 1 1 1 
1 1 1 1 1 1 1 1 
p53 T6

Map8
1 1 1 1 1 1 1 1 
1 1 1 1 1 1 1 1 
1 1 0 0 0 H F 1 
1 1 0 # 0 0 0 G 
1 1 0 # H H 0 1 
1 1 0 0 0 0 # 1 
1 1 0 # 0 0 F 1 
1 1 1 1 S 1 1 1 
p24 P45 T5

Map8
1 1 1 1 1 1 1 1 
1 1 0 # 0 0 F 1 
1 1 0 F 0 0 0 1 
1 S 0 0 F 0 1 1 
1 1 1 F F # 0 1 
1 1 0 0 0 F 0 1 
1 1 1 G 1 1 1 1 
1 1 1 1 1 1 1 1 
p41 T5

Map8
1 1 S 1 1 1 1 1 
1 1 0 0 F 0 0 1 
1 1 0 0 0 0 0 1 
1 1 0 F F 0 F 1 
1 1 0 0 F 0 0 1 
1 1 0 0 0 F # 1 
1 1 1 G 1 1 1 1 
1 1 1 1 1 1 1 1 
p21 T5

Map8
1 1 1 1 1 1 1 1 
1 1 1 1 S 1 1 1 
1 0 # # 0 # 1 1 
1 0 0 H 0 0 1 1 
1 H 0 # # 0 1 1 
1 0 0 0 0 0 1 1 
1 0 0 0 H 0 1 1 
1 G 1 1 1 1 1 1 
p54 P43 T6

Map8
1 1 1 1 1 1 1 1 
1 1 1 1 1 1 1 1 
1 1 # 1 1 0 H 1 
1 1 0 0 0 # 0 1 
1 S 0 1 0 # 0 1 
1 1 F H 0 0 F G 
1 1 0 0 0 # # 1 
1 1 1 1 1 1 1 1 
p36 P44 T6

Map8
1 1 1 1 1 1 1 1 
1 1 S 1 1 1 1 1 
1 1 0 H 0 # # 1 
1 1 0 0 0 H 0 1 
1 1 0 0 0 0 # 1 
1 1 0 H 0 0 0 1 
1 1 # 1 0 0 # 1 
1 1 1 1 1 G 1 1 
p23 p44 T5

Map8
1 1 1 1 1 1 1 1 
1 1 0 0 0 0 0 1 
1 1 1 0 0 # 0 1 
1 1 0 H 0 0 0 1 
1 1 1 0 0 1 0 S 
1 1 0 0 1 0 0 1 
1 1 G 1 1 1 1 1 
1 1 1 1 1 1 1 1 
p51 T9

Map8
1 1 1 1 1 1 1 1 
1 1 1 1 1 1 1 1 
1 0 0 0 0 F 1 1 
1 0 F 0 0 0 G 1 
1 0 0 F F 0 1 1 
S 0 0 0 0 0 1 1 
1 0 0 F F 0 1 1 
1 1 1 1 1 1 1 1 
p14 T5

Map8
1 1 1 1 1 1 1 1 
1 0 0 0 1 0 1 1 
S 0 0 0 1 0 1 1 
1 0 0 F 0 0 G 1 
1 0 F H F # 1 1 
1 0 # 1 0 1 1 1 
1 1 1 1 1 1 1 1 
1 1 1 1 1 1 1 1 
p12 T6

Map8
1 1 1 1 1 1 1 1 
1 1 1 1 1 1 1 1 
1 1 0 0 0 H # 1 
1 1 0 0 0 # 0 G 
1 S 0 # F 0 1 1 
1 1 F 0 0 1 0 1 
1 1 H H # F # 1 
1 1 1 1 1 1 1 1 
p24 L54 T5

Map8
1 1 1 1 1 1 1 1 
1 1 G 1 1 1 1 1 
1 1 F 0 0 F 0 1 
1 1 0 0 0 F 0 1 
1 1 1 0 0 F 0 1 
1 1 1 0 0 0 0 S 
1 1 0 F 1 0 0 1 
1 1 1 1 1 1 1 1 
p34 T5

Map8
1 1 1 1 1 1 1 1 
1 1 S 1 1 1 1 1 
1 1 0 0 0 0 0 1 
1 1 0 0 0 0 0 1 
1 1 0 0 0 0 0 1 
1 1 0 0 0 0 0 1 
1 1 0 0 F H 0 1 
1 1 1 G 1 1 1 1 
p22 T6

Map8
1 1 1 1 1 G 1 1 
1 0 0 H 0 0 1 1 
1 0 0 0 0 H 1 1 
1 0 0 0 0 0 1 1 
1 0 F 0 0 0 S 1 
1 0 0 0 0 0 1 1 
1 1 1 1 1 1 1 1 
1 1 1 1 1 1 1 1 
p35 T7

Map8
1 1 1 1 1 1 1 1 
1 G 0 0 0 1 0 1 
1 1 F F 1 0 0 1 
1 1 F 0 1 0 0 1 
1 1 1 F 0 0 0 1 
1 1 0 0 0 0 0 1 
1 1 1 1 1 1 S 1 
1 1 1 1 1 1 1 1 
p45 T6

Map8
1 1 1 1 1 1 1 1 
1 1 1 1 1 1 1 1 
1 1 1 F 0 # 0 1 
1 1 0 H # 0 0 G 
1 1 0 F 0 F 0 1 
1 1 0 0 0 1 0 1 
1 1 0 0 1 # 0 1 
1 1 S 1 1 1 1 1 
p44 p26 T6

Map8
1 1 1 G S 1 1 1 
1 0 0 0 0 0 1 1 
1 # F 0 0 0 1 1 
1 1 0 0 0 0 1 1 
1 # F 0 0 0 1 1 
1 0 F F 0 F 1 1 
1 1 1 1 1 1 1 1 
1 1 1 1 1 1 1 1 
p44 T5

Map8
1 1 1 1 1 1 1 1 
1 1 1 1 1 1 G 1 
1 1 H 0 0 F 0 1 
1 1 # 0 # F 0 1 
1 1 0 0 0 # 1 1 
1 1 0 0 0 F 0 S 
1 1 F F 0 0 F 1 
1 1 1 1 1 1 1 1 
p45 T5

Map8
1 1 1 1 1 1 1 1 
1 1 1 1 G 1 1 1 
1 1 0 0 0 0 # 1 
1 1 1 1 0 0 1 1 
1 1 # 0 0 0 0 1 
1 1 0 0 0 0 0 1 
1 S # # 0 0 # 1 
1 1 1 1 1 1 1 1 
p54 T5

Map8
1 1 1 1 1 1 1 1 
1 1 0 0 0 0 0 1 
1 S F # 0 0 0 1 
1 1 F 0 0 0 F 1 
1 1 1 F 0 H F 1 
1 1 0 F 0 0 # 1 
1 1 1 1 G 1 1 1 
1 1 1 1 1 1 1 1 
p51 T5

Map8
1 1 1 1 1 1 1 1 
1 1 1 1 1 1 1 1 
1 1 0 0 # 0 F 1 
1 1 F # 0 0 0 1 
1 1 0 # 0 F 0 1 
1 S 0 # 1 0 1 1 
1 1 0 1 0 0 0 1 
1 1 1 1 1 G 1 1 
p25 D53 T5

Map8
1 1 1 1 G 1 1 1 
1 1 F F 0 0 1 1 
1 0 0 0 0 0 1 1 
1 0 0 0 1 0 1 1 
1 0 0 0 1 1 1 1 
1 0 0 0 0 0 1 1 
1 1 S 1 1 1 1 1 
1 1 1 1 1 1 1 1 
p32 L33 T5

Map8
1 1 1 1 1 1 1 1 
1 1 1 1 1 1 1 1 
1 0 0 0 F 0 1 1 
1 0 F 0 0 0 1 1 
1 # 0 H F # 1 1 
G 0 0 0 H 0 1 1 
1 F 0 0 # 0 1 1 
1 S 1 1 1 1 1 1 
p24 P32 T5

Map8
1 1 1 1 1 1 1 1 
1 G 0 0 # 0 F 1 
1 1 1 F 0 0 # 1 
1 1 1 0 0 # 0 1 
1 1 0 0 # 0 0 1 
1 1 F F 1 F F 1 
1 1 S 1 1 1 1 1 
1 1 1 1 1 1 1 1 
p24 T5

Map8
1 1 1 1 1 1 1 1 
1 1 1 1 1 1 1 1 
1 1 F 0 0 0 F 1 
1 1 0 0 0 # F 1 
1 1 H 0 H 0 0 1 
1 1 # F 1 0 0 1 
1 S # # 1 0 0 1 
1 1 1 1 1 1 G 1 
p34 D52 T6

Map8
1 1 1 1 1 1 1 1 
1 1 1 1 1 S 1 1 
1 F 0 0 0 F 1 1 
1 0 # 0 F 0 1 1 
1 # F 0 F 1 1 1 
1 1 0 0 0 0 1 1 
1 # F 0 0 0 1 1 
1 G 1 1 1 1 1 1 
p33 L36 T5

Map8
1 1 1 1 1 1 1 1 
1 0 0 # 0 0 S 1 
1 # 0 0 0 0 1 1 
1 # 0 0 0 0 1 1 
G F 0 # 0 1 1 1 
1 0 0 0 0 0 1 1 
1 1 1 1 1 1 1 1 
1 1 1 1 1 1 1 1 
p41 p33 T5

Map8
1 1 1 1 S G 1 1 
1 1 0 0 0 0 0 1 
1 1 0 0 0 F F 1 
1 1 0 1 0 0 0 1 
1 1 0 0 F 1 1 1 
1 1 0 0 0 # 1 1 
1 1 1 1 1 1 1 1 
1 1 1 1 1 1 1 1 
p43 T7

Map8
1 1 1 G 1 1 1 1 
1 0 0 # F 0 1 1 
1 0 F 0 0 0 1 1 
1 0 F 0 0 0 1 1 
1 F # 0 # F 1 1 
1 0 0 0 0 # 1 1 
1 1 1 1 1 S 1 1 
1 1 1 1 1 1 1 1 
p25 T6

Map8
1 1 S 1 1 1 1 1 
1 0 0 0 0 0 1 1 
1 H 0 F 0 0 1 1 
1 0 1 H 0 F 1 1 
1 0 F F 0 0 1 1 
1 0 1 0 F 0 1 1 
1 1 1 1 G 1 1 1 
1 1 1 1 1 1 1 1 
p31 T5

Map8
1 S 1 1 1 1 1 1 
1 0 0 0 0 # 1 1 
G # 0 0 1 0 1 1 
1 F 0 F 0 0 1 1 
1 0 0 0 F 0 1 1 
1 0 0 1 0 0 1 1 
1 1 1 1 1 1 1 1 
1 1 1 1 1 1 1 1 
p23 T5

Map8
1 1 1 1 1 1 1 1 
1 1 # 0 0 0 0 1 
1 1 0 0 0 0 0 1 
1 G F 0 H 0 F 1 
1 1 H 0 0 F 0 1 
1 1 # 0 F H 0 1 
1 1 1 1 1 1 S 1 
1 1 1 1 1 1 1 1 
p41 p32 T6

Map8
1 1 S 1 1 1 1 1 
1 1 F 1 0 1 1 1 
G 0 0 0 # H 1 1 
1 0 # 1 0 0 1 1 
1 # 0 0 0 # 1 1 
1 H 0 # 0 F 1 1 
1 1 1 1 1 1 1 1 
1 1 1 1 1 1 1 1 
p22 T5

Map8
1 1 1 1 1 1 1 1 
1 1 1 1 1 1 1 1 
1 0 0 0 0 H 1 1 
1 0 0 # 0 0 G 1 
1 0 0 F 0 1 1 1 
S 0 # # 1 0 1 1 
1 0 1 0 0 0 1 1 
1 1 1 1 1 1 1 1 
p14 T5

Map8
1 1 1 1 1 1 1 1 
1 1 1 1 1 1 1 1 
1 0 0 0 H 0 1 1 
1 0 0 0 0 # 1 1 
1 0 H F 0 F 1 1 
1 F 1 0 # 0 1 1 
1 F 0 F 0 F 1 1 
1 S 1 1 G 1 1 1 
p33 p14 T5

Map8
1 1 1 1 1 1 1 1 
1 1 1 1 S 1 1 1 
1 1 0 0 0 0 0 1 
1 1 0 0 H 0 0 1 
1 1 0 0 0 1 0 1 
1 1 # 0 0 F 0 1 
1 1 1 # 0 0 0 1 
1 1 1 1 G 1 1 1 
p23 L52 T5

Map8
1 1 1 1 1 1 1 1 
1 1 0 0 0 0 0 1 
1 1 0 0 0 0 H 1 
1 1 0 0 # 0 0 1 
1 1 0 0 H 0 0 G 
1 1 0 0 H 1 0 1 
1 1 1 S 1 1 1 1 
1 1 1 1 1 1 1 1 
p41 T5

Map8
1 1 1 1 1 1 1 1 
1 1 1 1 1 1 1 1 
1 # 0 1 0 0 1 1 
1 F 0 1 0 F 1 1 
1 0 0 0 # 0 1 1 
G 0 0 0 # # 1 1 
1 # 0 1 0 1 1 1 
1 S 1 1 1 1 1 1 
p24 T5

Map8
1 1 1 1 1 1 1 1 
1 1 0 0 H 0 H 1 
1 G 0 # 0 0 0 1 
1 1 H 0 F 0 0 1 
1 1 1 0 # F 0 1 
1 1 0 # 0 0 0 1 
1 1 S 1 1 1 1 1 
1 1 1 1 1 1 1 1 
p33 P45 T5

Map8
1 1 1 1 1 1 1 1 
1 1 1 1 1 1 1 1 
1 1 0 0 # F 0 1 
1 1 # 0 0 0 0 1 
1 G 0 0 F F # 1 
1 1 # 0 0 0 F 1 
1 1 1 0 F 0 # 1 
1 1 1 1 S 1 1 1 
p45 R33 T7

Map8
1 1 1 1 1 G 1 1 
1 1 0 0 H F 0 1 
1 1 0 # 0 # 0 1 
1 1 0 0 F F H 1 
1 1 0 0 0 0 F S 
1 1 # H # 0 0 1 
1 1 1 1 1 1 1 1 
1 1 1 1 1 1 1 1 
p42 p23 T6

Map8
1 1 1 1 1 1 1 1 
1 1 0 0 0 # 0 1 
1 S 0 0 # 1 0 1 
1 1 1 0 H 0 0 1 
1 1 1 # 0 0 1 1 
1 1 0 0 0 # # 1 
1 1 1 1 1 G 1 1 
1 1 1 1 1 1 1 1 
p22 P35 T5

Map8
1 1 1 1 1 1 1 1 
1 1 1 1 1 1 1 1 
1 1 0 0 # # F 1 
1 G 0 0 0 0 1 1 
1 1 0 0 0 0 H 1 
1 1 1 1 0 0 0 1 
1 S # 0 0 # 0 1 
1 1 1 1 1 1 1 1 
p44 p36 T5

Map8
1 1 1 1 1 1 1 1 
1 1 G S 1 1 1 1 
1 F 0 0 0 0 1 1 
1 # F 0 0 # 1 1 
1 0 F F 1 0 1 1 
1 0 0 0 0 # 1 1 
1 H 0 F 0 1 1 1 
1 1 1 1 1 1 1 1 
p15 R26 T6

Map8
1 1 1 1 1 1 1 1 
G F 0 H F 0 1 1 
1 0 0 # 0 0 1 1 
1 0 0 0 0 0 1 1 
1 0 0 0 0 # 1 1 
1 0 0 # 0 0 1 1 
1 1 1 1 S 1 1 1 
1 1 1 1 1 1 1 1 
p33 P42 T5

Map8
1 1 1 1 1 1 1 1 
1 1 1 1 G 1 1 1 
1 1 # F 0 0 0 1 
1 1 0 0 0 F H 1 
1 1 F # 0 0 # S 
1 1 0 F 0 0 0 1 
1 1 0 0 0 0 0 1 
1 1 1 1 1 1 1 1 
p56 P54 T5

Map8
1 1 G 1 1 1 1 1 
1 0 F # 0 0 S 1 
1 0 0 1 0 0 1 1 
1 F 0 # F 0 1 1 
1 0 0 0 0 0 1 1 
1 # 0 0 0 1 1 1 
1 1 1 1 1 1 1 1 
1 1 1 1 1 1 1 1 
p34 P41 T5

Map8
1 1 1 1 1 1 G 1 
1 1 0 H 1 0 0 1 
1 1 0 F 0 F 0 1 
1 1 0 0 0 0 0 1 
1 1 0 0 H F F S 
1 1 0 0 F 0 0 1 
1 1 1 1 1 1 1 1 
1 1 1 1 1 1 1 1 
p23 D53 T6

Map8
1 1 1 1 1 1 1 1 
1 1 0 H 0 0 H 1 
1 S 0 1 0 F 0 G 
1 1 0 0 0 F 1 1 
1 1 0 F 0 F 0 1 
1 1 0 F 0 0 0 1 
1 1 1 1 1 1 1 1 
1 1 1 1 1 1 1 1 
p43 P55 T6

Map8
1 1 1 1 1 1 1 1 
1 1 1 G 1 1 1 1 
1 H 0 0 H 0 1 1 
1 F 0 0 0 0 1 1 
1 0 0 0 # 0 1 1 
1 # 0 0 F 0 1 1 
1 0 0 0 0 0 1 1 
1 1 S 1 1 1 1 1 
p26 T6

Map8
1 1 G 1 1 S 1 1 
1 0 0 F # 0 1 1 
1 0 0 F 0 0 1 1 
1 0 F 1 0 0 1 1 
1 0 0 0 F 0 1 1 
1 F 0 H 0 0 1 1 
1 1 1 1 1 1 1 1 
1 1 1 1 1 1 1 1 
p53 p34 T5

Map8
1 1 1 1 1 1 1 1 
1 1 1 G 1 1 1 1 
1 1 0 0 0 F # 1 
1 1 # 0 F 0 F 1 
1 1 0 0 F # 0 1 
1 1 0 0 0 0 # 1 
1 1 0 0 0 0 0 1 
1 1 S 1 1 1 1 1 
p26 T5

Map8
1 1 1 1 S 1 1 1 
1 1 0 0 0 F 0 1 
1 1 0 0 F # 0 1 
1 1 0 # 0 0 0 1 
1 1 0 0 F # 0 G 
1 1 # 0 F H # 1 
1 1 1 1 1 1 1 1 
1 1 1 1 1 1 1 1 
p23 U43 T5

Map8
1 1 1 1 1 1 1 1 
1 1 G 1 1 1 1 1 
1 0 0 0 0 1 1 1 
1 1 0 0 H 0 1 1 
1 0 0 0 1 H 1 1 
1 1 F H 0 0 S 1 
1 0 0 0 0 0 1 1 
1 1 1 1 1 1 1 1 
p36 P45 T5

Map8
1 1 1 1 1 1 1 1 
1 F 0 0 1 0 1 1 
G # # 0 1 H 1 1 
1 F 0 0 0 H 1 1 
S 0 0 0 # 0 1 1 
1 0 F F 0 H 1 1 
1 1 1 1 1 1 1 1 
1 1 1 1 1 1 1 1 
p23 p14 T5

Map8
1 1 1 1 1 1 1 1 
1 0 F F 0 0 S 1 
1 0 0 1 0 0 1 1 
1 0 0 0 F 0 1 1 
1 0 0 0 0 0 1 1 
1 0 H 0 0 F 1 1 
1 1 1 1 G 1 1 1 
1 1 1 1 1 1 1 1 
p13 p34 T6

Map8
1 1 1 1 1 1 1 1 
1 0 1 # F 1 1 1 
1 0 # 0 # 0 1 1 
G F 0 F 1 0 1 1 
1 F 1 F 0 F S 1 
1 0 0 0 0 0 1 1 
1 1 1 1 1 1 1 1 
1 1 1 1 1 1 1 1 
p32 U55 T5

Map8
1 1 1 1 1 1 1 1 
1 1 0 # # F 1 1 
1 1 0 0 0 F # 1 
1 1 0 0 F F 0 S 
1 1 F 0 0 0 0 1 
1 1 0 1 # 0 1 1 
1 1 1 1 1 G 1 1 
1 1 1 1 1 1 1 1 
p44 P23 T5

Map8
1 1 1 1 1 1 1 1 
1 1 1 0 0 # 0 1 
1 1 0 # 0 0 0 1 
1 1 0 0 0 0 0 1 
1 1 0 F # # 0 G 
1 1 0 0 # 0 F 1 
1 1 1 S 1 1 1 1 
1 1 1 1 1 1 1 1 
p31 p43 T6

Map8
1 1 1 1 1 1 1 1 
1 1 1 1 1 1 1 1 
1 H F 0 0 F 1 1 
1 0 0 0 0 # 1 1 
1 0 # 0 0 0 1 1 
G F 0 0 0 0 1 1 
1 0 0 0 0 0 S 1 
1 1 1 1 1 1 1 1 
p44 p56 T7

Map8
1 1 1 1 1 1 1 1 
1 1 1 1 1 1 1 1 
1 1 0 F 0 0 0 1 
1 1 0 0 H 0 0 1 
1 1 # 0 1 F 0 1 
1 S # # 0 F 1 1 
1 1 0 1 H 0 0 G 
1 1 1 1 1 1 1 1 
p42 U26 T5

Map8
1 1 1 1 1 1 1 1 
1 0 0 0 F F S 1 
1 0 0 0 0 0 1 1 
1 # 0 0 0 0 1 1 
1 0 0 0 0 F 1 1 
1 0 0 H 0 0 1 1 
1 1 1 1 G 1 1 1 
1 1 1 1 1 1 1 1 
p11 p32 T6

Map8
1 1 1 1 1 1 1 1 
1 1 1 1 1 1 1 1 
1 0 0 0 0 0 1 1 
1 0 0 0 H 0 1 1 
1 # 0 0 # 0 1 1 
G 0 0 0 0 0 1 1 
1 # # 0 0 # 1 1 
1 1 1 1 1 S 1 1 
p54 T6

Map8
1 1 1 1 1 1 1 1 
1 0 H 1 # 0 1 1 
G # 0 0 0 0 1 1 
1 1 0 0 0 H 1 1 
1 0 0 0 # 0 1 1 
1 1 0 0 0 # 1 1 
1 1 S 1 1 1 1 1 
1 1 1 1 1 1 1 1 
p25 R14 T5

Map8
1 1 1 1 1 1 1 1 
1 1 S 1 1 1 1 1 
1 F 0 0 0 1 1 1 
1 0 1 0 F 0 1 1 
G 0 0 0 0 0 1 1 
1 H 0 F F 0 1 1 
1 0 F 0 0 0 1 1 
1 1 1 1 1 1 1 1 
p55 T7

Map8
1 1 1 1 1 1 1 1 
1 1 S 1 1 1 1 1 
1 1 0 0 0 0 # 1 
1 1 1 0 0 # 0 1 
1 1 # 0 0 0 H 1 
1 1 H F # 0 0 1 
1 1 1 0 0 F # G 
1 1 1 1 1 1 1 1 
p22 T5

Map8
1 1 1 1 1 1 1 1 
1 1 1 1 1 1 1 1 
1 1 0 0 # 0 H 1 
1 1 0 1 0 # 0 G 
1 1 0 0 0 0 # 1 
1 1 0 0 0 0 # 1 
1 1 0 0 0 F 0 1 
1 1 1 S 1 1 1 1 
p52 p44 T8

Map8
1 1 1 1 1 1 1 1 
1 1 G 1 1 1 1 1 
1 0 F F F F 1 1 
1 0 # 1 0 H 1 1 
1 0 0 0 # F 1 1 
1 # 0 # 0 # S 1 
1 0 1 0 0 H 1 1 
1 1 1 1 1 1 1 1 
p14 T5

Map8
1 1 1 1 1 1 1 1 
1 1 0 # 0 0 0 1 
1 1 F 0 0 0 0 1 
1 1 0 0 0 0 0 G 
1 1 F 0 0 F F 1 
1 1 # 0 0 H 0 1 
1 1 S 1 1 1 1 1 
1 1 1 1 1 1 1 1 
p21 P34 T5

Map8
1 1 1 1 1 1 1 1 
1 1 1 1 G 1 1 1 
1 1 1 1 0 0 0 1 
1 1 0 H 0 0 0 1 
1 1 0 0 0 0 H 1 
1 1 0 0 H 1 0 1 
1 S 0 0 0 0 1 1 
1 1 1 1 1 1 1 1 
p25 P54 T6

Map8
1 S G 1 1 1 1 1 
1 # 0 0 0 1 1 1 
1 0 0 H 0 0 1 1 
1 0 0 0 0 0 1 1 
1 0 0 H 0 0 1 1 
1 1 0 H 0 0 1 1 
1 1 1 1 1 1 1 1 
1 1 1 1 1 1 1 1 
p42 p33 T8

Map8
1 1 1 1 1 1 1 1 
1 1 1 1 1 1 1 1 
1 0 0 # 1 0 1 1 
1 # # 0 F 0 1 1 
1 F 0 0 0 0 G 1 
1 0 F 0 0 # 1 1 
1 0 H 0 F 0 1 1 
1 S 1 1 1 1 1 1 
p33 T5

Map8
1 1 1 1 1 1 1 1 
1 1 1 1 1 1 1 1 
1 1 0 0 0 0 H 1 
1 1 F F 0 # 0 G 
1 1 0 H 0 0 1 1 
1 1 0 0 0 0 0 S 
1 1 1 F 0 0 0 1 
1 1 1 1 1 1 1 1 
p44 p55 T5

Map8
1 1 1 1 1 1 1 1 
1 1 0 0 0 F 0 S 
1 1 0 0 0 0 0 1 
1 1 1 1 0 0 0 1 
1 G 0 0 F F 0 1 
1 1 F 0 0 1 F 1 
1 1 1 1 1 1 1 1 
1 1 1 1 1 1 1 1 
p42 L64 T5

Map8
1 1 1 1 1 1 S 1 
1 1 0 0 0 0 0 1 
1 1 1 0 F 0 0 1 
1 1 0 F 0 0 1 1 
1 1 F 0 0 0 0 1 
1 1 0 0 0 F 1 1 
1 1 1 1 1 G 1 1 
1 1 1 1 1 1 1 1 
p61 T5

Map8
1 1 1 1 1 1 1 1 
1 1 1 1 1 1 1 1 
1 # 0 F 0 # 1 1 
1 0 0 0 0 0 1 1 
1 0 0 0 0 0 1 1 
1 0 0 1 0 0 1 1 
1 F 0 F F # 1 1 
1 1 G 1 1 S 1 1 
p33 p54 T5

Map8
1 1 1 1 1 1 1 1 
1 1 1 1 1 1 1 1 
1 # 0 0 # 0 1 1 
1 # 0 # 1 0 1 1 
1 F F H 0 F 1 1 
1 0 # 0 0 0 G 1 
S 0 0 0 F 0 1 1 
1 1 1 1 1 1 1 1 
p16 T5

Map8
1 1 1 1 1 1 1 1 
1 1 1 1 S 1 1 1 
1 0 0 0 F F 1 1 
1 0 0 F 0 0 1 1 
1 0 0 0 0 0 1 1 
1 0 # 0 0 0 1 1 
G 0 H 0 0 0 1 1 
1 1 1 1 1 1 1 1 
p43 T5

Map8
1 1 1 1 1 1 1 1 
1 0 0 # 0 0 S 1 
1 # # 0 # 0 1 1 
1 0 0 0 0 0 1 1 
1 0 0 0 0 H 1 1 
1 0 H 1 0 # 1 1 
1 1 1 1 1 G 1 1 
1 1 1 1 1 1 1 1 
p51 T5

Map8
1 1 1 1 1 1 1 1 
1 0 0 F 0 0 1 1 
1 0 0 # # 0 G 1 
1 0 # 0 0 0 1 1 
1 # F 0 0 0 1 1 
1 0 0 F F 1 1 1 
1 1 1 S 1 1 1 1 
1 1 1 1 1 1 1 1 
p13 P33 T5

Map8
1 1 1 1 1 1 1 1 
1 1 1 1 1 S 1 1 
1 F 0 F 0 F 1 1 
1 0 0 0 0 F 1 1 
1 0 0 0 # 0 G 1 
1 0 0 F 0 # 1 1 
1 H 0 0 # 0 1 1 
1 1 1 1 1 1 1 1 
p45 P36 T5

Map8
1 1 1 1 1 1 1 1 
1 1 1 1 1 1 1 1 
1 1 F 0 0 0 H 1 
1 1 0 H # 0 0 1 
1 S 0 0 0 # 1 1 
1 1 0 # F F H 1 
1 1 0 1 0 F 0 1 
1 1 1 1 1 1 G 1 
p34 T5

Map8
1 1 1 1 1 1 1 1 
1 1 1 1 1 G 1 1 
1 1 0 0 H # F 1 
1 1 0 H 0 0 0 1 
1 1 0 F F 0 0 1 
1 1 0 0 0 F 0 1 
1 1 # 0 0 F 0 1 
1 1 1 1 1 1 S 1 
p25 D64 T6

Map8
1 1 1 1 1 1 1 1 
1 1 1 1 1 1 1 1 
1 0 # 0 0 0 1 1 
S 0 0 # F 0 1 1 
1 0 0 F F 0 1 1 
1 0 0 0 0 0 1 1 
1 0 0 0 0 0 1 1 
1 1 1 G 1 1 1 1 
p42 T5

Map8
1 1 G 1 1 S 1 1 
1 0 # F 1 F 1 1 
1 0 0 0 F 0 1 1 
1 # 0 0 0 0 1 1 
1 0 0 1 H 0 1 1 
1 F 0 0 F 0 1 1 
1 1 1 1 1 1 1 1 
1 1 1 1 1 1 1 1 
p52 p33 T5

Map8
1 1 1 1 1 1 1 1 
1 1 1 1 1 G 1 1 
1 0 0 0 H # 1 1 
1 0 0 0 0 0 1 1 
1 1 0 0 F H 1 1 
S 0 0 0 0 0 1 1 
1 0 0 0 0 0 1 1 
1 1 1 1 1 1 1 1 
p15 T7

Map8
1 1 1 1 1 1 1 1 
1 1 1 1 1 1 S 1 
1 1 0 0 # 1 0 1 
1 1 # 0 0 F F 1 
1 1 0 0 0 0 0 G 
1 1 F 0 0 # 0 1 
1 1 0 0 0 F 0 1 
1 1 1 1 1 1 1 1 
p43 T7

Map8
1 1 1 1 1 1 1 1 
1 1 1 1 1 1 1 1 
1 0 0 1 0 F 1 1 
1 0 1 F 0 0 1 1 
1 0 0 H 0 0 1 1 
1 0 0 0 0 0 1 1 
1 0 0 F 0 0 1 1 
1 S 1 G 1 1 1 1 
p25 p16 T5

Map8
1 1 1 1 1 1 1 1 
1 S 0 0 0 H 0 G 
1 1 0 0 0 F 0 1 
1 1 F F 0 0 0 1 
1 1 0 0 0 0 0 1 
1 1 0 0 0 0 F 1 
1 1 1 1 1 1 1 1 
1 1 1 1 1 1 1 1 
p21 P41 T7

Map8
1 1 1 1 1 1 1 1 
1 1 1 1 G 1 1 1 
1 1 0 0 0 F 0 1 
1 1 0 0 0 0 0 1 
1 1 0 F 0 0 0 1 
1 1 0 0 0 H 0 1 
1 1 0 0 0 F 0 1 
1 1 S 1 1 1 1 1 
p33 p24 T5

Map8
1 1 1 1 1 1 1 1 
1 1 1 S 1 1 1 1 
1 1 0 # # F F 1 
1 1 F F 0 0 F G 
1 1 0 0 0 0 0 1 
1 1 0 0 0 0 0 1 
1 1 H 0 0 0 0 1 
1 1 1 1 1 1 1 1 
p44 P56 T5

Map8
1 1 1 1 1 1 1 1 
1 S 1 1 1 1 1 1 
1 0 0 0 0 # 1 1 
1 1 # 1 0 0 1 1 
1 0 0 0 0 F 1 1 
1 0 H 0 0 1 1 1 
1 0 0 H 0 0 1 1 
1 G 1 1 1 1 1 1 
p32 P45 T6

Map8
1 1 1 1 1 1 1 1 
1 1 0 0 0 0 1 1 
1 0 1 F 1 0 S 1 
1 0 F 0 # H 1 1 
1 1 0 # # F G 1 
1 H 0 # H F 1 1 
1 1 1 1 1 1 1 1 
1 1 1 1 1 1 1 1 
p33 P21 T6

Map8
1 1 1 1 1 1 1 1 
1 1 S 1 1 1 1 1 
1 0 0 0 0 0 1 1 
1 0 H # 0 0 1 1 
1 0 0 # 0 0 1 1 
1 0 0 0 H 0 1 1 
1 0 0 0 H 0 G 1 
1 1 1 1 1 1 1 1 
p13 L32 T6

Map8
1 1 1 1 1 1 1 1 
1 0 0 0 F 0 1 1 
1 # # 0 0 0 1 1 
1 0 0 # 0 0 1 1 
1 0 0 F 0 0 1 1 
1 F 0 0 F 0 1 1 
1 S 1 1 G 1 1 1 
1 1 1 1 1 1 1 1 
p32 p13 T5

Map8
1 1 1 1 1 1 1 1 
1 G 1 1 S 1 1 1 
1 0 0 1 0 0 1 1 
1 H 0 1 0 0 1 1 
1 0 0 H 0 0 1 1 
1 0 0 H 1 0 1 1 
1 # 0 0 0 0 1 1 
1 1 1 1 1 1 1 1 
p36 T8

Map8
1 1 1 1 1 1 1 1 
1 1 1 F 1 0 0 1 
1 1 0 0 # 1 0 1 
1 1 0 0 0 # 0 1 
1 1 1 F 0 0 0 1 
1 S # # 0 F 0 1 
1 1 1 G 1 1 1 1 
1 1 1 1 1 1 1 1 
p43 p64 T6

Map8
1 1 1 1 1 S 1 1 
1 0 F 0 0 0 1 1 
1 F 0 0 0 1 1 1 
1 0 # F 0 1 1 1 
1 # H 0 0 0 1 1 
1 0 1 1 F 0 1 1 
1 1 1 1 1 G 1 1 
1 1 1 1 1 1 1 1 
p41 R11 T5

Map8
1 G 1 1 1 1 1 1 
1 0 0 0 0 F 1 1 
1 0 0 0 F 0 1 1 
1 H 0 F # 0 1 1 
1 0 1 F # 1 1 1 
1 H 0 0 # 0 1 1 
1 1 S 1 1 1 1 1 
1 1 1 1 1 1 1 1 
p25 T6

Map8
1 1 1 1 1 1 1 1 
1 1 1 1 1 1 1 1 
1 F # H 0 0 G 1 
1 F 0 1 F 1 1 1 
S F 0 0 0 H 1 1 
1 1 0 0 0 H 1 1 
1 F 0 0 0 0 1 1 
1 1 1 1 1 1 1 1 
p36 D23 T5

Map8
1 1 1 1 1 1 1 1 
1 S 1 1 1 1 1 1 
1 0 0 0 0 0 1 1 
1 0 0 0 0 F G 1 
1 F 0 0 0 0 1 1 
1 0 0 H 0 0 1 1 
1 # 0 0 0 0 1 1 
1 1 1 1 1 1 1 1 
p24 P36 T5

Map8
1 1 1 1 1 1 1 1 
1 1 1 1 1 1 1 1 
1 1 # 0 # 0 0 1 
1 1 0 0 0 0 F 1 
1 1 0 0 0 0 H 1 
1 1 # 0 0 0 0 1 
1 1 0 F F 0 0 1 
1 1 1 G S 1 1 1 
p23 p44 T6

Map8
1 1 1 1 1 1 1 1 
1 1 H 1 F # F 1 
1 G 0 # 0 1 0 1 
1 1 0 # 0 1 0 1 
1 1 # 0 1 0 # 1 
1 1 0 0 0 F 0 1 
1 1 1 1 1 1 S 1 
1 1 1 1 1 1 1 1 
p45 D62 T5

Map8
1 1 1 1 1 1 1 1 
1 1 1 1 1 1 1 1 
1 1 F 0 1 0 1 1 
1 G 0 0 0 H 0 1 
1 1 0 0 0 0 F 1 
1 1 0 0 0 0 0 1 
1 1 0 0 0 0 0 1 
1 1 1 1 1 S 1 1 
p56 L65 T5

Map8
1 1 1 1 1 1 1 1 
1 1 0 F 0 0 0 1 
1 1 0 # 0 0 1 1 
1 1 0 F F # 0 1 
1 1 0 F F 0 # S 
1 1 0 # # F 0 1 
1 1 1 1 1 G 1 1 
1 1 1 1 1 1 1 1 
p41 T5

Map8
1 1 1 1 1 1 1 1 
1 1 1 1 S 1 1 1 
1 1 0 0 F F F 1 
1 1 0 0 0 1 0 1 
1 1 F 1 # 0 0 1 
1 1 H 0 0 F 0 G 
1 1 0 1 0 F 1 1 
1 1 1 1 1 1 1 1 
p43 T5

Map8
1 1 1 1 1 1 1 1 
1 1 0 # # 0 0 1 
1 1 0 0 0 0 F 1 
1 1 0 0 0 0 # 1 
1 1 0 0 0 0 F S 
1 1 H 0 0 0 0 1 
1 1 1 1 1 1 G 1 
1 1 1 1 1 1 1 1 
p44 T5

Map8
1 1 1 1 1 1 1 1 
1 1 1 1 1 1 1 1 
1 0 H 0 # F 1 1 
1 H 0 1 0 F 1 1 
1 F 0 0 0 0 1 1 
1 0 0 0 F # S 1 
1 F 0 0 0 # 1 1 
1 1 1 1 1 G 1 1 
p35 T5

Map8
1 1 1 1 1 1 1 1 
1 # 0 # 0 0 1 1 
1 # 0 0 0 0 1 1 
1 0 0 0 0 0 G 1 
S 0 0 0 0 # 1 1 
1 0 0 # 0 0 1 1 
1 1 1 1 1 1 1 1 
1 1 1 1 1 1 1 1 
p14 T5

Map8
1 1 1 1 1 1 1 1 
1 0 1 0 0 0 1 1 
1 # # 0 0 # 1 1 
1 0 H 1 0 0 1 1 
1 0 0 0 # 1 1 1 
S F 0 1 F # 1 1 
1 1 1 1 G 1 1 1 
1 1 1 1 1 1 1 1 
p13 L34 T8

Map8
1 1 1 1 1 1 1 1 
1 1 1 1 1 S 1 1 
1 1 # H F # F 1 
1 1 H 1 H 0 1 1 
1 1 F 0 # F F 1 
1 1 # 0 0 0 1 1 
1 G F 0 1 0 0 1 
1 1 1 1 1 1 1 1 
p45 P56 T5

Map8
1 1 1 1 1 1 1 1 
1 1 F 1 # 1 0 S 
1 G # # H 0 0 1 
1 1 # 0 0 0 0 1 
1 1 0 0 0 0 F 1 
1 1 0 1 1 # 0 1 
1 1 1 1 1 1 1 1 
1 1 1 1 1 1 1 1 
p43 P52 T8

Map8
1 1 1 1 1 1 1 1 
1 1 0 0 0 # # 1 
1 1 1 0 0 1 0 S 
1 G 0 0 F 1 # 1 
1 1 0 0 F 0 F 1 
1 1 1 0 0 0 0 1 
1 1 1 1 1 1 1 1 
1 1 1 1 1 1 1 1 
p34 T6

Map8
1 1 1 1 1 1 1 1 
1 0 # F 0 F G 1 
1 0 F 0 0 0 1 1 
1 # 0 0 1 1 1 1 
1 H H 0 0 0 1 1 
1 0 0 0 0 # 1 1 
1 1 1 1 1 S 1 1 
1 1 1 1 1 1 1 1 
p45 L42 T7

Map8
1 1 1 1 1 1 1 1 
1 1 0 0 0 # F 1 
1 1 F 0 0 0 F 1 
1 1 H 0 0 H # 1 
1 1 0 0 0 F 0 1 
1 1 # F # # F G 
1 1 1 S 1 1 1 1 
1 1 1 1 1 1 1 1 
p33 P52 T5

Map8
1 S 1 1 1 G 1 1 
1 0 0 # 0 F 1 1 
1 F 0 # 0 0 1 1 
1 0 0 # F 0 1 1 
1 # F # 1 1 1 1 
1 0 0 0 F 0 1 1 
1 1 1 1 1 1 1 1 
1 1 1 1 1 1 1 1 
p13 R22 T5

Map8
1 G 1 1 1 1 1 1 
1 0 0 0 H # 1 1 
1 1 H # 0 0 1 1 
1 0 0 0 # 0 1 1 
1 0 0 0 0 0 S 1 
1 1 0 F 0 H 1 1 
1 1 1 1 1 1 1 1 
1 1 1 1 1 1 1 1 
p44 T5

Map8
1 1 1 1 1 1 1 1 
1 1 1 1 1 1 1 1 
1 1 0 0 0 1 1 1 
S F # 1 F 0 1 1 
G 0 F F # 0 1 1 
1 F 0 F # 0 1 1 
1 0 # 0 0 # 1 1 
1 1 1 1 1 1 1 1 
p55 T8

Map8
1 1 1 S 1 1 1 1 
1 1 0 0 0 0 0 1 
1 1 0 0 0 0 0 1 
1 1 0 1 0 0 1 1 
1 1 0 0 0 0 0 G 
1 1 H 0 0 0 H 1 
1 1 1 1 1 1 1 1 
1 1 1 1 1 1 1 1 
p32 p43 T6

Map8
1 1 1 1 1 1 1 1 
1 1 1 1 1 1 1 1 
1 0 F 0 # 0 1 1 
1 # 0 0 0 H 1 1 
1 # 0 # 0 0 1 1 
1 0 0 F 0 H 1 1 
S 0 1 0 F 0 1 1 
1 1 1 G 1 1 1 1 
p15 P44 T5

Map8
1 1 1 1 1 1 1 1 
1 0 # 1 F 0 1 1 
1 0 0 0 # 0 S 1 
1 0 0 F H # 1 1 
1 0 0 0 0 0 1 1 
1 1 F F F 0 1 1 
1 1 1 1 G 1 1 1 
1 1 1 1 1 1 1 1 
p34 T5

Map8
1 1 1 1 1 1 1 1 
S F 0 0 # # 1 1 
1 0 0 0 0 H 1 1 
1 0 0 0 # # 1 1 
1 0 0 H 1 0 1 1 
G 0 1 # 0 F 1 1 
1 1 1 1 1 1 1 1 
1 1 1 1 1 1 1 1 
p31 T6

Map8
1 1 1 1 1 1 1 1 
1 1 H # 0 0 F 1 
1 1 F 0 F 0 F 1 
1 1 0 0 F # 0 G 
1 1 F 0 1 0 0 1 
1 S 0 0 # # 0 1 
1 1 1 1 1 1 1 1 
1 1 1 1 1 1 1 1 
p34 p25 T5

Map8
1 1 1 1 1 1 1 1 
1 1 S 1 G 1 1 1 
1 0 0 H 0 0 1 1 
1 0 # 0 0 0 1 1 
1 1 0 F F F 1 1 
1 1 # 0 0 # 1 1 
1 0 # 1 1 # 1 1 
1 1 1 1 1 1 1 1 
p33 T7

Map8
1 1 1 1 1 1 1 1 
1 0 0 0 0 # 1 1 
1 0 F 0 1 F 1 1 
1 # 0 0 0 H 1 1 
1 0 0 0 0 0 G 1 
1 # 0 0 0 0 1 1 
1 S 1 1 1 1 1 1 
1 1 1 1 1 1 1 1 
p11 p23 T6

Map8
1 1 1 1 1 1 1 1 
1 0 F 0 0 # 1 1 
1 0 F 0 F 0 1 1 
1 0 0 0 # F 1 1 
1 0 # 0 0 0 G 1 
1 0 0 F 0 0 1 1 
1 1 1 1 S 1 1 1 
1 1 1 1 1 1 1 1 
p13 T5

Map8
1 1 1 1 1 1 1 1 
1 1 1 1 1 1 1 1 
1 # 0 # 0 0 1 1 
1 1 0 0 0 0 1 1 
1 0 0 0 0 # 1 1 
1 F H 0 F 0 1 1 
1 0 H 0 0 0 1 1 
1 G 1 1 S 1 1 1 
p53 T6

Map8
1 1 1 1 1 1 1 1 
1 1 1 1 1 1 1 1 
G 0 0 0 0 0 1 1 
1 # 1 # H 1 1 1 
1 0 0 0 H 0 1 1 
1 0 0 0 0 0 1 1 
1 0 1 0 H 0 1 1 
1 1 1 1 1 S 1 1 
p56 T5

Map8
1 1 1 1 1 1 1 1 
1 1 1 1 1 1 1 1 
1 1 0 0 1 1 0 S 
1 1 # 0 0 0 0 1 
1 1 F # # 0 0 1 
1 1 1 1 F 0 0 1 
1 G 0 # 0 H 0 1 
1 1 1 1 1 1 1 1 
p62 P33 T6

Map8
1 1 1 1 1 1 1 1 
1 1 1 1 1 1 1 1 
1 1 0 0 0 F 0 S 
1 1 0 1 F 0 0 1 
1 1 0 F 0 0 0 1 
1 1 0 0 # F # 1 
1 1 0 F # 0 F 1 
1 1 1 1 1 G 1 1 
p23 p44 T6

Map8
1 1 1 1 1 1 1 1 
1 1 1 1 1 1 1 1 
1 0 0 0 0 0 1 1 
1 1 0 F 1 0 1 1 
1 0 0 0 F # 1 1 
1 F F 1 H F S 1 
1 0 0 0 1 0 1 1 
1 G 1 1 1 1 1 1 
p32 U56 T6

Map8
1 1 1 1 1 1 1 1 
1 1 1 1 1 1 1 1 
1 1 # 0 0 0 # G 
1 1 # 0 0 0 0 1 
1 1 0 1 0 0 H 1 
1 1 H 0 1 0 F 1 
1 1 # 0 0 # 0 1 
1 1 1 S 1 1 1 1 
p46 T6

Map8
1 1 1 1 1 1 1 1 
1 1 1 S 1 1 1 1 
1 0 0 0 0 H 1 1 
1 0 0 1 0 0 1 1 
1 0 0 0 0 0 1 1 
1 0 0 0 0 0 1 1 
1 0 0 F 0 0 1 1 
1 1 1 G 1 1 1 1 
p13 p24 T7

Map8
1 1 1 1 1 1 1 1 
1 1 1 1 1 1 1 1 
1 1 # 0 0 0 H 1 
1 1 0 0 F 0 0 1 
1 1 0 0 0 0 0 1 
1 1 H 0 0 H 0 1 
1 S 0 0 1 0 0 1 
1 1 1 1 1 1 G 1 
p34 T5

Map8
1 1 1 1 1 1 1 1 
1 1 S 1 1 1 1 1 
1 1 0 0 # H 0 1 
1 1 0 # F 0 0 1 
1 1 0 0 H 0 # 1 
1 1 1 0 # 0 F 1 
1 G 0 0 0 0 0 1 
1 1 1 1 1 1 1 1 
p22 T5

Map8
1 1 1 1 1 1 1 1 
1 1 F 0 0 0 0 1 
1 1 0 F 0 0 # 1 
1 1 F 0 H 0 0 G 
1 1 H 0 # 0 F 1 
1 1 0 0 0 0 0 1 
1 1 1 S 1 1 1 1 
1 1 1 1 1 1 1 1 
p41 P54 T5

Map8
1 1 G 1 1 1 1 1 
1 0 0 0 0 H 1 1 
1 0 # 0 1 0 S 1 
1 0 0 0 0 0 1 1 
1 0 0 0 0 0 1 1 
1 0 0 0 # 0 1 1 
1 1 1 1 1 1 1 1 
1 1 1 1 1 1 1 1 
p35 T5

Map8
1 1 G 1 1 S 1 1 
1 0 0 0 H F 1 1 
1 0 0 0 0 0 1 1 
1 0 0 F 0 0 1 1 
1 0 0 0 0 0 1 1 
1 0 0 0 H # 1 1 
1 1 1 1 1 1 1 1 
1 1 1 1 1 1 1 1 
p53 p34 T5

Map8
1 1 1 1 1 1 1 1 
1 1 1 1 G 1 1 1 
1 0 # 1 0 H 1 1 
1 # 0 F F 0 1 1 
1 0 # 0 0 0 1 1 
1 0 0 0 F 0 1 1 
1 # 0 H F F 1 1 
1 S 1 1 1 1 1 1 
p34 p15 T5

Map8
1 1 1 1 1 1 1 1 
1 1 1 1 1 1 1 1 
1 0 0 F 0 F S 1 
1 0 0 0 # # 1 1 
1 # F 0 0 # 1 1 
1 1 1 0 0 # 1 1 
1 0 0 0 1 0 1 1 
1 G 1 1 1 1 1 1 
p34 T9

Map8
1 1 1 1 1 1 1 1 
1 1 1 1 1 1 1 1 
1 1 0 0 F # F 1 
1 1 0 0 # 0 0 S 
1 1 1 0 0 F # 1 
1 1 0 0 # # 0 G 
1 1 F 0 0 F 0 1 
1 1 1 1 1 1 1 1 
p53 p44 T5

Map8
1 1 1 1 1 1 1 1 
1 1 1 1 1 1 1 1 
1 1 0 # 0 H 0 1 
1 G 0 0 0 0 0 1 
1 1 0 0 1 0 0 S 
1 1 0 0 0 0 # 1 
1 1 0 0 0 0 # 1 
1 1 1 1 1 1 1 1 
p62 T6

Map8
1 1 1 1 1 1 1 1 
1 1 0 0 0 0 0 1 
1 1 0 0 1 0 0 1 
1 1 0 0 0 0 0 1 
1 1 0 0 0 1 0 1 
1 1 0 0 0 0 F 1 
1 1 1 1 G 1 S 1 
1 1 1 1 1 1 1 1 
p23 T6

Map8
1 1 1 G 1 1 1 1 
1 F 0 0 0 H 1 1 
1 # F 0 1 0 1 1 
1 0 0 # F 1 1 1 
1 0 0 0 0 # 1 1 
S 0 1 # 1 0 1 1 
1 1 1 1 1 1 1 1 
1 1 1 1 1 1 1 1 
p24 P13 T5

Map8
1 S 1 1 1 1 1 1 
1 0 0 0 H 0 G 1 
1 0 0 0 F # 1 1 
1 0 0 0 0 H 1 1 
1 0 0 0 0 0 1 1 
1 0 0 # 0 0 1 1 
1 1 1 1 1 1 1 1 
1 1 1 1 1 1 1 1 
p11 T5

Map8
1 1 1 1 1 1 1 1 
1 1 1 1 G 1 1 1 
1 F 1 0 0 0 1 1 
1 0 F 0 H 0 S 1 
1 0 0 0 0 0 1 1 
1 1 0 0 0 0 1 1 
1 0 0 0 0 0 1 1 
1 1 1 1 1 1 1 1 
p46 D52 T6

Map8
1 1 1 1 1 1 1 1 
1 1 0 1 0 F 0 1 
1 1 0 0 0 1 # 1 
1 1 0 # # 0 # 1 
1 1 0 # F F 0 1 
1 S 0 1 0 0 F 1 
1 1 1 1 G 1 1 1 
1 1 1 1 1 1 1 1 
p23 T5

Map8
1 1 1 1 1 1 1 1 
1 1 1 1 G S 1 1 
1 1 0 F 0 0 0 1 
1 1 1 0 0 F 0 1 
1 1 0 0 0 0 0 1 
1 1 0 0 0 0 0 1 
1 1 F H 0 0 1 1 
1 1 1 1 1 1 1 1 
p54 T6

Map8
1 1 S 1 1 1 1 1 
1 1 0 F 0 0 0 1 
1 1 0 1 0 0 0 1 
1 1 0 1 0 F 0 1 
1 1 0 H H F 0 1 
1 1 0 F F 0 0 1 
1 1 1 1 1 G 1 1 
1 1 1 1 1 1 1 1 
p41 T5

Map8
1 1 1 1 1 1 1 1 
1 1 0 # 0 # 0 S 
1 1 0 0 0 0 0 1 
1 G F 0 0 0 1 1 
1 1 0 0 1 # F 1 
1 1 0 1 0 0 H 1 
1 1 1 1 1 1 1 1 
1 1 1 1 1 1 1 1 
p52 T7

Map8
1 1 1 1 1 S 1 1 
1 1 0 0 0 0 0 1 
1 1 0 1 0 1 F 1 
1 1 0 0 0 0 0 1 
1 1 0 0 0 0 0 G 
1 1 0 0 0 1 0 1 
1 1 1 1 1 1 1 1 
1 1 1 1 1 1 1 1 
p23 T5

Map8
1 1 1 1 1 1 1 1 
1 1 1 1 1 S 1 1 
1 0 0 0 H 0 1 1 
1 0 0 0 0 0 1 1 
1 H 0 1 0 0 1 1 
1 1 1 0 0 0 1 1 
1 # 0 0 H 0 1 1 
1 G 1 1 1 1 1 1 
p54 T6

Map8
1 1 1 1 1 1 1 1 
1 G 0 0 0 H F 1 
1 1 0 0 0 0 1 1 
1 S 0 F 0 # # 1 
1 1 0 0 0 # 0 1 
1 1 F 0 0 0 H 1 
1 1 1 1 1 1 1 1 
1 1 1 1 1 1 1 1 
p43 P55 T6

Map8
1 1 1 1 1 1 1 1 
1 1 1 1 1 1 1 1 
1 1 0 0 0 0 H 1 
1 1 0 F # 0 0 S 
1 1 0 0 0 0 0 1 
1 1 0 0 H 0 F 1 
1 1 0 0 F 0 # 1 
1 1 1 1 1 G 1 1 
p63 U44 T7

Map8
1 1 1 1 1 1 1 1 
1 1 1 S 1 1 1 1 
1 1 0 0 0 0 0 1 
1 1 F 1 1 0 0 1 
1 1 0 0 0 F 0 1 
1 1 0 0 1 0 # 1 
1 1 0 F 0 1 0 1 
1 1 1 G 1 1 1 1 
p24 T6

Map8
1 1 1 1 1 1 1 1 
1 1 1 1 1 1 1 1 
1 1 0 0 0 0 0 1 
1 1 H 0 0 0 0 1 
1 S 0 0 1 0 0 1 
1 1 0 0 0 0 0 1 
1 1 0 0 0 0 F 1 
1 1 1 1 1 G 1 1 
p42 T5

Map8
1 1 1 1 1 1 1 1 
1 1 1 1 1 G 1 1 
S # # 1 0 0 1 1 
1 F 0 0 F 0 1 1 
1 0 0 0 0 0 1 1 
1 0 0 # 0 1 1 1 
1 F 0 0 # 0 1 1 
1 1 1 1 1 1 1 1 
p23 T5

Map8
1 1 1 1 1 G 1 1 
1 0 # H 0 0 1 1 
1 # H 0 0 0 1 1 
1 0 F 0 0 1 1 1 
1 0 # H F 0 1 1 
1 0 F 0 # F S 1 
1 1 1 1 1 1 1 1 
1 1 1 1 1 1 1 1 
p14 T7

Map8
1 1 1 1 1 1 1 1 
1 1 1 1 1 S 1 1 
1 0 0 0 0 0 1 1 
1 0 1 0 0 0 1 1 
1 # # 0 0 # 1 1 
G 0 0 # 1 0 1 1 
1 H 0 0 0 0 1 1 
1 1 1 1 1 1 1 1 
p52 p34 T6

Map8
1 1 1 S 1 1 1 1 
1 1 1 F F 0 # 1 
1 G 0 0 # 0 F 1 
1 1 0 # 0 F # 1 
1 1 1 F 0 F 1 1 
1 1 0 0 0 0 0 1 
1 1 1 1 1 1 1 1 
1 1 1 1 1 1 1 1 
p45 P51 T5

Map8
1 1 1 1 1 1 1 1 
1 1 1 1 1 S 1 1 
1 0 # 0 0 0 1 1 
1 0 0 0 1 0 1 1 
1 0 0 H 0 0 1 1 
1 # 0 0 0 0 1 1 
1 0 0 0 # H 1 1 
1 1 1 1 G 1 1 1 
p14 P55 T7

Map8
1 1 1 1 1 1 1 1 
1 1 1 1 1 1 1 1 
1 1 0 0 F 0 0 1 
1 1 H 0 F 1 0 S 
1 G 0 # 1 0 F 1 
1 1 0 # H # F 1 
1 1 0 0 0 # 0 1 
1 1 1 1 1 1 1 1 
p33 P22 T6

Map8
1 1 1 1 1 1 1 1 
1 1 1 1 1 1 1 1 
1 1 H 0 0 0 0 1 
1 1 0 # 1 0 0 1 
1 1 0 1 # # 0 1 
1 1 # 0 0 0 # 1 
1 1 1 0 1 0 0 1 
1 1 1 G 1 S 1 1 
p45 p56 T5

Map8
1 1 1 1 G 1 1 1 
1 0 0 0 F 0 1 1 
1 0 F 0 0 0 1 1 
1 F 0 0 0 0 1 1 
1 0 F 0 0 # S 1 
1 0 # 0 # 0 1 1 
1 1 1 1 1 1 1 1 
1 1 1 1 1 1 1 1 
p35 T5

Map8
1 1 1 1 1 1 1 1 
1 0 0 F H 0 1 1 
1 0 0 0 0 # 1 1 
1 0 0 F F 0 1 1 
1 H 0 # # 0 1 1 
1 0 0 # 0 # S 1 
1 1 1 1 G 1 1 1 
1 1 1 1 1 1 1 1 
p54 D42 T5

Map8
1 1 1 1 1 1 1 1 
1 0 1 0 0 0 1 1 
1 0 0 F 0 0 1 1 
1 0 1 0 F 0 1 1 
S 0 0 H H 0 1 1 
1 0 0 0 0 F 1 1 
1 1 1 1 1 G 1 1 
1 1 1 1 1 1 1 1 
p13 P24 T5

Map8
1 1 1 1 1 1 1 1 
1 1 1 1 1 1 1 1 
1 0 0 1 0 0 1 1 
1 0 # 0 0 # 1 1 
1 # 0 1 0 F G 1 
1 H 0 # 0 0 1 1 
1 0 # 1 F 0 1 1 
1 1 S 1 1 1 1 1 
p24 P45 T7

Map8
1 1 1 G 1 1 1 1 
1 S 0 0 F 0 0 1 
1 1 H 0 0 H 0 1 
1 1 0 0 0 0 0 1 
1 1 0 0 0 F 0 1 
1 1 0 0 0 F # 1 
1 1 1 1 1 1 1 1 
1 1 1 1 1 1 1 1 
p45 T5

Map8
1 1 S 1 1 1 1 1 
1 0 0 0 0 0 1 1 
1 0 0 0 0 0 1 1 
1 0 0 0 0 0 G 1 
1 0 H H 0 0 1 1 
1 0 0 0 0 H 1 1 
1 1 1 1 1 1 1 1 
1 1 1 1 1 1 1 1 
p12 P22 T5

Map8
1 1 1 1 1 1 1 1 
1 1 S 1 1 1 1 1 
1 0 0 0 0 # 1 1 
1 0 0 0 1 H 1 1 
1 H 0 0 H 0 1 1 
1 0 1 0 1 0 1 1 
1 1 0 0 0 0 G 1 
1 1 1 1 1 1 1 1 
p22 T5

Map8
1 1 1 1 1 1 1 1 
1 1 1 1 1 1 1 1 
1 0 0 F # 0 1 1 
1 0 0 0 0 1 1 1 
1 0 0 0 0 F 1 1 
1 1 F 0 0 H 1 1 
1 0 0 0 0 F 1 1 
1 1 S G 1 1 1 1 
p43 p24 T6

Map8
1 1 1 1 1 1 1 1 
1 1 1 G 1 1 1 1 
1 0 1 0 H # 1 1 
1 # 0 # 0 0 1 1 
1 0 0 0 0 0 1 1 
1 0 0 0 0 # 1 1 
S # 1 0 0 H 1 1 
1 1 1 1 1 1 1 1 
p23 P12 T5

Map8
1 1 1 1 1 1 1 1 
1 1 1 1 1 1 1 1 
1 1 0 # F 0 0 1 
1 1 F 1 F 0 H 1 
1 1 0 1 0 0 0 G 
1 1 0 F F 0 F S 
1 1 H 1 1 0 H 1 
1 1 1 1 1 1 1 1 
p55 P62 T5

Map8
1 1 1 1 1 1 1 1 
1 1 1 1 1 1 1 1 
1 G # 0 H 0 0 S 
1 1 0 # 0 0 F 1 
1 1 1 0 0 0 0 1 
1 1 0 0 # 0 0 1 
1 1 0 # 0 0 0 1 
1 1 1 1 1 1 1 1 
p46 P52 T6

Map8
1 1 1 1 1 1 1 1 
1 # 0 0 0 0 1 1 
1 # F F 0 0 1 1 
1 0 0 0 0 0 1 1 
1 0 F H F 0 S 1 
1 F F 0 0 0 1 1 
1 1 G 1 1 1 1 1 
1 1 1 1 1 1 1 1 
p31 D43 T6

Map8
1 1 1 1 1 1 G 1 
1 1 H 0 0 0 0 1 
1 1 0 0 0 F F S 
1 1 F H H 0 1 1 
1 1 0 F 0 0 0 1 
1 1 F F 0 0 0 1 
1 1 1 1 1 1 1 1 
1 1 1 1 1 1 1 1 
p42 T5

Map8
1 1 1 1 1 1 1 1 
1 0 # H 0 0 1 1 
1 H F F 0 1 1 1 
1 0 # 0 0 0 1 1 
S F # 0 0 0 1 1 
1 0 F 0 0 1 1 1 
1 G 1 1 1 1 1 1 
1 1 1 1 1 1 1 1 
p34 T5

Map8
1 1 1 G 1 1 1 1 
1 1 0 0 H 0 0 1 
1 1 1 0 0 0 0 1 
1 1 0 1 0 0 0 1 
1 1 0 0 0 0 1 1 
1 S 0 0 0 0 H 1 
1 1 1 1 1 1 1 1 
1 1 1 1 1 1 1 1 
p53 P45 T7

Map8
1 1 1 1 1 1 1 1 
1 1 0 H 0 # 0 1 
1 1 0 # 0 0 0 1 
1 1 1 0 0 0 0 1 
1 1 0 H 0 0 0 1 
1 G 0 0 0 1 0 S 
1 1 1 1 1 1 1 1 
1 1 1 1 1 1 1 1 
p52 P61 T6

Map8
1 1 1 1 1 1 1 1 
1 1 1 1 G 1 1 1 
1 1 0 H # F 0 1 
1 1 F 0 0 0 0 1 
1 1 0 # 0 0 0 1 
1 1 0 0 1 # 0 1 
1 1 # 0 0 1 0 S 
1 1 1 1 1 1 1 1 
p54 p65 T6

Map8
1 1 1 1 1 1 G 1 
1 1 0 H 0 1 0 1 
1 1 0 # 0 0 0 1 
1 1 0 1 1 # 1 1 
1 1 0 H 0 0 0 1 
1 1 0 0 0 0 0 S 
1 1 1 1 1 1 1 1 
1 1 1 1 1 1 1 1 
p23 T5

Map8
1 1 1 1 1 1 1 1 
1 F # 0 H # 1 1 
1 0 0 F F F G 1 
S # 0 H # F 1 1 
1 0 F 1 1 0 1 1 
1 0 0 1 # 0 1 1 
1 1 1 1 1 1 1 1 
1 1 1 1 1 1 1 1 
p23 D12 T5

Map8
1 1 1 1 1 1 1 1 
1 1 F 0 H 0 0 1 
1 G 0 0 0 0 0 1 
1 1 H 0 0 0 0 1 
1 1 F 0 1 F 0 1 
1 1 0 0 0 F 0 S 
1 1 1 1 1 1 1 1 
1 1 1 1 1 1 1 1 
p33 p45 T5

Map8
1 1 1 1 1 1 1 1 
1 0 0 0 0 # 1 1 
1 0 # 0 0 0 1 1 
G 0 # 0 F 0 1 1 
1 # 0 0 0 # S 1 
1 0 0 0 0 0 1 1 
1 1 1 1 1 1 1 1 
1 1 1 1 1 1 1 1 
p52 T6

Map8
1 1 S 1 1 1 1 1 
1 0 F 0 0 1 1 1 
1 0 0 H 0 0 1 1 
1 0 0 0 # 0 1 1 
1 0 F 0 0 0 1 1 
1 0 0 H 0 0 1 1 
1 1 1 1 1 G 1 1 
1 1 1 1 1 1 1 1 
p14 T6

Map8
1 1 1 1 1 1 1 1 
1 S 1 1 1 1 1 1 
1 0 F 0 0 0 1 1 
1 0 0 0 # 0 1 1 
1 0 # 0 0 0 1 1 
1 0 H 0 F 0 1 1 
1 0 # F 0 H 1 1 
1 1 1 1 G 1 1 1 
p32 T5

Map8
1 1 1 1 1 1 1 1 
1 1 1 S 1 1 1 1 
1 0 0 0 1 0 1 1 
1 0 1 0 0 # 1 1 
1 0 1 0 1 H 1 1 
1 0 H 0 # 0 1 1 
1 # 0 # H # G 1 
1 1 1 1 1 1 1 1 
p34 T5

Map8
1 1 1 1 1 1 1 1 
1 1 0 0 0 0 0 1 
1 1 0 0 1 0 # 1 
1 S # 1 0 0 0 G 
1 1 0 0 1 0 0 1 
1 1 H 0 0 0 0 1 
1 1 1 1 1 1 1 1 
1 1 1 1 1 1 1 1 
p41 p52 T7

Map8
1 1 1 G 1 1 1 1 
1 H F F 0 0 1 1 
1 0 0 0 0 1 1 1 
1 F F 0 0 1 1 1 
1 0 0 0 0 0 1 1 
1 0 F 0 0 0 1 1 
1 S 1 1 1 1 1 1 
1 1 1 1 1 1 1 1 
p44 P14 T6

Map8
1 1 1 1 1 1 1 1 
1 0 # 0 0 0 1 1 
1 0 0 0 # 0 1 1 
1 0 0 0 0 0 1 1 
1 0 0 # 1 0 S 1 
1 # 0 0 # 0 1 1 
1 1 G 1 1 1 1 1 
1 1 1 1 1 1 1 1 
p31 T5

Map8
1 1 1 1 1 1 1 1 
1 # # 0 F F S 1 
1 0 F 0 0 0 1 1 
1 0 0 0 # 0 1 1 
1 1 0 0 0 0 1 1 
1 0 # 0 0 # 1 1 
1 1 1 1 G 1 1 1 
1 1 1 1 1 1 1 1 
p33 T5

Map8
1 1 1 1 1 1 1 1 
1 1 1 G 1 1 1 1 
1 1 # 0 H 0 0 1 
1 1 # 0 0 0 1 1 
1 1 0 # 0 0 # 1 
1 1 F # 0 0 0 1 
1 1 0 1 0 0 0 1 
1 1 S 1 1 1 1 1 
p24 T8

Map8
1 1 1 G 1 1 1 1 
1 F 0 0 0 0 1 1 
1 1 F 0 1 1 1 1 
1 0 F 0 0 0 1 1 
1 1 0 0 0 0 1 1 
1 0 0 # 0 0 1 1 
1 1 1 1 1 S 1 1 
1 1 1 1 1 1 1 1 
p45 T5

Map8
1 1 1 1 1 1 1 1 
1 0 0 0 0 0 1 1 
1 0 1 0 F # 1 1 
1 # # 0 F 0 S 1 
1 1 0 F 0 0 1 1 
1 0 0 # 1 F 1 1 
1 G 1 1 1 1 1 1 
1 1 1 1 1 1 1 1 
p33 T5

Map8
1 1 1 1 1 1 1 1 
1 1 1 1 1 1 1 1 
1 1 1 F 1 0 1 1 
1 1 F 0 0 0 G 1 
1 0 H 0 # H 1 1 
1 # 0 0 # 0 1 1 
1 # # H F 0 1 1 
1 S 1 1 1 1 1 1 
p35 P14 T5

Map8
1 1 1 1 1 1 1 1 
1 1 1 1 1 1 1 1 
1 0 F H 1 0 1 1 
1 # H 1 0 0 1 1 
1 0 0 0 0 0 1 1 
G 0 1 0 F 0 1 1 
1 1 0 0 0 0 1 1 
1 1 1 1 1 S 1 1 
p55 T5

Map8
1 1 1 1 1 S 1 1 
1 0 0 0 0 # 1 1 
1 1 1 0 0 0 1 1 
1 H 0 0 1 0 1 1 
1 0 0 0 0 0 1 1 
1 F 0 1 0 0 1 1 
1 1 G 1 1 1 1 1 
1 1 1 1 1 1 1 1 
p34 T6

Map8
1 1 1 1 1 S 1 1 
1 1 0 0 0 0 0 1 
1 1 0 0 F # 0 1 
1 G # 0 0 0 0 1 
1 1 0 0 0 0 # 1 
1 1 1 # 0 0 0 1 
1 1 1 1 1 1 1 1 
1 1 1 1 1 1 1 1 
p34 T5

Map8
1 1 1 1 1 1 1 1 
1 1 0 0 H 0 H 1 
1 1 F 0 0 0 0 1 
1 1 F 0 0 0 0 1 
1 S 0 F H 0 F 1 
1 1 0 0 0 # 0 G 
1 1 1 1 1 1 1 1 
1 1 1 1 1 1 1 1 
p33 U35 T5

Map8
1 1 1 1 1 1 1 1 
1 1 1 1 S 1 1 1 
1 1 1 H F 0 # 1 
1 1 1 0 0 F 0 1 
1 1 0 0 H 0 0 1 
1 1 F 1 # F 0 1 
1 G 0 # 0 1 0 1 
1 1 1 1 1 1 1 1 
p64 R33 T6

Map8
1 1 1 1 1 1 1 1 
1 1 0 1 1 0 # 1 
1 1 0 # 1 F 0 1 
1 1 0 0 0 0 # 1 
1 1 0 # 0 0 F S 
1 1 F 0 0 0 0 1 
1 1 1 1 1 1 G 1 
1 1 1 1 1 1 1 1 
p44 T5

Map8
1 1 1 1 1 1 1 1 
1 0 H F H 0 G 1 
1 H 0 0 0 # 1 1 
1 0 # 0 0 # 1 1 
1 0 0 0 0 F S 1 
1 0 # F 0 0 1 1 
1 1 1 1 1 1 1 1 
1 1 1 1 1 1 1 1 
p34 R13 T5

Map8
1 1 1 1 1 1 1 1 
1 1 1 1 1 1 1 1 
1 1 0 1 0 0 # G 
1 1 # 0 0 0 H 1 
1 1 H H 1 0 # 1 
1 1 0 0 0 0 1 1 
1 1 0 0 # 0 # 1 
1 1 S 1 1 1 1 1 
p36 P25 T7

Map8
1 1 S 1 1 1 1 1 
1 0 0 0 0 0 1 1 
1 H 0 0 0 0 1 1 
1 0 1 0 H 0 1 1 
1 1 H 0 0 0 1 1 
1 0 F 0 F 0 1 1 
1 1 1 1 G 1 1 1 
1 1 1 1 1 1 1 1 
p53 P34 T6

Map8
1 1 1 1 1 1 1 1 
1 1 1 S 1 1 1 1 
1 0 0 0 # 0 1 1 
1 0 0 # 0 # 1 1 
1 0 0 0 0 0 G 1 
1 0 F 0 0 # 1 1 
1 1 H 0 # 0 1 1 
1 1 1 1 1 1 1 1 
p13 T6

Map8
1 1 1 1 1 1 1 1 
1 1 1 1 G 1 1 1 
1 # 0 1 0 0 1 1 
1 1 # 0 0 0 1 1 
1 1 0 0 0 0 1 1 
1 0 0 1 0 H 1 1 
1 0 # 0 # # 1 1 
1 1 S 1 1 1 1 1 
p36 T5

Map8
1 1 1 1 1 S 1 1 
1 0 0 F 0 0 1 1 
1 0 0 0 1 1 1 1 
1 0 0 0 1 0 1 1 
1 0 0 0 0 1 1 1 
1 H 0 0 F 0 1 1 
1 1 1 1 G 1 1 1 
1 1 1 1 1 1 1 1 
p23 P11 T6

Map8
1 1 1 1 S 1 1 1 
1 1 H 1 0 0 # 1 
1 1 1 0 # 0 0 1 
1 1 H 0 0 F 0 1 
1 1 0 0 0 0 H 1 
1 G 0 1 0 0 0 1 
1 1 1 1 1 1 1 1 
1 1 1 1 1 1 1 1 
p43 T5

Map8
1 1 1 1 1 1 1 1 
1 1 0 1 1 0 0 1 
1 1 0 0 0 0 0 G 
1 1 0 1 0 0 0 1 
1 1 0 0 H H 0 1 
1 1 # 0 0 0 H 1 
1 1 1 S 1 1 1 1 
1 1 1 1 1 1 1 1 
p23 T5

Map8
1 1 1 1 1 1 1 1 
1 1 0 0 0 0 F S 
1 1 # 0 0 0 0 1 
1 G F 0 F F # 1 
1 1 0 0 1 # F 1 
1 1 F 0 # 0 1 1 
1 1 1 1 1 1 1 1 
1 1 1 1 1 1 1 1 
p41 p32 T5

Map8
1 1 1 1 1 1 1 1 
1 0 0 1 1 0 1 1 
G F 0 0 0 0 1 1 
1 0 H 1 0 0 1 1 
1 0 0 0 H F 1 1 
1 # 0 0 0 0 1 1 
1 S 1 1 1 1 1 1 
1 1 1 1 1 1 1 1 
p53 P14 T5

Map8
1 1 1 1 1 1 1 1 
S 0 0 0 0 # 1 1 
1 0 H 1 0 0 1 1 
1 0 H 1 0 0 1 1 
1 H 1 # 0 0 1 1 
1 # 0 0 0 F 1 1 
1 G 1 1 1 1 1 1 
1 1 1 1 1 1 1 1 
p31 T5

Map8
1 1 1 S 1 1 1 1 
1 1 0 0 0 0 0 1 
1 1 H 0 F 0 0 1 
1 1 0 0 0 0 0 1 
1 1 0 H H 0 1 1 
1 1 1 0 0 # 0 G 
1 1 1 1 1 1 1 1 
1 1 1 1 1 1 1 1 
p41 P32 T5

Map8
1 1 1 1 1 1 S 1 
1 1 F 0 0 0 F 1 
1 1 0 # 0 F 0 G 
1 1 0 0 # F 0 1 
1 1 0 F 0 0 0 1 
1 1 0 0 0 0 0 1 
1 1 1 1 1 1 1 1 
1 1 1 1 1 1 1 1 
p33 p45 T6

Map8
1 1 1 1 1 1 1 1 
1 H 0 0 F 0 1 1 
S 0 0 F 1 H 1 1 
1 0 0 # 0 1 1 1 
1 0 0 0 0 1 1 1 
1 # 0 F F 1 1 1 
1 1 1 1 G 1 1 1 
1 1 1 1 1 1 1 1 
p12 P22 T5

Map8
1 1 1 1 1 1 1 1 
1 1 0 0 0 0 0 1 
1 1 0 0 0 1 F 1 
1 G 0 0 0 0 0 1 
1 1 0 0 F 0 F 1 
1 1 F 0 0 0 0 1 
1 1 1 1 S 1 1 1 
1 1 1 1 1 1 1 1 
p45 T6

Map8
1 1 1 1 1 1 1 1 
1 S 0 0 0 0 0 1 
1 1 0 0 # 0 0 1 
1 1 1 0 0 H H 1 
1 G 0 0 0 0 0 1 
1 1 0 0 0 0 0 1 
1 1 1 1 1 1 1 1 
1 1 1 1 1 1 1 1 
p21 T6

Map8
1 1 1 1 1 1 1 1 
1 1 1 1 1 1 1 1 
1 1 0 # 0 0 # 1 
1 1 0 0 1 F F 1 
1 S 0 1 # 0 0 1 
1 1 0 0 0 0 0 1 
1 1 H 0 0 1 0 1 
1 1 1 G 1 1 1 1 
p42 p45 T8

Map8
1 1 1 G 1 1 1 1 
S # 0 0 F 0 1 1 
1 0 0 0 # 0 1 1 
1 # # # 1 0 1 1 
1 0 0 H 0 1 1 1 
1 0 H 1 1 0 1 1 
1 1 1 1 1 1 1 1 
1 1 1 1 1 1 1 1 
p51 P22 T5

Map8
1 1 1 1 1 1 1 1 
1 1 1 1 1 G 1 1 
1 1 0 0 # 0 # 1 
1 S 0 0 1 F F 1 
1 1 0 0 0 0 F 1 
1 1 0 # 0 # F 1 
1 1 1 0 0 0 0 1 
1 1 1 1 1 1 1 1 
p46 T5

Map8
1 1 1 1 1 1 1 1 
1 1 1 G 1 S 1 1 
1 1 1 0 H 0 0 1 
1 1 0 0 0 # 1 1 
1 1 H 0 0 0 0 1 
1 1 0 0 0 0 H 1 
1 1 0 0 F 0 1 1 
1 1 1 1 1 1 1 1 
p52 p43 T5

Map8
1 1 1 1 1 1 1 1 
1 1 1 S 1 1 1 1 
1 1 H F 0 0 0 1 
1 G 0 0 0 0 0 1 
1 1 1 0 0 0 0 1 
1 1 0 0 0 F 0 1 
1 1 F 1 0 F 1 1 
1 1 1 1 1 1 1 1 
p64 T5

Map8
1 1 1 1 1 1 1 1 
1 1 # 0 0 # # 1 
1 1 0 # H 0 0 1 
1 1 0 0 F 0 0 1 
1 1 F 0 0 0 0 G 
1 1 0 0 0 0 F 1 
1 1 S 1 1 1 1 1 
1 1 1 1 1 1 1 1 
p41 p53 T6

Map8
1 1 1 1 1 1 S 1 
1 1 0 1 F 1 0 1 
1 1 1 0 0 0 0 1 
1 1 0 0 0 0 # 1 
1 1 0 1 # 0 0 G 
1 1 0 0 # 0 # 1 
1 1 1 1 1 1 1 1 
1 1 1 1 1 1 1 1 
p55 P43 T5

Map8
1 1 1 1 1 1 1 1 
1 1 0 0 0 1 F 1 
1 1 0 0 0 0 0 1 
1 1 0 F # 0 0 1 
1 1 # # 0 1 0 1 
1 1 0 F # F # S 
1 1 1 1 1 1 G 1 
1 1 1 1 1 1 1 1 
p23 T5

Map8
1 1 1 1 1 1 1 1 
1 S 1 1 1 1 1 1 
1 0 1 # # F 1 1 
1 0 F 1 1 # 1 1 
1 0 0 0 0 0 1 1 
1 0 F 0 # 1 1 1 
1 0 0 F 0 # 1 1 
1 1 1 G 1 1 1 1 
p13 p24 T5

Map8
1 1 1 1 1 1 1 1 
1 1 1 1 1 1 1 1 
1 0 F 0 0 0 1 1 
S 0 0 H 0 1 1 1 
1 1 0 0 # 0 G 1 
1 0 F 1 # # 1 1 
1 F 0 F 1 0 1 1 
1 1 1 1 1 1 1 1 
p32 P23 T8

Map8
1 1 1 1 1 1 1 1 
1 1 1 1 1 1 1 1 
1 1 0 0 F 0 0 1 
1 1 F # # F 0 1 
1 1 F 0 0 0 0 1 
1 G 0 0 0 0 0 1 
1 1 F 0 0 F # 1 
1 1 1 1 1 S 1 1 
p64 T5

Map8
1 1 1 1 1 1 1 1 
1 1 1 1 1 S 1 1 
1 1 # 0 0 0 0 1 
1 G F # # 1 0 1 
1 1 F 0 # 0 0 1 
1 1 0 0 0 H 1 1 
1 1 H 0 0 0 0 1 
1 1 1 1 1 1 1 1 
p42 P32 T5

Map8
1 1 1 1 1 1 1 1 
1 1 0 F 0 0 0 1 
1 1 0 0 H 0 F 1 
1 1 0 0 F 0 0 1 
1 1 F 0 0 0 0 1 
1 G 0 0 0 F F 1 
1 1 S 1 1 1 1 1 
1 1 1 1 1 1 1 1 
p23 P64 T6

Map8
1 1 1 1 1 1 1 1 
1 1 1 S 1 1 G 1 
1 1 1 0 H 0 0 1 
1 1 1 0 F # H 1 
1 1 0 F 0 0 0 1 
1 1 1 F F # 0 1 
1 1 0 F F 0 H 1 
1 1 1 1 1 1 1 1 
p44 R24 T5

Map8
1 1 1 1 G 1 1 1 
1 1 0 0 0 0 F 1 
1 1 # 1 F 0 # S 
1 1 1 0 0 0 H 1 
1 1 1 0 # 0 0 1 
1 1 0 H 1 0 # 1 
1 1 1 1 1 1 1 1 
1 1 1 1 1 1 1 1 
p53 D51 T6

Map8
1 1 1 1 1 1 1 1 
1 1 S 1 1 1 1 1 
1 1 F 0 F F # 1 
1 1 0 F 0 # 0 1 
1 1 0 0 0 0 # 1 
1 1 0 0 0 F 0 1 
1 1 # 0 # 0 F 1 
1 1 1 1 G 1 1 1 
p23 p34 T5

Map8
1 1 1 1 1 1 1 1 
1 1 1 S 1 1 1 1 
1 1 0 0 1 H 0 G 
1 1 0 0 F 0 0 1 
1 1 0 F 0 0 # 1 
1 1 0 # 0 0 H 1 
1 1 H 0 0 F 0 1 
1 1 1 1 1 1 1 1 
p24 P36 T7

Map8
1 1 1 1 1 1 1 1 
1 0 0 0 0 F 1 1 
S 0 0 1 0 0 1 1 
1 # 0 0 # 0 1 1 
1 0 F 0 # 0 1 1 
1 0 0 F 1 0 G 1 
1 1 1 1 1 1 1 1 
1 1 1 1 1 1 1 1 
p12 T7

Map8
1 1 1 1 1 1 1 1 
1 S 1 1 1 1 1 1 
1 0 1 H 0 # 1 1 
1 # 0 0 0 1 1 1 
1 0 0 # 0 0 1 1 
1 0 0 H 0 0 G 1 
1 1 0 0 0 # 1 1 
1 1 1 1 1 1 1 1 
p12 p44 T6

Map8
1 1 1 1 1 1 S 1 
1 1 1 0 # # 0 1 
1 1 0 0 F 0 # 1 
1 1 0 0 # F 0 1 
1 1 H 0 H F 1 1 
1 G F F 0 # 0 1 
1 1 1 1 1 1 1 1 
1 1 1 1 1 1 1 1 
p61 U33 T6

Map8
1 1 1 1 1 1 1 1 
1 1 1 1 1 1 1 1 
1 1 F 0 0 F 0 1 
1 1 0 0 0 0 0 1 
1 1 0 0 0 0 # G 
1 1 H # 0 0 H 1 
1 1 0 0 0 0 0 S 
1 1 1 1 1 1 1 1 
p45 p56 T5

Map8
1 1 1 1 1 1 1 1 
1 1 1 1 1 1 1 1 
1 H 0 0 0 0 1 1 
1 F 0 0 F 0 1 1 
1 0 0 F 0 0 1 1 
1 H # 0 0 H 1 1 
1 0 0 F 0 0 S 1 
1 1 1 1 G 1 1 1 
p32 P16 T5

Map8
1 1 1 1 1 1 1 1 
1 1 1 1 1 1 1 1 
1 1 0 0 # # 0 1 
1 1 0 0 0 F F S 
1 1 1 0 0 0 F 1 
1 1 F 1 F 0 # G 
1 1 H F 0 0 1 1 
1 1 1 1 1 1 1 1 
p32 P54 T8

Map8
1 1 1 1 1 1 1 1 
1 1 1 1 S 1 1 1 
1 1 0 0 0 H 0 G 
1 1 1 0 0 0 0 1 
1 1 0 0 0 0 0 1 
1 1 0 1 0 0 1 1 
1 1 H 0 0 H 0 1 
1 1 1 1 1 1 1 1 
p42 T5

Map8
1 1 1 1 1 1 1 1 
1 1 1 1 1 1 1 1 
1 1 0 # F 0 0 1 
1 1 0 0 0 1 # 1 
1 1 0 # 0 F # 1 
1 1 0 0 0 F # S 
1 1 0 0 0 0 0 1 
1 1 1 1 G 1 1 1 
p24 T5

Map8
1 1 1 1 1 1 1 1 
1 1 1 1 1 1 1 1 
1 0 0 # 0 0 1 1 
1 0 H 0 1 0 S 1 
1 0 F 0 0 0 1 1 
1 H H 0 0 # 1 1 
1 0 F 0 0 0 1 1 
1 1 1 G 1 1 1 1 
p42 T5

Map8
1 1 1 1 1 1 1 1 
1 1 1 1 1 1 1 1 
1 1 F F 0 F 0 G 
1 1 # 1 # 0 0 1 
1 1 0 1 1 0 0 1 
1 1 0 0 # 0 1 1 
1 S F 0 0 # 0 1 
1 1 1 1 1 1 1 1 
p46 P53 T6

Map8
1 1 1 1 1 1 1 1 
1 1 1 1 1 1 1 1 
1 0 0 0 0 H 1 1 
1 0 0 0 0 0 1 1 
1 0 0 H 0 0 1 1 
1 0 0 0 0 1 1 1 
1 0 1 0 1 # 1 1 
1 S 1 G 1 1 1 1 
p25 p16 T5

Map8
1 1 1 1 1 1 1 1 
1 1 G 1 1 1 1 1 
1 1 0 0 H 0 # 1 
1 1 0 # H H 0 1 
1 1 0 0 0 0 0 1 
1 1 0 1 0 # 0 1 
1 1 0 0 0 1 0 S 
1 1 1 1 1 1 1 1 
p65 T5

Map8
1 1 1 1 1 1 1 1 
1 1 S 1 1 1 1 1 
1 1 0 1 0 0 0 1 
1 1 0 0 0 0 # 1 
1 G 0 0 0 # 0 1 
1 1 F 0 0 # # 1 
1 1 0 F 0 0 0 1 
1 1 1 1 1 1 1 1 
p43 T7

Map8
1 1 1 1 1 1 1 1 
1 1 S 1 1 1 1 1 
1 1 0 1 0 1 0 1 
1 1 0 F 0 H 0 1 
1 1 # 0 0 0 H 1 
1 1 # H 0 0 0 1 
1 1 0 0 1 0 0 1 
1 1 1 1 1 1 G 1 
p23 P54 T6

Map8
1 1 1 1 1 1 1 1 
1 1 1 S 1 1 1 1 
1 1 0 0 0 0 0 1 
1 1 1 0 # 0 H 1 
1 1 1 1 0 0 0 G 
1 1 F 0 0 0 0 1 
1 1 0 F 1 0 0 1 
1 1 1 1 1 1 1 1 
p42 p53 T7

Map8
1 1 1 1 1 1 1 1 
1 1 1 1 1 1 1 1 
1 # 0 0 0 0 S 1 
1 0 # F 0 0 1 1 
G F 0 0 0 # 1 1 
1 0 # 0 0 0 1 1 
1 0 0 0 0 0 1 1 
1 1 1 1 1 1 1 1 
p53 T5

Map8
1 1 1 1 1 1 1 1 
1 1 # 0 H 0 0 1 
1 1 1 # 0 0 0 1 
1 1 0 0 0 H 0 1 
1 G # # F 0 0 1 
1 1 0 0 1 # 0 S 
1 1 1 1 1 1 1 1 
1 1 1 1 1 1 1 1 
p33 p63 T8

Map8
1 1 1 1 1 1 1 1 
1 1 1 1 1 1 1 1 
1 1 0 0 0 0 F 1 
1 1 0 0 0 F F 1 
1 1 0 0 0 0 F G 
1 1 F F 0 0 0 1 
1 1 0 1 0 0 0 1 
1 1 1 1 1 S 1 1 
p52 P45 T5

Map8
1 1 1 1 1 1 1 1 
1 1 0 F F 0 0 1 
1 1 F 0 F # 0 1 
1 1 0 1 0 H F 1 
1 G # 0 1 H 1 1 
1 1 0 # 0 0 0 1 
1 1 1 1 1 1 S 1 
1 1 1 1 1 1 1 1 
p45 T5

Map8
1 1 1 S 1 1 1 1 
1 1 F F 0 0 0 1 
1 1 # 0 F 0 # 1 
1 1 0 0 # 0 F 1 
1 1 F 0 0 # 0 1 
1 1 0 0 H H # G 
1 1 1 1 1 1 1 1 
1 1 1 1 1 1 1 1 
p33 T5

Map8
1 1 1 1 1 1 1 1 
1 1 1 G 1 1 1 1 
1 1 0 0 1 0 0 1 
1 1 0 0 0 0 # 1 
1 1 0 1 1 0 0 1 
1 1 1 H 0 0 0 S 
1 1 0 0 0 0 H 1 
1 1 1 1 1 1 1 1 
p54 P45 T7

Map8
1 1 1 1 1 1 1 1 
1 1 1 1 1 1 1 1 
1 0 0 0 # 0 1 1 
1 F F 0 F 0 1 1 
G # 0 1 0 0 1 1 
1 # 0 0 0 # S 1 
1 0 # 0 H 0 1 1 
1 1 1 1 1 1 1 1 
p25 P32 T5

Map8
1 1 1 1 1 1 1 1 
1 1 # 0 0 0 0 1 
1 1 0 0 0 0 0 G 
1 1 0 0 0 0 # 1 
1 1 H 0 0 0 1 1 
1 S 0 0 0 0 0 1 
1 1 1 1 1 1 1 1 
1 1 1 1 1 1 1 1 
p33 p25 T5

Map8
1 1 1 1 G 1 1 1 
1 1 F # 0 1 0 1 
1 1 0 0 0 0 0 1 
1 1 0 0 # F F 1 
1 1 0 1 H F 0 1 
1 1 # 0 0 0 0 1 
1 1 S 1 1 1 1 1 
1 1 1 1 1 1 1 1 
p45 P22 T9

Map8
1 1 1 1 1 1 1 1 
1 0 H 0 0 0 1 1 
1 0 0 H 0 0 G 1 
1 0 0 0 0 F 1 1 
1 0 # 0 0 1 1 1 
1 F 0 0 0 0 1 1 
1 1 1 1 1 S 1 1 
1 1 1 1 1 1 1 1 
p43 P35 T5

Map8
1 1 1 1 1 1 1 1 
1 1 1 1 1 1 1 1 
1 1 0 0 F 0 # 1 
1 1 1 0 0 0 0 1 
1 G 0 0 1 # 0 1 
1 1 0 # 1 0 0 1 
1 S 0 0 0 F # 1 
1 1 1 1 1 1 1 1 
p64 T8

Map8
1 1 1 1 1 1 1 1 
1 G 0 H # 0 0 1 
1 1 0 # 0 # 0 1 
1 1 1 1 0 0 H 1 
1 1 # H 0 0 1 1 
1 1 0 0 1 0 0 S 
1 1 1 1 1 1 1 1 
1 1 1 1 1 1 1 1 
p53 T6
