Map8
1 1 1 1 1 1 1 1 
1 1 1 1 1 1 1 1 
1 1 # 0 0 F S 1 
1 G 0 # 0 0 1 1 
1 1 0 # 0 0 1 1 
1 1 1 0 0 0 1 1 
1 1 1 1 1 1 1 1 
1 1 1 1 1 1 1 1 
p32 T7

Map8
1 1 1 1 1 1 1 1 
1 0 # 0 H 0 0 1 
1 0 0 # 1 # 0 1 
1 0 H 0 0 0 0 1 
1 0 0 0 # 0 0 1 
1 1 0 0 H 0 0 1 
G F 0 F 0 0 0 1 
1 1 1 S 1 1 1 1 
p34 T6

Map8
1 1 1 1 1 1 1 1 
1 1 1 1 1 1 1 1 
1 1 # 1 0 0 1 1 
1 1 F H 0 0 1 1 
1 1 0 # 0 0 1 1 
1 1 0 1 # 0 1 1 
1 1 G 1 S 1 1 1 
1 1 1 1 1 1 1 1 
p53 T6

Map8
1 1 1 G 1 1 1 1 
S # 1 0 0 H 1 1 
1 0 F # 0 F 1 1 
1 0 0 0 H 1 1 1 
1 0 # 0 # 0 1 1 
1 # 0 0 0 1 1 1 
1 1 1 1 1 1 1 1 
1 1 1 1 1 1 1 1 
p25 T5

Map8
1 1 1 1 1 1 1 1 
S 0 0 0 0 0 # 1 
1 0 # 0 0 H 1 1 
1 0 1 0 0 1 0 1 
G 0 0 0 # 0 0 1 
1 F F # 0 1 0 1 
1 0 0 F # 0 0 1 
1 1 1 1 1 1 1 1 
p65 T7

Map8
1 1 1 1 1 1 1 1 
1 1 1 1 1 1 1 1 
1 1 0 1 H F 1 1 
1 S 0 0 0 0 1 1 
1 1 1 H # 0 1 1 
1 G # F # H 1 1 
1 1 1 1 1 1 1 1 
1 1 1 1 1 1 1 1 
p33 T4

Map8
1 1 1 1 1 1 1 1 
1 1 1 1 1 1 1 1 
1 S 0 0 0 0 1 1 
1 1 # 0 1 1 1 1 
1 1 0 0 0 0 1 1 
1 G F 0 F 0 1 1 
1 1 1 1 1 1 1 1 
1 1 1 1 1 1 1 1 
p22 T4

Map8
1 1 1 1 1 1 1 1 
1 1 1 1 1 G 1 1 
1 1 F 0 F 0 1 1 
1 1 # 0 0 1 1 1 
1 1 # 0 F 1 1 1 
1 S 0 0 0 0 1 1 
1 1 1 1 1 1 1 1 
1 1 1 1 1 1 1 1 
p25 T5

Map8
1 1 1 1 1 1 1 1 
1 1 1 1 1 1 1 1 
1 1 1 F # 0 1 1 
1 1 # 0 0 0 1 1 
1 1 1 # 0 0 1 1 
1 1 0 # F 0 1 1 
1 1 G 1 S 1 1 1 
1 1 1 1 1 1 1 1 
p53 T8

Map8
1 1 1 1 1 1 1 1 
1 1 # 0 0 0 0 1 
1 1 F F # # # 1 
1 0 F 1 0 # F 1 
1 0 0 1 1 0 0 1 
G 0 # 0 F 1 # 1 
1 0 0 H 0 0 # 1 
1 1 1 1 1 S 1 1 
p24 T7

Map8
1 1 1 1 S 1 1 1 
1 1 1 # 0 F 1 1 
1 G 0 F 1 0 0 1 
1 1 0 0 0 # 0 1 
1 1 1 0 H 0 0 1 
1 1 F 0 F F 0 1 
1 1 1 1 1 1 1 1 
1 1 1 1 1 1 1 1 
p64 T9

Map8
1 1 1 1 1 1 1 1 
1 1 1 1 1 1 1 1 
1 # 0 # 0 # 1 1 
1 0 0 0 1 0 1 1 
1 0 H 0 1 0 S 1 
1 0 # 0 0 # 1 1 
1 0 1 F F 0 1 1 
1 1 1 G 1 1 1 1 
p42 T5

Map8
1 1 1 G 1 1 1 1 
1 1 0 F 1 # 0 1 
1 0 0 0 # 0 0 1 
S # 0 F 0 0 0 1 
1 0 0 F F 0 H 1 
1 0 0 0 H 0 0 1 
1 # 0 0 0 0 0 1 
1 1 1 1 1 1 1 1 
p22 T9

Map8
1 1 1 1 1 G 1 1 
1 # # 0 F F 0 1 
1 0 0 0 0 0 0 1 
1 0 H 1 1 0 # 1 
1 0 0 0 0 0 0 1 
1 F H 0 1 1 0 1 
1 0 0 0 0 # 0 S 
1 1 1 1 1 1 1 1 
p64 T6

Map8
1 1 1 1 1 1 1 1 
1 1 1 1 S 1 1 1 
G 0 H 0 0 0 1 1 
1 F 1 # 0 H 1 1 
1 0 0 0 0 1 1 1 
1 1 F 0 0 # 1 1 
1 F H 0 0 0 1 1 
1 1 1 1 1 1 1 1 
p43 T5

Map8
1 1 1 1 1 1 1 1 
1 1 1 1 1 G 1 1 
1 1 0 0 1 0 1 1 
1 1 0 0 1 0 1 1 
1 1 0 F 0 # 1 1 
1 1 0 0 0 H 1 1 
1 1 S 1 1 1 1 1 
1 1 1 1 1 1 1 1 
p25 T4

Map8
1 1 1 1 1 1 1 1 
1 1 1 1 1 1 1 1 
1 1 0 0 1 0 1 1 
1 1 F 0 # 0 1 1 
1 G # 0 F 0 1 1 
1 1 0 # # 1 1 1 
1 1 S 1 1 1 1 1 
1 1 1 1 1 1 1 1 
p33 T5

Map8
1 1 1 1 1 1 1 1 
1 1 1 1 1 1 1 1 
1 1 F 0 0 F 1 1 
1 1 H # 0 1 1 1 
1 1 H 0 0 0 1 1 
1 1 0 F # 1 1 1 
1 1 1 S G 1 1 1 
1 1 1 1 1 1 1 1 
p34 T4

Map8
1 1 1 1 1 G 1 1 
1 # 1 0 # # 1 1 
1 0 F F 0 F F 1 
1 # 1 F 0 0 1 1 
1 0 H 0 0 0 0 1 
S 0 1 0 0 1 0 1 
1 0 0 # 0 # 0 1 
1 1 1 1 1 1 1 1 
p26 T7

Map8
1 1 1 1 1 1 1 1 
1 0 0 # 0 1 1 1 
S 0 0 0 0 1 1 1 
1 0 0 # 0 0 G 1 
1 0 0 H F 0 1 1 
1 0 0 1 1 # 1 1 
1 1 1 1 1 1 1 1 
1 1 1 1 1 1 1 1 
p12 T6

Map8
1 1 1 1 1 1 1 1 
1 1 1 1 1 S 1 1 
1 1 0 1 0 0 F 1 
1 1 0 0 0 0 0 1 
1 1 0 1 # 1 H 1 
1 1 0 # 0 0 0 G 
1 1 # 0 F H 1 1 
1 1 1 1 1 1 1 1 
p24 T5

Map8
1 1 S 1 1 1 1 1 
1 0 F 0 0 0 0 1 
1 0 0 # 0 0 H 1 
1 0 1 0 0 0 F 1 
1 0 F 0 # 0 0 1 
1 0 0 0 H 0 0 1 
1 0 0 # 0 1 # 1 
1 1 1 1 1 1 G 1 
p13 T6

Map8
1 1 1 S 1 1 1 1 
1 0 0 0 0 0 0 1 
1 0 0 1 F 0 0 1 
1 H 0 F # 0 0 1 
1 0 # # 0 0 0 1 
1 F 0 0 0 0 0 1 
1 0 F # 1 # 0 1 
1 G 1 1 1 1 1 1 
p63 T6

Map8
1 1 1 1 1 1 1 1 
1 1 1 1 S 1 1 1 
1 1 0 0 0 0 1 1 
1 1 0 F 0 # 1 1 
1 1 1 0 0 0 1 1 
1 1 F 0 0 0 1 1 
1 1 1 G 1 1 1 1 
1 1 1 1 1 1 1 1 
p43 T4

Map8
1 1 1 1 1 1 1 1 
1 1 1 1 1 1 1 1 
1 S F 0 0 0 1 1 
1 1 1 # # 1 1 1 
1 1 # F 0 0 1 1 
1 1 # H 0 0 1 1 
1 1 1 1 1 G 1 1 
1 1 1 1 1 1 1 1 
p32 T5

Map8
1 1 1 1 1 S 1 1 
1 1 0 0 0 0 0 1 
1 1 1 # 0 1 0 1 
1 G F 0 0 # 0 1 
1 1 # 1 H 0 F 1 
1 1 0 # 0 0 0 1 
1 1 1 1 1 1 1 1 
1 1 1 1 1 1 1 1 
p41 T5

Map8
1 1 1 1 1 1 1 1 
1 S F 0 1 # F 1 
1 1 0 0 0 # # 1 
1 1 0 1 # # 0 1 
1 1 0 F 1 0 1 1 
1 1 F 0 H 0 0 G 
1 1 1 1 1 1 1 1 
1 1 1 1 1 1 1 1 
p42 T6

Map8
1 1 1 1 1 1 1 1 
1 1 S 1 1 1 1 1 
1 0 0 1 0 # G 1 
1 # 0 0 0 0 1 1 
1 F 0 # F 0 1 1 
1 F 0 F 0 0 1 1 
1 # 0 H H 1 1 1 
1 1 1 1 1 1 1 1 
p22 T5

Map8
1 1 1 1 1 1 1 1 
1 1 1 1 1 1 1 1 
1 1 H 0 0 # 1 1 
1 1 0 0 0 0 1 1 
1 1 F 0 1 0 1 1 
1 1 0 0 0 F 1 1 
1 1 G 1 1 S 1 1 
1 1 1 1 1 1 1 1 
p54 T4

Map8
1 G 1 1 1 1 1 1 
1 0 0 F 1 H 0 1 
1 # 0 F F H 0 1 
1 0 # 0 H 0 H 1 
1 F 0 1 0 # 0 S 
1 1 0 # 0 0 0 1 
1 0 0 1 0 1 0 1 
1 1 1 1 1 1 1 1 
p44 T7

Map8
1 1 S 1 1 1 1 1 
1 # 0 H 0 0 1 1 
1 0 1 H 1 1 1 1 
1 0 # 1 # F 1 1 
1 0 F # 0 F G 1 
1 0 0 0 0 0 1 1 
1 1 1 1 1 1 1 1 
1 1 1 1 1 1 1 1 
p13 T5

Map8
1 1 1 G 1 1 1 1 
1 0 F 0 0 # # 1 
1 0 0 0 1 0 0 1 
1 0 1 1 0 1 # 1 
1 0 H F 0 0 F 1 
S 0 0 0 0 0 # 1 
1 0 0 0 1 H # 1 
1 1 1 1 1 1 1 1 
p13 T6

Map8
1 1 1 1 1 1 1 1 
1 1 G 1 1 S 1 1 
1 1 F 0 0 0 1 1 
1 1 0 0 0 0 1 1 
1 1 1 0 0 0 1 1 
1 1 0 0 # 1 1 1 
1 1 1 1 1 1 1 1 
1 1 1 1 1 1 1 1 
p52 T4

Map8
1 1 1 1 1 1 1 1 
1 # 0 1 F 0 1 1 
1 # H # 0 0 1 1 
1 0 0 0 0 0 G 1 
1 0 0 1 # F 1 1 
S 0 0 1 H 1 1 1 
1 1 1 1 1 1 1 1 
1 1 1 1 1 1 1 1 
p14 T5

Map8
1 1 1 1 1 1 1 1 
1 1 1 1 1 G 1 1 
1 1 H 0 0 # 1 1 
1 1 1 0 0 H 1 1 
1 1 0 F # 0 1 1 
1 S F 0 0 0 1 1 
1 1 1 1 1 1 1 1 
1 1 1 1 1 1 1 1 
p35 T5

Map8
1 1 1 1 1 1 1 1 
1 1 1 1 1 1 1 1 
1 S 0 # 1 0 1 1 
1 1 0 0 0 0 1 1 
1 1 0 0 0 0 G 1 
1 1 0 F 0 0 1 1 
1 1 1 1 1 1 1 1 
1 1 1 1 1 1 1 1 
p23 T5

Map8
1 1 1 1 1 1 1 1 
1 1 1 S 1 1 1 1 
1 1 H 0 # 0 1 1 
1 1 1 0 0 F 1 1 
1 1 # # 0 # 1 1 
1 1 0 1 F H 1 1 
1 1 1 1 G 1 1 1 
1 1 1 1 1 1 1 1 
p32 T5

Map8
1 1 1 1 1 1 1 1 
1 1 1 1 1 S 1 1 
1 1 H 0 H 0 1 1 
1 1 0 0 # 0 1 1 
1 1 F 0 0 # 1 1 
1 1 0 0 1 0 1 1 
1 1 G 1 1 1 1 1 
1 1 1 1 1 1 1 1 
p52 T4

Map8
1 1 1 S 1 1 1 1 
1 0 # 0 0 # 0 1 
1 0 # 0 0 0 0 1 
1 F 1 1 1 0 H 1 
1 F 0 0 0 F F G 
1 0 0 # # 0 0 1 
1 0 0 0 0 0 0 1 
1 1 1 1 1 1 1 1 
p16 T7

Map8
1 1 1 1 1 1 1 1 
1 0 F 0 1 H 0 1 
1 0 0 H # 1 # 1 
1 0 1 # 0 # H 1 
1 1 0 F 0 0 # 1 
1 0 0 H # 0 0 G 
1 0 0 # 1 0 0 1 
1 1 S 1 1 1 1 1 
p54 T6

Map8
1 1 1 1 S 1 1 1 
1 0 0 0 F 1 1 1 
1 0 0 0 F 0 1 1 
1 1 0 0 0 0 1 1 
1 F 0 0 0 0 1 1 
1 H F # # 0 1 1 
1 1 G 1 1 1 1 1 
1 1 1 1 1 1 1 1 
p54 T6

Map8
1 G 1 1 1 1 1 1 
1 F F 1 F # F 1 
1 0 0 0 1 # 1 1 
1 1 0 0 0 # 0 1 
1 0 0 0 0 0 1 1 
1 0 1 0 H 0 0 1 
1 0 0 0 1 0 0 S 
1 1 1 1 1 1 1 1 
p55 T9

Map8
1 1 1 1 1 1 1 1 
1 1 1 1 1 1 1 1 
1 1 0 0 0 F S 1 
1 1 0 # F F G 1 
1 1 0 1 0 0 1 1 
1 1 H 0 0 0 1 1 
1 1 1 1 1 1 1 1 
1 1 1 1 1 1 1 1 
p42 T4

Map8
1 1 1 1 1 1 1 1 
1 1 S 1 1 1 1 1 
1 1 # F 0 # 1 1 
1 1 1 0 0 0 1 1 
1 1 0 0 0 0 1 1 
1 1 0 1 0 0 1 1 
1 1 G 1 1 1 1 1 
1 1 1 1 1 1 1 1 
p53 T6

Map8
1 1 1 1 1 1 1 1 
1 # # 1 0 0 0 S 
1 1 0 0 0 0 0 1 
1 0 F 0 0 0 0 1 
1 0 0 1 # 0 # 1 
1 0 F H 0 0 0 1 
G 0 1 0 F 0 0 1 
1 1 1 1 1 1 1 1 
p62 T7

Map8
1 1 1 1 1 1 S 1 
1 # 0 0 F 0 0 1 
1 0 0 # 0 0 1 1 
1 # 1 0 0 0 0 1 
1 0 0 F 0 0 0 1 
1 0 # H 0 0 1 1 
1 0 H 0 # 0 0 1 
1 1 1 1 1 1 G 1 
p31 T8

Map8
1 1 1 S 1 1 1 1 
1 1 0 0 # 0 1 1 
1 1 0 0 0 # 0 G 
1 1 0 0 H 0 0 1 
1 1 # F H 0 1 1 
1 1 # 0 0 # 1 1 
1 1 1 1 1 1 1 1 
1 1 1 1 1 1 1 1 
p23 T5

Map8
1 S 1 1 1 1 1 1 
1 F 1 0 H # G 1 
1 0 1 # F # 1 1 
1 0 0 F 0 # 1 1 
1 0 0 0 0 F 1 1 
1 # 0 H 0 0 1 1 
1 1 1 1 1 1 1 1 
1 1 1 1 1 1 1 1 
p12 T5

Map8
1 1 1 1 1 1 1 1 
1 1 1 1 1 1 1 1 
1 1 0 0 # 1 1 1 
1 1 H 0 0 0 1 1 
1 1 0 F 0 0 G 1 
1 1 0 0 0 0 1 1 
1 1 1 S 1 1 1 1 
1 1 1 1 1 1 1 1 
p43 T5

Map8
1 1 S 1 1 1 1 1 
1 1 # 1 0 0 0 1 
1 0 0 0 F # # 1 
1 F 1 # F # 0 G 
1 0 0 0 # 1 0 1 
1 0 0 0 H 1 0 1 
1 0 0 0 1 1 0 1 
1 1 1 1 1 1 1 1 
p61 T7

Map8
1 1 1 1 1 1 1 1 
1 1 1 1 1 1 1 1 
1 S 0 # 1 0 1 1 
1 1 F 0 0 0 1 1 
1 G # 0 1 0 1 1 
1 1 0 0 0 # 1 1 
1 1 1 1 1 1 1 1 
1 1 1 1 1 1 1 1 
p33 T4

Map8
1 1 1 1 1 G 1 1 
1 1 # 1 F 0 # 1 
1 1 0 0 F # F 1 
1 S 0 0 1 0 0 1 
1 1 H 0 0 # 0 1 
1 1 F 1 F # H 1 
1 1 1 1 1 1 1 1 
1 1 1 1 1 1 1 1 
p44 T5

Map8
1 1 1 1 1 1 1 1 
1 1 0 H F 1 # 1 
S 0 0 0 1 0 1 1 
1 0 0 0 0 0 0 1 
1 1 0 H 1 0 0 1 
1 0 # 0 # 0 H 1 
1 0 0 # 0 F 0 1 
1 1 1 1 1 G 1 1 
p43 T6

Map8
1 1 1 1 1 1 1 1 
1 1 1 S 1 1 1 1 
1 F 0 0 F 0 1 1 
1 H # 1 F 0 1 1 
G 0 0 F F # 1 1 
1 1 0 0 0 # 1 1 
1 1 F 0 0 0 1 1 
1 1 1 1 1 1 1 1 
p53 T5

Map8
1 1 1 1 1 1 1 1 
1 G 1 1 1 1 1 1 
1 0 0 0 0 F 1 1 
1 H 1 F 0 # 1 1 
1 0 0 # 0 F S 1 
1 F # 0 0 F 1 1 
1 F 1 1 0 # 1 1 
1 1 1 1 1 1 1 1 
p44 T5

Map8
1 1 1 1 1 1 1 1 
1 1 1 1 1 1 1 1 
1 1 F # H F 1 1 
1 G 0 0 0 # 1 1 
1 1 # 0 0 0 1 1 
1 1 1 0 0 F S 1 
1 1 1 1 1 1 1 1 
1 1 1 1 1 1 1 1 
p34 T4

Map8
1 1 1 1 1 1 1 1 
1 F 1 H 0 0 1 1 
1 1 # 0 1 0 0 1 
1 F 0 0 # 0 0 1 
1 0 0 0 F F H 1 
1 0 # 0 # 0 H 1 
1 H 0 1 0 0 1 1 
1 1 S 1 G 1 1 1 
p24 T8

Map8
1 1 1 1 1 1 1 1 
1 H 1 0 H F 0 1 
1 0 F 0 0 0 1 1 
1 H 0 0 1 # 0 1 
1 0 # 0 0 # 0 1 
1 0 # 0 1 1 # 1 
1 1 F 0 0 1 0 1 
1 1 G S 1 1 1 1 
p35 T6

Map8
1 1 1 1 1 1 1 1 
1 G 0 H 0 F F 1 
1 1 F F # 1 # 1 
1 1 0 0 0 0 0 1 
1 1 F # 0 H H 1 
1 1 # 0 F 1 0 1 
1 1 1 1 S 1 1 1 
1 1 1 1 1 1 1 1 
p44 T5

Map8
1 1 1 1 1 1 1 1 
1 0 F # H # # 1 
1 0 0 0 F 0 1 1 
1 1 H 1 # 1 H 1 
1 0 0 0 # # 0 1 
1 0 H # # F 1 1 
G 0 0 1 0 0 0 S 
1 1 1 1 1 1 1 1 
p66 T6

Map8
1 1 1 1 1 1 1 1 
1 1 1 1 S 1 1 1 
1 1 H # # 0 1 1 
1 G 0 # F 0 1 1 
1 1 F 0 0 0 1 1 
1 1 1 # 0 0 1 1 
1 1 1 1 1 1 1 1 
1 1 1 1 1 1 1 1 
p34 T5

Map8
1 1 1 1 1 1 G 1 
1 0 1 # 0 1 0 1 
1 0 0 F 0 H 0 1 
1 F H 0 0 0 0 1 
1 0 # 0 0 1 1 1 
1 1 0 1 0 0 0 1 
1 0 0 # 0 1 0 1 
1 1 1 S 1 1 1 1 
p44 T6

Map8
1 1 1 1 1 1 1 1 
1 1 F 1 0 H 0 1 
1 0 0 0 0 H # 1 
G 0 1 0 F 1 0 1 
1 1 # F # 1 0 1 
1 F 0 0 0 F 0 1 
1 H 0 0 0 0 0 1 
1 1 S 1 1 1 1 1 
p26 T9

Map8
1 1 1 1 1 1 1 1 
1 F 0 0 1 0 0 1 
S F # 0 0 0 # 1 
1 1 0 0 0 0 0 1 
G 0 0 1 0 0 0 1 
1 # 0 1 0 0 0 1 
1 0 0 0 0 H # 1 
1 1 1 1 1 1 1 1 
p32 T6

Map8
1 1 1 1 1 G 1 1 
1 1 1 0 0 0 1 1 
1 0 0 F 0 1 0 1 
1 0 1 0 F # 0 1 
1 0 # 0 0 0 # 1 
S 0 0 F 0 # 0 1 
1 0 # 0 H 1 0 1 
1 1 1 1 1 1 1 1 
p45 T7

Map8
1 1 1 1 1 1 1 1 
1 # 0 # F 0 1 1 
1 0 H 0 F H 1 1 
1 0 0 0 F 0 S 1 
1 1 # 0 F 1 1 1 
1 # 0 # 0 0 1 1 
1 1 1 1 1 G 1 1 
1 1 1 1 1 1 1 1 
p33 T5

Map8
1 1 1 1 1 1 1 1 
1 1 1 1 1 1 1 1 
1 1 0 0 F F 1 1 
1 1 0 0 1 F 1 1 
1 1 0 # 0 # 1 1 
1 1 0 1 0 0 G 1 
1 1 S 1 1 1 1 1 
1 1 1 1 1 1 1 1 
p25 T5

Map8
1 1 1 1 1 1 1 1 
1 1 1 1 1 1 1 1 
1 1 H 0 1 # 1 1 
1 G 0 0 F # 1 1 
1 1 H 0 0 0 1 1 
1 S # 0 0 0 1 1 
1 1 1 1 1 1 1 1 
1 1 1 1 1 1 1 1 
p54 T4

Map8
1 1 1 1 1 1 1 1 
1 1 1 1 G 1 1 1 
1 1 0 0 0 # 1 1 
1 1 # 1 0 0 1 1 
1 1 F F H 0 1 1 
1 1 H H 1 0 S 1 
1 1 1 1 1 1 1 1 
1 1 1 1 1 1 1 1 
p54 T5

Map8
1 1 1 1 1 1 1 1 
1 1 G 1 1 S 1 1 
1 1 0 0 H 0 1 1 
1 1 0 0 0 # 1 1 
1 1 # 1 0 # 1 1 
1 1 0 F 1 # 1 1 
1 1 1 1 1 1 1 1 
1 1 1 1 1 1 1 1 
p52 T4

Map8
1 1 1 1 1 1 1 1 
1 H # 1 H H 0 1 
1 0 0 0 F F # 1 
1 # 0 0 0 F 1 1 
1 0 0 F 0 0 0 G 
1 0 0 0 0 # 0 1 
1 0 0 0 1 0 0 1 
1 1 1 S 1 1 1 1 
p14 T7

Map8
1 1 1 1 1 1 1 1 
1 1 # # 0 0 1 1 
1 1 # 0 0 0 1 1 
1 1 0 # 0 0 F 1 
1 1 0 # 0 0 0 1 
1 1 0 0 0 H 0 G 
1 1 1 1 S 1 1 1 
1 1 1 1 1 1 1 1 
p45 T5

Map8
1 1 1 1 1 1 1 1 
1 1 1 1 1 1 1 1 
1 1 0 0 0 0 1 1 
1 1 F 0 0 # 1 1 
1 G 0 0 0 F 1 1 
1 1 F 0 1 0 1 1 
1 1 S 1 1 1 1 1 
1 1 1 1 1 1 1 1 
p32 T5

Map8
1 1 1 1 1 S 1 1 
1 # 0 0 # # 0 1 
1 H # 0 1 0 0 1 
1 0 1 0 # 1 0 1 
1 0 H 0 0 F # 1 
1 0 0 0 F 1 0 1 
1 0 0 1 0 H 0 1 
1 G 1 1 1 1 1 1 
p31 T9

Map8
1 1 1 1 1 1 1 1 
1 1 1 G 1 1 1 1 
1 1 0 0 1 1 0 1 
1 1 0 0 # 0 0 1 
1 1 H H 0 # 1 1 
1 1 0 0 # 0 0 S 
1 1 0 # 0 F 0 1 
1 1 1 1 1 1 1 1 
p55 T7

Map8
1 1 1 1 1 1 1 1 
1 1 1 1 1 1 1 1 
1 1 0 1 1 F 0 1 
1 1 1 # 0 0 1 1 
1 1 0 0 0 0 F 1 
1 1 0 # 0 # 0 1 
1 1 0 H 0 0 0 G 
1 1 S 1 1 1 1 1 
p26 T5

Map8
1 1 1 1 1 G S 1 
1 0 1 0 0 0 0 1 
1 0 0 # 0 # 0 1 
1 1 0 F 0 F 0 1 
1 0 0 0 1 H 0 1 
1 0 0 # 0 # 1 1 
1 0 0 1 # 0 F 1 
1 1 1 1 1 1 1 1 
p62 T6

Map8
1 1 1 1 1 1 1 1 
1 1 1 1 1 G 1 1 
1 0 F 0 # F 1 1 
1 1 # 0 F # 1 1 
S 0 1 0 # 1 1 1 
1 F H F 0 0 1 1 
1 0 F 0 1 # 1 1 
1 1 1 1 1 1 1 1 
p34 T7

Map8
1 1 1 1 1 1 1 1 
1 1 1 1 1 1 1 1 
1 # 1 1 0 0 S 1 
1 0 0 0 F 0 1 1 
1 0 0 1 # 0 1 1 
G # 0 0 # 0 1 1 
1 1 H 0 0 0 1 1 
1 1 1 1 1 1 1 1 
p54 T5

Map8
1 1 1 1 1 1 1 1 
1 1 1 1 1 1 1 1 
1 1 H 1 F F 1 1 
1 1 # # 0 0 S 1 
1 G 0 0 0 0 1 1 
1 1 # # 0 0 1 1 
1 1 1 1 1 1 1 1 
1 1 1 1 1 1 1 1 
p53 T5

Map8
1 1 1 G 1 1 1 1 
1 0 H # # 0 1 1 
1 0 # F # 0 1 1 
1 1 0 0 0 # 0 1 
S 0 0 1 0 0 0 1 
1 F F # 0 # 0 1 
1 0 F 0 1 0 0 1 
1 1 1 1 1 1 1 1 
p43 T10

Map8
1 1 1 1 1 1 S 1 
1 0 0 0 0 0 0 1 
1 1 0 # 0 H 1 1 
1 0 0 0 0 0 0 1 
1 0 1 # 1 0 0 G 
1 0 0 0 1 F 1 1 
1 0 F 0 0 # 1 1 
1 1 1 1 1 1 1 1 
p31 T7

Map8
1 1 1 1 1 1 1 1 
1 1 1 1 1 1 1 1 
1 G F 0 0 1 1 1 
1 1 0 0 # # 1 1 
1 1 0 0 0 # 1 1 
1 1 0 0 0 0 1 1 
1 1 1 1 1 S 1 1 
1 1 1 1 1 1 1 1 
p45 T6

Map8
1 1 1 1 1 1 1 1 
1 1 1 1 1 1 1 1 
1 1 0 0 # 1 1 1 
1 1 # 0 0 # 1 1 
1 1 0 0 0 F 1 1 
1 1 0 F F # S 1 
1 1 1 1 1 G 1 1 
1 1 1 1 1 1 1 1 
p24 T5

Map8
1 1 1 S 1 1 1 1 
1 1 1 0 # # # 1 
1 1 H 0 0 F 0 1 
1 1 # 1 0 0 1 1 
1 1 0 0 0 H # 1 
1 1 1 0 0 0 0 1 
1 1 1 G 1 1 1 1 
1 1 1 1 1 1 1 1 
p31 T7

Map8
1 S 1 1 1 1 1 1 
1 0 0 F 0 0 0 1 
1 0 0 0 0 # 0 1 
1 1 0 0 0 0 0 1 
1 0 H 0 0 # 0 1 
1 0 0 F # 0 0 1 
G 0 1 # 0 # # 1 
1 1 1 1 1 1 1 1 
p64 T7

Map8
1 1 1 1 1 1 1 1 
1 1 0 0 0 0 0 S 
1 1 F 0 # 1 1 1 
1 1 0 # H F H 1 
1 1 1 0 0 1 0 1 
1 1 0 0 F 0 0 1 
1 1 G 1 1 1 1 1 
1 1 1 1 1 1 1 1 
p41 T5

Map8
1 1 1 1 1 1 1 1 
1 1 S 1 1 1 1 1 
1 1 0 H H 1 1 1 
1 1 0 # 0 0 1 1 
1 1 # 0 1 0 1 1 
1 1 0 H F 0 G 1 
1 1 1 1 1 1 1 1 
1 1 1 1 1 1 1 1 
p22 T5

Map8
1 1 1 1 1 1 1 1 
1 1 1 1 1 1 1 1 
1 1 0 0 # 0 1 1 
1 S 0 0 F 0 1 1 
1 1 0 0 0 0 1 1 
1 1 1 0 0 H 1 1 
1 1 1 1 G 1 1 1 
1 1 1 1 1 1 1 1 
p34 T7

Map8
1 1 1 1 1 1 1 1 
1 1 1 0 F # H 1 
1 G F 0 H 0 H 1 
1 1 1 0 0 1 # S 
1 1 # # 1 0 0 1 
1 1 0 # 0 0 0 1 
1 1 1 1 1 1 1 1 
1 1 1 1 1 1 1 1 
p33 T8

Map8
1 1 1 1 1 1 1 1 
1 1 1 1 1 1 1 1 
1 1 1 0 0 0 S 1 
1 1 0 0 F 0 1 1 
1 1 # # 0 1 1 1 
1 1 F F 0 0 G 1 
1 1 1 1 1 1 1 1 
1 1 1 1 1 1 1 1 
p52 T4

Map8
1 1 1 1 G 1 1 1 
1 0 0 0 0 1 0 S 
1 0 0 # 1 0 0 1 
1 0 0 0 0 F 0 1 
1 # 0 0 0 H 0 1 
1 F 1 0 # 0 1 1 
1 H 1 0 # 0 0 1 
1 1 1 1 1 1 1 1 
p62 T7

Map8
1 1 1 1 1 1 1 1 
1 1 1 1 1 1 1 1 
1 1 0 H 1 0 0 1 
1 1 H F 0 0 F 1 
1 1 0 0 1 0 # G 
1 1 0 0 1 0 # 1 
1 1 1 0 0 # 0 1 
1 1 1 1 S 1 1 1 
p53 T7

Map8
1 1 1 1 1 1 1 1 
1 1 1 1 1 1 1 1 
1 S # 0 0 0 # 1 
1 1 # 0 1 0 0 1 
1 1 F 1 0 0 0 1 
1 1 0 H # 0 # 1 
1 1 1 0 F 0 0 1 
1 1 1 1 G 1 1 1 
p63 T5

Map8
1 1 1 1 1 1 1 1 
1 1 1 1 1 1 1 1 
1 1 F 0 0 # 0 1 
1 1 H 1 0 1 0 1 
1 1 0 0 F 0 # S 
1 1 0 0 0 0 0 1 
1 1 1 0 0 1 0 1 
1 1 1 1 G 1 1 1 
p35 T5

Map8
1 1 1 1 1 1 1 1 
1 1 1 1 1 1 1 1 
1 S 0 1 0 0 1 1 
1 1 0 1 F # 1 1 
1 1 0 0 0 F G 1 
1 1 0 0 0 # 1 1 
1 1 1 1 1 1 1 1 
1 1 1 1 1 1 1 1 
p23 T4

Map8
1 1 1 1 1 1 1 1 
1 1 S 1 1 1 1 1 
1 1 0 0 0 0 1 1 
1 1 0 # 0 0 1 1 
1 1 0 F 0 H 1 1 
1 1 1 1 0 0 1 1 
1 1 1 1 1 G 1 1 
1 1 1 1 1 1 1 1 
p32 T7

Map8
1 1 1 1 1 1 1 1 
1 F 0 0 0 0 F 1 
1 0 0 # 0 0 0 1 
1 0 1 0 0 0 0 1 
1 # H 0 0 1 0 1 
S 0 0 1 # 0 0 G 
1 0 0 0 0 0 0 1 
1 1 1 1 1 1 1 1 
p46 T6

Map8
1 1 1 1 S 1 1 1 
1 F H 0 0 F 0 1 
1 # F 0 0 1 0 1 
1 0 H 0 0 H # 1 
1 0 H 0 0 0 0 1 
1 0 1 # 1 1 H 1 
1 0 # # 0 # 0 1 
1 1 1 1 1 1 G 1 
p41 T6

Map8
1 1 1 1 1 1 1 1 
1 1 1 1 1 1 1 1 
1 1 # 1 F H 1 1 
1 1 0 # H F 1 1 
1 1 0 0 0 0 1 1 
1 1 0 H # # G 1 
1 1 S 1 1 1 1 1 
1 1 1 1 1 1 1 1 
p25 T5

Map8
1 1 1 1 1 G 1 1 
1 0 1 0 0 0 1 1 
1 0 0 0 # 0 # 1 
1 0 # F H F 0 1 
1 0 0 0 0 0 0 1 
1 0 0 0 0 0 F 1 
1 H 0 0 0 0 H 1 
1 1 S 1 1 1 1 1 
p22 T6

Map8
1 1 1 1 1 1 1 1 
1 1 1 S 1 1 1 1 
1 1 0 F # 0 G 1 
1 1 0 0 # 1 1 1 
1 1 0 # H 0 1 1 
1 1 0 0 0 1 1 1 
1 1 1 1 1 1 1 1 
1 1 1 1 1 1 1 1 
p24 T7

Map8
1 1 1 1 G 1 1 1 
1 # 0 0 # 0 0 1 
1 0 0 0 0 0 1 1 
1 0 0 H 0 0 # 1 
1 0 0 0 0 0 0 1 
1 0 F 0 # # 0 1 
1 0 0 F 0 1 F 1 
1 1 1 1 1 1 S 1 
p65 T6

Map8
1 1 1 1 1 1 1 1 
1 # 0 # F H 0 1 
1 F 0 # # F F 1 
S 0 0 0 0 1 0 1 
1 0 1 0 0 0 1 1 
1 # # # H 0 0 G 
1 F H 0 0 0 0 1 
1 1 1 1 1 1 1 1 
p23 T6

Map8
1 G 1 1 1 S 1 1 
1 # 0 1 0 0 0 1 
1 H 0 0 0 0 0 1 
1 0 0 F 0 0 # 1 
1 0 0 H H 0 0 1 
1 1 # 0 0 # F 1 
1 0 0 0 0 0 0 1 
1 1 1 1 1 1 1 1 
p54 T6

Map8
1 1 S 1 1 1 G 1 
1 1 F H 0 0 0 1 
1 1 # 0 0 0 0 1 
1 1 0 # 1 0 1 1 
1 1 1 F 0 F 0 1 
1 1 0 0 0 0 0 1 
1 1 1 1 1 1 1 1 
1 1 1 1 1 1 1 1 
p45 T8

Map8
1 1 1 1 1 1 1 1 
1 1 1 1 1 1 1 1 
1 S F 0 # 0 1 1 
1 1 0 1 0 # 1 1 
1 1 0 0 0 F 1 1 
1 1 # 0 0 F G 1 
1 1 1 1 1 1 1 1 
1 1 1 1 1 1 1 1 
p32 T4

Map8
1 1 1 1 1 1 1 1 
G 0 0 0 # 0 1 1 
1 0 F 0 # F 1 1 
1 1 0 F 0 1 1 1 
1 # 0 0 0 0 1 1 
1 F H # 0 # 1 1 
1 S 1 1 1 1 1 1 
1 1 1 1 1 1 1 1 
p24 T5

Map8
1 1 1 1 1 1 1 1 
1 1 1 G 1 1 1 1 
1 1 0 F # # 0 1 
1 1 0 F 0 # H 1 
1 1 1 0 0 1 0 S 
1 1 F 0 # # 0 1 
1 1 0 0 0 0 0 1 
1 1 1 1 1 1 1 1 
p46 T5

Map8
1 1 1 G 1 1 1 1 
1 0 1 0 0 H 1 1 
1 0 0 F 0 # S 1 
1 0 0 0 0 0 1 1 
1 0 1 0 0 # 1 1 
1 0 0 0 0 0 1 1 
1 1 1 1 1 1 1 1 
1 1 1 1 1 1 1 1 
p35 T7

Map8
1 1 1 1 1 1 1 1 
1 1 1 1 1 1 1 1 
1 1 0 0 0 0 S 1 
1 1 H # 1 0 1 1 
1 1 H 0 F 0 1 1 
1 G 0 0 H H 1 1 
1 1 1 1 1 1 1 1 
1 1 1 1 1 1 1 1 
p42 T4

Map8
1 1 1 1 1 S 1 1 
1 0 1 0 # 0 1 1 
1 # 1 0 0 0 1 1 
1 1 0 0 0 # 1 1 
1 H 1 0 0 0 G 1 
1 F 0 0 0 # 1 1 
1 1 1 1 1 1 1 1 
1 1 1 1 1 1 1 1 
p33 T6

Map8
1 1 1 1 G 1 1 1 
1 1 F 0 0 0 0 1 
1 0 0 0 0 0 0 1 
S 0 0 1 0 H # 1 
1 # 0 0 # 0 0 1 
1 # 0 F 0 0 0 1 
1 0 0 F # H 0 1 
1 1 1 1 1 1 1 1 
p32 T6

Map8
1 1 1 1 1 1 1 1 
1 1 1 1 1 1 1 1 
1 S 0 0 0 # 1 1 
1 1 0 0 1 0 1 1 
1 G # 0 0 0 1 1 
1 1 F F 1 # 1 1 
1 1 1 1 1 1 1 1 
1 1 1 1 1 1 1 1 
p53 T4

Map8
1 1 1 1 1 1 1 1 
1 1 S 1 1 1 1 1 
1 1 # 0 0 0 0 1 
1 1 1 0 0 0 0 1 
1 1 F 0 1 0 0 1 
1 1 # # # 0 H 1 
1 1 0 1 0 0 0 G 
1 1 1 1 1 1 1 1 
p42 T5

Map8
1 1 1 1 1 1 1 1 
1 1 1 1 1 1 1 1 
1 S F 0 0 # 1 1 
1 1 H F 0 # G 1 
1 1 1 # 1 # 1 1 
1 1 0 H H F 1 1 
1 1 1 1 1 1 1 1 
1 1 1 1 1 1 1 1 
p32 T4

Map8
1 1 1 1 1 G 1 1 
1 1 1 1 1 0 # 1 
1 1 0 0 0 0 H 1 
1 1 0 F 0 # 0 S 
1 1 0 0 0 # # 1 
1 1 0 # 0 0 0 1 
1 1 1 1 1 1 1 1 
1 1 1 1 1 1 1 1 
p45 T5

Map8
1 S 1 1 1 1 1 1 
1 0 0 1 H F 1 1 
1 # 0 0 1 0 1 1 
1 0 # 0 0 0 G 1 
1 0 0 0 F 0 1 1 
1 0 # 0 0 F 1 1 
1 1 1 1 1 1 1 1 
1 1 1 1 1 1 1 1 
p22 T6

Map8
1 1 1 1 1 1 1 1 
1 1 G 1 1 1 1 1 
1 1 0 # H # 1 1 
1 S F 0 0 # 1 1 
1 1 1 0 1 # 1 1 
1 1 0 0 0 0 1 1 
1 1 1 1 1 1 1 1 
1 1 1 1 1 1 1 1 
p45 T7

Map8
1 1 1 1 1 1 1 1 
1 0 0 0 0 1 0 1 
1 F # 0 # F 0 1 
1 0 # # 0 0 0 1 
1 # 0 0 # H 1 1 
1 F 0 0 1 # 0 G 
1 0 H 0 0 0 0 1 
1 S 1 1 1 1 1 1 
p21 T7

Map8
1 1 G 1 1 1 1 1 
1 0 0 # 0 F # 1 
1 0 0 1 F 1 1 1 
1 0 0 1 H # 0 1 
1 F 1 0 0 0 1 1 
1 # 0 0 0 F # 1 
1 0 0 0 0 0 F 1 
1 1 1 1 1 1 S 1 
p13 T6

Map8
1 1 1 1 1 1 1 1 
1 1 # F 1 0 0 S 
1 1 0 1 0 H 0 1 
1 G 0 F 0 F 0 1 
1 1 F 0 # 1 0 1 
1 1 F # 0 F 0 1 
1 1 1 1 1 1 1 1 
1 1 1 1 1 1 1 1 
p62 T5

Map8
1 1 1 1 1 1 1 1 
1 # # 0 # # 0 S 
1 H H 0 F # 1 1 
1 0 F 0 0 0 0 1 
1 0 # # 1 0 F 1 
1 # F 0 F 0 0 1 
1 0 0 0 H 0 0 1 
1 G 1 1 1 1 1 1 
p61 T7

Map8
1 1 1 1 1 1 1 1 
1 1 S G 1 1 1 1 
1 1 0 0 F 0 1 1 
1 1 1 0 0 # 1 1 
1 1 # 0 0 0 1 1 
1 1 0 # 0 # 1 1 
1 1 1 1 1 1 1 1 
1 1 1 1 1 1 1 1 
p52 T6

Map8
1 1 1 S 1 1 G 1 
1 0 # # 1 0 0 1 
1 F 1 0 0 F 0 1 
1 0 0 0 0 0 1 1 
1 0 0 0 H 0 0 1 
1 0 1 1 0 1 0 1 
1 F H 0 # H 0 1 
1 1 1 1 1 1 1 1 
p32 T6

Map8
1 1 1 S 1 1 1 1 
1 1 F F # H F 1 
1 G 0 0 0 F 1 1 
1 1 H 0 0 0 0 1 
1 1 1 0 F 0 0 1 
1 1 F 0 0 1 # 1 
1 1 1 1 1 1 1 1 
1 1 1 1 1 1 1 1 
p43 T5

Map8
1 1 1 1 1 1 G 1 
1 H # H 0 0 # 1 
1 F 0 F 0 H # 1 
1 0 0 0 0 0 0 1 
1 # 1 0 0 # H 1 
1 H 1 # 0 0 1 1 
1 0 0 0 # 0 0 1 
1 1 1 1 1 1 S 1 
p56 T6

Map8
1 1 1 1 1 1 1 1 
1 1 1 1 1 1 1 1 
1 1 F 1 0 0 1 1 
1 S F 0 0 0 1 1 
1 1 0 0 0 # 1 1 
1 1 # F # 1 1 1 
1 1 1 G 1 1 1 1 
1 1 1 1 1 1 1 1 
p44 T5

Map8
1 1 1 1 1 1 1 1 
1 0 1 1 0 0 1 1 
G 0 0 0 1 0 1 1 
1 0 0 H # 0 1 1 
S F 0 0 # 0 1 1 
1 0 0 0 F # 1 1 
1 1 1 1 1 1 1 1 
1 1 1 1 1 1 1 1 
p35 T6

Map8
1 1 1 1 1 1 1 1 
1 1 0 0 0 1 0 1 
1 1 0 0 H F F 1 
1 1 0 0 0 F 0 G 
1 1 F 0 1 F # 1 
1 1 1 0 # 0 H 1 
1 1 1 1 S 1 1 1 
1 1 1 1 1 1 1 1 
p34 T5

Map8
1 1 1 1 1 1 1 1 
1 1 S 1 G 1 1 1 
1 1 # 0 F 0 1 1 
1 1 # 0 0 # 1 1 
1 1 0 0 0 # 1 1 
1 1 1 0 F 0 1 1 
1 1 1 1 1 1 1 1 
1 1 1 1 1 1 1 1 
p34 T4

Map8
1 1 1 1 1 1 1 1 
1 0 # 1 1 0 1 1 
S 0 # 0 0 1 1 1 
1 0 F 0 0 F 1 1 
1 0 1 F 0 0 1 1 
1 H 0 F # F 1 1 
1 1 1 1 1 G 1 1 
1 1 1 1 1 1 1 1 
p43 T5

Map8
1 1 1 1 1 1 1 1 
1 1 1 1 1 1 1 1 
1 F 0 1 0 1 1 1 
1 0 # 0 H H 1 1 
1 0 0 F 0 0 1 1 
1 0 0 0 0 0 1 1 
1 # F # 1 0 G 1 
1 1 1 S 1 1 1 1 
p14 T7

Map8
1 1 1 1 1 1 1 1 
1 1 1 1 1 1 1 1 
1 1 F 1 0 0 1 1 
1 1 # 1 0 F H 1 
1 1 0 1 0 0 0 1 
1 G 0 0 # F 0 1 
1 1 0 F 0 F 0 1 
1 1 1 1 1 S 1 1 
p44 T5

Map8
1 1 1 1 1 1 1 1 
1 0 0 0 0 F 1 1 
1 # # 0 0 1 1 1 
G # # F F 1 1 1 
1 1 F 0 H 0 1 1 
S 0 0 # 0 0 1 1 
1 1 1 1 1 1 1 1 
1 1 1 1 1 1 1 1 
p15 T6

Map8
1 1 1 1 1 1 1 1 
1 1 1 1 1 S 1 1 
1 1 1 F H # 1 1 
1 1 1 0 H # 1 1 
1 1 0 0 # 0 1 1 
1 1 0 0 0 # 1 1 
1 1 1 1 G 1 1 1 
1 1 1 1 1 1 1 1 
p54 T5

Map8
1 S 1 1 1 1 1 1 
1 0 0 1 F 0 1 1 
1 0 # F 0 0 1 1 
1 0 0 1 0 0 1 1 
1 0 # 0 F 1 1 1 
1 0 H 0 0 F 1 1 
1 1 1 1 G 1 1 1 
1 1 1 1 1 1 1 1 
p11 T6

Map8
1 1 1 1 1 1 1 1 
1 1 1 1 G 1 1 1 
1 S 0 1 # 0 1 1 
1 1 0 F 0 H 1 1 
1 1 0 # 0 H 1 1 
1 1 0 0 0 0 1 1 
1 1 1 1 1 1 1 1 
1 1 1 1 1 1 1 1 
p35 T5

Map8
1 S 1 1 1 1 1 1 
1 0 0 0 F 0 1 1 
1 # 0 0 1 0 0 G 
1 # 0 0 # 0 # 1 
1 0 0 F 0 F 0 1 
1 # # 1 0 0 H 1 
1 0 0 # 0 # 0 1 
1 1 1 1 1 1 1 1 
p14 T9

Map8
1 1 1 1 1 1 1 1 
1 1 1 1 1 1 1 1 
1 1 0 0 # 0 1 1 
1 1 # F 0 0 1 1 
1 1 0 1 0 0 1 1 
1 1 0 0 0 0 1 1 
1 1 S 1 G 1 1 1 
1 1 1 1 1 1 1 1 
p32 T4

Map8
1 1 1 1 1 1 1 1 
1 0 0 0 0 # 1 1 
1 F H 0 H 0 1 1 
1 0 0 F 0 1 1 1 
1 # # 0 1 F 1 1 
1 0 1 0 # 0 G 1 
1 S 1 1 1 1 1 1 
1 1 1 1 1 1 1 1 
p21 T5

Map8
1 1 1 S 1 1 1 1 
1 0 0 0 0 F 0 1 
1 0 0 0 0 0 0 1 
1 0 0 0 F 0 0 1 
1 0 0 # 0 0 H 1 
1 1 0 1 # 0 # 1 
1 0 0 0 0 0 0 1 
1 1 1 1 1 1 G 1 
p31 T7

Map8
1 1 1 1 1 1 1 1 
1 1 1 1 1 G 1 1 
1 1 0 0 0 0 F 1 
1 1 0 0 0 0 # S 
1 1 0 0 0 0 0 1 
1 1 1 0 1 1 H 1 
1 1 # F 0 1 # 1 
1 1 1 1 1 1 1 1 
p44 T5

Map8
1 1 1 1 G 1 1 1 
1 0 1 0 0 F 0 1 
1 0 0 1 0 0 1 1 
1 0 0 0 0 0 0 1 
1 0 0 0 1 0 0 1 
1 1 0 # 0 # 0 S 
1 F 0 H # 0 1 1 
1 1 1 1 1 1 1 1 
p53 T6

Map8
1 1 1 1 1 1 1 1 
1 0 0 0 0 0 1 1 
1 1 # F 0 # 1 1 
1 0 0 1 H 0 1 1 
G # 0 0 0 0 1 1 
1 H 0 0 0 # 1 1 
1 1 1 1 1 S 1 1 
1 1 1 1 1 1 1 1 
p53 T7

Map8
1 1 1 1 1 1 1 1 
1 1 1 1 1 1 1 1 
1 1 # 0 0 # S 1 
1 1 H 0 1 0 1 1 
1 1 # # 0 F 1 1 
1 1 0 0 0 F G 1 
1 1 1 1 1 1 1 1 
1 1 1 1 1 1 1 1 
p42 T4

Map8
1 1 1 1 1 1 1 1 
1 1 1 1 1 1 1 1 
1 S F 0 0 # 1 1 
1 1 0 F 0 0 1 1 
1 G 0 0 # # 1 1 
1 1 1 F # 0 1 1 
1 1 1 1 1 1 1 1 
1 1 1 1 1 1 1 1 
p53 T4

Map8
1 1 1 1 1 1 1 1 
1 1 0 0 0 0 0 1 
1 1 F 0 F 0 0 1 
1 0 0 H # 0 0 G 
1 0 0 H 1 0 # 1 
1 0 # F 0 F 0 S 
1 0 0 1 # 0 0 1 
1 1 1 1 1 1 1 1 
p31 T8

Map8
1 1 1 1 1 1 1 1 
1 0 0 0 0 H 1 1 
1 F 0 F F 1 1 1 
1 0 0 0 1 # 1 1 
1 0 F 0 0 0 G 1 
1 0 1 # 1 0 1 1 
1 1 1 S 1 1 1 1 
1 1 1 1 1 1 1 1 
p13 T5

Map8
1 1 1 1 1 1 1 1 
1 0 # 0 0 0 1 1 
1 # 0 F 0 0 # 1 
1 0 0 # 0 F 0 1 
1 0 0 0 # 1 0 S 
1 0 0 # # 0 1 1 
1 F 0 H 0 0 0 1 
1 1 1 1 G 1 1 1 
p31 T7

Map8
1 1 S 1 1 1 1 1 
1 0 0 0 1 0 1 1 
1 0 0 0 1 0 1 1 
1 0 0 0 F 0 1 1 
1 0 0 0 0 # 1 1 
1 0 # H 0 0 G 1 
1 1 1 1 1 1 1 1 
1 1 1 1 1 1 1 1 
p22 T5

Map8
1 1 1 1 1 1 1 1 
1 1 1 1 1 1 1 1 
1 1 0 0 0 0 1 1 
1 1 F 0 1 0 S 1 
1 G 0 0 0 1 1 1 
1 1 0 0 # 0 1 1 
1 1 1 1 1 1 1 1 
1 1 1 1 1 1 1 1 
p35 T8

Map8
1 1 1 1 G 1 1 1 
1 0 1 H 0 0 1 1 
S 0 0 1 # 0 1 1 
1 F # 0 H 0 1 1 
1 # 0 0 0 # 1 1 
1 0 0 0 0 0 1 1 
1 1 1 1 1 1 1 1 
1 1 1 1 1 1 1 1 
p53 T7

Map8
1 1 S 1 1 1 1 1 
1 H # 0 0 0 0 1 
1 # 0 1 # 0 1 1 
1 # 1 0 0 0 0 G 
1 # F 1 1 H 0 1 
1 0 # 0 0 F 0 1 
1 0 1 1 F 0 0 1 
1 1 1 1 1 1 1 1 
p31 T6

Map8
1 1 1 1 1 1 1 1 
1 1 S 1 1 1 1 1 
1 0 F 0 H H 1 1 
1 1 0 0 0 0 1 1 
1 # 1 0 0 0 G 1 
1 0 0 # 1 0 1 1 
1 0 F # 0 F 1 1 
1 1 1 1 1 1 1 1 
p33 T5

Map8
1 1 1 1 1 1 1 1 
1 1 1 1 1 1 1 1 
1 S 0 0 0 0 # 1 
1 1 0 0 1 1 H 1 
1 1 F 0 F 0 F 1 
1 1 0 0 F 1 F 1 
1 1 H 0 0 0 # 1 
1 1 1 1 1 1 G 1 
p22 T5

Map8
1 1 1 1 1 1 1 1 
1 1 1 1 G 1 1 1 
1 1 1 0 F F 1 1 
1 1 # 0 0 0 1 1 
1 1 0 0 # 0 1 1 
1 1 0 0 0 # 1 1 
1 1 S 1 1 1 1 1 
1 1 1 1 1 1 1 1 
p33 T4

Map8
1 1 1 1 1 1 1 1 
1 1 0 F 1 0 0 1 
1 1 H # 0 0 F 1 
1 1 # F # # 0 G 
1 S 0 0 # 0 0 1 
1 1 0 0 0 1 F 1 
1 1 1 1 1 1 1 1 
1 1 1 1 1 1 1 1 
p54 T5

Map8
1 1 1 1 1 1 1 1 
1 1 1 1 1 1 1 1 
1 0 # # 0 1 1 1 
1 0 H 0 1 H 1 1 
1 H 0 1 F 0 1 1 
S 0 F 0 0 0 1 1 
1 1 0 0 0 F 1 1 
1 1 G 1 1 1 1 1 
p35 T5

Map8
1 1 1 1 1 1 1 1 
1 1 1 1 1 1 1 1 
1 1 # # 0 0 1 1 
1 1 F 0 F 0 1 1 
1 1 # F 0 0 1 1 
1 1 0 0 1 # 1 1 
1 1 S G 1 1 1 1 
1 1 1 1 1 1 1 1 
p53 T8

Map8
1 1 1 1 1 1 1 1 
1 1 1 1 1 1 1 1 
G F 0 0 # 0 1 1 
S 0 1 F H H 1 1 
1 0 # F # F 1 1 
1 F 1 0 0 F 1 1 
1 0 0 # 0 0 1 1 
1 1 1 1 1 1 1 1 
p26 T6

Map8
1 1 1 1 1 1 1 1 
1 1 1 1 G 1 1 1 
1 1 1 0 0 F 1 1 
1 1 0 0 0 0 1 1 
1 1 0 # 1 # 1 1 
1 1 0 0 0 H 1 1 
1 1 1 1 S 1 1 1 
1 1 1 1 1 1 1 1 
p33 T6

Map8
1 1 1 1 1 1 1 1 
G F 0 # 0 F 1 1 
1 0 # # 0 # 1 1 
1 0 1 0 F 0 1 1 
1 F 0 0 0 0 1 1 
1 1 0 H # 0 1 1 
1 1 S 1 1 1 1 1 
1 1 1 1 1 1 1 1 
p24 T5

Map8
1 1 1 1 1 1 1 1 
1 0 1 0 0 # 0 1 
S 0 0 0 F 0 0 1 
1 0 0 0 1 0 0 1 
1 0 0 F 0 0 0 1 
G # 1 0 1 0 # 1 
1 1 0 0 0 H 0 1 
1 1 1 1 1 1 1 1 
p63 T6

Map8
1 1 1 1 1 1 1 1 
1 1 1 1 S 1 1 1 
1 G 0 H 0 0 1 1 
1 1 # F # # 1 1 
1 1 H 1 F 0 1 1 
1 1 1 0 0 # 1 1 
1 1 1 1 1 1 1 1 
1 1 1 1 1 1 1 1 
p54 T7

Map8
1 1 1 1 1 G 1 1 
1 1 0 0 1 0 0 1 
1 1 # 1 1 # F 1 
1 0 0 0 1 0 H 1 
1 # # F 0 0 0 1 
1 F 0 H # # 0 1 
1 0 # 0 1 0 0 1 
1 1 S 1 1 1 1 1 
p25 T6

Map8
1 1 1 1 1 1 1 1 
1 1 1 1 1 1 1 1 
1 1 0 0 0 0 S 1 
1 1 0 0 H 1 1 1 
1 1 1 F F 0 G 1 
1 1 # 0 F 0 1 1 
1 1 1 1 1 1 1 1 
1 1 1 1 1 1 1 1 
p42 T6

Map8
1 1 1 1 1 1 1 1 
1 1 1 1 1 1 1 1 
1 1 0 1 F 0 1 1 
1 1 0 1 0 0 1 1 
1 1 0 # 0 0 1 1 
1 1 0 0 0 0 1 1 
1 1 1 1 G S 1 1 
1 1 1 1 1 1 1 1 
p54 T4

Map8
1 1 1 1 1 1 1 1 
1 1 F H 0 0 0 1 
1 1 # # 1 # 0 S 
1 1 0 1 F F 0 1 
1 1 0 # 0 F 0 1 
1 1 F 0 1 1 # 1 
1 1 G 1 1 1 1 1 
1 1 1 1 1 1 1 1 
p63 T6

Map8
1 1 1 1 1 1 1 1 
1 0 0 0 0 # # 1 
1 0 H H 0 # 0 1 
1 F 1 1 # 0 0 1 
1 0 0 0 0 F 0 1 
1 # H F H 0 1 1 
1 0 0 # H # F G 
1 1 1 S 1 1 1 1 
p41 T7

Map8
1 1 1 1 1 1 1 1 
1 0 F 1 0 1 # 1 
1 0 0 0 1 0 # 1 
1 # 1 0 0 0 # S 
1 0 H F 0 0 0 1 
1 # 0 0 # 0 F G 
1 0 1 F 0 0 1 1 
1 1 1 1 1 1 1 1 
p14 T6

Map8
1 1 1 1 1 1 1 1 
1 1 1 G 1 S 1 1 
1 1 1 0 0 F 1 1 
1 1 # 0 0 0 0 1 
1 1 0 0 0 0 0 1 
1 1 0 1 1 0 F 1 
1 1 H # 0 0 0 1 
1 1 1 1 1 1 1 1 
p43 T6

Map8
1 1 1 1 1 1 1 1 
1 1 1 1 1 1 1 1 
1 1 0 0 0 0 1 1 
1 1 # H 0 1 1 1 
1 S 0 1 0 0 1 1 
1 1 F 0 0 0 G 1 
1 1 1 1 1 1 1 1 
1 1 1 1 1 1 1 1 
p32 T6

Map8
1 1 1 1 1 1 1 1 
1 1 1 1 1 1 1 1 
1 1 0 # 0 0 S 1 
1 1 0 # # 0 1 1 
1 1 1 1 0 H 1 1 
1 1 0 F 0 0 G 1 
1 1 1 1 1 1 1 1 
1 1 1 1 1 1 1 1 
p52 T4

Map8
1 1 1 1 1 1 1 1 
1 1 1 1 1 1 1 1 
1 0 0 # F H 1 1 
1 0 # 0 0 0 G 1 
1 0 1 0 0 0 1 1 
S 0 # 1 0 0 1 1 
1 0 F 0 0 # 1 1 
1 1 1 1 1 1 1 1 
p14 T5

Map8
1 1 1 1 1 1 1 1 
1 1 0 0 0 H 0 1 
1 1 F F # # 0 1 
1 1 0 0 1 0 # 1 
1 1 # 0 0 0 0 1 
1 1 # 0 1 0 0 1 
1 1 1 S 1 1 G 1 
1 1 1 1 1 1 1 1 
p23 T6

Map8
1 1 1 1 1 1 1 1 
1 S 0 0 0 0 0 1 
1 1 0 F 0 0 H 1 
1 1 H F 0 0 0 1 
1 1 0 1 0 1 H 1 
1 1 0 0 # # 0 1 
1 1 G 1 1 1 1 1 
1 1 1 1 1 1 1 1 
p31 T5

Map8
1 1 1 1 1 1 1 1 
1 1 1 1 1 1 1 1 
1 F 0 # H F 1 1 
1 0 0 0 F 0 S 1 
1 # 0 F # 0 1 1 
1 0 0 0 0 1 1 1 
1 1 0 0 # H 1 1 
1 1 1 G 1 1 1 1 
p25 T5

Map8
1 1 1 1 1 1 S 1 
G 0 0 0 1 F 0 1 
1 0 0 F 1 0 # 1 
1 1 0 0 0 # 0 1 
1 0 1 H 0 0 F 1 
1 # 0 0 F 0 # 1 
1 0 0 0 0 0 0 1 
1 1 1 1 1 1 1 1 
p56 T7

Map8
1 1 1 1 1 1 1 1 
1 1 1 1 1 1 1 1 
1 # 0 0 0 0 S 1 
1 F 1 0 0 H 1 1 
1 0 H F 0 0 1 1 
1 # 0 F 1 0 1 1 
1 0 0 H F # 1 1 
1 1 1 1 1 G 1 1 
p52 T5

Map8
1 1 1 1 1 1 1 1 
1 1 0 # F H # 1 
1 1 1 # 0 F 0 1 
1 1 1 0 0 0 0 1 
1 1 1 0 H F F 1 
1 S 0 0 0 F 0 1 
1 1 1 G 1 1 1 1 
1 1 1 1 1 1 1 1 
p63 T5

Map8
1 1 S 1 G 1 1 1 
1 0 0 1 0 # 0 1 
1 0 F # 0 1 F 1 
1 0 0 0 0 # F 1 
1 0 0 0 0 F 0 1 
1 0 0 0 0 0 0 1 
1 0 0 F 0 H 0 1 
1 1 1 1 1 1 1 1 
p23 T6

Map8
1 1 1 1 1 1 1 1 
1 1 1 1 1 1 1 1 
1 0 0 0 0 0 1 1 
1 F 1 0 1 # S 1 
G 0 0 F H 0 1 1 
1 0 0 F 0 H 1 1 
1 1 0 0 # H 1 1 
1 1 1 1 1 1 1 1 
p42 T8

Map8
1 1 1 1 1 1 1 1 
1 1 S 1 1 1 1 1 
1 1 0 1 0 0 1 1 
1 1 0 0 0 # 1 1 
1 1 0 F 1 F 1 1 
1 1 0 H 0 0 1 1 
1 1 1 1 1 G 1 1 
1 1 1 1 1 1 1 1 
p22 T4

Map8
1 1 1 1 1 1 1 1 
1 1 1 1 1 1 1 1 
1 1 F 0 # # 1 1 
1 S 0 0 0 0 1 1 
1 1 1 F F 1 1 1 
1 1 0 0 # 0 G 1 
1 1 1 1 1 1 1 1 
1 1 1 1 1 1 1 1 
p23 T4

Map8
1 1 1 1 1 1 1 1 
1 1 1 1 S 1 1 1 
1 1 0 0 0 0 0 1 
1 1 H # 1 0 # 1 
1 1 F H # 1 0 1 
1 1 1 0 0 # 0 1 
1 1 0 # 0 H 0 1 
1 1 1 G 1 1 1 1 
p64 T6

Map8
1 1 1 1 1 1 1 1 
1 # F F H 0 0 1 
G 0 F 0 0 F 0 1 
1 H 0 F # H 0 1 
1 H # 1 1 # 0 1 
S # 1 0 # 0 0 1 
1 # 0 0 0 0 # 1 
1 1 1 1 1 1 1 1 
p63 T6

Map8
1 S 1 1 1 1 1 1 
1 0 0 0 0 1 0 1 
1 1 # 0 0 0 0 1 
1 0 F 0 H 0 0 1 
1 1 1 F 0 # 1 1 
1 0 1 0 # 0 0 1 
1 1 # # F 0 0 1 
1 1 G 1 1 1 1 1 
p21 T6

Map8
1 1 1 1 1 1 1 1 
1 0 0 0 1 0 0 G 
1 1 1 0 # # H 1 
1 # # # 0 0 0 1 
1 0 0 1 1 0 H 1 
S F 0 1 F 0 0 1 
1 F 0 0 H 1 F 1 
1 1 1 1 1 1 1 1 
p43 T6

Map8
1 1 1 1 1 1 1 1 
1 1 # 0 H # 0 G 
1 1 1 F 0 0 1 1 
1 1 1 0 0 # 0 1 
1 1 0 0 0 0 0 1 
1 1 0 0 0 1 0 1 
1 1 S 1 1 1 1 1 
1 1 1 1 1 1 1 1 
p44 T5

Map8
1 1 1 1 1 1 1 1 
1 1 1 1 G 1 1 1 
1 1 0 0 0 F 1 1 
1 S 0 1 0 H 1 1 
1 1 0 F 0 0 1 1 
1 1 # 0 0 0 1 1 
1 1 1 1 1 1 1 1 
1 1 1 1 1 1 1 1 
p35 T5

Map8
1 1 1 1 1 1 1 1 
1 1 1 1 1 1 1 1 
1 0 0 0 0 F S 1 
1 # H 0 0 H 1 1 
1 1 0 # 0 0 1 1 
1 1 0 0 F H 1 1 
1 0 F 1 0 0 1 1 
1 1 G 1 1 1 1 1 
p42 T5

Map8
1 1 1 1 G 1 1 1 
1 0 # # 0 H F 1 
1 0 1 0 0 0 1 1 
1 # # 0 0 # 0 1 
1 0 F 0 0 0 0 1 
S 0 F # 0 0 # 1 
1 0 0 0 0 0 1 1 
1 1 1 1 1 1 1 1 
p36 T7

Map8
1 1 1 1 1 1 1 1 
1 1 1 1 1 1 1 1 
1 1 0 0 0 # 1 1 
1 1 1 0 H 0 1 1 
1 1 0 0 H F 1 1 
1 1 0 # 0 0 1 1 
1 1 1 G 1 S 1 1 
1 1 1 1 1 1 1 1 
p42 T4

Map8
1 1 1 1 1 1 1 1 
1 1 1 1 1 1 1 1 
1 G F 0 0 H 1 1 
1 1 H 0 F 0 1 1 
1 S F 0 0 # 1 1 
1 1 1 H H 0 1 1 
1 1 1 1 1 1 1 1 
1 1 1 1 1 1 1 1 
p34 T4

Map8
1 1 1 1 1 1 1 1 
1 1 1 1 1 1 1 1 
1 1 0 F H 0 1 1 
1 1 0 0 0 0 G 1 
1 1 0 1 0 # 1 1 
1 1 0 0 0 H 1 1 
1 1 1 S 1 1 1 1 
1 1 1 1 1 1 1 1 
p24 T5

Map8
1 S 1 G 1 1 1 1 
1 0 1 0 0 H # 1 
1 # 0 0 0 1 0 1 
1 # 0 0 0 F F 1 
1 1 0 0 1 0 0 1 
1 0 1 0 0 # 0 1 
1 0 # F F 0 0 1 
1 1 1 1 1 1 1 1 
p11 T6

Map8
1 1 1 1 1 1 1 1 
1 1 1 1 1 1 1 1 
1 1 H 0 # 0 F G 
1 1 1 0 0 0 # 1 
1 1 # # F 0 0 1 
1 1 1 0 0 0 H 1 
1 1 # 0 0 0 0 1 
1 1 S 1 1 1 1 1 
p36 T5

Map8
1 1 1 1 1 1 1 1 
1 1 1 1 1 S 1 1 
1 1 # 0 0 # 1 1 
1 1 0 # 0 1 1 1 
1 1 H F 1 0 1 1 
1 1 F F 0 0 1 1 
1 1 1 G 1 1 1 1 
1 1 1 1 1 1 1 1 
p42 T4

Map8
1 1 1 1 1 1 1 1 
1 1 1 1 0 # 1 1 
1 0 0 # # F # 1 
1 0 0 0 1 0 0 1 
1 0 F 0 # 0 0 1 
1 # H F H 0 1 1 
G # 0 1 # 0 0 S 
1 1 1 1 1 1 1 1 
p66 T8

Map8
1 1 1 S 1 1 1 1 
1 1 0 # H # 1 1 
1 1 0 # # 0 0 1 
1 G 0 0 0 0 F 1 
1 1 H 0 F 0 0 1 
1 1 H 0 0 0 1 1 
1 1 1 1 1 1 1 1 
1 1 1 1 1 1 1 1 
p54 T5

Map8
1 1 1 1 1 1 1 1 
1 0 0 0 0 # 1 1 
S 0 1 0 0 0 1 1 
1 F H 0 0 0 G 1 
1 0 0 F 1 0 1 1 
1 # 0 0 0 0 1 1 
1 1 1 1 1 1 1 1 
1 1 1 1 1 1 1 1 
p31 T6

Map8
1 1 1 1 1 1 1 1 
1 0 H 0 1 0 0 1 
1 0 0 # 1 F 0 1 
S 0 # F 0 # # 1 
1 0 0 0 0 0 0 1 
1 # 0 0 F # 0 G 
1 0 1 1 1 0 F 1 
1 1 1 1 1 1 1 1 
p54 T6

Map8
1 1 1 1 1 1 1 1 
1 # 0 0 1 0 1 1 
1 H # 1 H H # 1 
1 1 H 0 0 F # 1 
G 0 0 0 1 H 0 1 
1 # 0 0 1 # 0 S 
1 0 1 0 0 0 F 1 
1 1 1 1 1 1 1 1 
p35 T6

Map8
1 1 1 1 1 1 S 1 
1 1 1 0 1 H 0 1 
1 1 F 0 0 0 0 1 
1 G 0 # 0 H 0 1 
1 1 # 0 0 1 # 1 
1 1 1 0 0 0 0 1 
1 1 1 1 1 1 1 1 
1 1 1 1 1 1 1 1 
p34 T5

Map8
1 1 1 1 1 1 1 1 
1 0 1 0 0 0 0 1 
G 0 0 0 0 # 0 1 
1 0 1 1 F # 0 1 
1 H 0 1 0 1 1 1 
S # 0 0 0 0 0 1 
1 0 0 F 0 0 0 1 
1 1 1 1 1 1 1 1 
p35 T6

Map8
1 G 1 1 1 1 1 1 
1 # F 0 0 F 0 1 
1 0 # 0 1 1 H 1 
1 # 0 0 0 # F 1 
1 1 F 0 0 1 0 1 
1 F 0 0 0 # # 1 
1 0 0 # 0 0 0 1 
1 1 1 1 1 S 1 1 
p46 T7

Map8
1 1 1 1 1 1 1 1 
1 1 1 1 1 1 1 1 
1 0 0 H F 0 1 1 
1 0 0 0 0 0 1 1 
1 0 0 0 0 0 G 1 
1 0 # 1 # H 1 1 
S 0 0 1 F 0 1 1 
1 1 1 1 1 1 1 1 
p15 T5

Map8
1 1 1 1 1 1 1 1 
1 1 0 0 H 0 0 1 
S 0 0 0 0 F 0 1 
1 F 0 0 1 0 0 1 
1 0 0 1 0 0 0 1 
1 0 0 1 # 1 0 1 
1 0 # # 0 1 0 1 
1 G 1 1 1 1 1 1 
p63 T7

Map8
1 1 1 1 1 1 1 1 
1 H 0 0 0 # 0 1 
1 0 0 0 1 0 H 1 
1 # # F 0 F F 1 
1 # H 0 0 0 1 1 
1 # 0 0 0 0 # 1 
1 0 F 0 F 0 0 1 
1 G 1 S 1 1 1 1 
p41 T6

Map8
1 1 1 S 1 1 1 1 
G 0 H 0 F F 1 1 
1 0 0 0 # F 1 1 
1 0 0 0 0 0 1 1 
1 0 0 0 0 F 1 1 
1 1 # 0 0 1 1 1 
1 1 1 1 1 1 1 1 
1 1 1 1 1 1 1 1 
p31 T5

Map8
1 1 1 1 1 1 1 1 
1 1 1 1 G 1 1 1 
1 1 H 0 0 F 1 1 
1 1 F 0 # 1 1 1 
1 1 # 0 0 0 1 1 
1 1 # 0 1 # 1 1 
1 1 1 S 1 1 1 1 
1 1 1 1 1 1 1 1 
p34 T4

Map8
1 1 1 1 1 1 1 1 
1 1 1 1 1 1 1 1 
1 1 F 0 # 0 1 1 
1 1 0 # F 0 1 1 
1 S 0 0 0 0 1 1 
1 1 1 0 0 F G 1 
1 1 1 1 1 1 1 1 
1 1 1 1 1 1 1 1 
p24 T4

Map8
1 1 1 1 1 1 1 1 
1 1 1 1 1 1 1 1 
1 0 0 1 1 0 1 1 
1 0 0 0 # 0 1 1 
S 0 # 1 0 0 G 1 
1 0 0 F 0 1 1 1 
1 0 0 H 0 # 1 1 
1 1 1 1 1 1 1 1 
p22 T7

Map8
1 1 1 1 1 1 1 1 
1 1 S 1 1 1 1 1 
1 1 0 0 0 0 1 1 
1 1 0 0 0 0 1 1 
1 1 0 0 1 0 1 1 
1 1 # F 0 0 1 1 
1 1 1 G 1 1 1 1 
1 1 1 1 1 1 1 1 
p23 T4

Map8
1 1 1 1 G 1 1 1 
1 0 0 0 0 1 1 1 
1 # 0 F 1 F 0 1 
1 0 0 # # 0 1 1 
S 0 F 0 0 0 0 1 
1 H 0 1 H 0 0 1 
1 F 1 0 0 F 0 1 
1 1 1 1 1 1 1 1 
p34 T7

Map8
1 1 1 1 1 1 1 1 
1 1 1 1 1 1 1 1 
1 S 0 0 # 0 1 1 
1 1 # # 0 1 1 1 
1 1 F 0 0 # 1 1 
1 1 F 1 0 F 1 1 
1 1 1 1 1 G 1 1 
1 1 1 1 1 1 1 1 
p22 T5

Map8
1 1 1 1 1 1 1 1 
1 1 1 1 1 1 1 1 
1 1 0 0 0 0 0 1 
1 1 0 0 0 1 0 1 
1 1 0 0 # 0 # 1 
1 G F 0 0 0 # 1 
1 1 0 # 1 0 H 1 
1 1 1 S 1 1 1 1 
p32 T5

Map8
1 1 1 1 1 1 1 1 
1 0 1 F 0 0 0 1 
1 0 # H H 1 H 1 
1 0 H # # 0 F G 
1 0 # 0 1 # 0 1 
1 # 0 H 0 0 0 1 
1 0 # 0 0 0 0 1 
1 S 1 1 1 1 1 1 
p46 T6

Map8
1 1 1 1 1 1 1 1 
1 0 0 1 0 F 0 1 
1 1 0 0 0 H 0 1 
S 0 0 # 0 F 0 1 
1 0 0 # 0 0 1 1 
1 0 0 0 H 0 0 1 
1 # 0 0 0 H 0 1 
1 1 1 G 1 1 1 1 
p43 T10

Map8
1 1 1 1 1 1 1 1 
1 1 G 1 1 1 1 1 
1 1 0 # # 0 0 1 
1 1 1 0 0 1 H 1 
1 1 0 # 0 F 0 1 
1 1 # 0 0 H H 1 
1 1 # 0 0 0 0 1 
1 1 S 1 1 1 1 1 
p36 T7

Map8
1 1 1 1 1 1 1 1 
1 1 1 1 1 1 G 1 
1 1 0 1 0 0 0 1 
1 1 0 F 0 0 0 1 
1 1 0 # 0 0 F 1 
1 1 F 1 # 1 0 1 
1 S 0 0 1 H 0 1 
1 1 1 1 1 1 1 1 
p24 T6

Map8
1 1 1 1 1 1 1 1 
1 S 1 1 1 1 1 1 
1 0 1 H # 0 G 1 
1 F 1 F # 0 1 1 
1 0 0 0 1 # 1 1 
1 0 F F # 0 1 1 
1 # 0 H 1 0 1 1 
1 1 1 1 1 1 1 1 
p14 T5

Map8
1 1 1 1 1 1 1 1 
1 1 1 G S 1 1 1 
1 1 0 F # 0 1 1 
1 1 0 0 1 0 1 1 
1 1 0 0 0 0 1 1 
1 1 0 0 1 # 1 1 
1 1 1 1 1 1 1 1 
1 1 1 1 1 1 1 1 
p53 T8

Map8
1 1 1 1 1 1 1 1 
1 F # 1 # 0 0 G 
S 0 0 0 1 # 0 1 
1 0 # 0 0 0 0 1 
1 F 0 F H 0 1 1 
1 1 1 0 0 # 1 1 
1 # 0 0 0 0 0 1 
1 1 1 1 1 1 1 1 
p46 T6

Map8
1 1 1 1 1 1 1 1 
1 1 1 1 1 1 1 1 
1 1 # 0 0 0 1 1 
1 1 1 0 0 F 1 1 
1 1 0 0 0 1 1 1 
1 1 H 0 0 H 1 1 
1 1 1 S G 1 1 1 
1 1 1 1 1 1 1 1 
p32 T4

Map8
1 1 1 1 1 1 1 1 
1 0 # # F 1 0 G 
1 0 0 F # # 0 1 
1 0 H # 0 0 1 1 
S 0 0 0 0 1 0 1 
1 # 1 # F 0 0 1 
1 0 1 0 0 0 0 1 
1 1 1 1 1 1 1 1 
p13 T7

Map8
1 1 1 S 1 1 1 1 
1 1 0 0 H H 1 1 
1 0 0 0 0 # 1 1 
1 H 0 1 F # 1 1 
1 # # 0 0 0 G 1 
1 # 0 0 0 0 1 1 
1 1 1 1 1 1 1 1 
1 1 1 1 1 1 1 1 
p23 T6

Map8
1 1 1 1 1 1 1 1 
1 0 # 0 H 1 0 G 
1 0 0 0 0 0 0 1 
1 0 1 0 # 0 0 1 
S 0 0 1 # F 1 1 
1 0 0 0 0 F 0 1 
1 0 0 0 H 0 0 1 
1 1 1 1 1 1 1 1 
p13 T7

Map8
1 1 1 1 1 1 1 1 
1 1 1 1 1 1 1 1 
G 0 H # H 1 1 1 
1 0 0 0 # 0 1 1 
1 F 0 0 # 1 1 1 
1 0 0 F 0 # 1 1 
1 0 H 0 0 # 1 1 
1 1 1 S 1 1 1 1 
p34 T5

Map8
1 1 1 1 1 1 1 1 
1 1 1 1 1 1 1 1 
1 1 # # H 1 1 1 
1 1 0 0 0 F S 1 
1 1 H F 0 1 1 1 
1 1 # 0 0 # 1 1 
1 1 1 1 1 G 1 1 
1 1 1 1 1 1 1 1 
p43 T5

Map8
1 1 1 1 1 1 1 1 
1 1 1 1 1 S 1 1 
1 1 0 # 0 0 1 1 
1 1 0 0 F 0 1 1 
1 1 0 0 0 1 1 1 
1 1 F 0 0 1 1 1 
1 1 1 1 G 1 1 1 
1 1 1 1 1 1 1 1 
p42 T7

Map8
1 1 1 1 S 1 1 1 
1 0 0 H 0 0 1 1 
1 0 H 1 0 H 1 1 
1 0 0 0 0 0 1 1 
1 1 0 1 1 0 1 1 
1 0 # # 0 F 1 1 
1 G 1 1 1 1 1 1 
1 1 1 1 1 1 1 1 
p33 T6

Map8
1 1 S 1 1 1 1 1 
1 0 # H H 0 0 1 
1 F 1 0 0 0 # 1 
1 F 0 H 0 0 # 1 
1 0 0 1 F F 0 1 
1 0 0 # 1 0 0 1 
1 # # 0 0 F 0 1 
1 1 1 G 1 1 1 1 
p14 T6

Map8
1 1 1 1 1 1 1 1 
1 1 G 1 1 S 1 1 
1 1 # 1 # 0 1 1 
1 1 0 0 # 0 1 1 
1 1 H H F # 1 1 
1 1 H F 1 0 1 1 
1 1 1 1 1 1 1 1 
1 1 1 1 1 1 1 1 
p52 T4

Map8
1 1 1 S 1 1 G 1 
1 1 0 F # 0 0 1 
1 1 F 0 0 0 1 1 
1 1 F 0 # 0 0 1 
1 1 1 0 # 0 0 1 
1 1 H 0 F 0 0 1 
1 1 1 1 1 1 1 1 
1 1 1 1 1 1 1 1 
p33 T7

Map8
1 1 1 1 1 1 1 1 
1 1 1 1 1 1 1 1 
1 1 0 0 0 0 1 1 
1 1 # 0 0 0 1 1 
1 1 0 0 F # 1 1 
1 1 # 1 # F G 1 
1 1 S 1 1 1 1 1 
1 1 1 1 1 1 1 1 
p32 T5

Map8
1 1 1 1 1 1 1 1 
1 1 1 1 1 1 1 1 
1 1 0 0 # 0 1 1 
1 1 0 1 F 0 1 1 
1 1 F 0 # 1 1 1 
1 1 0 0 # 0 1 1 
1 1 S 1 1 G 1 1 
1 1 1 1 1 1 1 1 
p32 T6

Map8
1 1 1 1 1 1 1 1 
1 H 0 0 0 0 # 1 
1 0 0 0 1 0 F 1 
1 1 0 H 0 0 # 1 
1 1 1 0 0 0 # S 
1 0 0 0 0 0 H 1 
1 0 1 F 0 0 1 1 
1 G 1 1 1 1 1 1 
p54 T7

Map8
1 1 1 1 1 1 1 1 
1 0 0 0 0 1 1 1 
1 0 0 0 0 H 1 1 
1 F F 0 H 0 1 1 
1 F F 0 # F G 1 
1 0 # 1 F 0 1 1 
1 S 1 1 1 1 1 1 
1 1 1 1 1 1 1 1 
p21 T5

Map8
1 1 G 1 1 1 1 1 
1 0 0 1 0 1 # 1 
1 F F # 0 H # 1 
1 0 1 0 F 0 F S 
1 0 0 0 1 F # 1 
1 0 0 0 0 0 0 1 
1 1 1 0 0 0 1 1 
1 1 1 1 1 1 1 1 
p33 T7

Map8
1 1 1 1 1 1 1 1 
1 1 1 1 1 1 1 1 
1 0 1 F 0 0 1 1 
1 0 1 0 1 0 S 1 
1 F # F 0 0 1 1 
1 # F F 0 0 1 1 
1 F H 0 0 0 1 1 
1 G 1 1 1 1 1 1 
p54 T5

Map8
1 1 1 1 1 1 1 1 
1 1 1 1 G 1 1 1 
1 1 0 0 0 # 1 1 
1 1 0 0 0 # 1 1 
1 1 0 1 0 0 1 1 
1 1 0 F 0 0 1 1 
1 1 1 1 1 S 1 1 
1 1 1 1 1 1 1 1 
p55 T4

Map8
1 1 1 1 1 1 1 1 
1 1 1 S 1 1 1 1 
1 1 0 0 0 0 1 1 
1 1 0 0 F 0 1 1 
1 1 0 0 0 1 1 1 
1 1 0 # 0 # 1 1 
1 1 1 1 G 1 1 1 
1 1 1 1 1 1 1 1 
p33 T4

Map8
1 1 1 1 1 S 1 1 
1 H 1 # F # F 1 
1 # 1 0 H # 1 1 
1 0 1 0 1 0 0 1 
G 0 F 0 0 F F 1 
1 H # 0 H 0 0 1 
1 0 # 0 0 1 H 1 
1 1 1 1 1 1 1 1 
p33 T9

Map8
1 1 1 1 1 1 1 1 
1 1 1 1 1 1 1 1 
1 1 1 0 0 0 0 S 
1 1 1 0 0 0 0 1 
1 G 0 0 F 0 # 1 
1 1 0 H 0 # # 1 
1 1 F 0 # 1 1 1 
1 1 1 1 1 1 1 1 
p63 T5

Map8
1 1 1 1 1 1 1 1 
1 1 1 1 1 1 1 1 
1 1 # 0 0 # 1 1 
1 1 0 1 F F 1 1 
1 1 0 F 0 0 G 1 
1 S 0 0 0 0 1 1 
1 1 1 1 1 1 1 1 
1 1 1 1 1 1 1 1 
p25 T5

Map8
1 1 1 S 1 1 1 1 
1 0 0 0 0 0 0 1 
1 # 0 0 0 1 0 1 
1 0 0 # H 0 1 1 
1 0 0 1 # 1 0 1 
G 0 0 # 0 F 0 1 
1 F 1 0 H 0 1 1 
1 1 1 1 1 1 1 1 
p31 T6

Map8
1 1 1 1 1 G 1 1 
1 0 H F 0 0 1 1 
1 1 0 1 F 0 1 1 
S 0 0 1 # 1 1 1 
1 0 0 F 0 0 1 1 
1 0 F 0 0 # 1 1 
1 1 1 1 1 1 1 1 
1 1 1 1 1 1 1 1 
p35 T8

Map8
1 1 1 1 1 1 1 1 
1 0 # 0 0 # 0 1 
1 H 0 0 0 0 0 1 
1 H 0 H 0 0 F 1 
1 0 0 1 0 H 0 1 
1 0 0 0 0 F 0 1 
1 H # 0 1 0 0 1 
1 1 1 1 1 G S 1 
p31 T10

Map8
1 1 G 1 1 1 1 1 
1 0 0 0 1 0 S 1 
1 0 F 1 # # 1 1 
1 1 # 0 0 F 1 1 
1 F H 0 0 F 1 1 
1 0 0 0 0 0 1 1 
1 1 1 1 1 1 1 1 
1 1 1 1 1 1 1 1 
p45 T7

Map8
1 1 1 1 1 1 1 1 
1 1 1 1 1 S 1 1 
1 1 F 0 0 0 1 1 
1 1 H 1 # 0 1 1 
1 1 0 F 0 0 1 1 
1 1 0 F 1 0 1 1 
1 1 G 1 1 1 1 1 
1 1 1 1 1 1 1 1 
p53 T4

Map8
1 1 1 1 1 1 1 1 
1 1 1 1 1 1 1 1 
1 1 0 # 0 0 1 1 
1 1 F 0 F 0 1 1 
1 S 0 1 0 0 1 1 
1 1 F # 0 # 1 1 
1 1 1 1 G 1 1 1 
1 1 1 1 1 1 1 1 
p53 T7

Map8
1 1 1 S 1 1 1 1 
1 # 0 0 1 F # 1 
1 1 0 0 0 0 F 1 
1 # 0 1 H 0 F 1 
1 # 0 # F 0 H 1 
1 0 0 0 # # 1 1 
1 0 0 F 1 # 0 1 
1 1 1 1 1 1 G 1 
p24 T8

Map8
1 1 1 1 1 1 1 1 
1 1 G 1 1 1 1 1 
1 1 # 0 1 0 1 1 
1 1 0 0 0 F 1 1 
1 1 H 0 0 1 1 1 
1 1 0 0 0 0 S 1 
1 1 1 1 1 1 1 1 
1 1 1 1 1 1 1 1 
p45 T5

Map8
1 1 1 1 1 1 1 1 
1 1 1 1 1 1 1 1 
1 1 0 F F 0 1 1 
1 1 0 # 0 # G 1 
1 1 # 0 # 0 S 1 
1 1 0 F 0 1 1 1 
1 1 1 1 1 1 1 1 
1 1 1 1 1 1 1 1 
p22 T5

Map8
1 1 1 1 1 1 1 1 
1 1 1 1 1 1 1 1 
1 0 H F 0 0 1 1 
1 0 H 0 F 0 1 1 
1 0 1 # 1 1 1 1 
1 0 # H 0 F G 1 
1 0 0 0 # 0 1 1 
1 1 S 1 1 1 1 1 
p36 T6

Map8
1 1 1 S 1 1 1 1 
1 0 0 F # 0 0 1 
1 1 H F 0 0 0 1 
1 0 0 # 0 0 0 1 
1 H 0 1 0 0 1 1 
1 H 1 0 0 # 0 1 
1 1 1 0 0 0 0 1 
1 1 1 1 1 1 G 1 
p43 T6

Map8
1 1 1 1 1 1 1 1 
1 1 1 1 1 1 1 1 
1 1 # # 0 # S 1 
1 1 1 0 0 H 1 1 
1 1 1 0 H H 1 1 
1 1 H 0 F 0 G 1 
1 1 1 1 1 1 1 1 
1 1 1 1 1 1 1 1 
p42 T4

Map8
1 1 1 1 1 1 1 1 
1 1 # 0 0 0 # 1 
1 S # # 1 0 1 1 
1 1 # 0 0 0 0 1 
1 1 F 0 H 1 0 G 
1 1 0 0 H H 1 1 
1 1 1 1 1 1 1 1 
1 1 1 1 1 1 1 1 
p41 T8

Map8
1 1 1 1 1 1 1 1 
1 1 1 G 1 1 1 1 
1 1 # F 0 F 1 1 
1 1 H # 0 1 1 1 
1 S F 0 0 0 1 1 
1 1 0 0 0 0 1 1 
1 1 1 1 1 1 1 1 
1 1 1 1 1 1 1 1 
p45 T5

Map8
1 1 1 1 1 1 1 1 
1 0 0 0 F 0 1 1 
1 0 0 1 1 0 S 1 
1 0 # 1 0 1 1 1 
1 0 # 0 0 0 1 1 
1 0 0 H 0 0 1 1 
1 1 1 1 1 G 1 1 
1 1 1 1 1 1 1 1 
p13 T7

Map8
1 1 1 1 1 1 1 1 
1 0 0 0 0 0 1 1 
1 # 0 0 # # 0 1 
1 0 0 0 0 F 0 1 
1 H 0 0 F 0 F 1 
1 # F 0 0 0 F 1 
1 0 0 1 0 0 0 1 
1 G 1 1 1 S 1 1 
p31 T6

Map8
1 1 1 1 1 1 1 1 
1 0 1 F 0 0 1 1 
S # 1 0 0 H 1 1 
1 0 1 0 0 F 1 1 
1 0 0 0 0 # 1 1 
1 # 0 H # 0 1 1 
1 1 1 1 1 G 1 1 
1 1 1 1 1 1 1 1 
p13 T5

Map8
1 1 S 1 1 1 1 1 
1 0 0 0 0 F 1 1 
1 0 0 H 0 0 G 1 
1 0 # 1 0 0 1 1 
1 # 0 F # 0 1 1 
1 0 0 # 0 1 1 1 
1 1 1 1 1 1 1 1 
1 1 1 1 1 1 1 1 
p43 T5

Map8
1 1 1 1 1 1 1 1 
1 1 1 1 1 1 1 1 
1 1 0 0 0 0 1 1 
1 G # F # 0 1 1 
1 1 # 1 F 0 1 1 
1 S F 0 0 0 1 1 
1 1 1 1 1 1 1 1 
1 1 1 1 1 1 1 1 
p54 T4

Map8
1 1 1 1 1 1 1 1 
1 1 1 1 1 1 1 1 
1 1 0 F 0 0 1 1 
1 1 # 1 # 0 1 1 
1 G 0 0 0 0 1 1 
1 1 0 0 F 0 1 1 
1 1 1 1 S 1 1 1 
1 1 1 1 1 1 1 1 
p53 T5

Map8
1 1 1 1 1 1 1 1 
1 1 1 G 1 S 1 1 
1 1 0 0 0 # 1 1 
1 1 0 F 0 0 1 1 
1 1 1 0 0 0 1 1 
1 1 0 # 0 # 1 1 
1 1 1 1 1 1 1 1 
1 1 1 1 1 1 1 1 
p53 T4

Map8
1 S 1 1 1 1 1 1 
1 # H F 0 0 0 G 
1 0 H 0 F 0 F 1 
1 0 0 0 0 H 1 1 
1 0 # 1 0 0 0 1 
1 0 0 # # 0 0 1 
1 0 0 0 H # # 1 
1 1 1 1 1 1 1 1 
p14 T7

Map8
1 1 1 1 1 1 1 1 
1 0 F 0 0 0 0 1 
1 0 1 0 # H 0 1 
1 0 0 # # F 0 1 
1 0 0 H 0 0 0 1 
1 # 0 1 # F # S 
1 # 0 # 0 0 0 1 
1 1 G 1 1 1 1 1 
p14 T7

Map8
1 1 1 1 1 1 1 1 
1 1 1 1 G 1 1 1 
1 1 0 F F 0 1 1 
1 1 0 1 0 1 1 1 
1 1 0 # 0 F 1 1 
1 1 0 0 0 0 1 1 
1 1 S 1 1 1 1 1 
1 1 1 1 1 1 1 1 
p35 T5

Map8
1 1 1 1 1 1 1 1 
1 1 # 0 H 1 H 1 
1 1 0 0 # 0 0 G 
1 1 0 H 0 0 0 1 
1 S 0 F 0 1 F 1 
1 1 # # 0 F F 1 
1 1 1 1 1 1 1 1 
1 1 1 1 1 1 1 1 
p23 T6

Map8
1 1 1 S 1 1 G 1 
1 1 0 # 0 # # 1 
1 1 # F # 0 0 1 
1 1 H F 1 0 1 1 
1 1 0 0 0 0 0 1 
1 1 F 1 1 F H 1 
1 1 1 1 1 1 1 1 
1 1 1 1 1 1 1 1 
p44 T6

Map8
1 1 1 1 1 1 1 1 
1 1 1 1 1 1 1 1 
1 1 # 0 F 0 1 1 
1 G 0 # 0 0 1 1 
1 1 0 H F 0 1 1 
1 1 H 1 0 0 S 1 
1 1 1 1 1 1 1 1 
1 1 1 1 1 1 1 1 
p54 T5

Map8
1 1 1 1 1 1 1 1 
1 1 S 1 1 1 1 1 
1 G 0 F 0 0 1 1 
1 1 F 0 0 1 1 1 
1 1 # F 0 0 1 1 
1 1 # 0 # # 1 1 
1 1 1 1 1 1 1 1 
1 1 1 1 1 1 1 1 
p35 T5

Map8
1 1 1 1 1 1 1 1 
1 1 0 # 0 # 0 1 
1 1 1 0 H 0 F 1 
1 1 0 0 0 # 0 1 
1 1 0 F 1 # F S 
1 G 0 0 F 1 0 1 
1 1 1 1 1 1 1 1 
1 1 1 1 1 1 1 1 
p41 T6

Map8
1 1 1 1 G S 1 1 
1 0 0 0 F F 1 1 
1 1 H 0 0 0 1 1 
1 0 0 0 # 0 1 1 
1 0 # F F 0 1 1 
1 F 0 0 F 1 1 1 
1 1 1 1 1 1 1 1 
1 1 1 1 1 1 1 1 
p53 T5

Map8
1 1 1 1 1 1 1 1 
1 1 1 1 S 1 1 1 
1 1 F 0 0 # 0 1 
1 1 0 0 0 0 0 1 
1 1 0 H 1 0 H 1 
1 1 0 # 0 0 0 G 
1 1 0 0 H 0 1 1 
1 1 1 1 1 1 1 1 
p24 T5

Map8
1 1 1 1 1 1 1 1 
1 1 # H H 0 # 1 
1 1 F 1 F 0 0 1 
1 1 0 0 0 F 1 1 
1 1 0 0 0 F 0 1 
1 1 1 0 F 1 0 S 
1 1 1 G 1 1 1 1 
1 1 1 1 1 1 1 1 
p44 T5

Map8
1 1 1 1 1 1 1 1 
1 1 1 1 1 S 1 1 
1 1 0 0 0 # 1 1 
1 1 0 # F 0 1 1 
1 1 1 0 0 # 1 1 
1 1 # F 0 0 1 1 
1 1 1 G 1 1 1 1 
1 1 1 1 1 1 1 1 
p53 T4

Map8
1 1 1 1 1 1 1 1 
1 0 0 0 0 0 0 1 
G 0 0 # 0 0 # 1 
1 0 1 0 1 F 1 1 
1 H 0 F H F # 1 
1 1 # 0 F # 0 S 
1 0 0 0 0 # 0 1 
1 1 1 1 1 1 1 1 
p26 T8

Map8
1 1 1 1 1 1 1 1 
1 1 1 1 1 1 1 1 
1 1 0 F # 1 1 1 
1 1 0 0 # F G 1 
1 1 # 0 0 0 S 1 
1 1 F # 0 1 1 1 
1 1 1 1 1 1 1 1 
1 1 1 1 1 1 1 1 
p44 T5

Map8
1 1 1 1 1 1 1 1 
1 1 1 1 1 1 1 1 
1 1 H # 0 0 1 1 
1 1 # 0 0 1 1 1 
1 1 H 0 # 1 1 1 
1 1 F F 0 0 1 1 
1 1 1 S G 1 1 1 
1 1 1 1 1 1 1 1 
p34 T4

Map8
1 1 S 1 1 1 1 1 
1 0 0 0 0 # 1 1 
1 1 0 H # 1 1 1 
1 0 1 0 # 0 1 1 
1 F H F F 0 1 1 
1 F 1 F # 0 G 1 
1 1 1 1 1 1 1 1 
1 1 1 1 1 1 1 1 
p31 T6

Map8
1 1 1 1 1 1 1 1 
1 1 S 1 1 1 1 1 
1 1 # 0 1 0 G 1 
1 1 0 1 # 0 1 1 
1 1 # F 0 # 1 1 
1 1 0 0 H 0 1 1 
1 1 1 1 1 1 1 1 
1 1 1 1 1 1 1 1 
p23 T5

Map8
1 1 1 1 1 1 1 1 
1 0 0 # 0 0 F 1 
1 1 0 0 # 0 H 1 
1 H # 0 1 0 0 1 
1 # 0 0 H # 0 1 
1 # 1 0 0 # 0 1 
G 0 0 1 F 0 0 1 
1 1 1 1 1 S 1 1 
p53 T7

Map8
1 1 1 1 1 1 1 1 
1 0 0 0 0 0 0 1 
1 0 H # 0 F 0 1 
S F 0 0 0 0 # 1 
1 0 1 0 F 0 H 1 
1 # 0 0 0 0 0 1 
G # 0 1 0 0 0 1 
1 1 1 1 1 1 1 1 
p23 T6

Map8
1 1 1 1 1 1 1 1 
1 0 F # 0 F 1 1 
1 F 1 # F 0 S 1 
1 0 # # H # 1 1 
1 0 0 0 0 0 1 1 
1 0 1 F F 0 G 1 
1 1 1 1 1 1 1 1 
1 1 1 1 1 1 1 1 
p13 T8

Map8
1 1 1 1 1 1 1 1 
1 1 G 1 1 S 1 1 
1 1 F 0 F 0 1 1 
1 1 0 # 0 0 1 1 
1 1 1 0 0 # 1 1 
1 1 0 0 0 1 1 1 
1 1 1 1 1 1 1 1 
1 1 1 1 1 1 1 1 
p52 T4

Map8
1 1 1 1 1 1 1 1 
1 1 S 1 1 1 1 1 
1 1 0 0 # 0 1 1 
1 1 0 0 F 0 1 1 
1 1 1 0 0 1 1 1 
1 1 F 0 0 # 1 1 
1 1 1 1 G 1 1 1 
1 1 1 1 1 1 1 1 
p32 T5

Map8
1 1 1 1 1 1 1 1 
1 1 0 0 F 0 F 1 
1 1 H # # 0 0 1 
1 1 0 0 F 0 F 1 
1 1 1 F 0 1 F 1 
1 1 0 0 1 0 0 1 
1 1 S 1 1 G 1 1 
1 1 1 1 1 1 1 1 
p33 T8

Map8
1 1 1 1 1 1 1 1 
1 1 1 1 1 1 1 1 
1 1 F H H 0 1 1 
1 S F 0 0 # 1 1 
1 1 H 0 0 0 G 1 
1 1 0 1 1 # 1 1 
1 1 1 1 1 1 1 1 
1 1 1 1 1 1 1 1 
p33 T4

Map8
1 1 1 1 1 1 1 1 
G # 1 0 F # F 1 
1 0 0 H # F 0 1 
1 H 0 0 F 1 0 1 
1 F # 0 0 0 0 1 
1 0 # 1 0 0 0 1 
1 0 0 0 0 0 # 1 
1 1 1 1 1 S 1 1 
p36 T8

Map8
1 1 1 1 1 1 1 1 
1 1 1 1 1 1 1 1 
1 1 0 1 0 H 1 1 
1 1 0 0 F 0 1 1 
1 1 0 1 0 # 1 1 
1 1 # 0 H 0 G 1 
1 1 S 1 1 1 1 1 
1 1 1 1 1 1 1 1 
p24 T5

Map8
1 1 1 1 1 1 1 1 
G # 1 0 1 0 1 1 
1 # 0 0 0 0 1 1 
1 0 # 0 0 F 1 1 
1 H 0 0 0 H 1 1 
1 0 0 0 0 0 S 1 
1 1 1 1 1 1 1 1 
1 1 1 1 1 1 1 1 
p35 T6

Map8
1 1 1 1 1 1 1 1 
1 1 1 1 S 1 1 1 
1 1 0 1 0 H 1 1 
1 1 # 1 0 0 1 1 
1 1 # 0 # F 1 1 
1 G 0 H 0 0 1 1 
1 1 1 1 1 1 1 1 
1 1 1 1 1 1 1 1 
p43 T5

Map8
1 1 1 1 1 1 1 1 
1 1 1 1 1 1 1 1 
1 1 H # 0 0 G 1 
1 0 H 1 0 F 1 1 
1 # 1 1 0 0 1 1 
1 0 F # 0 0 1 1 
1 0 H F 0 0 1 1 
1 S 1 1 1 1 1 1 
p16 T5

Map8
1 1 1 1 1 1 1 1 
1 1 1 G 1 1 1 1 
1 1 0 0 1 0 S 1 
1 1 0 0 H 0 1 1 
1 1 H F 0 0 1 1 
1 1 0 # 0 0 1 1 
1 1 1 1 1 1 1 1 
1 1 1 1 1 1 1 1 
p45 T5

Map8
1 1 G 1 1 1 1 1 
1 # 0 0 1 0 0 1 
1 0 0 0 1 0 # 1 
1 0 1 1 F 0 1 1 
1 0 # 0 1 0 1 1 
1 0 0 0 0 # 0 S 
1 F 0 0 0 H 0 1 
1 1 1 1 1 1 1 1 
p12 T6

Map8
1 1 1 1 1 1 1 1 
1 1 1 1 1 1 1 1 
1 1 0 H 0 # G 1 
1 1 # 0 0 # 1 1 
1 1 0 F 0 0 1 1 
1 S # 0 1 0 1 1 
1 1 1 1 1 1 1 1 
1 1 1 1 1 1 1 1 
p24 T7

Map8
1 1 1 1 1 1 1 1 
1 1 1 1 1 G 1 1 
1 1 F # # 0 1 1 
1 0 0 # # H 1 1 
1 H 0 0 # 0 1 1 
1 1 0 0 0 0 1 1 
1 0 0 0 0 0 S 1 
1 1 1 1 1 1 1 1 
p46 T5
