Map10
1 1 1 1 1 1 1 1 1 1 
1 1 1 S 1 G 1 1 1 1 
1 1 1 0 1 0 0 F 0 1 
1 1 0 0 F # 0 0 F 1 
1 1 0 0 H 0 H 0 0 1 
1 1 # H 0 0 F 0 0 1 
1 1 0 # 0 0 0 # 0 1 
1 1 # # 0 1 # 0 1 1 
1 1 0 0 1 0 # 0 F 1 
1 1 1 1 1 1 1 1 1 1 
r26 P34 T8

Map10
1 1 1 1 S 1 1 1 1 1 
1 0 F 0 # 0 F 0 0 1 
1 0 0 0 0 0 0 0 F 1 
1 1 F 0 H H 0 0 0 1 
G 0 0 0 1 0 0 # 0 1 
1 0 0 0 0 F 0 0 0 1 
1 0 0 0 0 F 0 0 0 1 
1 F # 0 0 F H 0 F 1 
1 0 0 0 H 0 0 0 0 1 
1 1 1 1 1 1 1 1 1 1 
d31 L51 T6

Map10
1 1 1 1 1 1 1 1 1 1 
1 1 G 1 1 1 1 1 1 1 
1 1 0 F 0 0 0 0 0 1 
1 1 0 H 0 F 0 0 F 1 
1 1 F H 0 0 0 0 0 1 
1 1 0 0 # H 0 0 0 1 
1 S 0 H # 0 F 0 1 1 
1 1 0 H 0 0 0 0 # 1 
1 1 0 0 0 # F 0 0 1 
1 1 1 1 1 1 1 1 1 1 
u48 D25 T6

Map10
1 1 1 1 1 1 1 1 1 1 
1 1 0 H 0 # 0 0 0 1 
1 1 0 0 0 0 0 # 0 1 
1 1 F 0 H 0 F 1 0 1 
1 1 H F 0 # # 0 H 1 
1 S F # 0 0 # H 0 1 
1 1 F 0 0 0 0 0 0 1 
1 1 0 0 0 0 0 0 1 1 
1 1 1 1 1 1 G 1 1 1 
1 1 1 1 1 1 1 1 1 1 
d61 U56 T5

Map10
1 S 1 1 1 1 G 1 1 1 
1 0 H F 0 0 F F # 1 
1 0 H 0 H 0 0 # 0 1 
1 # 0 H 0 H 0 # 0 1 
1 0 0 # F 0 # 0 0 1 
1 0 0 1 0 0 0 0 1 1 
1 0 0 1 0 F F 0 H 1 
1 0 0 F 0 0 1 0 0 1 
1 0 0 0 F 1 0 0 0 1 
1 1 1 1 1 1 1 1 1 1 
r14 U65 T4

Map10
1 1 1 1 1 1 1 1 1 1 
1 1 1 1 1 1 G 1 1 1 
1 1 0 0 # 0 F 1 0 1 
1 1 # 0 1 0 0 0 0 1 
1 1 0 0 F H 0 0 # 1 
1 S 0 0 0 0 0 F 0 1 
1 1 0 0 0 F 1 1 # 1 
1 1 0 0 0 0 # 1 0 1 
1 1 F 0 0 # 0 0 0 1 
1 1 1 1 1 1 1 1 1 1 
u65 P83 T3

Map10
1 1 1 1 1 G 1 1 1 1 
1 0 0 1 0 0 1 F 0 1 
1 F 0 1 0 0 0 0 0 1 
1 0 0 # 0 0 0 0 1 1 
1 0 0 0 0 0 0 0 1 1 
1 0 0 H 0 0 1 0 0 1 
1 0 F 0 0 F F # F 1 
S 0 0 0 1 0 0 0 0 1 
1 H 0 1 0 1 0 0 F 1 
1 1 1 1 1 1 1 1 1 1 
r13 P63 T6

Map10
1 1 1 1 1 1 1 1 1 1 
1 F 0 F 0 0 0 0 1 1 
1 0 0 0 0 0 0 F S 1 
1 0 0 0 0 0 0 0 1 1 
1 F 0 0 0 0 0 0 G 1 
1 0 H 0 0 0 0 0 1 1 
1 0 0 0 0 # 0 1 1 1 
1 0 F 0 1 0 0 F 1 1 
1 1 1 1 1 1 1 1 1 1 
1 1 1 1 1 1 1 1 1 1 
d32 p35 T5

Map10
1 1 1 1 S 1 1 1 1 1 
1 # F 0 0 0 F 1 0 1 
1 0 0 0 # 1 0 0 H 1 
G F F F # 0 0 0 0 1 
1 0 0 0 0 F H 0 # 1 
1 0 0 0 F 0 0 F 0 1 
1 0 0 0 # 0 0 # # 1 
1 # 1 F 1 0 # 0 1 1 
1 1 1 # 0 0 H 0 1 1 
1 1 1 1 1 1 1 1 1 1 
l73 p66 T6

Map10
1 1 1 1 1 1 G 1 1 1 
1 # 0 0 0 0 0 0 1 1 
1 0 1 0 0 0 0 0 1 1 
1 H 0 0 F H 0 0 1 1 
1 0 0 0 1 F 0 0 1 1 
1 0 0 0 0 0 F 0 1 1 
1 0 H 0 0 # 0 0 S 1 
1 0 F H 0 H 1 0 1 1 
1 1 1 1 1 1 1 1 1 1 
1 1 1 1 1 1 1 1 1 1 
u66 U47 T2

Map10
1 1 1 1 S G 1 1 1 1 
1 1 0 0 0 F 1 0 F 1 
1 1 0 1 F F # 0 0 1 
1 1 0 0 F 0 0 0 0 1 
1 1 0 0 H 1 F # 0 1 
1 1 0 1 F 0 1 0 0 1 
1 1 # 1 # 0 0 # # 1 
1 1 0 F 0 0 1 0 0 1 
1 1 1 1 1 1 1 1 1 1 
1 1 1 1 1 1 1 1 1 1 
u53 R33 T4

Map10
1 1 1 1 1 1 1 1 1 1 
1 1 G 1 1 1 1 1 1 1 
1 0 0 H 0 # # 0 1 1 
1 1 F # F 0 0 0 1 1 
S # 0 0 # 0 0 # 1 1 
1 0 0 0 # 0 0 0 1 1 
1 F 0 0 0 1 0 # 1 1 
1 1 0 1 0 0 0 0 1 1 
1 0 F 0 1 0 0 0 1 1 
1 1 1 1 1 1 1 1 1 1 
r34 p64 T11

Map10
1 1 1 S 1 1 1 1 1 1 
1 1 1 0 0 0 # 0 0 1 
1 1 H 0 0 0 H H 0 1 
1 1 # 0 0 F 0 0 1 1 
1 1 H 0 0 0 # 0 0 1 
1 1 0 H 1 H 0 0 0 1 
1 1 0 0 0 0 0 0 0 1 
1 1 F 1 0 0 1 0 # 1 
1 1 G 1 1 1 1 1 1 1 
1 1 1 1 1 1 1 1 1 1 
d63 P34 T8

Map10
1 1 1 1 1 G S 1 1 1 
1 H 0 0 0 # 0 F 0 1 
1 H 0 0 0 H 0 0 # 1 
1 0 0 0 # 0 0 0 0 1 
1 0 0 0 0 H 0 0 0 1 
1 0 0 # 0 0 0 H 0 1 
1 0 0 H 0 0 F 0 0 1 
1 0 0 0 0 0 0 0 0 1 
1 0 0 1 0 0 F 0 0 1 
1 1 1 1 1 1 1 1 1 1 
r61 P62 T7

Map10
1 1 1 1 1 1 1 1 1 1 
1 0 0 H 0 0 # 0 0 1 
1 0 0 0 0 0 0 0 0 1 
1 0 0 0 0 0 0 0 0 1 
S F 0 0 F F 0 0 0 1 
G 0 F 0 # 0 H F 0 1 
1 F 0 1 # H 0 # F 1 
1 # F 0 0 0 # 0 0 1 
1 0 1 # 0 0 # 0 0 1 
1 1 1 1 1 1 1 1 1 1 
u48 L55 T5

Map10
1 1 1 G 1 1 1 S 1 1 
1 0 F 0 0 0 0 0 0 1 
1 0 0 F 0 0 0 0 0 1 
1 1 # 0 0 1 0 1 0 1 
1 # 0 0 F 0 1 H # 1 
1 0 0 0 0 # 0 0 0 1 
1 0 F H 0 # 1 0 0 1 
1 H 0 0 0 F # 0 # 1 
1 0 0 0 1 # 1 0 # 1 
1 1 1 1 1 1 1 1 1 1 
l85 p45 T7

Map10
1 1 1 1 1 1 1 1 1 1 
G 0 0 H H 0 0 0 1 1 
1 0 0 0 0 0 0 H 1 1 
1 1 1 0 0 0 H 0 1 1 
1 0 0 1 0 0 0 0 1 1 
1 0 0 0 # 0 1 0 1 1 
1 0 0 0 1 0 0 H 1 1 
1 0 0 0 0 1 0 0 1 1 
1 S 1 1 1 1 1 1 1 1 
1 1 1 1 1 1 1 1 1 1 
r15 L62 T6

Map10
1 1 1 1 1 1 1 1 1 1 
1 1 S 1 1 G 1 1 1 1 
1 0 0 1 0 0 0 F 1 1 
1 0 # 0 0 0 0 0 1 1 
1 0 0 0 F 0 F 0 1 1 
1 0 F F 0 0 0 0 1 1 
1 0 0 1 0 0 1 F 1 1 
1 1 1 0 1 0 1 0 1 1 
1 0 F 1 0 0 0 0 1 1 
1 1 1 1 1 1 1 1 1 1 
r13 P63 T6

Map10
1 1 1 1 1 1 1 1 1 1 
1 0 # 0 F 0 0 0 0 1 
S 0 # 0 0 F 0 0 0 1 
G 0 0 0 0 0 H 0 0 1 
1 0 0 1 # 0 0 0 0 1 
1 0 0 0 0 0 0 0 0 1 
1 0 # 0 F 0 F # 0 1 
1 0 0 0 0 0 1 F # 1 
1 0 # 0 0 0 0 1 1 1 
1 1 1 1 1 1 1 1 1 1 
r12 d31 T6

Map10
1 1 1 1 1 1 1 1 1 1 
1 1 0 0 F 1 0 0 0 1 
1 0 0 0 H 1 0 F H 1 
1 # F 0 0 0 0 F 0 1 
G 0 0 0 0 H F 0 1 1 
1 0 F 0 # 0 0 0 0 1 
1 0 0 0 F 0 0 0 H 1 
S 0 0 0 0 0 H H F 1 
1 0 1 1 0 0 0 0 F 1 
1 1 1 1 1 1 1 1 1 1 
l34 P47 T4

Map10
1 1 1 1 1 1 G 1 1 1 
1 1 0 # 1 0 0 H 0 1 
1 1 0 0 0 0 0 0 0 1 
1 1 0 0 0 0 0 0 0 1 
1 1 0 0 0 0 0 0 0 1 
1 1 0 H 0 0 0 0 0 1 
1 1 0 H 1 # H # # 1 
1 1 0 0 0 # 0 0 0 1 
1 1 1 1 S 1 1 1 1 1 
1 1 1 1 1 1 1 1 1 1 
r22 U63 T5

Map10
1 1 1 1 1 1 1 1 1 1 
1 1 1 1 1 1 G 1 1 1 
1 0 # F 0 0 0 F 1 1 
1 0 # 0 0 0 0 F 1 1 
1 0 0 # F F 0 0 S 1 
1 0 0 1 1 0 1 1 1 1 
1 1 0 1 0 0 F 0 1 1 
1 1 0 0 0 0 0 0 1 1 
1 0 0 0 0 0 0 0 1 1 
1 1 1 1 1 1 1 1 1 1 
u64 P12 T3

Map10
1 1 1 1 1 1 1 1 1 1 
1 0 0 H 1 0 F 0 F 1 
1 0 0 0 0 0 0 0 1 1 
1 0 # # 0 1 0 0 H 1 
1 # H 0 0 0 0 0 0 1 
S 0 # # F 0 # 0 0 1 
1 0 0 0 # 0 # H H 1 
G 0 F # 0 0 1 1 0 1 
1 0 0 0 0 0 0 0 # 1 
1 1 1 1 1 1 1 1 1 1 
d55 P58 T5

Map10
1 1 1 1 1 1 1 1 1 1 
1 0 F H # # 0 0 1 1 
S 0 F 0 # # 0 0 1 1 
1 0 H 0 0 0 0 1 1 1 
1 0 0 0 0 0 H F 1 1 
1 0 0 0 H 1 0 0 1 1 
1 0 0 0 0 F H 0 1 1 
1 H 0 0 # 0 0 0 G 1 
1 1 1 1 1 1 1 1 1 1 
1 1 1 1 1 1 1 1 1 1 
d32 P44 T5

Map10
1 1 1 1 1 1 1 1 1 1 
1 S 0 F 0 0 0 0 0 1 
1 1 0 0 F F 0 0 0 1 
1 1 0 0 0 0 0 0 1 1 
1 G 0 0 0 0 0 F 0 1 
1 1 F 0 0 0 0 # 0 1 
1 1 # 0 0 F 0 0 1 1 
1 1 H # 0 1 1 0 0 1 
1 1 1 1 1 1 1 1 1 1 
1 1 1 1 1 1 1 1 1 1 
d41 P45 T4

Map10
1 1 1 1 1 1 1 1 1 1 
1 1 1 1 1 1 1 S 1 1 
1 1 0 1 0 0 0 0 0 1 
1 1 1 F 0 0 0 0 0 1 
1 1 0 F F 0 0 0 # 1 
1 1 # 0 # 0 0 # 0 1 
1 G F 0 F 0 H 0 0 1 
1 1 1 F 0 0 0 0 1 1 
1 1 1 0 1 0 0 1 1 1 
1 1 1 1 1 1 1 1 1 1 
l56 U58 T4

Map10
1 1 1 1 1 1 1 1 1 1 
1 0 # 0 1 0 0 F 1 1 
1 # # 0 0 # 0 0 1 1 
1 0 F 0 # 0 0 0 1 1 
1 1 0 0 0 0 # 0 1 1 
1 F 0 F 0 0 0 F G 1 
1 0 0 0 F 0 0 0 S 1 
1 1 0 0 F F 0 H 1 1 
1 1 1 1 1 1 1 1 1 1 
1 1 1 1 1 1 1 1 1 1 
r25 U27 T3

Map10
1 1 1 1 1 1 1 1 1 1 
1 1 # 0 0 1 1 0 F 1 
1 S # 0 F 0 0 1 0 1 
1 1 1 # # 0 0 0 1 1 
1 G F 0 0 1 0 F 0 1 
1 1 0 # # 1 0 0 0 1 
1 1 0 F F 0 0 0 0 1 
1 1 F # 0 0 F 0 1 1 
1 1 1 1 1 1 1 1 1 1 
1 1 1 1 1 1 1 1 1 1 
l44 P32 T8

Map10
1 1 1 1 1 1 1 1 1 1 
1 0 1 0 0 F 0 0 1 1 
1 1 0 F 0 H 0 # S 1 
G 0 0 0 0 0 0 F 1 1 
1 0 0 0 0 F 0 0 1 1 
1 0 0 0 0 1 0 0 1 1 
1 1 0 0 # 0 F 0 1 1 
1 0 0 1 0 # 0 0 1 1 
1 1 1 1 1 1 1 1 1 1 
1 1 1 1 1 1 1 1 1 1 
l33 R62 T6

Map10
1 1 1 1 1 1 1 1 1 1 
1 1 F 0 1 F 0 0 0 1 
1 1 0 0 1 0 0 0 0 1 
1 1 0 0 0 0 0 0 0 1 
1 1 0 # F 0 F 0 0 1 
1 1 1 0 0 0 F H 0 1 
1 G 0 0 1 H # 0 0 1 
1 1 0 0 1 # 0 0 0 1 
1 1 1 1 1 1 S 1 1 1 
1 1 1 1 1 1 1 1 1 1 
l63 D32 T7

Map10
1 1 1 1 1 1 1 1 1 1 
1 0 0 0 0 1 0 0 1 1 
1 0 0 # H 0 F 0 1 1 
1 0 0 0 0 0 0 0 1 1 
1 0 0 1 0 0 0 0 1 1 
1 0 0 0 0 0 0 0 1 1 
1 1 F 0 0 1 0 0 S 1 
1 0 0 F 0 0 0 F 1 1 
1 1 G 1 1 1 1 1 1 1 
1 1 1 1 1 1 1 1 1 1 
l73 p13 T7

Map10
1 1 1 1 1 1 1 1 1 1 
1 1 G 1 1 1 S 1 1 1 
1 F 0 # 0 0 0 # 1 1 
1 0 0 0 1 0 F 0 1 1 
1 0 0 0 0 F 0 0 1 1 
1 0 0 0 0 0 0 0 1 1 
1 0 0 0 0 0 0 0 1 1 
1 0 0 0 0 0 0 0 1 1 
1 0 0 0 1 0 0 0 1 1 
1 1 1 1 1 1 1 1 1 1 
l64 p34 T5

Map10
1 S 1 1 G 1 1 1 1 1 
1 0 0 0 0 0 0 H 0 1 
1 0 0 0 0 1 0 0 1 1 
1 F # 0 F 0 0 0 0 1 
1 0 0 0 0 H F 0 1 1 
1 0 0 # H 0 0 1 0 1 
1 0 F 0 0 1 F 0 F 1 
1 0 0 0 0 0 0 0 H 1 
1 0 0 0 0 # 0 0 F 1 
1 1 1 1 1 1 1 1 1 1 
r12 P38 T4

Map10
1 1 1 1 1 1 1 1 1 1 
1 0 0 0 1 0 0 0 S 1 
1 0 0 0 0 1 1 0 1 1 
1 # 0 0 F 0 0 0 1 1 
1 # 0 0 0 0 # 1 1 1 
1 0 1 H 0 0 # # 1 1 
1 0 0 1 # 0 # 0 1 1 
1 0 H 0 0 F 1 0 1 1 
1 1 1 1 1 G 1 1 1 1 
1 1 1 1 1 1 1 1 1 1 
d53 D22 T5

Map10
1 1 1 1 S 1 1 1 1 1 
1 1 F 0 0 0 1 0 0 1 
1 1 0 0 1 0 0 0 F 1 
1 1 0 H 0 0 1 H 0 1 
1 1 0 0 H 0 0 0 0 1 
1 1 0 0 0 0 0 0 # 1 
1 1 0 0 0 0 0 0 # 1 
1 1 0 0 0 0 F 0 1 1 
1 1 1 1 1 1 G 1 1 1 
1 1 1 1 1 1 1 1 1 1 
d65 p54 T7

Map10
1 1 1 1 1 1 1 1 1 1 
1 0 0 1 0 0 0 0 0 1 
1 0 0 1 0 0 0 0 0 1 
G 0 0 0 0 0 0 1 0 1 
1 0 0 # F 0 0 0 F 1 
S 0 F 1 F 0 0 1 0 1 
1 1 0 1 0 0 0 0 0 1 
1 0 0 0 0 0 0 0 0 1 
1 0 0 F 0 0 1 0 0 1 
1 1 1 1 1 1 1 1 1 1 
l53 D24 T5

Map10
1 1 1 1 1 1 1 1 1 1 
1 1 1 1 1 1 1 1 1 1 
1 1 # 0 # F 0 1 0 1 
1 1 1 0 0 0 # H 0 1 
1 1 H 0 1 F # 0 0 1 
1 G 0 0 1 0 0 F 0 1 
1 1 0 0 0 1 H 0 0 1 
1 S # 0 0 1 0 # 0 1 
1 1 0 0 0 H # H 1 1 
1 1 1 1 1 1 1 1 1 1 
u37 P34 T4

Map10
1 1 1 1 1 1 1 1 1 1 
1 1 1 1 1 1 S 1 1 1 
1 1 0 F 0 0 0 0 0 1 
1 1 0 # 0 0 # 0 0 1 
1 1 0 0 0 0 # 0 # 1 
1 1 0 0 0 0 0 0 0 1 
1 1 1 F F 0 0 0 1 1 
1 G 0 0 0 1 0 0 0 1 
1 1 1 0 0 # 0 0 0 1 
1 1 1 1 1 1 1 1 1 1 
l47 p35 T9

Map10
1 1 1 1 1 1 1 1 1 1 
1 1 0 0 1 0 0 1 0 1 
1 1 0 0 # H 0 0 0 1 
1 1 0 0 1 0 0 0 0 1 
1 1 0 0 0 0 0 0 0 1 
1 1 0 0 0 0 0 0 0 1 
1 1 F 0 F 0 0 0 0 1 
1 1 0 H 0 0 0 0 0 1 
1 1 S 1 1 1 G 1 1 1 
1 1 1 1 1 1 1 1 1 1 
r24 p54 T5

Map10
1 1 1 1 1 1 1 1 1 1 
1 1 1 1 G 1 1 1 1 1 
1 1 0 0 # 0 H 0 # 1 
1 1 0 0 0 # 0 1 # 1 
1 S 0 0 0 # F 0 0 1 
1 1 1 0 0 F 0 0 0 1 
1 1 F H 0 0 0 1 H 1 
1 1 0 0 # 0 0 0 0 1 
1 1 0 0 # 0 0 0 0 1 
1 1 1 1 1 1 1 1 1 1 
u45 P84 T7

Map10
1 1 G 1 1 1 1 1 1 1 
1 0 0 0 0 0 0 0 F 1 
1 0 0 0 0 F 1 0 1 1 
1 0 # 0 0 0 0 0 0 1 
S 0 1 0 0 0 0 0 1 1 
1 0 0 F 0 0 0 0 0 1 
1 1 1 0 0 0 0 0 1 1 
1 0 0 0 0 0 0 0 1 1 
1 0 0 H 0 F F 1 0 1 
1 1 1 1 1 1 1 1 1 1 
d11 p45 T8

Map10
1 1 1 1 1 1 1 G 1 1 
1 H 0 0 0 F 0 0 0 1 
1 0 1 1 0 0 0 0 F 1 
1 0 0 1 1 0 0 0 1 1 
1 0 F 0 1 1 F # 0 1 
S 0 0 F 0 # 0 F 0 1 
1 0 0 0 F 1 0 # 0 1 
1 # # # 0 # # # 0 1 
1 0 0 0 H F 0 0 0 1 
1 1 1 1 1 1 1 1 1 1 
u65 R53 T4

Map10
1 1 1 1 1 1 1 1 1 1 
1 F 1 0 0 1 0 0 1 1 
1 0 # # 0 H 0 H 1 1 
G 0 1 0 0 0 0 0 1 1 
1 1 0 0 0 0 0 0 1 1 
1 0 1 # 0 1 H # 1 1 
1 H H 0 0 0 0 0 1 1 
1 F H # 0 0 0 # 1 1 
1 1 1 1 1 S 1 1 1 1 
1 1 1 1 1 1 1 1 1 1 
l42 P36 T7

Map10
1 1 1 1 1 1 1 G 1 1 
1 0 0 1 0 0 1 0 1 1 
1 0 0 0 0 0 0 0 1 1 
1 0 0 F 0 F 0 0 1 1 
1 # 0 F H 1 1 0 1 1 
S 0 # 0 F H 1 # 1 1 
1 0 1 0 # 0 0 0 1 1 
1 H 0 0 # 0 F 0 1 1 
1 1 1 1 1 1 1 1 1 1 
1 1 1 1 1 1 1 1 1 1 
r12 L35 T5

Map10
1 1 1 1 1 1 1 S 1 1 
1 F 0 0 H 0 0 F 0 1 
1 0 0 0 0 0 H F 1 1 
1 0 0 0 0 0 0 0 0 1 
1 F 0 0 0 1 0 0 F 1 
1 0 0 0 F H 1 0 0 1 
1 # H 1 H 0 0 0 H 1 
G 0 0 0 H 1 0 0 0 1 
1 0 0 # 0 # 1 0 0 1 
1 1 1 1 1 1 1 1 1 1 
l73 p28 T9

Map10
1 1 1 1 1 1 1 1 1 1 
1 1 1 1 G 1 1 1 1 1 
1 1 0 0 0 0 1 0 0 1 
1 1 0 0 0 0 0 F 0 1 
1 1 0 1 H F 0 0 0 1 
1 S 0 F 0 0 0 0 0 1 
1 1 0 0 0 1 0 0 0 1 
1 1 0 0 # 1 0 # 0 1 
1 1 F 0 H 0 0 0 # 1 
1 1 1 1 1 1 1 1 1 1 
l83 p53 T6

Map10
1 1 1 1 G 1 S 1 1 1 
1 0 0 0 0 1 0 H 1 1 
1 H # F 0 0 0 0 1 1 
1 0 F F F 0 F 0 1 1 
1 0 0 0 F 0 0 1 1 1 
1 0 0 0 1 0 0 F 1 1 
1 0 1 H H 0 0 0 1 1 
1 0 0 0 F 0 1 0 1 1 
1 1 1 1 1 1 1 1 1 1 
1 1 1 1 1 1 1 1 1 1 
l64 p34 T8

Map10
1 1 1 1 1 1 1 1 1 1 
1 1 1 1 1 S 1 G 1 1 
1 1 0 1 0 0 1 F H 1 
1 1 0 0 # F 1 # F 1 
1 1 H 0 0 F # 0 0 1 
1 1 0 H # 0 0 0 H 1 
1 1 0 # 1 # 0 0 0 1 
1 1 0 0 0 0 0 # 0 1 
1 1 0 F 0 0 0 H 0 1 
1 1 1 1 1 1 1 1 1 1 
r55 U76 T4

Map10
1 1 1 1 1 1 1 1 1 1 
1 1 1 S G 1 1 1 1 1 
1 1 F 0 F 1 H 0 0 1 
1 1 H 0 0 0 # H F 1 
1 1 0 0 0 0 0 1 1 1 
1 1 1 0 # F 0 0 H 1 
1 1 1 0 H 0 H F 0 1 
1 1 0 1 0 0 0 1 0 1 
1 1 1 F 0 0 # 0 # 1 
1 1 1 1 1 1 1 1 1 1 
u44 p33 T6

Map10
1 1 1 1 S 1 1 1 1 1 
1 # 0 0 0 0 F 0 0 1 
1 0 0 1 # 1 0 # 1 1 
1 F 0 0 F # F F 0 1 
1 # 0 1 0 0 0 0 0 1 
1 # 0 0 0 0 F # 0 1 
G F 0 0 0 0 H 0 0 1 
1 0 0 1 F # F 1 0 1 
1 0 # 0 # 0 1 0 0 1 
1 1 1 1 1 1 1 1 1 1 
l56 d44 T5

Map10
1 1 1 1 1 1 1 1 1 1 
1 1 1 1 1 1 S 1 1 1 
1 1 # # 1 0 0 0 0 1 
1 1 H 0 0 0 1 0 # 1 
1 1 0 0 # 0 0 0 0 1 
1 G 0 0 0 F H 0 0 1 
1 1 H # 1 0 H 0 0 1 
1 1 0 0 0 H H 0 0 1 
1 1 # 1 0 # 1 0 # 1 
1 1 1 1 1 1 1 1 1 1 
l84 P34 T7

Map10
1 1 1 1 1 1 1 1 1 1 
1 1 1 1 1 S 1 1 1 1 
1 1 0 0 0 0 1 # 0 1 
1 1 0 0 0 0 0 1 0 1 
1 1 0 H 0 H H H 0 1 
1 G F 0 0 H 0 H 1 1 
1 1 0 0 1 0 0 0 0 1 
1 1 0 0 0 0 F 0 1 1 
1 1 0 0 0 0 0 1 0 1 
1 1 1 1 1 1 1 1 1 1 
d42 L63 T5

Map10
1 1 1 1 1 S 1 G 1 1 
1 1 0 0 F F 0 0 0 1 
1 1 H F 0 0 0 0 0 1 
1 1 0 0 F 0 0 0 H 1 
1 1 H 0 0 0 0 1 0 1 
1 1 0 0 0 0 H 0 0 1 
1 1 0 F 0 0 1 0 # 1 
1 1 0 0 0 0 0 0 0 1 
1 1 1 1 1 1 1 1 1 1 
1 1 1 1 1 1 1 1 1 1 
r52 U73 T4

Map10
1 1 1 1 1 1 1 G 1 1 
1 0 0 H 0 # F # 1 1 
1 0 1 # 0 F 0 # 0 1 
S 0 0 1 0 H # 1 # 1 
1 F 1 1 # 1 0 # 1 1 
1 0 0 0 0 H # 0 0 1 
1 # 0 0 F 0 0 0 0 1 
1 F 0 0 F F 0 0 F 1 
1 0 0 0 0 F 0 1 0 1 
1 1 1 1 1 1 1 1 1 1 
u48 P66 T8

Map10
1 1 1 1 1 1 1 1 1 1 
1 1 1 1 1 1 1 1 1 1 
1 1 0 0 # 0 0 0 0 1 
1 G 0 # 0 0 # 0 0 1 
1 1 0 0 0 # 0 0 F 1 
1 S F 0 0 0 # # 0 1 
1 1 0 0 0 0 # 0 1 1 
1 1 0 0 0 0 0 0 0 1 
1 1 0 0 0 0 # 0 0 1 
1 1 1 1 1 1 1 1 1 1 
l83 p82 T5

Map10
1 1 1 1 1 1 1 1 1 1 
1 H 0 0 0 0 0 0 1 1 
1 0 0 0 0 # 0 0 1 1 
G 0 0 1 # 0 # 1 1 1 
1 0 1 F 0 0 0 # 1 1 
S 0 1 # 1 1 # 1 1 1 
1 0 1 # 0 0 0 0 1 1 
1 0 0 0 0 F 0 0 1 1 
1 1 1 1 1 1 1 1 1 1 
1 1 1 1 1 1 1 1 1 1 
u67 p32 T11

Map10
1 1 1 1 1 1 1 1 1 1 
1 # # F 1 0 0 1 1 1 
1 0 1 # F 1 H 0 1 1 
1 0 0 # 0 1 0 0 1 1 
G 0 0 0 # H 1 1 1 1 
1 1 0 0 F F 0 0 1 1 
1 0 # H F 0 0 0 1 1 
1 0 0 0 0 0 0 H 1 1 
1 1 1 1 1 S 1 1 1 1 
1 1 1 1 1 1 1 1 1 1 
u27 D56 T7

Map10
1 1 1 1 1 1 1 1 1 1 
1 1 1 1 S 1 1 1 1 1 
1 H 0 F # 0 0 # 1 1 
1 1 0 0 F 0 # 0 1 1 
G 0 # F 0 0 F 0 1 1 
1 0 0 # # 0 0 0 1 1 
1 1 H 0 F 0 0 0 1 1 
1 0 0 H 0 0 0 H 1 1 
1 0 H 0 0 0 0 # 1 1 
1 1 1 1 1 1 1 1 1 1 
l44 U47 T4

Map10
1 G 1 1 1 1 1 S 1 1 
1 0 0 1 0 0 0 0 0 1 
1 F 0 0 0 F 0 1 0 1 
1 F F 0 0 0 0 0 0 1 
1 0 F 0 H F H # 1 1 
1 0 # # 0 0 0 F H 1 
1 0 0 0 # # F 1 # 1 
1 0 0 0 0 0 0 0 0 1 
1 1 0 1 0 # # 0 0 1 
1 1 1 1 1 1 1 1 1 1 
l55 p61 T7

Map10
1 1 1 S 1 1 1 1 1 1 
1 F 0 F 0 H 0 0 1 1 
1 0 1 0 # 0 1 0 1 1 
1 0 0 0 1 # # # 1 1 
1 F 0 0 0 # 0 # 1 1 
G 0 0 0 0 0 0 0 1 1 
1 # 0 F 0 0 0 0 1 1 
1 0 0 0 0 0 1 F 1 1 
1 1 1 1 1 1 1 1 1 1 
1 1 1 1 1 1 1 1 1 1 
l35 P17 T3

Map10
1 1 1 1 1 1 1 1 1 1 
1 # 0 0 1 0 1 0 1 1 
1 1 0 0 0 1 1 # 1 1 
1 0 0 0 0 # 0 0 1 1 
1 # 0 0 0 0 0 0 1 1 
1 0 0 0 0 0 H 0 1 1 
1 1 0 1 # 0 F 1 1 1 
1 0 0 0 # 0 0 0 1 1 
1 1 S G 1 1 1 1 1 1 
1 1 1 1 1 1 1 1 1 1 
u27 p21 T6

Map10
1 1 1 S 1 1 1 1 1 1 
1 0 0 0 0 H 0 F # 1 
1 0 0 F 0 F # 0 # 1 
1 0 0 0 1 H 0 F H 1 
1 0 0 0 0 0 0 0 0 1 
G F 0 0 0 0 F 0 0 1 
1 0 0 F 0 0 F 0 F 1 
1 0 0 0 0 0 0 0 H 1 
1 0 0 0 0 0 0 0 0 1 
1 1 1 1 1 1 1 1 1 1 
l35 P18 T3

Map10
1 1 1 S 1 1 1 1 1 1 
1 1 0 # 0 0 0 0 0 1 
1 G 0 0 1 0 1 0 0 1 
1 1 0 H 0 0 0 0 0 1 
1 1 # 0 0 0 0 0 0 1 
1 1 F # 0 0 0 0 0 1 
1 1 # 0 # H 0 # 0 1 
1 1 0 # 0 F 0 F 0 1 
1 1 1 1 1 1 1 1 1 1 
1 1 1 1 1 1 1 1 1 1 
r21 P32 T7

Map10
1 1 1 S 1 1 1 1 1 1 
1 0 0 0 # 0 0 0 # 1 
1 0 0 0 0 0 0 0 0 1 
1 0 # F 0 0 # 0 # 1 
1 0 0 0 0 # 0 0 0 1 
G 0 0 0 1 0 0 0 0 1 
1 F 0 0 0 0 0 0 # 1 
1 0 # F 0 0 0 0 F 1 
1 0 F 0 # 0 0 1 0 1 
1 1 1 1 1 1 1 1 1 1 
l35 p31 T5

Map10
1 1 1 1 1 1 S 1 1 1 
1 0 F 0 0 0 # 1 1 1 
1 0 # 0 0 0 F 0 0 1 
1 0 1 1 0 0 0 0 0 1 
1 0 # 0 0 # 0 0 0 1 
G 0 0 0 0 0 0 F F 1 
1 F 0 0 # 0 0 0 1 1 
1 # 1 0 0 1 F 0 0 1 
1 0 0 0 0 0 0 0 0 1 
1 1 1 1 1 1 1 1 1 1 
l65 p41 T6

Map10
1 1 1 1 1 1 1 1 1 1 
1 0 H 0 0 0 0 0 0 1 
S 0 1 0 1 0 0 0 0 1 
1 0 0 0 0 0 0 1 0 1 
1 0 0 0 0 0 0 0 0 1 
1 # 0 0 F 1 0 # 1 1 
G 0 0 H 0 F 0 0 H 1 
1 0 1 0 0 0 0 0 # 1 
1 0 0 0 0 0 0 H 0 1 
1 1 1 1 1 1 1 1 1 1 
d23 p12 T9

Map10
1 1 1 G 1 1 1 1 1 1 
1 0 0 # 0 0 0 H 0 1 
1 0 0 0 F 0 F 0 0 1 
1 0 0 F H 0 0 0 F 1 
S 0 0 1 0 1 0 0 0 1 
1 0 0 0 0 1 0 0 0 1 
1 0 0 # H 0 0 0 0 1 
1 0 0 0 0 0 0 0 0 1 
1 0 0 0 0 0 0 0 0 1 
1 1 1 1 1 1 1 1 1 1 
d21 p58 T8

Map10
1 1 1 1 1 1 1 1 1 1 
1 1 1 1 1 1 1 1 1 1 
S F 0 0 0 0 0 F 1 1 
1 1 0 0 0 F 0 0 1 1 
1 F 0 0 # 0 0 0 G 1 
1 0 0 0 F 0 0 0 1 1 
1 1 H F 0 0 0 0 1 1 
1 0 0 F 0 0 0 1 1 1 
1 1 0 F 0 1 1 0 1 1 
1 1 1 1 1 1 1 1 1 1 
r54 P62 T4

Map10
1 1 1 1 1 1 1 1 1 1 
1 1 1 1 1 1 G 1 1 1 
1 F 0 0 1 0 F 0 1 1 
1 0 0 F 0 0 F 0 1 1 
1 1 # 0 0 0 0 F S 1 
1 1 0 0 0 0 1 0 1 1 
1 # 0 1 0 0 0 # 1 1 
1 0 # # 0 0 0 0 1 1 
1 0 0 1 1 0 1 0 1 1 
1 1 1 1 1 1 1 1 1 1 
u64 p54 T4

Map10
1 1 1 G 1 1 1 1 1 1 
1 1 F 0 # 0 1 0 # 1 
1 1 0 0 # 0 0 0 0 1 
1 1 1 0 0 0 0 F 0 1 
1 S # 1 F 0 H 0 0 1 
1 1 0 0 # 0 H 0 0 1 
1 1 0 0 0 0 # 0 # 1 
1 1 0 0 # H 0 0 H 1 
1 1 1 1 1 1 1 1 1 1 
1 1 1 1 1 1 1 1 1 1 
l83 p25 T8

Map10
1 1 1 G 1 1 1 S 1 1 
1 0 # 0 0 0 1 0 0 1 
1 0 1 0 0 0 0 0 0 1 
1 F 0 0 H 0 0 # 0 1 
1 F 0 0 0 0 0 F F 1 
1 0 1 0 0 0 0 0 0 1 
1 H 0 0 0 0 1 0 0 1 
1 0 H 0 H 0 0 # F 1 
1 0 0 0 0 0 1 0 F 1 
1 1 1 1 1 1 1 1 1 1 
l82 p75 T7

Map10
1 1 1 1 1 1 1 1 1 1 
1 1 1 G 1 1 1 1 1 1 
1 1 H 0 F 1 0 0 1 1 
1 0 # 0 F 0 F 0 1 1 
1 0 0 0 0 0 0 F 1 1 
1 H 0 # 0 0 0 # 1 1 
1 # 0 1 0 0 0 0 S 1 
1 H 0 0 1 1 H # 1 1 
1 1 H 1 0 H 0 0 1 1 
1 1 1 1 1 1 1 1 1 1 
u34 R65 T9

Map10
1 1 1 S 1 1 1 1 1 1 
1 0 H F 0 0 # 0 F 1 
1 0 0 F 0 0 0 0 0 1 
G 0 F 0 0 H # F 0 1 
1 0 # # 0 # F # 0 1 
1 0 0 0 # F 0 0 0 1 
1 1 0 0 0 0 0 0 0 1 
1 0 0 0 0 F # 0 0 1 
1 0 1 0 F 0 0 0 0 1 
1 1 1 1 1 1 1 1 1 1 
l33 U25 T3

Map10
1 1 1 1 1 1 1 1 1 1 
G # 0 0 F F 0 F 1 1 
1 0 1 0 0 0 H 0 1 1 
1 0 0 0 F 0 0 0 1 1 
1 1 0 0 0 0 # 0 1 1 
1 F H 0 0 0 1 0 1 1 
1 1 F 0 0 0 0 0 1 1 
1 0 F 0 0 F 0 1 1 1 
1 1 S 1 1 1 1 1 1 1 
1 1 1 1 1 1 1 1 1 1 
u37 R17 T4

Map10
1 1 1 1 1 1 1 1 1 1 
1 F 0 0 0 H 0 0 0 1 
S 0 0 F 0 0 0 0 # 1 
1 0 H H # 0 0 0 0 1 
G 0 0 0 # 0 H 0 0 1 
1 F 0 0 0 0 0 0 0 1 
1 0 0 0 F 0 0 0 H 1 
1 0 1 0 0 F 0 H 0 1 
1 0 0 0 # F 0 1 0 1 
1 1 1 1 1 1 1 1 1 1 
d42 L54 T4

Map10
1 1 1 1 1 1 1 1 1 1 
1 1 1 1 1 1 1 1 1 1 
1 0 0 0 0 0 H 0 1 1 
1 0 0 # 0 # 0 # 1 1 
G 0 F 0 0 0 0 0 1 1 
1 # 1 # 0 # 0 F 1 1 
1 F 0 0 0 0 0 0 1 1 
1 0 0 0 1 F 0 0 S 1 
1 0 0 0 F 0 0 0 1 1 
1 1 1 1 1 1 1 1 1 1 
l74 U78 T6

Map10
1 1 1 1 1 1 1 1 1 1 
1 G 0 0 F 0 0 0 F 1 
1 1 0 0 F 0 0 0 0 1 
1 1 F 0 0 0 0 0 1 1 
1 1 0 F 0 F 0 0 0 1 
1 1 0 H # 0 1 0 1 1 
1 1 0 0 H 0 0 H 0 1 
1 1 1 0 F 0 0 0 0 1 
1 1 1 1 S 1 1 1 1 1 
1 1 1 1 1 1 1 1 1 1 
u57 R37 T5

Map10
1 1 1 1 1 1 S 1 1 1 
1 1 0 0 # 0 0 0 0 1 
1 1 0 0 0 0 0 # 0 1 
1 1 1 0 # 0 # # 0 1 
1 1 0 1 0 0 H H 0 1 
1 1 0 # # 0 0 0 0 1 
1 G 0 0 0 0 0 # F 1 
1 1 0 0 H 1 0 0 F 1 
1 1 1 1 1 1 1 1 1 1 
1 1 1 1 1 1 1 1 1 1 
d51 L71 T4

Map10
1 1 1 1 1 S 1 1 1 1 
1 0 0 # 1 0 0 # 0 1 
1 1 F 0 0 0 H 0 0 1 
1 1 0 # 0 F 0 F 0 1 
1 0 # 0 0 0 H 1 F 1 
G 0 0 0 0 F 0 1 # 1 
1 1 0 0 0 0 0 0 # 1 
1 0 0 F 0 0 0 F H 1 
1 0 F 0 # 0 0 F 1 1 
1 1 1 1 1 1 1 1 1 1 
u38 P34 T5

Map10
1 1 1 S 1 1 1 1 1 1 
1 0 0 F 0 0 # 0 0 1 
1 0 0 F 0 1 0 0 # 1 
G 0 F 0 H 0 0 F 0 1 
1 H 0 # 1 0 0 0 0 1 
1 F # 0 1 0 0 0 0 1 
1 0 0 0 # 0 0 0 0 1 
1 0 0 1 0 0 # H H 1 
1 0 0 H F 0 1 # # 1 
1 1 1 1 1 1 1 1 1 1 
l33 U27 T2
