Map8
1 1 1 1 1 1 S 1 
1 F 0 0 0 F 0 1 
1 1 1 0 0 1 1 1 
1 0 1 # 0 1 0 G 
1 0 0 0 0 0 # 1 
1 F F 0 0 1 0 1 
1 0 0 0 H 0 0 1 
1 1 1 1 1 1 1 1 
r34 P21 T8

Map8
1 1 1 1 S 1 1 1 
1 0 # 0 0 0 0 1 
1 0 0 0 F 0 0 1 
1 0 0 F 0 0 0 1 
1 0 0 0 0 0 H 1 
1 1 0 1 0 0 F 1 
G 0 0 0 H 0 0 1 
1 1 1 1 1 1 1 1 
d23 P44 T5

Map8
1 1 1 1 1 1 1 1 
1 0 1 0 0 0 0 S 
1 0 0 0 F 0 0 1 
1 0 0 1 0 0 0 G 
1 0 H 0 0 0 0 1 
1 F 0 F F 1 H 1 
1 0 H 0 0 0 1 1 
1 1 1 1 1 1 1 1 
d51 p54 T5

Map8
1 1 1 1 1 1 1 1 
1 F # 0 0 # 0 1 
1 # F 0 0 # 0 1 
1 F 0 0 0 # 0 1 
1 0 1 # 0 0 0 1 
1 # 0 0 0 0 F G 
1 0 0 F 0 0 # 1 
1 1 1 S 1 1 1 1 
r35 D43 T3

Map8
1 1 1 1 S 1 1 1 
1 0 F 0 0 0 0 1 
1 0 0 H 0 0 0 1 
1 H # 0 H 0 F 1 
1 0 H 0 0 F 0 1 
1 0 0 0 0 0 0 1 
G 0 1 0 0 1 0 1 
1 1 1 1 1 1 1 1 
r61 R31 T6

Map8
1 1 1 S 1 1 1 1 
1 F 0 0 0 0 0 1 
1 0 0 0 0 0 # 1 
1 # 0 0 # # 1 1 
1 0 1 # 0 1 1 1 
1 0 0 H 0 1 0 1 
1 1 0 0 0 0 0 G 
1 1 1 1 1 1 1 1 
d41 R21 T4

Map8
1 1 1 1 1 1 1 1 
1 0 # 0 0 0 1 1 
1 0 1 0 H 0 F 1 
1 0 0 0 0 0 0 1 
1 0 0 F 0 0 1 1 
1 F # 1 0 F 0 1 
1 0 F 1 0 0 0 S 
1 1 G 1 1 1 1 1 
u13 L53 T4

Map8
1 1 1 1 1 1 1 1 
1 1 1 1 H H 0 1 
1 F 0 0 0 0 # G 
1 0 0 1 0 # 0 1 
1 H 0 1 0 H 1 1 
1 0 # 0 0 0 H 1 
1 0 1 # 0 0 0 1 
1 1 1 1 S 1 1 1 
u15 L55 T4

Map8
1 1 1 1 1 1 1 1 
1 1 0 0 0 0 0 1 
1 0 0 0 0 0 1 1 
1 0 0 0 0 F 0 1 
G 0 0 0 1 1 1 1 
1 0 H 0 0 0 0 1 
S F 0 0 0 0 0 1 
1 1 1 1 1 1 1 1 
l34 p26 T5

Map8
1 1 1 1 1 1 1 1 
1 0 0 H # 1 0 1 
1 # 0 0 0 0 0 G 
1 0 0 0 H 1 1 1 
1 F # 0 0 0 # 1 
1 0 0 H F 0 0 1 
1 F H 0 F 0 1 1 
1 1 1 1 1 S 1 1 
r21 U25 T4

Map8
1 1 1 1 1 1 1 1 
1 1 # # 0 # 0 1 
G 0 # 0 F 0 # 1 
1 0 0 0 0 0 0 1 
1 F F 1 0 H 0 S 
1 0 0 0 0 0 0 1 
1 F H 0 0 # 0 1 
1 1 1 1 1 1 1 1 
r61 U65 T3

Map8
1 1 1 1 S 1 1 1 
1 0 0 0 0 0 1 1 
1 F 0 # F 0 # G 
1 F 0 0 1 # 0 1 
1 0 # F 0 0 0 1 
1 0 1 0 F 0 # 1 
1 0 1 0 # 0 0 1 
1 1 1 1 1 1 1 1 
u11 L51 T6

Map8
1 S 1 1 1 1 1 1 
1 0 # # 0 1 0 1 
1 F 0 0 0 0 0 1 
1 # 1 0 F # F 1 
1 0 F 0 0 1 0 G 
1 0 F 0 0 0 1 1 
1 0 0 # 0 # 0 1 
1 1 1 1 1 1 1 1 
r32 P46 T7

Map8
1 1 1 1 1 1 S 1 
1 1 0 0 0 0 0 1 
1 0 0 0 0 0 0 1 
1 0 1 0 0 0 H 1 
1 0 1 0 # 0 1 1 
1 0 0 0 0 0 0 1 
1 1 0 # 0 1 0 1 
1 1 1 1 G 1 1 1 
d41 P62 T4

Map8
1 1 1 1 1 1 1 1 
1 F 0 0 0 0 0 1 
1 1 0 0 0 0 0 G 
1 F 0 1 H # 0 1 
1 1 0 F 0 H 1 1 
S 0 0 F 0 0 0 1 
1 0 0 # H H 0 1 
1 1 1 1 1 1 1 1 
l21 U26 T3

Map8
1 1 1 1 1 1 1 1 
1 0 0 0 0 1 0 1 
1 0 0 0 # H 0 G 
1 0 1 1 0 H 0 1 
1 0 0 0 0 0 0 1 
1 H # 0 0 0 0 S 
1 H 0 0 0 0 0 1 
1 1 1 1 1 1 1 1 
r61 U66 T3

Map8
1 1 1 1 1 1 1 1 
1 0 0 0 0 0 0 1 
G 0 0 0 0 0 0 1 
1 0 0 H 0 0 0 1 
1 0 0 0 H 0 0 S 
1 0 0 1 0 0 H 1 
1 H 0 0 0 0 0 1 
1 1 1 1 1 1 1 1 
l51 U55 T3

Map8
1 1 1 1 1 1 1 1 
1 0 F 0 0 0 0 1 
1 1 H # 0 0 0 G 
1 H 0 0 H 0 F S 
1 0 0 1 1 0 0 1 
1 0 0 H 0 1 # 1 
1 0 0 0 0 1 0 1 
1 1 1 1 1 1 1 1 
r51 U54 T3

Map8
1 G 1 1 1 1 1 1 
1 0 H 0 H 0 # 1 
1 0 0 # 0 0 0 1 
1 1 0 0 1 0 0 1 
1 0 0 0 0 0 # 1 
S 0 # # 0 H 0 1 
1 # 1 0 0 0 H 1 
1 1 1 1 1 1 1 1 
l31 U36 T4

Map8
1 1 1 1 S 1 1 1 
1 0 0 0 0 0 0 1 
1 0 0 H 0 F F 1 
1 0 F F H 1 0 1 
1 1 0 0 H 1 0 1 
1 H 0 0 0 1 0 1 
1 1 1 0 0 1 0 1 
1 1 1 1 G 1 1 1 
u11 L51 T5

Map8
1 1 1 1 S 1 1 1 
1 H 0 0 0 # # 1 
1 H 0 0 F 0 0 1 
1 F 0 0 # # 1 1 
G 0 0 0 0 0 1 1 
1 # 0 0 F 0 0 1 
1 0 0 0 0 0 H 1 
1 1 1 1 1 1 1 1 
l44 P26 T3

Map8
1 1 1 1 1 1 1 1 
1 H 0 0 1 # F 1 
1 0 1 0 0 0 F 1 
1 0 F 1 # 0 0 G 
1 1 # 1 0 0 0 1 
S 0 # 0 0 0 0 1 
1 0 1 0 0 F 1 1 
1 1 1 1 1 1 1 1 
r42 U46 T3

Map8
1 1 1 1 1 1 1 1 
1 0 0 0 0 0 0 1 
G F 0 1 0 H 0 1 
1 0 0 0 0 1 0 1 
S F 0 0 0 0 0 1 
1 F 0 0 H F 0 1 
1 1 0 F 1 0 0 1 
1 1 1 1 1 1 1 1 
u24 l21 T6

Map8
1 1 1 1 1 1 1 1 
1 0 0 1 0 F 0 1 
1 0 0 0 0 0 0 1 
1 0 0 0 0 # # 1 
1 0 0 0 # 0 # 1 
1 0 H 0 0 0 0 1 
1 0 0 0 # 1 0 1 
1 1 S 1 1 1 G 1 
r12 L36 T5

Map8
1 1 1 1 1 1 1 1 
1 0 0 0 1 F 0 1 
1 H 0 0 F 0 F G 
1 0 0 0 F 0 H 1 
1 1 0 0 1 1 0 1 
1 0 0 0 0 0 0 1 
1 0 0 F 0 H 0 1 
1 S 1 1 1 1 1 1 
l21 U26 T4

Map8
1 1 1 1 1 1 1 1 
1 0 0 0 0 0 1 1 
1 0 1 0 0 0 F 1 
1 0 0 0 0 0 0 1 
G 0 0 1 0 0 0 1 
S 0 0 H 0 0 0 1 
1 0 0 0 H 0 0 1 
1 1 1 1 1 1 1 1 
l23 U26 T3

Map8
1 1 1 1 1 1 1 1 
1 # # 0 H 0 1 1 
1 # 0 0 # 0 0 G 
1 # 0 0 # 0 0 1 
1 0 0 0 0 0 1 1 
1 1 # 1 0 0 0 1 
1 0 0 0 0 0 # 1 
1 1 1 S 1 1 1 1 
l51 u56 T6

Map8
1 1 1 1 1 1 1 1 
1 # 0 # 0 H 0 1 
G 0 0 0 # 0 0 1 
1 # F 1 0 # 0 1 
1 0 F 0 # 0 0 1 
S 0 0 0 # H 0 1 
1 # 1 H 0 0 0 1 
1 1 1 1 1 1 1 1 
r41 U46 T3

Map8
1 1 G 1 S 1 1 1 
1 0 0 0 0 0 H 1 
1 0 H 1 H 0 0 1 
1 F 0 0 1 0 0 1 
1 0 0 1 0 0 H 1 
1 F 0 0 0 0 0 1 
1 H 0 0 0 0 1 1 
1 1 1 1 1 1 1 1 
u11 L51 T3

Map8
1 1 1 1 1 1 1 1 
1 0 F H 1 0 0 1 
1 F 0 1 1 0 0 1 
1 0 0 0 0 0 0 1 
1 # F 0 0 0 0 1 
1 1 1 F 0 # 0 1 
1 1 0 0 0 1 0 S 
1 1 G 1 1 1 1 1 
d33 p64 T8

Map8
1 1 1 1 1 1 1 1 
1 0 0 H 1 0 H 1 
1 0 0 0 0 0 1 1 
1 0 0 0 0 0 # G 
1 H 0 # 1 F 1 1 
1 # 0 0 0 0 F 1 
1 F 1 1 # 0 0 S 
1 1 1 1 1 1 1 1 
u56 P52 T4

Map8
1 1 1 1 S 1 1 1 
1 0 0 0 0 0 F 1 
1 0 0 0 H 0 0 1 
1 1 0 0 0 0 0 1 
1 0 0 0 H F 0 1 
1 0 0 H 0 0 0 1 
G 0 0 0 H 0 0 1 
1 1 1 1 1 1 1 1 
u11 L51 T4

Map8
1 1 1 G 1 1 S 1 
1 F 0 0 0 0 0 1 
1 1 0 0 0 0 0 1 
1 H H 0 F 0 0 1 
1 1 1 0 0 0 0 1 
1 0 0 H 0 0 F 1 
1 0 0 0 0 0 0 1 
1 1 1 1 1 1 1 1 
l64 P46 T4

Map8
1 1 1 1 1 1 1 1 
1 0 0 H 0 0 1 1 
1 H F 0 F 0 0 1 
1 0 0 0 H F 0 1 
1 0 F 0 0 0 0 1 
1 0 0 H 0 F 0 1 
1 0 0 0 0 0 0 1 
1 1 G 1 1 S 1 1 
d16 L66 T3

Map8
1 1 G 1 1 1 1 1 
1 0 0 0 0 # 0 1 
1 H F 0 # # # 1 
1 0 0 0 H H 1 1 
1 0 0 0 0 0 0 1 
1 0 0 F # 0 0 1 
1 F 0 0 0 0 # 1 
1 1 1 1 1 S 1 1 
d14 L64 T3

Map8
1 G 1 1 1 1 1 1 
1 # 0 H H H 0 1 
1 1 # # F 0 0 1 
1 0 0 0 # 0 F 1 
1 0 F 0 H 1 H 1 
1 0 0 0 0 0 # 1 
1 1 0 1 0 0 0 S 
1 1 1 1 1 1 1 1 
u15 L55 T6

Map8
1 1 1 1 1 1 1 1 
1 0 # 1 0 0 # G 
1 0 # 0 0 1 0 1 
1 0 H F 0 0 0 1 
S 0 H 0 0 0 0 1 
1 0 1 # 1 # 0 1 
1 # 0 H H 0 1 1 
1 1 1 1 1 1 1 1 
l11 U15 T5

Map8
1 1 1 1 1 1 1 1 
1 0 0 1 0 # 0 1 
1 F F 0 # 0 H 1 
1 0 H 0 0 # 0 1 
1 0 0 0 # 0 # 1 
1 F 0 H 0 0 0 1 
1 1 0 0 1 0 # 1 
1 1 G 1 1 S 1 1 
l54 d14 T5

Map8
1 1 1 1 1 S 1 1 
1 1 F 0 F 0 0 1 
1 0 0 0 # 0 0 1 
1 0 0 0 F 0 0 1 
1 1 # 0 H 0 0 1 
1 0 F 0 0 0 0 1 
1 # # 1 0 F 0 1 
1 1 G 1 1 1 1 1 
d22 P53 T4

Map8
1 1 1 1 S 1 1 1 
1 0 0 0 0 0 0 1 
1 0 0 0 0 # 0 1 
1 1 0 0 0 F 1 1 
1 0 0 0 0 0 1 1 
1 0 H 0 0 0 0 1 
1 0 0 F H 0 0 1 
1 1 1 G 1 1 1 1 
d31 L51 T3

Map8
1 1 1 1 1 S 1 1 
1 # 0 0 0 F 0 1 
1 0 # 0 0 0 0 1 
1 0 0 0 0 # 0 1 
1 # # H 0 0 1 1 
1 1 0 0 0 # F 1 
G 0 0 # # H 0 1 
1 1 1 1 1 1 1 1 
d23 P54 T5

Map8
1 1 1 1 1 1 1 1 
1 H 0 0 0 H 0 1 
1 0 0 0 0 # 0 1 
1 0 0 H 0 0 0 1 
1 0 0 F 0 0 0 1 
1 0 0 H 0 0 # S 
1 0 0 0 1 0 0 1 
1 G 1 1 1 1 1 1 
r61 U66 T4

Map8
1 1 1 1 1 1 1 1 
1 0 0 # 0 0 0 G 
1 0 0 F # 0 # 1 
1 F 0 0 F 0 0 1 
1 0 0 0 0 0 F 1 
1 1 0 0 0 H F 1 
1 0 0 0 0 0 0 1 
1 1 1 1 1 S 1 1 
d16 L66 T4

Map8
1 1 1 1 1 1 1 1 
1 H H 0 0 0 0 1 
1 H 1 0 0 0 0 1 
1 0 0 0 0 0 H 1 
1 1 0 0 # 1 1 1 
G 0 0 1 # 0 0 1 
1 0 0 0 1 1 0 S 
1 1 1 1 1 1 1 1 
l13 l43 T12

Map8
1 1 1 1 1 1 1 1 
1 H 1 0 H 0 0 1 
G 0 0 0 0 0 0 1 
1 0 0 0 1 0 0 1 
1 1 0 H 0 0 H 1 
1 0 1 0 0 0 H 1 
1 # F 0 0 0 0 1 
1 1 1 1 S 1 1 1 
l51 U55 T4

Map8
1 1 1 1 1 1 1 1 
1 0 F 0 F H 0 1 
1 F 0 # 0 0 0 1 
1 0 0 0 0 0 0 1 
1 0 0 0 0 # 0 1 
1 0 0 0 0 0 0 1 
G F 0 1 0 0 H 1 
1 1 1 1 1 S 1 1 
d13 L63 T4

Map8
1 1 1 1 1 1 1 1 
1 0 0 0 0 H 0 1 
G 0 0 H 1 0 0 1 
1 0 0 F F 0 0 1 
1 F F 1 H 1 1 1 
1 0 # 0 0 F 0 1 
1 0 0 0 0 0 0 1 
1 S 1 1 1 1 1 1 
u26 D13 T7

Map8
1 1 1 1 1 1 1 1 
1 # 1 F 0 1 0 1 
1 # 0 # 1 1 # 1 
1 F 0 0 0 0 0 1 
1 0 # 0 1 0 0 G 
1 # 0 0 F 0 0 S 
1 0 1 0 0 0 0 1 
1 1 1 1 1 1 1 1 
r53 U56 T3

Map8
1 1 1 1 1 1 G 1 
1 0 0 1 0 0 0 1 
1 0 0 H 0 0 H 1 
1 0 # # 0 1 0 1 
S 0 F 0 H 0 F 1 
1 # 0 0 0 1 0 1 
1 0 0 1 0 0 0 1 
1 1 1 1 1 1 1 1 
r13 L34 T7

Map8
1 1 1 1 1 1 1 1 
1 0 1 0 0 # 1 1 
1 1 0 H 0 0 F G 
1 0 0 0 # 0 0 1 
1 # 0 0 1 0 0 1 
1 0 0 0 # 0 H 1 
1 # 1 0 0 0 0 1 
1 S 1 1 1 1 1 1 
r42 p33 T6

