Map
1 1 1 1 1 1 1 1 
1 # 0 F 0 0 H 1 
1 0 H F 0 0 0 1 
G 0 # # F 1 F 1 
1 1 F 0 0 0 0 1 
1 0 0 0 0 F 0 1 
1 0 H 0 0 0 1 1 
1 S 1 1 1 1 1 1 
D45 P46 T6

Map
1 1 1 G 1 1 1 1 
1 # 0 0 1 H 0 1 
1 0 0 F 0 0 # 1 
1 F # 0 0 F # S 
1 1 0 # F 0 1 1 
1 F 0 F 0 # 0 1 
1 1 0 0 0 0 1 1 
1 1 1 1 1 1 1 1 
R33 u43 T5

Map
1 1 1 1 1 G 1 1 
1 0 0 H 0 0 1 1 
1 0 0 1 0 1 1 1 
1 0 0 0 0 0 H 1 
1 0 0 0 0 0 H 1 
1 0 0 0 0 0 0 1 
1 0 H 0 0 0 0 1 
1 S 1 1 1 1 1 1 
U43 p14 T5

Map
1 1 1 1 1 1 S 1 
1 0 0 H 0 0 0 1 
G 0 1 0 0 0 0 1 
1 0 0 0 0 0 0 1 
1 0 H 0 0 0 0 1 
1 0 0 0 # 0 0 1 
1 F 0 0 0 0 1 1 
1 1 1 1 1 1 1 1 
P11 T4

Map
1 1 S 1 1 1 1 1 
1 0 # 0 0 # 0 1 
1 0 0 0 F 0 # 1 
1 0 H 0 # 0 0 1 
G 0 # 0 0 0 1 1 
1 0 0 # 0 0 F 1 
1 0 0 0 0 H # 1 
1 1 1 1 1 1 1 1 
P22 P15 T4

Map
1 1 1 1 1 1 1 1 
S 0 0 0 0 F 0 1 
G 0 0 1 0 1 0 1 
1 0 F F 0 0 0 1 
1 0 0 1 0 F 0 1 
1 0 1 0 0 0 0 1 
1 0 1 0 0 0 0 1 
1 1 1 1 1 1 1 1 
L12 u46 T6

Map
1 1 S 1 1 1 1 1 
G 0 0 0 0 H 0 1 
1 F 0 0 # 0 0 1 
1 0 H 0 0 # 0 1 
1 0 # 0 # 0 0 1 
1 0 F 0 0 F F 1 
1 0 0 0 0 # 0 1 
1 1 1 1 1 1 1 1 
R22 T5

Map
1 1 1 S 1 1 1 1 
1 0 0 0 # 0 0 1 
1 0 0 0 0 0 0 1 
1 0 0 H 0 0 # 1 
1 0 0 0 0 0 0 1 
G 0 0 0 0 0 0 1 
1 0 # 0 0 0 0 1 
1 1 1 1 1 1 1 1 
P32 p14 T5

Map
1 1 1 1 1 1 1 1 
1 H 0 F 0 0 # 1 
1 0 0 0 0 F 0 G 
1 0 0 0 H 0 0 1 
S 0 0 0 0 0 0 1 
1 H 0 0 0 0 # 1 
1 0 H 1 0 F 1 1 
1 1 1 1 1 1 1 1 
D21 P23 T4

Map
1 1 1 1 1 1 1 1 
1 0 0 0 0 0 0 G 
1 F 0 0 0 H 0 1 
S F 0 0 0 0 F 1 
1 0 0 H 0 0 0 1 
1 0 0 H 0 0 0 1 
1 0 0 F 0 0 0 1 
1 1 1 1 1 1 1 1 
D23 T4

Map
1 1 1 1 S 1 1 1 
1 1 H 0 0 # 0 1 
1 0 F 0 0 0 0 1 
1 # 0 0 0 # # 1 
1 0 1 0 0 1 0 1 
1 0 0 # H 0 # 1 
1 0 0 0 1 0 # G 
1 1 1 1 1 1 1 1 
L43 T5

Map
1 1 1 1 1 G 1 1 
1 # H 0 0 0 F 1 
1 0 0 0 0 F F 1 
1 0 F 0 0 0 0 1 
S 0 F 0 H 0 0 1 
1 # 0 0 # F 0 1 
1 0 F H 1 0 0 1 
1 1 1 1 1 1 1 1 
R13 U14 T4

Map
1 1 1 1 1 1 1 1 
1 H H 0 0 0 # 1 
1 0 0 F # 0 0 S 
1 # 0 0 0 0 # 1 
1 0 0 0 0 0 0 1 
1 F 0 0 0 0 0 1 
1 0 0 F 0 0 0 1 
1 1 1 1 G 1 1 1 
P56 T4

Map
1 1 1 1 1 1 1 1 
1 0 0 # 0 0 # S 
1 # H # 0 0 1 1 
1 0 F 0 # 0 0 1 
1 # 0 0 0 0 0 1 
1 0 0 H 0 0 0 G 
1 0 0 0 0 0 # 1 
1 1 1 1 1 1 1 1 
R65 T4

Map
1 1 1 1 G 1 1 1 
1 F 0 0 0 0 0 1 
1 0 0 0 1 H 1 1 
1 0 F 0 1 0 0 1 
1 0 F 0 1 F 0 1 
1 # 0 1 0 0 0 1 
1 F 0 0 0 1 # S 
1 1 1 1 1 1 1 1 
U26 p31 T10

Map
1 1 1 1 1 S 1 1 
1 0 H 0 0 0 0 1 
1 0 0 0 0 0 0 1 
1 0 0 0 0 0 0 1 
1 0 0 0 0 H 0 1 
1 0 0 H 0 0 0 G 
1 0 0 0 0 0 0 1 
1 1 1 1 1 1 1 1 
L52 R65 T4

Map
1 1 1 1 1 1 1 1 
1 F 0 0 0 0 F G 
1 0 0 0 0 0 0 1 
1 H 0 0 0 H F 1 
1 0 # 1 0 0 0 1 
1 0 0 0 1 0 # S 
1 0 0 0 # F 0 1 
1 1 1 1 1 1 1 1 
U26 T5

Map
1 1 1 1 S 1 1 1 
1 0 0 0 0 # 0 1 
1 0 # H H H 0 1 
1 0 0 0 0 0 0 1 
1 0 F 0 0 F 0 1 
1 0 0 0 0 0 0 1 
1 0 0 0 0 0 0 1 
1 1 1 1 G 1 1 1 
P36 R41 T4

Map
1 1 1 G 1 1 1 1 
1 0 0 0 0 0 0 1 
1 F 0 # 0 0 0 1 
1 H 0 0 0 0 0 1 
1 0 0 # F 0 0 1 
1 0 0 0 0 0 0 1 
1 H F 0 0 0 0 S 
1 1 1 1 1 1 1 1 
P21 P36 T4

Map
1 1 1 1 1 1 1 1 
1 0 F F 0 # 0 1 
1 0 0 1 F F 0 1 
S 0 1 0 1 0 0 1 
1 F 0 0 1 H F 1 
1 0 0 0 H 0 0 1 
1 0 F 0 0 0 0 1 
1 1 1 G 1 1 1 1 
P46 T4

Map
1 1 1 G 1 1 1 1 
1 1 0 # 0 0 0 1 
1 0 # 0 0 0 0 1 
1 0 1 0 0 0 0 1 
1 # F H 0 0 0 1 
1 0 0 # 0 # 1 1 
1 0 0 H 0 0 0 1 
1 1 S 1 1 1 1 1 
L25 P42 T4

Map
1 1 1 1 1 S 1 1 
1 F 0 0 0 0 1 1 
G 0 0 0 0 F H 1 
1 0 0 1 0 0 0 1 
1 1 0 # F 0 # 1 
1 0 F 0 0 0 F 1 
1 F 0 0 F 0 # 1 
1 1 1 1 1 1 1 1 
P55 d31 T6

Map
1 1 1 1 G 1 1 1 
1 0 0 0 0 0 0 1 
1 0 0 0 0 0 0 1 
S F 0 H 0 0 0 1 
1 0 H 1 0 0 0 1 
1 0 F # 0 F 0 1 
1 0 0 F # 0 H 1 
1 1 1 1 1 1 1 1 
U23 L64 T4

Map
1 1 1 1 G 1 1 1 
1 0 0 0 0 F 0 S 
1 F 0 0 0 0 # 1 
1 1 F 0 0 0 0 1 
1 0 # 0 0 0 0 1 
1 # # 0 1 0 F 1 
1 0 0 0 0 0 # 1 
1 1 1 1 1 1 1 1 
D21 p34 T6

Map
1 1 1 1 1 S 1 1 
1 1 0 0 0 0 # 1 
1 0 0 0 F # F 1 
1 0 0 0 0 1 0 1 
1 0 1 # 0 0 0 1 
1 # F 0 0 0 0 1 
1 0 0 F 0 1 0 1 
1 1 1 G 1 1 1 1 
L64 T5

Map
1 1 1 1 1 1 1 1 
G 0 H 0 0 0 0 1 
1 0 0 0 H 0 0 1 
S F 0 F F 0 0 1 
1 0 0 F 0 0 0 1 
1 F 0 0 1 0 0 1 
1 # 0 0 0 0 0 1 
1 1 1 1 1 1 1 1 
L22 p36 T7

Map
1 1 1 1 1 1 1 1 
1 0 F 0 # 0 0 1 
1 F 0 0 0 0 0 S 
1 H F 0 F 1 0 1 
1 0 F 0 H 0 # G 
1 F 0 0 1 0 0 1 
1 0 1 1 0 0 0 1 
1 1 1 1 1 1 1 1 
D62 u56 T4

Map
1 1 1 1 1 1 1 1 
1 H F H 0 0 H 1 
1 # F 0 0 0 F S 
1 0 0 0 0 0 # G 
1 # 0 0 F 0 F 1 
1 0 0 0 0 0 H 1 
1 1 0 0 # 0 1 1 
1 1 1 1 1 1 1 1 
D32 p52 T4

Map
1 1 G 1 1 1 1 1 
1 0 0 1 0 0 1 1 
1 # 1 # 0 0 F 1 
1 0 # 0 # 0 F 1 
1 1 1 # 0 F 0 1 
1 0 F 0 0 # 0 1 
1 0 0 0 0 0 0 1 
1 1 1 1 1 S 1 1 
P52 T5

Map
1 1 1 1 1 1 1 1 
1 # H 0 0 0 0 1 
1 0 0 H 0 0 F 1 
1 # 0 0 1 # # 1 
1 0 0 F 0 1 # 1 
S 0 H F F 0 0 G 
1 # 0 0 0 0 0 1 
1 1 1 1 1 1 1 1 
D15 u56 T4

Map
1 1 1 1 1 1 1 1 
1 0 0 0 0 0 H 1 
1 H 0 0 0 # # 1 
S 0 0 0 0 0 F 1 
1 F 0 # 0 0 0 1 
G 0 0 0 0 # 0 1 
1 F 0 0 0 0 0 1 
1 1 1 1 1 1 1 1 
P33 p24 T4

Map
1 1 1 1 1 G 1 1 
1 1 0 0 F 0 0 1 
1 F 0 0 1 0 0 1 
1 0 # 1 0 1 0 1 
1 0 0 # 0 0 0 S 
1 F H 0 F 0 0 1 
1 0 0 0 0 # 0 1 
1 1 1 1 1 1 1 1 
U51 T4

Map
1 1 1 G 1 1 1 1 
1 0 # 0 0 0 # 1 
1 0 0 F 0 0 0 S 
1 0 F 0 # 0 F 1 
1 1 1 F 0 0 H 1 
1 F 0 H 1 H F 1 
1 0 0 # 1 0 # 1 
1 1 1 1 1 1 1 1 
P41 T4

Map
1 1 1 1 1 1 1 1 
1 0 0 0 0 # 1 1 
1 # # 0 H 0 0 1 
G 0 F H # 0 H 1 
1 0 0 0 0 0 0 1 
1 # 0 0 0 1 0 1 
1 0 0 0 0 0 0 1 
1 1 1 1 1 1 S 1 
L64 p14 T4

Map
1 1 1 1 1 1 1 1 
1 F 0 0 1 0 0 S 
1 0 F 0 # 0 0 1 
1 1 1 0 0 0 1 1 
1 0 0 0 0 F H 1 
1 0 H 0 0 0 0 1 
1 F # 0 F 0 0 1 
1 1 1 G 1 1 1 1 
U53 p52 T4

Map
1 1 1 1 1 1 1 1 
S 0 F 0 1 0 0 1 
1 0 F 0 0 0 0 1 
1 # H 1 # 0 0 G 
1 0 F # 0 F F 1 
1 0 0 0 # 0 0 1 
1 F 0 # 0 0 0 1 
1 1 1 1 1 1 1 1 
R63 T4

Map
1 1 1 1 1 1 1 1 
1 0 1 0 F 0 1 1 
1 0 0 # 0 0 F 1 
1 0 0 0 0 0 0 1 
1 1 F F 0 F 0 1 
1 0 0 0 F H F 1 
G 0 0 0 0 0 1 1 
1 1 1 1 S 1 1 1 
U23 P42 T5

Map
1 1 S 1 1 1 1 1 
1 0 0 # 1 F 0 1 
1 0 0 0 0 0 # 1 
1 H # # 0 0 0 1 
1 # 0 0 0 # 0 1 
1 # 1 0 0 1 0 1 
1 H # H 0 0 F G 
1 1 1 1 1 1 1 1 
U44 P43 T4

Map
1 1 G 1 1 1 1 1 
1 1 0 0 F 0 F 1 
1 0 0 H 0 0 F 1 
1 0 0 0 0 0 0 1 
1 0 0 0 0 H F 1 
1 0 0 0 F F F 1 
1 0 F 0 0 H 0 1 
1 S 1 1 1 1 1 1 
P12 p13 T4

Map
1 1 1 1 1 1 1 1 
1 0 0 0 H H 0 1 
1 0 0 0 0 0 0 G 
1 1 0 0 0 0 0 1 
1 0 0 1 0 0 0 1 
1 0 0 0 1 0 0 1 
1 0 0 H 0 0 0 S 
1 1 1 1 1 1 1 1 
P56 p63 T4

Map
1 1 G 1 1 1 1 1 
1 # 0 0 0 0 0 1 
1 0 F 0 0 0 0 1 
1 0 0 0 0 0 0 1 
1 F H # # 0 0 1 
1 # 0 0 0 0 0 1 
1 # 1 F 0 # 0 S 
1 1 1 1 1 1 1 1 
P46 u21 T4

Map
1 1 1 1 1 1 1 1 
1 0 0 0 1 H 0 1 
G 0 0 F 0 0 0 1 
1 # 0 1 0 0 0 1 
S 0 # 0 F 0 1 1 
1 0 # 0 0 1 1 1 
1 H 0 1 # 0 F 1 
1 1 1 1 1 1 1 1 
R52 T6

Map
1 1 1 1 1 1 1 1 
1 0 0 0 H 0 0 1 
1 # 0 H 0 0 F 1 
1 # 0 0 0 0 H 1 
G 0 H 0 0 # 0 1 
1 0 # F 0 0 0 1 
1 0 0 0 0 0 0 1 
1 1 1 1 S 1 1 1 
P44 p15 T5

Map
1 1 S 1 1 1 1 1 
1 0 0 0 0 0 F 1 
1 0 0 0 1 0 0 G 
1 0 0 # # F 0 1 
1 F 0 0 F 0 F 1 
1 0 1 H 0 H 0 1 
1 0 0 F 0 0 0 1 
1 1 1 1 1 1 1 1 
R62 T6

Map
1 1 1 1 1 1 1 1 
1 0 0 1 0 1 0 1 
1 0 # 0 0 0 0 1 
1 0 0 0 0 F 0 1 
1 0 1 0 0 0 0 1 
S 0 0 1 0 0 0 1 
1 0 0 0 0 # 0 1 
1 1 1 1 1 G 1 1 
U33 D52 T7

Map
1 1 1 1 1 1 1 1 
1 0 # H 0 0 0 1 
1 0 # 0 0 # # 1 
1 0 0 0 0 1 F 1 
1 0 H 0 0 0 0 1 
S 0 1 0 0 # 0 1 
1 0 0 0 0 # 0 1 
1 1 1 G 1 1 1 1 
P46 T4

Map
1 1 1 1 1 1 1 1 
S 0 0 # 0 F 0 1 
1 0 0 0 F 1 F 1 
1 1 0 0 0 0 0 1 
1 0 # 0 F 0 0 1 
1 0 1 # 0 0 # 1 
1 0 0 0 1 1 F 1 
1 1 G 1 1 1 1 1 
L64 d26 T5

Map
1 1 1 1 1 1 1 1 
1 0 0 0 H 0 0 1 
1 F 0 0 0 0 0 1 
1 0 0 H 0 H 0 1 
1 0 0 0 0 0 0 1 
G 0 0 0 1 0 0 S 
1 F 0 0 0 0 0 1 
1 1 1 1 1 1 1 1 
P34 P26 T5

Map
1 1 1 1 1 1 1 1 
1 0 H 0 1 0 0 1 
1 0 F H 0 0 0 1 
1 0 0 # 0 0 0 1 
1 0 0 0 0 0 0 1 
1 0 0 H 0 F 0 1 
1 0 0 0 0 0 0 1 
1 1 1 G 1 S 1 1 
P26 T5

Map
1 1 1 1 1 1 1 1 
S 0 0 H # 0 0 1 
1 0 0 # 0 0 0 G 
1 F 0 H F # 0 1 
1 0 # 0 # 0 0 1 
1 0 0 0 0 # 0 1 
1 0 0 0 0 F 0 1 
1 1 1 1 1 1 1 1 
D21 p11 T4

Map
1 1 1 1 1 1 1 1 
1 # 0 0 H H 0 1 
1 0 0 F 0 0 0 1 
G 0 0 0 0 0 # 1 
1 # 0 F H 0 0 1 
1 0 0 0 0 # 0 1 
1 H 0 # 0 0 0 1 
1 1 1 S 1 1 1 1 
P62 P35 T4

Map
1 1 1 S 1 1 1 1 
1 F # 0 F F 0 1 
1 0 0 0 # 0 F 1 
1 0 # # 0 0 # 1 
1 F 0 0 0 0 # G 
1 0 0 F H 0 0 1 
1 0 0 0 H F 0 1 
1 1 1 1 1 1 1 1 
P65 u26 T6

Map
1 1 1 1 1 1 1 1 
1 0 0 0 0 0 F 1 
1 F # 0 0 F 0 1 
1 0 0 0 F F 0 1 
S 0 0 # 0 0 F 1 
1 0 # 0 F 1 0 1 
1 0 0 0 0 0 F 1 
1 1 1 1 1 1 G 1 
P24 D21 T5

Map
1 1 G S 1 1 1 1 
1 0 0 0 # # 0 1 
1 F 0 F 0 0 0 1 
1 F 0 1 0 0 0 1 
1 0 0 0 0 0 0 1 
1 0 0 0 0 F 0 1 
1 0 0 0 0 0 # 1 
1 1 1 1 1 1 1 1 
P16 R31 T4

Map
1 1 G 1 1 1 1 1 
1 0 0 0 # 0 # 1 
S 0 H H 0 0 0 1 
1 0 0 0 0 # 0 1 
1 1 # 0 0 # 0 1 
1 0 0 H 0 0 0 1 
1 0 0 0 0 1 0 1 
1 1 1 1 1 1 1 1 
D12 u21 T5

Map
1 1 1 1 1 1 1 1 
1 # 0 F 0 0 0 1 
1 0 0 0 0 0 0 1 
1 1 0 0 F 0 0 1 
1 0 0 0 0 0 0 1 
G 0 0 F 1 0 F 1 
1 0 0 0 1 0 F S 
1 1 1 1 1 1 1 1 
L53 l25 T4

Map
1 1 1 1 1 1 1 1 
1 0 # 0 # 0 0 1 
1 0 0 0 0 0 0 1 
1 0 0 F 0 0 0 1 
1 0 0 F 0 0 0 1 
1 0 0 # H 0 0 1 
1 0 0 F 0 1 0 S 
1 1 1 G 1 1 1 1 
L62 p42 T4

Map
1 1 1 1 1 1 1 1 
1 0 0 0 0 # # 1 
1 0 0 1 H 0 0 1 
1 # 0 0 0 1 0 G 
1 F 0 0 # # 0 1 
1 0 0 0 1 H 0 1 
1 0 1 0 0 0 0 1 
1 1 1 1 1 S 1 1 
R56 p64 T4

Map
1 1 1 1 1 1 1 1 
1 H 0 0 H 0 F 1 
1 # 0 0 H # 0 G 
1 # # F F 0 0 1 
1 F 0 0 # 0 1 1 
1 0 1 0 F 0 0 S 
1 0 0 0 H F 0 1 
1 1 1 1 1 1 1 1 
P51 D21 T6

Map
1 1 1 1 1 1 1 1 
1 0 0 0 0 0 # 1 
1 0 0 0 0 0 0 1 
1 # F # 0 0 H 1 
1 0 0 # 0 0 0 1 
S 0 0 H 0 0 # 1 
1 0 # 0 1 0 0 1 
1 1 1 1 1 G 1 1 
D51 D25 T4

Map
1 G 1 1 1 S 1 1 
1 0 0 H 1 0 0 1 
1 H # 1 0 0 0 1 
1 0 F 0 0 0 0 1 
1 0 0 1 0 0 0 1 
1 # 0 F 0 F 0 1 
1 H 0 1 0 0 # 1 
1 1 1 1 1 1 1 1 
L45 U25 T5

Map
1 1 1 1 1 1 1 1 
1 0 # 0 0 0 0 1 
1 0 # 0 0 # 0 1 
G 0 1 F 0 0 0 1 
1 1 1 F 0 0 1 1 
1 0 # 0 0 0 0 1 
1 H 0 0 F 0 0 S 
1 1 1 1 1 1 1 1 
U36 T4

Map
1 1 1 1 1 1 G 1 
1 0 0 0 0 H 0 1 
1 0 0 0 0 0 0 1 
1 # 0 0 0 0 0 1 
1 # 0 H 0 0 # 1 
S # 0 0 1 H 0 1 
1 0 0 H 0 # # 1 
1 1 1 1 1 1 1 1 
D41 T6

Map
1 1 1 1 G 1 1 1 
1 0 # F F 0 0 1 
1 0 0 H # 0 0 1 
1 0 0 0 0 0 0 1 
1 0 F 0 # 0 0 1 
1 # 0 0 F 0 0 S 
1 F 0 F 0 0 # 1 
1 1 1 1 1 1 1 1 
U55 U46 T4

Map
1 G 1 1 1 1 1 1 
1 0 0 0 # 0 F 1 
1 H 0 F 0 0 0 1 
1 0 0 0 0 0 0 1 
1 0 0 0 0 0 0 1 
1 0 0 0 0 0 0 1 
1 0 0 0 F 0 0 1 
1 1 1 1 1 1 S 1 
L62 P42 T4

Map
1 1 1 1 1 1 1 1 
1 0 H 0 0 # 0 1 
1 0 0 0 0 H 0 G 
1 0 F 0 0 # 0 1 
1 1 0 0 F 0 0 1 
1 F 0 F 0 0 # S 
1 F 0 0 F 0 0 1 
1 1 1 1 1 1 1 1 
R45 p63 T4

Map
1 1 1 1 1 1 1 1 
1 0 0 F 0 H 0 1 
1 F F 0 1 0 0 1 
1 0 # 0 0 0 F S 
1 1 0 0 # 0 0 G 
1 0 0 F # 0 F 1 
1 0 0 F H # 0 1 
1 1 1 1 1 1 1 1 
P43 p53 T4

Map
1 1 1 1 1 G 1 1 
1 # 0 0 0 0 0 1 
1 0 F F 0 0 0 1 
S 0 0 0 # # # 1 
1 1 H 0 0 0 0 1 
1 # 0 0 0 1 0 1 
1 0 0 0 0 F 0 1 
1 1 1 1 1 1 1 1 
P41 T4

Map
1 1 1 1 1 1 1 1 
1 0 F 0 0 0 0 1 
1 0 1 0 0 1 0 S 
1 0 F 0 1 0 1 1 
1 1 0 0 0 H 0 1 
1 F 1 0 0 0 # 1 
1 # 0 0 0 # # 1 
1 1 1 1 1 G 1 1 
P46 r35 T10

Map
1 1 1 1 1 1 1 1 
1 0 0 # 0 0 0 1 
1 F 0 H 0 # 0 G 
1 F H F 0 1 0 1 
1 0 F 1 0 0 0 1 
1 0 0 0 0 0 0 S 
1 # # F 0 F # 1 
1 1 1 1 1 1 1 1 
D51 T4

Map
1 1 1 1 1 1 1 1 
1 0 0 0 0 F 0 1 
1 # 0 0 # # 0 1 
1 0 F 0 0 0 1 1 
1 0 0 H 0 0 0 1 
1 0 1 0 F # 0 1 
1 0 0 F # 0 # 1 
1 G 1 1 1 S 1 1 
P53 T4

Map
1 1 1 1 1 1 1 1 
1 0 H # 0 0 0 1 
1 F # 0 0 1 0 1 
1 F 0 F 0 0 0 1 
G 0 0 0 F 1 0 1 
1 1 0 0 0 # # 1 
1 0 0 1 # 0 # S 
1 1 1 1 1 1 1 1 
L45 P23 T4

Map
1 1 1 1 1 G 1 1 
1 0 0 0 0 F 0 1 
1 F 0 0 0 0 0 1 
1 F 0 0 0 0 0 1 
1 0 0 0 0 0 0 1 
1 0 0 0 0 0 # 1 
1 0 0 0 0 # 0 1 
1 1 1 S 1 1 1 1 
P66 T4

Map
1 1 1 1 1 1 1 1 
1 0 0 1 1 0 0 1 
1 0 0 0 0 0 # 1 
1 0 F 0 0 F # 1 
1 1 0 H F 1 0 S 
G 0 0 F # # 0 1 
1 # 0 0 F 0 H 1 
1 1 1 1 1 1 1 1 
P61 T9

Map
1 1 1 1 1 1 1 1 
1 H 0 0 F 0 # S 
1 0 0 0 0 # 0 1 
1 0 0 1 H 1 # 1 
G 0 H 0 0 0 1 1 
1 0 0 0 0 # 0 1 
1 0 0 0 # 0 0 1 
1 1 1 1 1 1 1 1 
P21 p13 T6

Map
1 1 1 1 1 1 1 1 
1 0 0 0 0 0 0 1 
1 # 0 0 H 0 0 1 
1 0 0 0 0 H 0 S 
1 0 0 0 0 0 0 G 
1 0 0 0 H 0 0 1 
1 0 0 0 1 0 0 1 
1 1 1 1 1 1 1 1 
U63 P15 T4

Map
1 1 1 1 1 1 1 1 
1 0 # 0 0 0 0 1 
1 0 F 0 0 0 0 1 
1 0 0 0 1 0 0 S 
1 H F H 0 F # 1 
1 F F 0 0 F F 1 
1 0 0 0 0 H 1 1 
1 1 1 G 1 1 1 1 
P11 P46 T6

Map
1 1 1 1 1 S 1 1 
1 0 0 # 0 0 0 1 
1 0 0 1 0 # 0 1 
1 0 0 0 0 0 0 1 
1 0 0 0 0 1 0 1 
1 0 0 0 0 0 0 1 
1 0 0 0 0 0 F 1 
1 1 1 1 1 G 1 1 
R15 d55 T4

Map
1 1 1 1 S 1 G 1 
1 0 1 0 0 F # 1 
1 0 H F F H # 1 
1 0 0 F # F 0 1 
1 H 0 0 # 0 # 1 
1 F 0 0 H 0 0 1 
1 0 0 0 0 0 0 1 
1 1 1 1 1 1 1 1 
L41 T4

Map
1 G 1 1 1 1 1 1 
1 0 H 0 0 0 # 1 
1 0 1 0 1 0 0 1 
1 # # F 0 0 # 1 
1 # H 1 0 0 1 1 
1 0 # 0 H 0 0 1 
1 1 0 0 0 H F 1 
1 1 1 1 S 1 1 1 
L46 u36 T4

Map
1 1 1 1 1 1 1 1 
1 0 0 0 0 0 0 1 
1 0 0 # 0 0 0 S 
1 0 0 0 0 # H 1 
1 0 0 # 0 0 0 1 
1 0 0 H 0 0 # 1 
1 0 0 0 0 0 1 1 
1 1 1 G 1 1 1 1 
P46 T4

Map
1 1 1 1 1 1 1 1 
1 0 0 0 1 0 0 1 
S F 0 0 F 0 F 1 
1 0 0 # 0 1 F 1 
G 0 0 0 0 F 0 1 
1 0 # # # 0 0 1 
1 0 0 1 # 0 F 1 
1 1 1 1 1 1 1 1 
P32 P13 T5

Map
1 1 1 1 1 G 1 1 
1 F 0 F 0 # 1 1 
1 0 0 0 0 1 0 1 
1 0 1 0 1 H 0 1 
1 0 0 0 0 0 0 1 
1 0 0 F 0 0 0 S 
1 F H F 0 0 1 1 
1 1 1 1 1 1 1 1 
D12 p13 T6

Map
1 1 1 1 1 1 1 1 
1 0 0 0 0 0 0 1 
1 0 0 0 0 0 0 1 
1 0 0 0 0 0 0 1 
1 F 0 0 0 # 0 S 
1 # 1 0 H H 0 G 
1 0 0 0 0 0 0 1 
1 1 1 1 1 1 1 1 
U24 p64 T6

Map
1 1 G 1 1 1 1 1 
1 # 0 # 0 0 H 1 
1 0 # 0 0 0 0 1 
1 0 # 1 F # 0 S 
1 0 0 0 0 0 0 1 
1 0 # 0 0 0 0 1 
1 0 0 1 0 0 # 1 
1 1 1 1 1 1 1 1 
P62 U63 T8

Map
1 1 1 1 1 1 1 1 
1 0 0 # # 0 0 1 
S 0 0 1 0 0 # 1 
1 0 0 0 0 0 0 1 
1 0 0 0 0 0 0 1 
1 0 0 0 # # 1 1 
1 0 0 0 # 0 0 1 
1 1 1 1 1 G 1 1 
P61 T4

Map
1 1 1 1 1 S 1 1 
G 0 # F H 0 0 1 
1 1 # 0 # 0 0 1 
1 H 1 0 0 F 0 1 
1 0 0 0 # 0 0 1 
1 # 0 0 0 H F 1 
1 # 0 0 0 0 1 1 
1 1 1 1 1 1 1 1 
R52 P62 T4

Map
1 1 1 1 1 1 1 1 
S 0 0 # 0 0 0 1 
1 0 0 # # F 0 1 
1 0 0 0 H 0 1 1 
1 F 1 F F 0 # 1 
1 0 # 0 0 0 0 1 
1 # 0 # 1 F 0 G 
1 1 1 1 1 1 1 1 
U26 T7

Map
1 1 1 1 1 1 1 1 
1 0 0 0 0 # # 1 
1 0 0 H 0 0 F 1 
1 F 0 0 0 0 0 S 
1 0 0 # 0 0 0 1 
1 0 0 0 0 0 0 1 
1 0 F 1 F F 0 1 
1 1 G 1 1 1 1 1 
P23 d25 T4

Map
1 1 1 1 1 1 1 1 
1 F 0 0 0 # 1 1 
S 0 0 0 0 0 0 1 
1 0 # # 1 0 0 1 
G F F 0 0 1 # 1 
1 # 0 0 H F H 1 
1 0 1 0 # 0 0 1 
1 1 1 1 1 1 1 1 
R13 l34 T5

Map
1 1 1 S 1 1 1 1 
1 0 0 0 0 F # 1 
1 H 0 0 0 F F 1 
1 0 0 F # 0 # G 
1 F 0 0 1 H 0 1 
1 0 0 0 0 0 0 1 
1 # # F 0 0 0 1 
1 1 1 1 1 1 1 1 
L35 p31 T7

Map
1 1 1 1 S 1 1 1 
1 0 0 0 0 F 0 1 
1 0 0 0 0 H H 1 
1 0 0 0 0 0 0 1 
1 F 0 0 0 0 0 1 
1 F 0 0 0 F 0 1 
1 0 0 0 F 0 0 1 
1 1 1 G 1 1 1 1 
U42 p41 T5

Map
1 1 1 1 1 1 1 1 
1 F 0 0 0 1 1 1 
1 H 1 F 0 0 # 1 
1 H 0 0 0 F 0 1 
1 0 # 0 # F H 1 
S 0 F 0 F F F 1 
1 0 0 0 0 0 0 1 
1 1 1 1 1 G 1 1 
D15 p46 T4

Map
1 1 S 1 1 1 1 1 
1 1 F 1 H 0 F G 
1 0 # F 0 0 0 1 
1 0 0 F 0 0 H 1 
1 H 0 1 F 0 0 1 
1 0 1 1 0 F 0 1 
1 0 0 0 0 F 0 1 
1 1 1 1 1 1 1 1 
L23 U52 T4

Map
1 1 1 1 1 S 1 1 
1 0 0 0 0 0 0 1 
1 0 1 0 0 0 0 1 
1 F 0 F 0 F 0 1 
1 F 0 H 0 0 0 1 
1 0 0 0 0 F F 1 
1 0 0 0 0 1 F 1 
1 1 1 G 1 1 1 1 
D36 P52 T4

Map
1 1 1 1 1 1 1 1 
1 # # 0 0 0 0 1 
1 # 0 1 0 0 1 1 
1 0 F 0 # 0 # 1 
1 0 # 0 0 F 0 1 
1 # 0 0 0 1 F 1 
1 0 0 1 0 0 0 1 
1 1 S 1 1 G 1 1 
P51 p46 T6

Map
1 1 1 1 1 G 1 1 
1 0 0 F 0 0 F 1 
1 0 0 0 F F 0 1 
1 # 0 0 H 0 # 1 
1 # 0 F 0 0 0 1 
1 0 0 0 0 0 0 1 
S 0 F 0 0 0 # 1 
1 1 1 1 1 1 1 1 
P64 P45 T4

Map
1 1 1 1 1 G 1 1 
1 0 0 F 0 0 # 1 
1 1 1 # 0 0 0 1 
1 0 1 0 0 F 0 1 
1 0 0 F F F F 1 
1 1 0 0 0 0 0 1 
1 0 # 0 0 F 1 1 
1 1 S 1 1 1 1 1 
P24 p45 T4

Map
1 1 S 1 1 1 1 1 
1 0 0 0 F 1 0 1 
1 0 0 0 0 H 0 1 
1 0 1 0 F 0 0 1 
1 0 0 H 0 0 0 1 
1 1 0 0 0 0 0 1 
1 0 0 F 0 0 0 1 
1 1 G 1 1 1 1 1 
D24 T4

Map
1 S 1 1 1 1 1 1 
1 0 0 0 0 1 # G 
1 0 0 1 F 0 0 1 
1 F 0 0 0 0 0 1 
1 0 0 0 0 0 H 1 
1 0 0 # 0 1 0 1 
1 0 # 1 0 # 0 1 
1 1 1 1 1 1 1 1 
R23 T5

Map
1 1 1 S 1 1 1 1 
1 0 0 # # F 0 1 
1 0 0 0 0 0 0 1 
1 0 0 0 1 0 0 1 
1 0 0 0 0 0 0 1 
1 0 0 0 H # 1 1 
1 0 # 1 0 0 0 1 
1 1 1 1 G 1 1 1 
P44 T8

Map
1 1 1 1 1 1 1 1 
1 0 F F 1 0 0 1 
1 H 0 0 1 0 0 G 
1 0 F 0 0 0 0 1 
1 0 0 F 0 0 0 S 
1 0 0 0 0 0 0 1 
1 F 0 F 1 0 0 1 
1 1 1 1 1 1 1 1 
P51 D64 T4

Map
1 S G 1 1 1 1 1 
1 F F 0 H 0 0 1 
1 0 0 0 0 0 F 1 
1 0 # 0 # 0 0 1 
1 F 0 0 # 0 0 1 
1 0 0 H F F 1 1 
1 # # 0 0 0 F 1 
1 1 1 1 1 1 1 1 
U24 U56 T5

Map
1 1 1 1 1 1 1 1 
1 F 0 1 0 0 H 1 
1 0 # 0 0 0 # 1 
1 # # 0 0 0 0 1 
S F 0 0 0 # F 1 
1 0 F # F 0 # 1 
1 0 0 0 0 0 0 1 
1 1 1 1 1 G 1 1 
P34 d56 T4

Map
1 1 1 1 1 1 1 1 
1 H 0 0 0 0 H 1 
1 0 0 0 0 0 0 1 
1 H 0 # # 0 0 S 
1 0 0 # # 0 0 1 
1 0 # 0 0 0 # 1 
1 0 0 0 0 0 # 1 
1 G 1 1 1 1 1 1 
P23 T4

Map
1 1 1 1 1 1 1 1 
1 0 0 0 0 0 0 1 
1 0 0 0 0 0 0 S 
1 0 0 0 H 0 0 1 
1 0 0 # 0 0 0 1 
G 0 0 0 0 1 0 1 
1 H 0 0 # # 0 1 
1 1 1 1 1 1 1 1 
R15 p25 T7

Map
1 1 S 1 G 1 1 1 
1 0 0 H F H 0 1 
1 F # 0 # # 0 1 
1 0 0 H 0 1 0 1 
1 1 F 1 # 0 0 1 
1 0 # F 0 F 0 1 
1 F # 1 0 F 0 1 
1 1 1 1 1 1 1 1 
P23 T5

Map
1 1 1 1 S 1 1 1 
1 0 0 # # 1 0 1 
1 0 0 0 0 0 0 1 
1 0 0 0 H 1 1 1 
1 0 0 0 F 0 F 1 
1 0 0 0 0 F # G 
1 0 0 H 1 0 # 1 
1 1 1 1 1 1 1 1 
U42 p14 T5

Map
1 1 1 1 1 1 1 1 
1 0 0 0 0 0 0 1 
1 1 0 0 0 1 0 1 
1 0 H 0 1 0 0 1 
1 0 0 0 H 0 0 1 
1 0 0 0 0 0 0 1 
G 0 0 H 0 0 0 1 
1 1 1 1 S 1 1 1 
D45 p46 T4

Map
1 S 1 1 1 1 1 1 
1 0 0 0 # 0 0 1 
1 0 1 0 0 F 0 G 
1 # 0 0 0 0 F 1 
1 # # 0 0 H 1 1 
1 0 0 # 1 0 0 1 
1 0 F F 0 0 0 1 
1 1 1 1 1 1 1 1 
P33 d31 T5

Map
1 1 1 G 1 1 1 1 
1 0 0 0 0 # # 1 
1 0 # 0 0 0 H 1 
1 1 0 F 1 0 1 1 
1 F 0 0 1 0 0 1 
1 0 0 # F 0 0 1 
1 0 0 # # F 0 1 
1 S 1 1 1 1 1 1 
P15 u31 T7

Map
1 S 1 1 1 1 1 1 
1 0 F F 0 1 0 1 
1 0 F 0 0 0 # 1 
1 F F 0 1 0 0 1 
1 # 0 0 H F # 1 
1 # H 0 # F 0 1 
1 1 0 H 0 F 0 1 
1 1 1 1 1 G 1 1 
P12 d52 T5

Map
1 1 S 1 1 1 G 1 
1 1 # 0 0 0 0 1 
1 H 0 0 0 0 0 1 
1 0 0 F 0 0 0 1 
1 0 F 0 # 0 0 1 
1 1 1 F 0 H F 1 
1 # 1 # 0 0 # 1 
1 1 1 1 1 1 1 1 
L23 T4

Map
1 1 1 1 1 S 1 1 
1 # 0 0 0 0 0 1 
1 0 0 # 0 H 0 1 
1 0 0 # 0 0 0 1 
1 # 1 # 0 F # 1 
1 0 0 0 0 0 0 1 
1 H 0 0 # 0 0 1 
1 1 1 1 G 1 1 1 
L51 p31 T7

Map
1 1 1 1 1 1 1 1 
1 F 0 0 1 # 0 S 
1 0 F 0 F # # 1 
1 1 0 0 0 1 0 1 
1 0 # 0 0 0 1 1 
G 0 # 0 1 F 0 1 
1 0 0 1 0 0 # 1 
1 1 1 1 1 1 1 1 
P31 U32 T5

Map
1 1 S 1 1 1 1 1 
1 0 0 0 H 0 0 1 
1 # H # 0 0 0 1 
1 F 0 F H 0 0 1 
G # 0 0 0 0 0 1 
1 0 # 0 0 0 1 1 
1 # 0 0 0 1 F 1 
1 1 1 1 1 1 1 1 
L21 r15 T7

Map
1 1 1 1 1 1 1 1 
G F 0 0 0 0 0 1 
1 0 0 0 0 0 0 1 
1 0 1 0 0 # F 1 
1 0 0 0 0 0 0 1 
1 0 0 H 0 0 0 1 
1 0 0 0 0 0 0 1 
1 1 1 S 1 1 1 1 
L36 u26 T5

Map
1 1 1 1 1 1 1 1 
1 0 # 0 0 1 0 1 
1 0 H 0 0 # 0 1 
1 0 F F 0 # # 1 
1 0 1 0 H 0 0 S 
1 0 0 0 0 H 0 1 
1 0 0 # # # # 1 
1 1 G 1 1 1 1 1 
U54 d26 T5

Map
1 1 1 1 1 1 1 1 
1 0 0 0 F 0 # 1 
G 0 0 1 0 0 0 1 
1 0 0 0 0 0 F 1 
1 0 F 0 # 0 0 1 
1 0 # 0 H 0 0 S 
1 0 0 0 0 1 0 1 
1 1 1 1 1 1 1 1 
P13 P55 T5

Map
1 1 1 1 1 1 1 1 
1 0 0 H 0 0 # 1 
1 0 F F 0 # # S 
1 F 0 F # 1 0 1 
G # 0 0 0 0 0 1 
1 H # 0 # 0 0 1 
1 H 0 0 0 0 0 1 
1 1 1 1 1 1 1 1 
P42 p63 T5

Map
1 1 1 1 1 1 1 1 
1 0 0 0 0 0 0 1 
1 F 0 0 0 0 1 1 
1 0 0 1 0 0 0 S 
1 0 F 0 0 0 1 1 
G 0 0 0 F F 1 1 
1 0 0 0 0 0 0 1 
1 1 1 1 1 1 1 1 
P14 T5

Map
1 1 1 1 G 1 1 1 
1 0 0 0 0 0 1 1 
1 0 0 0 0 0 0 1 
1 H F 0 F 1 0 1 
1 0 0 1 1 0 0 1 
1 0 0 0 0 0 0 1 
1 0 0 0 F 1 0 1 
1 1 1 S 1 1 1 1 
U42 T4

Map
1 1 1 1 1 1 1 1 
1 # 0 0 1 0 0 1 
S F 0 0 1 0 0 1 
1 0 0 1 0 0 0 G 
1 0 F 0 0 H # 1 
1 0 0 1 0 0 0 1 
1 H 0 F 0 0 0 1 
1 1 1 1 1 1 1 1 
P32 R63 T4

Map
1 1 1 S 1 1 1 1 
1 0 0 0 H 0 0 1 
1 0 0 F 0 # F 1 
1 1 H 0 0 0 0 1 
1 0 0 0 0 0 1 1 
1 H 0 0 0 0 0 1 
1 0 F 1 0 # F G 
1 1 1 1 1 1 1 1 
P35 T4

Map
1 1 1 1 1 1 1 1 
1 0 0 0 0 0 # 1 
1 F # 0 0 0 0 1 
1 0 0 0 # 1 0 1 
1 H 1 0 0 0 0 1 
1 0 0 0 1 0 1 1 
1 0 0 0 0 0 0 1 
1 1 G S 1 1 1 1 
P16 T4

Map
1 1 1 1 1 S 1 1 
1 0 0 0 0 # 1 1 
1 0 0 0 1 # 1 1 
G 0 F # 0 F 0 1 
1 0 0 0 0 0 # 1 
1 1 0 F 1 0 0 1 
1 0 0 0 0 0 0 1 
1 1 1 1 1 1 1 1 
U44 u36 T7

Map
1 1 1 1 1 1 1 1 
S 0 0 0 0 H 0 1 
1 0 0 0 # 0 0 1 
1 0 0 0 0 H 0 1 
1 1 F 0 0 0 0 1 
1 0 0 0 0 0 0 G 
1 0 F 0 0 0 0 1 
1 1 1 1 1 1 1 1 
L31 p21 T5

Map
1 1 1 1 1 S 1 1 
1 0 F 0 F 0 0 1 
1 0 1 0 0 F 0 1 
1 0 0 0 # F F 1 
1 0 F 0 0 0 1 1 
1 # F 0 0 0 F 1 
1 # 0 0 0 0 0 1 
1 1 G 1 1 1 1 1 
P33 r13 T5

Map
1 1 1 1 1 1 1 1 
1 0 0 H 0 0 0 G 
1 0 1 F 0 0 0 1 
1 0 1 0 # 0 0 1 
1 0 H 0 0 0 0 S 
1 # 0 0 0 0 0 1 
1 0 0 0 0 0 0 1 
1 1 1 1 1 1 1 1 
D34 T4

Map
1 1 1 1 1 1 1 1 
1 0 # 0 F 0 0 1 
1 0 0 0 0 0 0 1 
1 F 0 0 0 # 0 1 
1 0 # 0 0 0 0 1 
1 0 0 0 0 0 0 1 
1 0 # # 0 0 0 1 
1 1 1 G S 1 1 1 
D42 p46 T5

Map
1 1 1 1 1 1 1 1 
1 0 0 0 0 0 0 1 
1 0 0 0 0 0 0 1 
1 F 0 0 0 0 F 1 
1 0 F 0 0 F H 1 
1 0 H 0 0 0 0 1 
G 0 0 0 H F 0 1 
1 1 1 1 1 1 S 1 
P35 L65 T5

Map
1 1 1 1 1 1 1 1 
1 H 0 0 0 0 0 1 
1 0 0 F H 1 0 1 
S 0 0 0 H 1 0 1 
G F # 0 0 0 F 1 
1 F 0 0 0 0 1 1 
1 1 0 0 0 0 0 1 
1 1 1 1 1 1 1 1 
P33 u36 T5

Map
1 1 1 1 1 1 1 1 
1 0 0 0 0 0 F 1 
1 0 0 1 0 0 0 1 
1 F 0 F 0 F 0 1 
1 0 0 0 0 0 0 1 
1 0 0 0 0 0 0 1 
1 0 0 0 H 0 0 1 
1 1 1 G 1 S 1 1 
P54 p45 T4

Map
1 1 1 1 1 1 1 1 
1 0 0 0 H 0 0 1 
1 # 0 0 H 0 0 1 
1 0 0 F 0 0 0 1 
1 # 0 0 0 0 0 1 
1 0 0 F 0 H F 1 
S 0 # 0 # 0 0 1 
1 1 1 G 1 1 1 1 
L64 p44 T4

Map
1 1 1 1 1 1 1 1 
1 # 0 F 0 F # 1 
G # 0 0 0 0 0 1 
S 0 0 H H 0 0 1 
1 F 1 # 0 F 0 1 
1 0 0 1 0 # 0 1 
1 0 F 0 0 0 0 1 
1 1 1 1 1 1 1 1 
P23 l62 T5

Map
1 1 1 1 1 1 1 1 
1 0 0 F 0 0 # 1 
1 F F 0 0 0 0 G 
1 F H 0 0 0 0 1 
1 # 0 0 F 0 F 1 
1 # 0 0 0 1 0 1 
S 0 # 0 F 1 0 1 
1 1 1 1 1 1 1 1 
P63 P36 T6

Map
1 1 1 1 1 1 1 1 
1 F 0 0 # 0 0 1 
1 F 0 1 0 H F 1 
1 0 0 0 # F 0 1 
1 0 0 0 0 0 0 1 
1 0 0 0 0 F 0 1 
1 H F 0 H # 0 G 
1 1 1 1 1 S 1 1 
L54 p14 T6

Map
1 1 1 1 1 1 1 1 
1 H 0 0 0 H # 1 
1 H 0 0 0 0 F 1 
G 0 0 0 0 0 0 1 
1 0 # 0 0 0 0 1 
1 0 0 1 # 0 0 1 
1 0 F # 0 # # 1 
1 S 1 1 1 1 1 1 
P14 l23 T4

Map
1 S 1 1 1 1 1 1 
1 0 F 0 F 0 F 1 
1 F 0 0 0 0 0 1 
1 0 0 0 0 0 0 G 
1 F F 0 0 0 0 1 
1 0 0 0 0 0 0 1 
1 0 # 0 0 H 0 1 
1 1 1 1 1 1 1 1 
P22 P36 T4

Map
1 1 1 1 1 1 1 1 
1 1 0 1 H 0 H 1 
1 F 0 0 0 0 0 1 
1 1 0 0 0 F 0 1 
1 F 1 0 0 0 0 1 
1 0 H H 0 F 0 S 
1 # 0 0 0 F 0 1 
1 1 1 G 1 1 1 1 
D45 p46 T4

Map
1 1 1 1 1 1 1 1 
G 0 0 0 H 0 0 S 
1 F F F 0 0 0 1 
1 0 0 F 0 0 F 1 
1 0 0 0 0 0 0 1 
1 0 0 0 0 0 0 1 
1 F F 0 0 0 0 1 
1 1 1 1 1 1 1 1 
P51 U36 T4

Map
1 1 1 G 1 1 1 1 
1 0 0 0 0 0 F 1 
1 0 F # 0 0 # 1 
1 # 0 # 0 0 1 1 
1 0 0 1 0 0 0 1 
1 0 0 0 0 0 0 S 
1 0 0 0 F 0 1 1 
1 1 1 1 1 1 1 1 
P41 T4

Map
1 1 1 1 1 1 1 1 
1 0 H # 0 # 0 1 
1 0 H 0 0 1 1 1 
G 0 1 0 # 0 0 1 
1 0 1 F 1 0 0 1 
1 0 0 0 0 1 0 1 
1 H 0 0 0 0 # 1 
1 1 1 1 1 S 1 1 
P36 p14 T7

Map
1 1 1 1 1 1 1 1 
1 0 0 0 F # F S 
1 0 1 0 0 0 # 1 
G 0 0 F F 0 # 1 
1 # 0 0 0 0 0 1 
1 0 1 0 0 0 0 1 
1 0 0 0 F # 0 1 
1 1 1 1 1 1 1 1 
U24 P15 T4

Map
1 1 1 1 1 1 1 1 
1 0 0 # 0 # 1 1 
1 0 0 # 0 1 0 1 
1 0 0 0 1 0 # 1 
S 0 0 F 0 0 F 1 
1 # 0 # 0 0 F G 
1 # 1 0 0 0 0 1 
1 1 1 1 1 1 1 1 
U14 d21 T4

Map
1 1 1 1 G 1 1 1 
1 0 0 0 0 0 0 1 
1 F 0 F H 0 F 1 
S # 0 # # 0 0 1 
1 F H # 0 0 0 1 
1 0 0 0 F 0 0 1 
1 0 1 0 0 0 0 1 
1 1 1 1 1 1 1 1 
P31 T4

Map
1 1 1 1 1 1 1 1 
1 0 1 0 0 0 0 1 
1 0 0 0 1 # 0 1 
1 0 1 0 0 0 0 1 
1 0 0 0 0 0 0 1 
1 F 0 F 0 0 F G 
S 0 1 0 0 0 0 1 
1 1 1 1 1 1 1 1 
D24 P13 T4

Map
1 1 1 1 1 1 1 1 
1 0 0 0 # # F 1 
S 0 F 0 0 0 F 1 
1 0 H 0 0 F 0 1 
1 F 0 0 0 F # 1 
1 0 # 0 # 0 0 1 
1 0 F H 0 0 0 1 
1 1 1 1 1 G 1 1 
P52 P66 T4

Map
1 1 1 1 1 G 1 1 
1 0 0 0 0 0 F 1 
1 0 0 0 0 0 H 1 
1 H 0 0 0 # 0 1 
1 0 0 H 0 H 1 1 
1 0 0 0 0 0 0 S 
1 0 0 1 0 0 0 1 
1 1 1 1 1 1 1 1 
P63 r23 T6

Map
1 1 1 1 1 1 1 1 
1 1 0 0 0 0 0 1 
1 H 0 0 0 0 0 1 
1 0 0 # 0 0 0 1 
1 # 0 # 0 0 # 1 
1 F 0 0 1 F 1 1 
1 0 0 0 0 0 # 1 
1 S 1 G 1 1 1 1 
P13 p24 T4

Map
1 1 G 1 S 1 1 1 
1 0 0 0 0 0 1 1 
1 0 H 0 F 0 0 1 
1 0 # 0 0 F 0 1 
1 H 0 0 # 0 # 1 
1 0 1 0 0 0 1 1 
1 # 0 F # 0 0 1 
1 1 1 1 1 1 1 1 
P11 l45 T5

Map
1 1 S 1 1 1 1 1 
1 0 0 0 H 0 0 1 
1 0 0 F 0 0 0 1 
1 0 H 0 0 0 0 1 
1 0 F 0 0 0 0 1 
1 # 0 0 F 0 # 1 
1 0 # 0 0 # 0 1 
1 1 1 G 1 1 1 1 
L21 d36 T4

Map
1 1 1 1 1 1 G 1 
1 H F 0 0 0 0 1 
1 0 # # 1 1 1 1 
1 # H 1 1 0 0 1 
S # 0 0 # F 0 1 
1 0 F 0 H # 0 1 
1 0 0 0 0 0 F 1 
1 1 1 1 1 1 1 1 
R12 D24 T6

Map
1 1 1 1 1 1 1 1 
1 0 F F 0 0 0 1 
1 1 0 # 0 # 0 1 
1 F 1 F 0 H 0 1 
G 0 0 1 0 0 0 1 
1 0 1 0 0 0 0 1 
1 0 # F 0 0 F 1 
1 1 1 1 S 1 1 1 
L14 T4

Map
1 1 1 1 S 1 1 1 
1 0 0 0 0 0 1 1 
1 0 0 0 0 0 # 1 
1 # 0 0 F 0 0 1 
1 0 0 0 1 0 0 G 
1 F 0 0 0 0 0 1 
1 0 0 0 # 0 0 1 
1 1 1 1 1 1 1 1 
L41 p65 T6

Map
1 1 1 1 1 1 1 1 
1 0 0 H 0 0 0 1 
1 0 0 0 0 0 0 1 
1 0 0 0 # # # 1 
1 0 0 0 # 0 # G 
1 0 0 H 0 0 0 1 
1 0 H 0 0 0 H 1 
1 1 1 1 1 S 1 1 
P65 T4

Map
1 1 1 1 1 1 1 1 
1 0 H H 0 # 0 1 
1 0 F 0 F H 1 1 
S F # 1 0 F 0 1 
1 F 0 0 0 0 0 1 
1 1 1 0 F 0 0 1 
1 F 0 0 0 0 0 1 
1 1 G 1 1 1 1 1 
R26 p36 T6

Map
1 1 1 1 1 1 1 1 
1 0 F 0 1 0 0 1 
1 0 0 0 # 0 1 1 
1 # F # 0 1 1 1 
1 # 0 0 # 0 0 1 
1 H 0 0 0 0 # S 
1 0 0 0 0 0 H 1 
1 1 G 1 1 1 1 1 
P12 P35 T4

Map
1 1 1 1 1 1 1 1 
1 # 0 0 H 0 # 1 
1 0 0 0 H 0 # S 
1 # 0 0 0 0 0 1 
1 1 0 0 # 0 0 1 
1 0 0 0 0 0 # 1 
1 # 0 0 # H 0 1 
1 G 1 1 1 1 1 1 
P52 p64 T5

Map
1 1 1 1 S 1 1 1 
1 0 0 0 0 0 # 1 
1 F 0 1 0 0 0 1 
G 0 0 0 1 0 F 1 
1 0 # 0 0 # 0 1 
1 0 1 F 0 1 0 1 
1 F 0 0 1 F F 1 
1 1 1 1 1 1 1 1 
U14 l13 T4

Map
1 1 1 1 G 1 1 1 
1 0 0 0 0 F # 1 
1 0 0 0 F 0 0 1 
1 0 # 0 1 # F S 
1 0 F # 0 F 0 1 
1 0 F 0 0 0 0 1 
1 0 0 0 # 0 1 1 
1 1 1 1 1 1 1 1 
P11 u41 T8

Map
1 1 1 1 1 1 1 1 
1 0 0 0 # 0 0 1 
1 0 0 0 H 0 0 S 
1 # 0 1 H # H 1 
1 0 0 1 0 # 0 1 
1 # 0 1 0 # 0 1 
1 0 1 0 0 # # 1 
1 G 1 1 1 1 1 1 
P52 T4

Map
1 1 G 1 1 1 1 1 
1 0 0 F 0 1 0 1 
1 F F 0 1 0 0 1 
1 0 0 1 0 0 0 1 
S 0 F 0 F 0 0 1 
1 0 1 0 H 0 0 1 
1 0 0 0 0 0 1 1 
1 1 1 1 1 1 1 1 
P64 U21 T5

Map
1 1 1 1 1 1 1 1 
1 0 0 # 0 F F 1 
1 0 0 0 0 0 F 1 
G 0 0 0 1 1 0 1 
1 0 0 0 0 0 0 1 
S 0 0 0 0 H 0 1 
1 0 1 0 F F 0 1 
1 1 1 1 1 1 1 1 
P25 p14 T4

Map
1 1 1 1 1 1 1 1 
1 0 0 H 0 0 0 1 
1 0 0 0 0 F 0 1 
1 0 0 F F 0 0 G 
1 0 F 0 H 0 # 1 
1 H 0 F # 0 0 S 
1 # 0 0 0 F 0 1 
1 1 1 1 1 1 1 1 
D25 r63 T4

Map
1 1 1 1 1 G 1 1 
1 0 0 0 F 0 0 1 
1 0 0 0 0 0 0 1 
1 0 0 0 F 0 0 1 
1 F # # 0 0 0 S 
1 # # # F F 0 1 
1 0 0 0 0 F 0 1 
1 1 1 1 1 1 1 1 
D44 u51 T5

Map
1 1 1 1 1 1 1 1 
1 0 0 0 H 0 0 1 
1 1 F 0 0 0 0 1 
1 0 0 0 0 0 F 1 
1 1 # 0 0 0 0 G 
1 0 0 H H 0 0 S 
1 0 # 0 0 F 0 1 
1 1 1 1 1 1 1 1 
P55 D51 T4

Map
1 1 1 1 1 1 1 1 
1 0 0 0 # 0 0 1 
G 0 0 # H 0 0 1 
1 0 1 F 0 F 0 1 
1 0 0 # 0 0 0 1 
1 H 0 0 F 0 0 1 
1 1 0 0 # # 0 1 
1 1 1 1 S 1 1 1 
P11 P43 T4

Map
1 1 1 1 1 1 1 1 
1 # 0 F 0 0 0 1 
1 0 0 0 0 0 H 1 
1 H # 0 0 0 H 1 
1 # 0 0 1 0 0 1 
1 0 F H 0 0 F S 
1 0 0 0 0 0 0 1 
1 1 1 G 1 1 1 1 
D45 p46 T4

Map
1 1 1 1 1 1 1 1 
1 1 0 0 F F 0 G 
1 H 0 0 F 0 1 1 
1 0 0 H 0 F 0 1 
1 F F 0 0 H F 1 
1 0 0 0 0 0 0 1 
1 0 # 0 0 0 0 1 
1 1 1 S 1 1 1 1 
P34 u25 T4

Map
1 1 1 1 1 1 1 1 
S 0 0 H 0 0 0 1 
1 # 0 0 0 0 # 1 
1 1 0 0 0 0 1 1 
1 0 0 0 0 0 0 1 
1 0 0 # 1 0 0 1 
1 0 0 1 0 0 0 1 
1 1 1 1 G 1 1 1 
P21 p42 T7

Map
1 1 1 1 1 1 1 1 
1 0 1 0 0 H 0 1 
1 0 0 0 0 # F 1 
1 0 0 0 0 0 0 1 
G 0 0 0 0 0 H 1 
1 0 0 0 0 0 0 1 
1 0 0 0 0 1 0 S 
1 1 1 1 1 1 1 1 
L65 l14 T4

Map
1 1 1 1 1 1 1 1 
1 0 1 0 0 # H 1 
1 0 0 0 0 0 0 1 
1 # 1 0 0 # 0 1 
1 # 0 1 0 0 0 1 
1 0 H # 0 # 0 G 
S 0 0 0 0 F 0 1 
1 1 1 1 1 1 1 1 
L64 r45 T4

Map
1 1 1 1 1 1 1 1 
1 0 0 0 0 0 0 1 
1 0 0 0 0 0 0 1 
1 0 H H 0 0 0 1 
1 0 0 0 0 0 0 1 
1 0 0 0 0 0 0 1 
1 H 0 0 0 # 0 1 
1 1 S 1 1 G 1 1 
L24 P61 T4

Map
1 1 1 1 1 1 1 1 
1 F 0 0 0 0 0 1 
1 H 0 F 0 0 # G 
S # 0 # 0 # # 1 
1 0 0 0 0 0 0 1 
1 # 0 # 0 0 0 1 
1 0 0 0 0 F F 1 
1 1 1 1 1 1 1 1 
D21 r22 T4

Map
1 1 S 1 1 1 1 1 
1 # 0 # 0 # 1 1 
1 0 # 0 0 H 0 1 
1 1 0 H F # 0 1 
1 1 0 H 0 0 0 G 
1 0 0 0 0 F F 1 
1 0 0 0 # F 1 1 
1 1 1 1 1 1 1 1 
P45 D41 T4

Map
1 1 G 1 1 1 1 1 
1 0 # 0 0 H 0 1 
1 0 0 F 0 0 0 1 
1 0 0 0 0 0 0 1 
1 0 0 0 0 0 0 1 
1 0 1 0 0 # H 1 
1 # 0 # 0 0 # 1 
1 1 S 1 1 1 1 1 
R13 u23 T4

Map
1 1 1 1 1 1 1 1 
1 F # 0 0 0 0 1 
G 0 0 0 # 0 F 1 
1 0 F # 0 0 # 1 
1 0 # 0 0 F 0 1 
1 # 0 1 0 0 1 1 
1 1 0 # 0 1 0 1 
1 1 1 1 S 1 1 1 
L22 T4

Map
1 1 1 1 1 1 1 1 
1 H 1 0 # # 0 1 
1 F 0 F 1 0 0 1 
S F 0 1 0 0 0 1 
1 F 0 0 0 F 1 1 
1 # H 0 F 0 0 1 
1 0 H # # 1 F 1 
1 1 1 1 G 1 1 1 
P44 R24 T5

Map
1 1 1 1 1 G 1 1 
1 0 0 0 0 0 1 1 
1 0 H F 0 1 0 1 
1 0 0 0 0 0 0 1 
1 0 H 0 0 0 0 1 
1 0 1 1 0 H 0 1 
1 0 0 H 0 0 0 1 
1 1 1 1 1 1 S 1 
P62 T5

Map
1 S 1 1 1 1 1 1 
1 0 H 0 F 0 0 1 
1 0 0 0 0 0 0 1 
1 0 1 0 0 0 F 1 
1 F H 0 1 0 0 1 
1 H 0 F 0 H 0 1 
1 0 0 # 0 F 0 G 
1 1 1 1 1 1 1 1 
U12 p11 T4

Map
1 1 1 G 1 1 1 1 
1 0 0 F 1 0 0 1 
1 H # 0 # 0 H 1 
S 0 0 # H 0 0 1 
1 0 0 0 0 # 0 1 
1 F 0 0 F # # 1 
1 0 0 0 0 # 0 1 
1 1 1 1 1 1 1 1 
P23 p26 T5

Map
1 1 1 1 1 1 1 1 
1 0 0 0 0 F 0 1 
S F 0 0 1 0 0 1 
1 0 0 F 0 0 F 1 
1 0 0 0 0 1 0 1 
1 # 0 F F F 1 1 
1 # 1 1 0 # 0 G 
1 1 1 1 1 1 1 1 
P32 r24 T5

Map
1 1 1 1 G 1 1 1 
1 0 1 0 0 # 0 1 
1 0 0 F 0 0 # 1 
1 # 0 1 0 F 1 1 
1 0 0 F 0 0 0 1 
1 0 0 0 0 0 0 1 
S 0 0 0 F 0 0 1 
1 1 1 1 1 1 1 1 
P35 l65 T4

Map
1 1 1 1 1 1 1 1 
S 0 0 # H 0 0 G 
1 0 0 0 # 0 # 1 
1 0 0 0 1 0 0 1 
1 0 H 0 0 0 F 1 
1 1 0 0 0 # # 1 
1 0 1 F 0 # # 1 
1 1 1 1 1 1 1 1 
P13 D11 T4

Map
1 1 1 1 G 1 1 1 
1 0 0 # 0 0 0 1 
1 F H 0 F 0 F 1 
1 0 0 0 # F 0 1 
1 0 0 0 0 0 0 1 
1 0 0 0 0 0 0 1 
1 H 0 0 0 F 0 1 
1 1 1 1 1 S 1 1 
P54 R14 T4

Map
1 S 1 1 1 1 1 1 
1 0 0 0 # 0 F 1 
1 F 0 # 0 0 F 1 
1 0 0 # 0 0 F 1 
1 0 0 H 0 0 0 1 
1 # 0 # 0 1 0 1 
1 0 0 0 0 H # 1 
1 1 1 1 1 1 G 1 
P16 r44 T5

Map
1 1 1 1 1 1 1 1 
S # 0 0 0 0 # 1 
1 1 0 H 1 0 H 1 
1 0 0 0 # 1 0 1 
1 0 0 0 0 0 0 1 
1 H 1 0 0 0 0 1 
1 0 # 0 0 0 # 1 
1 1 1 G 1 1 1 1 
D21 L65 T4

Map
1 1 1 1 1 1 1 1 
1 0 1 0 0 0 0 1 
1 0 0 0 0 # 0 1 
1 0 0 # H 0 0 S 
1 # 0 0 # 0 0 1 
1 0 1 # 0 # 1 1 
1 1 0 # 0 0 # 1 
1 1 1 1 G 1 1 1 
D53 p56 T4

Map
1 1 1 1 1 1 1 1 
1 0 0 # # H 0 G 
1 0 0 0 # H 0 1 
1 0 # 0 H 0 0 S 
1 0 0 0 0 0 0 1 
1 F H 0 0 0 # 1 
1 # 0 # 0 0 0 1 
1 1 1 1 1 1 1 1 
D53 T4

Map
1 1 1 1 1 1 1 1 
1 H 0 F 1 0 0 1 
1 0 1 0 0 1 0 S 
1 0 0 0 # 1 0 1 
1 0 # 1 # 0 # 1 
1 0 0 0 0 0 0 1 
1 0 0 0 0 1 H 1 
1 1 G 1 1 1 1 1 
P65 d26 T6

Map
1 1 1 1 1 1 1 1 
1 0 0 0 0 0 0 1 
1 1 0 0 0 0 0 1 
1 1 0 0 0 F 0 1 
1 F # 0 0 0 0 1 
G F 0 H F 0 0 1 
S 0 0 0 0 0 0 1 
1 1 1 1 1 1 1 1 
D21 p26 T4

Map
1 1 S 1 1 1 1 1 
1 1 0 0 0 0 0 1 
1 # 1 0 0 1 H 1 
1 0 H 0 # 0 0 1 
1 F F 1 0 F 0 1 
1 0 0 0 F 0 0 1 
1 0 0 0 0 0 0 1 
1 1 1 1 1 G 1 1 
P51 p46 T6

Map
1 1 1 1 1 1 1 1 
1 F 0 0 0 0 F 1 
1 0 0 0 0 F 0 1 
1 0 F F 0 1 0 G 
1 1 F 0 0 0 0 1 
1 0 0 0 0 0 0 1 
1 0 0 0 1 1 0 1 
1 1 S 1 1 1 1 1 
P62 D41 T5

Map
1 1 S G 1 1 1 1 
1 0 # 0 0 0 0 1 
1 F 0 0 0 0 0 1 
1 0 0 # 0 0 H 1 
1 # 0 0 H 0 0 1 
1 0 # 0 # 0 0 1 
1 # H 0 0 F H 1 
1 1 1 1 1 1 1 1 
L62 P22 T4

Map
1 1 1 1 1 1 1 1 
1 # 0 # 0 # 0 1 
1 0 # 0 0 H 0 S 
1 0 1 # 0 0 1 1 
1 0 0 0 0 1 0 1 
1 0 0 H 0 H 0 1 
1 0 0 0 0 # 0 1 
1 1 G 1 1 1 1 1 
U62 P36 T5

Map
1 1 1 1 1 1 1 1 
1 0 # 0 0 0 0 1 
1 0 # 0 1 H 1 1 
1 0 F 0 0 0 # 1 
1 H 0 0 0 0 0 S 
1 1 0 H 1 H 0 1 
1 0 0 1 1 0 0 1 
1 1 1 1 1 G 1 1 
U44 T5

Map
1 1 1 1 1 1 1 1 
1 0 1 0 0 0 0 1 
1 0 F 0 0 0 0 S 
1 0 0 H 0 0 1 1 
1 0 0 0 0 0 0 1 
1 0 0 0 0 0 0 1 
1 F 0 0 H 1 0 G 
1 1 1 1 1 1 1 1 
U15 r14 T4

Map
1 1 G 1 1 S 1 1 
1 0 0 # 0 0 0 1 
1 0 0 # F # H 1 
1 0 0 0 1 1 0 1 
1 0 F 0 0 0 0 1 
1 1 # 0 0 0 # 1 
1 F 0 F H F # 1 
1 1 1 1 1 1 1 1 
L35 R13 T5

Map
1 1 1 1 1 1 1 1 
1 # 0 H 0 0 0 1 
1 F 0 0 # 0 0 1 
1 0 0 0 1 H 0 1 
1 0 0 0 F 0 0 1 
1 0 # # 0 # # G 
1 # 0 0 0 F 0 1 
1 1 1 1 1 1 S 1 
R15 T4

Map
1 1 1 1 1 1 1 1 
1 F 0 0 0 0 0 1 
1 0 F 0 H F 0 1 
1 H 0 F 0 0 0 1 
1 0 0 0 H 0 0 1 
1 0 # # 0 0 F 1 
S 0 # # 0 0 0 1 
1 1 1 G 1 1 1 1 
R21 p41 T4

Map
1 1 1 1 1 1 1 1 
1 0 0 1 0 0 0 1 
1 F 0 0 0 0 0 1 
1 0 0 0 0 H H 1 
1 0 0 0 F F H 1 
1 0 0 0 0 0 0 1 
1 0 0 # 0 0 0 1 
1 1 1 1 S 1 G 1 
L43 T4

Map
1 1 1 1 1 1 1 1 
1 0 0 0 F 0 0 1 
1 0 H 0 # F F 1 
1 0 # F 0 0 F 1 
1 0 # 0 H 0 0 G 
1 0 0 0 # 0 F 1 
1 0 F 0 0 0 # 1 
1 S 1 1 1 1 1 1 
D51 p53 T4

Map
1 1 1 1 1 1 S 1 
1 F 1 1 0 # # 1 
1 0 0 0 0 # 1 1 
1 F 0 H # 0 H 1 
1 0 # F 0 # # 1 
1 F 0 0 F 0 F 1 
G 0 # H 1 0 0 1 
1 1 1 1 1 1 1 1 
R42 p53 T8

Map
1 1 1 1 1 1 1 1 
S # 0 H 0 H 0 1 
1 0 F 1 1 0 0 1 
1 F F 0 1 # 0 1 
1 0 0 0 0 0 F 1 
1 0 F H # 0 # 1 
1 0 0 # 0 0 0 1 
1 1 1 1 G 1 1 1 
P21 d46 T4

Map
1 1 1 1 1 1 1 1 
1 1 0 # 0 0 H 1 
G F 0 0 1 0 0 1 
1 0 F 0 F F 0 1 
1 F 0 0 0 # # 1 
S 0 # 0 0 0 # 1 
1 0 0 F 0 0 0 1 
1 1 1 1 1 1 1 1 
P21 U26 T4

Map
1 1 1 1 G 1 1 1 
1 # 0 0 0 0 # 1 
1 0 # 1 # 0 0 1 
S 0 H 0 1 0 0 1 
1 0 # 1 0 1 H 1 
1 0 0 # 0 # 0 1 
1 0 0 0 H 0 1 1 
1 1 1 1 1 1 1 1 
U13 p31 T4

Map
1 1 1 1 G 1 1 1 
1 0 F 0 0 F 0 1 
1 0 F 0 1 0 F 1 
1 F 0 # 0 1 # 1 
1 0 0 0 0 0 0 1 
1 F 0 1 0 1 0 1 
1 H 0 0 # 0 0 1 
1 1 1 1 1 S 1 1 
U41 T4

Map
1 1 1 1 G 1 1 1 
1 0 0 0 # 0 0 1 
1 1 1 0 # 1 0 S 
1 0 1 # 0 # 0 1 
1 1 0 # 0 0 0 1 
1 0 0 0 # # 0 1 
1 0 0 0 0 0 # 1 
1 1 1 1 1 1 1 1 
R32 L63 T4

Map
1 1 1 1 1 1 1 1 
1 0 F 0 0 # # 1 
1 F F # # 0 F 1 
1 0 # 0 F H 0 1 
1 # H 0 0 1 0 1 
S 0 0 0 F # F 1 
1 0 # H 0 0 0 1 
1 1 1 1 G 1 1 1 
P41 P35 T7

Map
1 1 1 1 S 1 1 1 
1 0 0 0 0 H 0 1 
1 0 0 0 0 0 0 1 
1 0 0 0 0 0 # 1 
1 1 H 0 H 0 0 1 
1 0 0 0 0 0 H 1 
1 0 F 0 1 0 0 1 
1 1 1 1 1 1 G 1 
P62 P43 T5

Map
1 1 1 1 G 1 1 1 
1 0 0 0 F 0 0 1 
1 0 F 0 0 0 F 1 
1 0 0 1 0 0 0 1 
1 0 0 0 0 0 0 1 
1 0 0 1 0 0 0 1 
1 0 F 0 F 0 0 1 
1 1 S 1 1 1 1 1 
L63 P23 T4

Map
1 1 1 1 1 G 1 1 
1 0 # 0 0 0 0 1 
1 0 # 0 0 0 0 1 
S # 0 0 0 H 0 1 
1 0 0 0 0 0 H 1 
1 0 H 1 1 0 0 1 
1 0 0 0 0 1 F 1 
1 1 1 1 1 1 1 1 
P61 D33 T5

Map
1 1 G 1 1 1 1 1 
1 0 0 F 0 0 0 1 
1 0 0 H 0 0 0 1 
1 F 0 0 0 0 0 1 
1 F 0 0 0 0 0 1 
1 0 0 0 0 H 0 1 
1 0 F 0 0 H 0 1 
1 1 1 S 1 1 1 1 
R33 P11 T4

Map
1 1 1 1 1 S 1 1 
1 H 0 0 0 0 0 G 
1 0 0 0 H 0 0 1 
1 0 0 0 0 0 0 1 
1 0 0 0 0 0 0 1 
1 0 0 1 0 0 0 1 
1 0 0 0 0 F 0 1 
1 1 1 1 1 1 1 1 
L53 T5

Map
1 1 1 1 1 S 1 1 
1 0 # # 0 0 0 1 
1 0 0 0 0 0 F 1 
1 # 0 0 0 0 H 1 
1 0 0 0 H 0 0 1 
1 0 0 0 0 0 # 1 
1 # # # F 0 0 1 
1 1 1 1 G 1 1 1 
R15 d45 T5

Map
1 1 1 G 1 1 1 1 
1 0 # # 0 F 0 1 
1 0 # 0 0 F 0 1 
1 0 0 1 0 # 0 1 
1 # 0 0 F 0 0 1 
1 0 1 F # F 0 1 
1 0 0 0 F 0 0 1 
1 1 1 1 S 1 1 1 
U32 r12 T4

Map
1 1 1 1 1 1 1 1 
1 0 0 # 0 0 0 1 
1 0 0 1 0 0 1 1 
1 0 0 0 F H 0 S 
1 0 0 1 0 0 0 1 
1 0 0 0 0 0 0 1 
1 0 0 0 0 0 0 1 
1 1 1 1 G 1 1 1 
D63 p56 T4

Map
1 1 1 1 1 1 1 1 
1 0 0 0 F H # 1 
G 0 1 0 0 0 0 1 
1 # 0 0 0 0 0 1 
1 1 F 0 0 0 0 1 
1 0 0 # 0 0 0 1 
1 0 0 # 0 0 0 1 
1 1 1 S 1 1 1 1 
P11 U26 T6

Map
1 1 G 1 S 1 1 1 
1 0 0 F 0 0 0 1 
1 # 0 H # F 0 1 
1 0 0 H F # 0 1 
1 0 # 0 0 0 0 1 
1 0 0 0 F # 0 1 
1 # F 0 F 0 0 1 
1 1 1 1 1 1 1 1 
R44 P11 T4

Map
1 1 1 1 1 1 1 1 
1 0 0 1 0 1 0 1 
1 # 0 1 0 0 0 1 
1 H 0 F 0 H H 1 
1 0 0 0 0 0 F 1 
G 0 0 0 1 0 0 1 
1 0 0 0 F 0 0 1 
1 1 1 1 1 S 1 1 
L15 R55 T4

Map
1 1 1 1 1 1 1 1 
1 1 0 0 0 0 0 1 
1 0 0 0 0 0 0 1 
1 0 0 H 0 F 0 S 
1 0 0 0 0 1 0 1 
1 0 0 0 0 0 F 1 
1 0 0 0 0 F 0 1 
1 1 1 1 G 1 1 1 
U43 r24 T5

Map
1 1 1 1 1 1 1 1 
1 0 0 F 0 # 0 1 
1 0 0 # 0 0 0 1 
1 0 0 0 0 0 0 1 
1 0 0 0 # 0 0 G 
1 # # # # 0 0 1 
1 F 0 0 0 0 F 1 
1 S 1 1 1 1 1 1 
D21 p23 T4

Map
1 1 1 1 1 1 1 1 
1 0 0 0 0 0 0 S 
1 0 0 0 0 # # 1 
1 # 0 F 0 0 0 1 
1 # 0 0 0 0 0 1 
1 0 1 # 1 0 1 1 
1 1 0 0 0 # 1 1 
1 1 1 1 G 1 1 1 
D31 p36 T4

Map
1 1 1 1 1 1 1 1 
1 F 0 0 1 0 0 1 
1 1 F 0 H 0 0 1 
1 0 0 0 # 0 0 1 
1 0 0 0 1 0 H 1 
1 0 F 0 0 0 0 1 
G 0 0 H 0 0 0 S 
1 1 1 1 1 1 1 1 
P46 l53 T5

Map
1 1 1 1 S 1 1 1 
1 0 0 0 0 1 0 1 
1 0 # # H F 1 1 
1 0 0 0 0 0 0 1 
1 1 H 0 H # F 1 
1 H # 0 0 # # 1 
1 0 0 0 0 0 1 1 
1 1 1 1 G 1 1 1 
P35 L41 T6

Map
1 1 1 1 1 1 1 1 
1 # F 0 0 0 0 1 
1 0 0 0 F 0 # S 
1 0 0 H 1 0 F G 
1 0 0 0 1 0 0 1 
1 0 0 0 0 0 0 1 
1 F 1 0 0 1 0 1 
1 1 1 1 1 1 1 1 
P54 p41 T6

Map
1 1 S 1 1 1 1 1 
1 0 0 0 0 0 # 1 
1 0 0 0 0 # 0 1 
1 0 0 0 # 0 0 1 
G 0 F F 0 F 1 1 
1 0 0 0 F 0 0 1 
1 0 0 0 0 0 0 1 
1 1 1 1 1 1 1 1 
P13 T4

Map
1 1 1 1 1 1 1 1 
1 0 0 0 0 0 1 1 
1 1 0 0 0 0 0 1 
1 H 0 0 0 0 0 1 
1 F 1 F 0 0 0 1 
1 0 0 0 0 0 F 1 
1 0 0 0 H 0 0 1 
1 1 S 1 1 1 G 1 
L55 p45 T5

Map
1 1 1 1 S 1 1 1 
1 1 0 0 0 0 0 1 
1 H 0 0 0 0 0 1 
1 0 0 0 0 0 1 1 
1 F 0 0 0 # 0 1 
1 0 0 0 0 # 0 1 
1 0 F 1 F 0 0 1 
1 G 1 1 1 1 1 1 
D31 R42 T5

Map
1 1 1 1 1 1 1 1 
1 # 0 0 0 0 0 1 
1 H # 0 0 0 0 S 
1 0 # 0 0 1 1 1 
1 0 0 0 1 0 # 1 
1 # 0 0 0 0 0 1 
G # 0 # 0 0 0 1 
1 1 1 1 1 1 1 1 
P32 T5

Map
1 1 1 1 1 1 1 1 
1 0 1 0 0 0 0 1 
1 0 0 # F 1 0 G 
1 0 # 0 0 # 0 1 
1 0 0 0 0 # # 1 
1 0 0 0 # F 1 1 
1 # 0 0 0 0 0 1 
1 1 1 1 1 1 S 1 
P61 u56 T6

Map
1 1 1 1 1 1 1 1 
1 0 0 0 0 0 0 1 
1 # 0 1 H 0 0 1 
1 0 0 0 0 0 H 1 
S 0 0 0 1 0 0 1 
G 0 0 0 0 0 0 1 
1 0 0 # 0 0 0 1 
1 1 1 1 1 1 1 1 
U46 T4

Map
1 1 1 1 1 1 1 1 
1 H 0 0 0 0 0 1 
1 0 # 0 0 0 0 1 
1 # 0 0 # F # 1 
1 0 0 H 0 # 0 G 
1 0 0 0 0 H 0 1 
1 0 0 # 0 0 F S 
1 1 1 1 1 1 1 1 
P65 p56 T6

Map
1 1 1 1 1 1 1 1 
1 0 0 0 F 0 1 1 
1 0 # F 0 0 0 1 
1 0 0 # 1 # 0 G 
1 0 0 0 0 0 0 1 
1 F # # 0 # # S 
1 1 0 1 0 0 0 1 
1 1 1 1 1 1 1 1 
P62 U45 T4

Map
1 1 1 1 1 1 1 1 
1 0 0 0 1 1 0 1 
G 0 0 0 1 0 0 1 
1 1 1 0 F 0 0 1 
1 0 0 0 0 0 0 1 
1 1 0 0 0 0 0 1 
1 0 0 0 0 0 0 1 
1 1 1 1 S 1 1 1 
L44 U34 T4

Map
1 1 1 1 S 1 1 1 
1 0 H F 0 1 0 G 
1 0 F 0 0 0 0 1 
1 1 0 0 0 H 0 1 
1 0 0 0 F 0 0 1 
1 0 0 0 0 0 0 1 
1 1 1 0 0 F H 1 
1 1 1 1 1 1 1 1 
P43 T4

Map
1 1 1 1 G 1 1 1 
1 0 0 0 F 0 H 1 
1 1 0 0 0 0 1 1 
1 0 # # 0 0 0 1 
1 0 # 0 F 0 H 1 
1 0 F F 0 # F 1 
1 # 1 F # 0 0 S 
1 1 1 1 1 1 1 1 
U56 P53 T5

Map
1 1 G 1 1 1 1 1 
1 0 0 1 F 0 0 1 
1 0 0 F 0 0 # 1 
1 F 1 # 0 0 0 1 
1 0 1 0 0 1 0 1 
S F 0 0 0 F 0 1 
1 # 0 F 0 0 1 1 
1 1 1 1 1 1 1 1 
D51 L52 T6

Map
1 1 1 1 1 G S 1 
1 0 0 0 0 0 0 1 
1 1 0 0 0 1 0 1 
1 0 0 0 1 0 0 1 
1 H # 0 0 0 0 1 
1 0 0 0 0 0 0 1 
1 0 0 0 0 H 0 1 
1 1 1 1 1 1 1 1 
P41 T4

Map
1 1 1 1 1 G 1 1 
1 H 0 0 0 0 0 1 
1 H 0 0 0 0 0 1 
1 0 # H 0 0 0 1 
1 0 0 0 H 0 # S 
1 0 0 0 0 0 0 1 
1 # 0 0 # 0 0 1 
1 1 1 1 1 1 1 1 
P41 R54 T4

Map
1 1 1 1 1 1 1 1 
1 0 0 0 F F 1 1 
1 0 0 F H 0 0 1 
1 0 0 0 0 0 0 1 
1 H 0 F 0 0 0 1 
1 0 0 1 1 # 0 G 
1 # 0 0 1 F 1 1 
1 1 1 1 1 S 1 1 
D52 p53 T4

Map
1 1 1 1 1 1 1 1 
S 0 1 1 0 1 1 1 
1 0 0 0 0 0 0 1 
1 0 0 0 0 0 0 1 
G 0 0 0 0 # 0 1 
1 # 0 # 0 # 0 1 
1 0 0 0 # # 1 1 
1 1 1 1 1 1 1 1 
P53 T5

Map
1 1 1 1 1 1 1 1 
1 # # 0 0 0 0 S 
1 0 H # 0 0 H 1 
1 0 0 0 0 # 0 1 
1 0 0 0 1 # 0 1 
1 1 0 0 0 0 1 1 
1 0 0 H 0 # H 1 
1 1 1 1 1 G 1 1 
R13 T5

Map
1 1 1 1 1 1 1 1 
1 0 0 0 0 1 0 1 
1 0 0 0 0 1 0 1 
S F # 0 F 0 0 1 
1 0 0 0 0 # 0 1 
1 0 0 0 0 0 0 1 
1 0 0 0 1 # 0 1 
1 1 1 G 1 1 1 1 
L64 T5

Map
1 1 1 1 1 1 1 1 
1 0 0 0 0 0 0 1 
1 0 # # 0 0 0 1 
G 0 0 # 0 1 # 1 
1 0 0 0 0 0 0 1 
1 0 H H 0 # 0 S 
1 0 0 0 0 0 0 1 
1 1 1 1 1 1 1 1 
P12 D45 T4

Map
1 1 1 1 1 1 1 1 
1 0 0 0 0 0 0 1 
1 1 1 0 0 1 # S 
1 0 0 0 0 0 H 1 
1 0 0 H 0 0 0 G 
1 0 0 0 # 0 0 1 
1 0 0 1 0 0 0 1 
1 1 1 1 1 1 1 1 
P31 R44 T4

Map
1 1 1 1 1 1 1 1 
1 0 0 H H 0 0 G 
1 F F 0 0 0 0 1 
1 F 0 0 1 # 0 1 
1 0 1 0 0 0 0 1 
1 # # 0 F F 1 1 
1 # 0 0 1 0 # 1 
1 S 1 1 1 1 1 1 
R32 P14 T6

Map
1 1 1 1 1 1 G 1 
1 F 0 F 1 1 0 1 
1 0 # 0 0 # 0 1 
S F 0 1 0 F # 1 
1 0 # 1 0 # 0 1 
1 0 0 0 0 0 1 1 
1 1 0 0 F 0 0 1 
1 1 1 1 1 1 1 1 
U56 T5

Map
1 1 1 1 1 1 S 1 
1 0 0 0 0 0 0 1 
1 F 0 0 0 0 0 1 
1 0 0 0 0 0 0 1 
1 0 0 0 0 0 H 1 
G 0 0 0 0 H 0 1 
1 0 H H 0 0 0 1 
1 1 1 1 1 1 1 1 
P62 P16 T4

Map
1 1 1 1 1 S 1 1 
1 1 H 0 0 # 0 1 
1 1 0 0 0 # 0 1 
1 # # F 0 # 0 1 
1 0 1 # 0 0 0 1 
1 0 0 0 0 0 0 1 
1 0 0 0 0 F # 1 
1 1 1 G 1 1 1 1 
U54 d36 T5

Map
1 1 G 1 1 1 1 1 
1 1 0 # # 0 H 1 
1 H 0 0 1 0 0 1 
1 1 1 0 0 0 0 1 
1 0 1 H F H 0 1 
1 1 0 0 0 0 0 1 
1 0 0 0 F 0 0 1 
1 1 1 1 1 S 1 1 
U26 P55 T8

Map
1 1 1 1 1 1 1 1 
1 0 F 0 0 0 0 1 
1 0 0 0 # 0 # 1 
1 0 1 H 0 0 0 S 
1 0 0 0 0 0 0 G 
1 0 # 0 0 0 0 1 
1 0 0 0 # 0 # 1 
1 1 1 1 1 1 1 1 
U43 p13 T5

Map
1 1 1 1 1 1 1 1 
G 0 0 H 0 # 0 1 
1 H 0 0 F 0 1 1 
1 1 0 0 0 # 0 1 
1 H 1 0 0 0 1 1 
1 0 0 0 1 0 0 S 
1 0 # 0 F 0 0 1 
1 1 1 1 1 1 1 1 
D41 L43 T5

Map
1 1 1 1 1 1 1 1 
1 F 0 0 0 0 0 1 
1 0 0 F 0 # # 1 
1 0 0 # 1 # 0 1 
1 H F 0 0 F 0 1 
1 F # F 0 0 F 1 
1 0 1 # 0 0 0 S 
1 1 1 1 G 1 1 1 
P34 L64 T4

Map
1 1 1 1 1 1 1 1 
1 H 0 0 0 1 0 1 
1 0 0 F 0 0 0 1 
G 0 0 # H 0 0 S 
1 0 0 0 0 0 0 1 
1 0 F 0 0 0 # 1 
1 0 0 0 0 0 0 1 
1 1 1 1 1 1 1 1 
L13 P53 T4

Map
1 1 1 1 1 1 1 1 
1 0 # F 0 0 0 1 
1 0 0 0 # 0 F 1 
1 F F # 0 0 F 1 
G 0 0 0 0 0 F 1 
1 0 0 0 0 F 0 1 
1 0 H 0 0 F 0 1 
1 S 1 1 1 1 1 1 
P51 p43 T5

Map
1 1 1 1 1 1 1 1 
1 # 0 0 0 0 0 1 
1 0 0 0 1 # 0 1 
1 0 0 0 0 H H 1 
1 0 0 1 0 F 0 1 
G # 0 # 0 H 0 1 
1 0 0 0 0 F # 1 
1 1 1 1 1 1 S 1 
D64 u36 T4

Map
1 1 1 G 1 1 1 1 
1 # 0 0 0 0 # 1 
1 0 0 0 0 # 1 1 
S 0 1 # # 0 # 1 
1 F 0 F 0 H 0 1 
1 1 F # 0 0 # 1 
1 F 0 0 0 0 F 1 
1 1 1 1 1 1 1 1 
P41 T4

Map
1 S G 1 1 1 1 1 
1 0 0 F # F 0 1 
1 0 # 0 0 0 0 1 
1 0 0 0 F 0 # 1 
1 # 0 0 F 0 0 1 
1 # 0 0 0 0 0 1 
1 F F H F 0 # 1 
1 1 1 1 1 1 1 1 
P13 u21 T5

Map
1 1 1 1 1 1 1 1 
1 0 0 0 0 0 0 1 
1 1 0 1 0 F F 1 
S 0 0 0 H 0 0 1 
1 0 1 0 0 0 0 1 
G # 0 0 # 0 0 1 
1 0 0 0 1 0 F 1 
1 1 1 1 1 1 1 1 
D13 u26 T4

Map
1 1 1 1 1 1 1 1 
1 0 # 0 # 0 0 1 
1 F 0 0 0 1 0 G 
1 0 0 1 0 0 # 1 
1 H 1 0 F 0 1 1 
1 # 0 0 1 # 0 S 
1 0 0 # 0 0 # 1 
1 1 1 1 1 1 1 1 
R62 T4

Map
1 1 1 1 1 1 1 1 
1 0 0 F 1 0 0 1 
1 F 0 0 # 0 0 G 
1 # F 0 0 0 1 1 
1 0 0 F H 0 1 1 
S 0 0 H 1 0 F 1 
1 1 0 0 F 0 1 1 
1 1 1 1 1 1 1 1 
L25 p15 T7

Map
1 1 1 1 1 1 1 1 
1 0 0 H # 0 0 1 
1 0 0 0 0 0 0 1 
1 0 0 0 0 # 0 1 
1 0 0 0 # # H 1 
1 # 0 0 0 0 0 1 
1 0 0 0 F # 0 1 
1 1 1 1 G S 1 1 
P52 r12 T5

Map
1 1 1 1 1 1 1 1 
1 0 0 0 0 0 H 1 
1 # 0 0 1 0 # 1 
1 1 0 0 0 # 0 1 
1 0 0 0 F # 0 S 
1 0 0 0 0 0 0 1 
1 0 1 0 0 0 0 1 
1 1 1 1 G 1 1 1 
P14 d45 T4

Map
1 1 1 1 1 1 1 1 
1 0 # # 0 1 1 1 
S 0 F F 0 0 1 1 
1 H 0 0 0 0 0 G 
1 # # 0 0 # 1 1 
1 0 0 0 0 H 0 1 
1 0 0 0 0 1 0 1 
1 1 1 1 1 1 1 1 
U12 P44 T4

Map
1 1 1 1 1 1 1 1 
1 0 0 0 0 0 H 1 
1 0 0 0 0 0 1 1 
1 # 0 0 0 # 0 S 
1 0 0 0 0 0 # 1 
1 H # 1 H 0 1 1 
1 0 0 0 # 0 0 1 
1 G 1 1 1 1 1 1 
R12 T5

Map
1 1 1 1 1 1 S 1 
1 0 F 0 0 0 0 1 
G 0 0 0 0 0 0 1 
1 0 0 1 H 0 0 1 
1 0 0 0 0 0 0 1 
1 F 0 H 1 0 # 1 
1 0 0 0 1 0 1 1 
1 1 1 1 1 1 1 1 
D31 T4

Map
1 1 1 1 1 1 1 1 
1 0 0 0 F 1 0 1 
1 0 0 0 0 H 0 1 
1 1 0 0 0 0 0 1 
1 F 0 H 0 0 0 1 
1 0 0 0 0 0 0 1 
S 0 0 0 1 0 0 1 
1 1 G 1 1 1 1 1 
L63 R35 T4

Map
1 1 1 1 1 1 1 1 
1 0 0 F 0 0 0 1 
1 0 # 0 0 # 0 1 
1 0 0 H H F 0 1 
1 0 0 0 H # 0 1 
1 0 0 0 0 0 0 1 
1 0 0 0 F 0 H 1 
1 1 1 S 1 G 1 1 
L34 p41 T5

Map
1 1 1 1 1 1 1 1 
1 0 0 H # 0 0 1 
S 0 0 0 0 0 0 1 
1 F # 0 0 0 1 1 
G F 0 0 0 F # 1 
1 F 0 0 H # 0 1 
1 0 0 0 0 0 # 1 
1 1 1 1 1 1 1 1 
D22 T4

Map
1 1 G 1 1 S 1 1 
1 0 0 1 # 0 F 1 
1 0 0 0 0 0 0 1 
1 0 0 0 0 0 F 1 
1 # 0 1 F F # 1 
1 F F 0 # H 0 1 
1 1 H 0 0 1 0 1 
1 1 1 1 1 1 1 1 
U53 l52 T4

Map
1 1 1 1 1 1 1 1 
1 0 H H 0 # 0 1 
1 H 0 0 0 # 0 1 
1 0 0 F # 0 0 1 
1 0 # 0 0 0 0 1 
1 0 0 0 0 0 0 1 
1 0 F 0 0 0 0 1 
1 1 1 G 1 S 1 1 
P22 p53 T4

Map
1 1 1 1 1 1 1 1 
1 F 0 0 0 1 0 S 
1 F 0 0 0 0 0 1 
1 F F 0 0 0 H 1 
1 0 0 0 0 0 0 1 
1 0 0 0 0 0 F 1 
G 0 0 0 0 F 0 1 
1 1 1 1 1 1 1 1 
L62 P22 T4

Map
1 1 G 1 1 1 1 1 
1 0 0 0 0 0 0 1 
1 0 F 0 0 F F 1 
1 0 0 1 0 0 0 1 
1 # 0 0 0 # 0 1 
1 F 0 0 0 F 0 1 
1 0 1 1 0 0 0 1 
1 1 1 1 1 S 1 1 
R13 T4

Map
1 1 1 1 1 1 1 1 
1 H 0 0 0 H 0 1 
1 0 0 0 0 0 0 1 
1 0 0 H 0 0 0 1 
1 0 0 0 1 0 0 1 
1 0 H 0 0 0 0 1 
1 0 0 0 0 1 0 1 
1 1 S G 1 1 1 1 
P13 L26 T4

Map
1 1 1 1 1 1 1 1 
1 0 F # F F # 1 
1 F 0 # 0 0 0 S 
G 0 # H 0 0 H 1 
1 F 0 F 0 0 # 1 
1 0 # 0 0 H # 1 
1 0 0 0 H 0 0 1 
1 1 1 1 1 1 1 1 
P22 U26 T6

Map
1 1 1 1 1 1 1 1 
1 0 0 0 0 0 1 1 
1 # 1 0 0 # 0 S 
1 0 0 0 0 # 1 1 
1 0 0 H 0 1 0 1 
1 0 # 0 # 0 0 1 
1 0 # 0 H 0 0 1 
1 1 1 1 1 G 1 1 
P16 D55 T5

Map
1 1 1 G S 1 1 1 
1 0 0 0 0 0 0 1 
1 0 0 0 # 0 1 1 
1 0 0 # # 0 0 1 
1 0 0 0 0 0 0 1 
1 H 1 0 0 0 0 1 
1 0 0 # H 0 H 1 
1 1 1 1 1 1 1 1 
D23 P44 T4

Map
1 1 1 1 1 1 1 1 
1 # # 0 0 0 0 S 
1 0 0 # 0 0 1 1 
1 F F F 0 0 0 1 
1 1 F F # 0 0 1 
1 F 0 0 1 F H 1 
1 # F 0 # # 0 1 
1 1 G 1 1 1 1 1 
P31 l42 T6

Map
1 1 1 1 1 1 1 1 
1 0 1 0 H 0 0 1 
1 0 0 0 0 0 0 1 
S F # 0 F H 0 1 
1 0 # 0 F # 0 1 
1 0 0 F 0 1 F 1 
1 F 0 0 0 0 0 1 
1 G 1 1 1 1 1 1 
P33 u36 T6

Map
1 1 1 1 1 1 1 1 
1 1 0 0 0 0 0 1 
G 0 H F F # 1 1 
1 0 1 0 0 0 0 1 
1 0 H 0 0 H # 1 
1 0 0 0 0 0 0 1 
1 F 1 0 H 0 # S 
1 1 1 1 1 1 1 1 
P36 P56 T7

Map
1 1 1 1 1 1 1 1 
G 0 0 0 0 # 0 1 
1 0 # 0 0 H 0 1 
1 1 0 1 H 0 0 1 
1 1 0 0 # 0 1 1 
1 0 # 0 0 0 0 1 
1 0 0 0 0 0 0 1 
1 1 1 1 1 S 1 1 
D53 p54 T4

Map
1 1 1 1 1 1 1 1 
G F 0 0 0 0 0 1 
1 0 # 0 0 0 0 1 
1 0 0 0 1 # 0 1 
1 0 1 # # 0 F 1 
1 0 0 0 0 0 0 1 
1 # 0 0 0 0 0 1 
1 S 1 1 1 1 1 1 
P12 T4

Map
1 1 1 1 1 1 1 1 
1 H 0 1 # F 0 1 
G F 0 H 0 0 # 1 
1 0 # H 0 F 0 1 
1 0 0 0 F 1 F 1 
1 0 F 1 0 0 1 1 
1 0 0 F # # 0 1 
1 1 1 1 1 S 1 1 
P21 P16 T5

Map
1 1 1 1 1 G 1 1 
1 0 0 0 0 0 0 1 
1 H 0 F 0 0 0 1 
1 0 0 1 0 H 0 1 
1 0 # 0 H 0 0 1 
1 0 0 0 0 0 0 1 
1 0 0 1 0 0 # 1 
1 1 1 1 1 S 1 1 
R54 u51 T4

Map
1 1 1 1 1 1 1 1 
1 0 F 0 0 0 0 1 
1 0 0 0 0 0 F G 
1 0 F 0 F 0 0 1 
1 F 0 0 0 0 0 1 
1 0 0 0 0 0 0 1 
1 0 0 0 0 0 0 1 
1 1 S 1 1 1 1 1 
P24 r12 T4

Map
1 1 1 1 1 G 1 1 
1 0 0 0 0 F 0 1 
1 0 0 0 0 0 0 1 
1 0 0 0 0 0 0 1 
1 0 0 0 0 F 0 1 
1 0 # 0 0 0 0 1 
S 0 0 0 0 1 0 1 
1 1 1 1 1 1 1 1 
P41 u52 T4

Map
1 S 1 1 1 1 1 1 
1 0 0 0 0 1 0 1 
1 0 0 0 1 # 0 1 
1 0 0 0 0 1 0 G 
1 0 0 0 0 0 0 1 
1 0 0 0 1 0 0 1 
1 0 H 0 F 0 0 1 
1 1 1 1 1 1 1 1 
R63 d31 T6

Map
1 1 1 1 1 1 1 1 
1 H 0 0 0 1 0 1 
S 0 0 0 # 1 0 1 
1 0 # 0 0 0 0 1 
1 0 0 0 # 0 0 1 
1 0 F 0 H 0 0 G 
1 0 0 0 0 0 0 1 
1 1 1 1 1 1 1 1 
R65 T5

Map
1 1 1 1 S 1 1 1 
1 0 0 0 0 0 0 1 
1 0 # 0 0 # 0 1 
1 0 0 0 0 # 0 1 
1 0 0 0 0 0 # 1 
G 0 0 0 0 0 F 1 
1 0 0 0 H 0 0 1 
1 1 1 1 1 1 1 1 
R42 p14 T6

Map
1 1 1 1 S 1 1 1 
1 0 0 0 F 0 0 1 
1 1 0 0 0 0 0 1 
1 0 0 0 0 0 0 1 
1 0 F 0 0 0 1 1 
1 0 0 F 0 0 0 1 
1 0 0 0 F 0 0 1 
1 1 1 1 1 G 1 1 
L42 d56 T4

Map
1 1 1 1 1 1 1 1 
1 F F 1 0 0 0 G 
1 0 0 # 0 0 1 1 
1 0 0 F F 1 F 1 
1 F 0 0 0 1 # 1 
1 0 0 F 0 0 0 1 
1 0 # 0 0 1 1 1 
1 S 1 1 1 1 1 1 
P15 T4

Map
1 1 1 S 1 1 1 1 
1 0 F 0 0 0 0 1 
1 0 0 0 0 H # G 
1 0 0 F 0 F 0 1 
1 F H 0 F 0 0 1 
1 0 # 0 0 0 0 1 
1 0 H 0 F 0 H 1 
1 1 1 1 1 1 1 1 
R34 p63 T4

Map
1 1 1 1 1 1 1 1 
1 0 0 # 1 0 0 1 
1 # 0 F F F 0 1 
1 # F 0 0 0 0 G 
1 0 F F 0 0 # 1 
1 0 1 # F 0 1 1 
1 # 0 0 0 0 0 1 
1 1 1 S 1 1 1 1 
P14 T4

Map
1 1 S 1 1 1 1 1 
1 # 0 0 F 0 0 1 
1 # 0 0 H 0 0 1 
1 0 H 0 0 0 1 1 
1 0 1 0 1 1 0 1 
1 0 0 0 F 1 H 1 
1 0 0 0 F 0 0 1 
1 1 1 1 1 G 1 1 
L21 P66 T4

Map
1 1 S 1 1 1 1 1 
1 0 0 0 0 # # 1 
1 # 0 # # 0 F 1 
1 H 0 H F 0 0 1 
1 0 0 0 0 0 F 1 
1 F 0 0 0 0 0 G 
1 0 # 0 0 0 0 1 
1 1 1 1 1 1 1 1 
P66 T5

Map
1 1 1 1 G 1 1 1 
1 0 # F 0 0 # 1 
S # 0 0 # F 0 1 
1 0 0 0 0 0 0 1 
1 F 0 0 F 0 0 1 
1 0 0 0 0 # 0 1 
1 0 0 0 # 0 H 1 
1 1 1 1 1 1 1 1 
R41 p51 T4

Map
1 1 1 1 1 G 1 1 
1 0 0 0 0 F 0 1 
1 0 H 0 0 0 0 1 
1 0 H 0 0 0 0 1 
1 0 0 1 0 0 0 1 
S 0 0 0 H 0 0 1 
1 0 0 0 0 0 0 1 
1 1 1 1 1 1 1 1 
P25 P66 T4

Map
1 1 1 1 1 1 1 1 
1 0 0 1 0 0 0 1 
1 0 0 0 0 0 0 1 
1 0 0 0 1 0 0 G 
1 0 0 0 0 0 0 1 
1 0 0 0 0 0 0 1 
1 0 0 0 0 0 0 1 
1 1 1 1 S 1 1 1 
P62 T4

Map
1 1 1 1 1 1 1 1 
1 0 H 0 0 0 0 1 
G 0 0 0 0 1 0 1 
1 0 1 0 H 0 0 1 
1 0 0 0 H F 1 1 
1 0 1 0 0 # 0 1 
1 0 0 H # 0 0 1 
1 1 1 1 1 S 1 1 
L32 D31 T4

Map
1 S 1 1 1 1 1 1 
1 0 0 0 0 0 # 1 
1 0 0 0 0 1 F 1 
1 0 0 0 0 0 1 1 
1 # 0 0 F H # 1 
1 0 1 # 0 0 0 1 
1 0 H # 0 H 0 1 
1 1 1 1 1 1 G 1 
P46 D41 T5

Map
1 1 G 1 1 1 1 1 
1 0 0 0 # 1 0 1 
1 F 0 0 0 # 0 1 
1 H # 0 0 0 0 1 
1 0 1 1 0 0 H 1 
1 0 0 0 # F 0 1 
S 0 F 0 0 0 0 1 
1 1 1 1 1 1 1 1 
P11 P56 T4

Map
1 1 1 1 1 1 1 1 
1 0 0 F 0 0 0 1 
1 0 0 F 0 0 1 1 
1 0 0 0 0 0 1 1 
1 F 0 0 0 F 0 1 
1 0 F 0 0 0 F 1 
S 0 0 0 0 0 F 1 
1 1 1 1 1 1 G 1 
P23 P36 T4

Map
1 1 1 1 1 1 1 1 
1 # 0 0 0 0 0 1 
1 0 # H 0 0 # S 
1 0 # 0 0 0 F 1 
1 H # F 0 0 0 1 
1 0 0 0 0 # 0 1 
1 0 0 0 0 0 0 1 
1 1 1 1 G 1 1 1 
P42 p56 T5

Map
1 1 1 1 1 1 1 1 
1 0 # F # 1 0 1 
1 F 0 0 0 F 0 1 
1 0 0 0 0 0 # 1 
1 0 0 0 1 0 # S 
1 0 0 F F # 0 1 
1 F H 0 # 0 # 1 
1 G 1 1 1 1 1 1 
P56 T4

Map
1 1 1 1 1 1 1 1 
1 0 0 F H 0 0 1 
1 H 1 0 0 # 0 1 
1 0 0 0 0 0 0 1 
1 F 0 0 0 0 # G 
1 0 0 0 0 F # S 
1 H F # 0 F # 1 
1 1 1 1 1 1 1 1 
P63 d35 T5

Map
1 1 1 1 1 G 1 1 
1 0 F # 0 0 0 1 
1 F 0 0 0 0 0 S 
1 0 H 0 0 0 0 1 
1 0 0 0 0 1 0 1 
1 0 0 F 0 0 F 1 
1 0 F 0 # 1 0 1 
1 1 1 1 1 1 1 1 
D32 u51 T5

Map
1 1 1 G 1 1 1 1 
1 0 0 # 0 F 0 1 
1 # 0 0 0 # 0 1 
1 0 1 0 0 F 1 1 
1 0 0 # 0 0 0 1 
1 1 0 H 0 0 0 1 
1 F # 0 # # 0 1 
1 1 1 S 1 1 1 1 
P24 R36 T4

Map
1 1 1 1 1 G S 1 
1 0 1 0 0 0 0 1 
1 # 0 0 0 0 0 1 
1 0 1 # 0 0 1 1 
1 0 0 0 0 0 0 1 
1 0 0 0 0 1 0 1 
1 0 0 0 H 0 0 1 
1 1 1 1 1 1 1 1 
R43 r15 T6

Map
1 1 G 1 1 S 1 1 
1 0 0 0 # 0 0 1 
1 0 0 0 F 0 0 1 
1 0 0 F F 0 F 1 
1 0 0 0 0 F # 1 
1 0 0 0 0 0 F 1 
1 0 0 0 0 F 0 1 
1 1 1 1 1 1 1 1 
P52 p31 T4

Map
1 1 1 1 1 1 1 1 
1 # 0 1 0 0 0 1 
1 0 0 1 0 0 0 1 
G 0 0 0 H 0 0 1 
1 0 F H 0 0 0 S 
1 # 0 0 0 0 0 1 
1 0 # F # 0 0 1 
1 1 1 1 1 1 1 1 
P12 U54 T6

Map
1 1 G 1 1 1 1 1 
1 1 0 0 0 # H 1 
1 0 # # 0 1 # 1 
1 H 1 0 0 0 F 1 
1 0 H 0 0 0 0 S 
1 0 F 0 0 # 1 1 
1 F 0 F 0 # 0 1 
1 1 1 1 1 1 1 1 
D34 R35 T6

Map
1 1 1 1 1 1 1 1 
1 F F 0 F 0 0 1 
1 0 0 0 H 0 0 1 
1 # 0 0 0 0 0 1 
1 F 0 0 0 # 1 1 
S F 0 0 H 0 0 1 
1 H 1 F 0 # 0 1 
1 1 1 1 1 1 G 1 
U35 D51 T4

Map
1 1 1 1 1 1 1 1 
1 1 0 0 0 0 0 1 
1 0 0 H 0 0 1 1 
1 F 0 1 0 0 0 1 
1 0 1 # 1 F 0 S 
1 0 0 H 0 1 H 1 
1 0 0 0 0 0 0 1 
1 G 1 1 1 1 1 1 
U64 P23 T7

Map
1 1 1 1 1 1 1 1 
1 0 0 0 H F 0 1 
1 # 0 0 F F 0 G 
1 1 1 0 F 0 0 1 
1 0 0 0 0 F # 1 
1 0 0 F 0 0 1 1 
1 0 0 F 0 H 0 1 
1 1 1 1 S 1 1 1 
L44 U34 T4

Map
1 1 1 S 1 1 1 1 
1 0 0 0 F 0 0 1 
1 0 0 F 0 0 0 1 
1 # 0 0 0 0 0 1 
1 0 0 0 0 0 # 1 
1 # 0 0 0 # F 1 
1 0 # F 0 F F 1 
1 1 G 1 1 1 1 1 
R33 P11 T4

Map
1 1 1 1 1 1 1 1 
1 0 0 0 H F 0 1 
1 0 0 0 0 H 0 1 
1 0 F 0 0 0 0 1 
1 1 0 1 0 0 0 1 
1 0 0 0 H 0 0 1 
1 # 0 0 F 0 0 1 
1 1 1 G 1 S 1 1 
R53 d36 T4

Map
1 1 1 G 1 1 1 1 
1 0 0 0 H # 0 1 
1 0 0 0 0 0 # 1 
1 0 0 0 1 0 0 S 
1 0 0 0 0 # # 1 
1 # 0 1 # 0 0 1 
1 0 0 0 1 0 H 1 
1 1 1 1 1 1 1 1 
P22 p53 T5

Map
1 1 1 1 1 1 1 1 
S 0 0 F 0 0 0 1 
1 0 0 0 0 0 0 1 
1 0 0 0 0 0 H 1 
G 0 0 0 F 0 0 1 
1 0 H F 0 0 0 1 
1 0 0 F F H H 1 
1 1 1 1 1 1 1 1 
P21 p13 T4

Map
1 1 1 1 S 1 1 1 
1 F 0 0 0 0 0 1 
1 0 H F 0 1 0 1 
1 H # # F 1 0 G 
1 # # 0 0 # 0 1 
1 # H 0 0 F # 1 
1 0 0 0 F # 0 1 
1 1 1 1 1 1 1 1 
L44 p64 T6

Map
1 1 G 1 1 1 1 1 
1 0 0 H # 1 0 1 
1 0 # 0 0 0 0 1 
1 0 0 0 0 # 0 1 
1 0 0 0 0 0 H 1 
1 0 0 0 0 0 # 1 
1 0 1 0 0 # 0 1 
1 1 1 S 1 1 1 1 
P32 R12 T4

Map
1 1 1 1 1 1 1 1 
1 0 0 0 0 0 0 1 
1 0 0 0 0 0 # 1 
1 0 0 # 0 0 0 1 
1 0 # 0 0 0 0 1 
S 0 0 0 0 H 0 G 
1 0 0 0 0 0 0 1 
1 1 1 1 1 1 1 1 
R65 P25 T4

Map
1 1 1 1 1 1 S 1 
1 0 0 0 F 0 # 1 
1 0 0 0 0 0 F 1 
1 0 0 0 # F 0 1 
1 0 # 0 # F 0 G 
1 # F # 0 F F 1 
1 0 0 # 0 F 0 1 
1 1 1 1 1 1 1 1 
P13 T4

Map
1 1 G 1 1 1 1 1 
1 0 0 F 0 0 0 1 
1 0 0 0 0 0 0 1 
1 F 0 0 0 F H 1 
1 0 0 0 0 0 0 1 
1 0 0 0 F F F 1 
1 0 1 0 0 0 0 S 
1 1 1 1 1 1 1 1 
P11 P36 T4

Map
1 S 1 1 1 1 1 1 
1 # 1 0 F 0 0 1 
1 0 0 F 0 0 # 1 
1 0 1 1 F 0 1 1 
1 1 0 0 0 0 0 1 
1 # 0 # 0 F 0 1 
1 0 0 F 0 # 0 1 
1 1 1 1 1 1 G 1 
R12 p42 T5

Map
1 1 1 1 1 1 1 1 
1 F 0 0 0 0 0 1 
G F 0 0 0 F 1 1 
1 0 F 0 0 1 1 1 
1 0 0 0 0 1 0 1 
1 0 0 # 0 0 0 1 
S F 0 1 0 0 F 1 
1 1 1 1 1 1 1 1 
D31 p33 T8

Map
1 1 1 1 1 1 1 1 
1 0 0 F 1 # 0 1 
1 0 0 0 0 1 1 1 
1 H F 1 # # F 1 
1 0 0 0 0 0 0 1 
1 1 0 0 0 H # 1 
1 # 0 0 0 0 0 1 
1 1 S G 1 1 1 1 
P46 r22 T7

Map
1 1 1 S 1 G 1 1 
1 0 0 # 0 0 0 1 
1 0 0 # 1 0 0 1 
1 0 0 0 0 0 F 1 
1 1 # # F F F 1 
1 0 0 0 0 0 0 1 
1 # 0 0 0 0 # 1 
1 1 1 1 1 1 1 1 
P61 T4

Map
1 1 1 1 1 1 1 1 
1 0 0 0 0 0 0 1 
1 0 0 0 # 0 0 1 
1 0 1 0 0 0 0 G 
1 0 0 0 0 0 0 1 
1 0 0 0 0 0 0 1 
1 # 0 0 0 0 0 1 
1 1 S 1 1 1 1 1 
P62 T4

Map
1 1 1 1 S 1 1 1 
1 0 0 0 0 H 0 1 
1 0 0 0 1 0 F 1 
1 0 0 0 0 0 0 1 
G F 0 # 0 0 0 1 
1 0 H 0 0 0 0 1 
1 H 0 1 # 0 0 1 
1 1 1 1 1 1 1 1 
P35 R12 T5

Map
1 1 G 1 1 1 1 1 
1 0 0 0 0 H 0 1 
1 F 0 0 # F # 1 
1 0 F 0 F 0 # 1 
1 0 # # # 0 F 1 
1 0 H 0 0 0 F 1 
1 0 0 0 H 0 H 1 
1 1 1 1 1 S 1 1 
P53 U21 T4

Map
1 1 S 1 1 1 1 1 
1 H 0 F 0 0 0 1 
1 0 0 0 F 0 0 1 
1 0 H 0 0 0 0 1 
1 F 0 0 0 0 H 1 
1 0 F 0 0 0 0 1 
1 0 0 F 0 0 0 1 
1 G 1 1 1 1 1 1 
P51 P22 T5

Map
1 1 1 1 1 1 1 1 
1 0 0 0 F 0 # 1 
1 0 0 0 0 0 0 1 
1 # 0 # 0 0 0 1 
S 0 # 1 0 F # 1 
G 0 0 0 0 0 F 1 
1 0 0 0 0 0 0 1 
1 1 1 1 1 1 1 1 
U36 T4

Map
1 1 G 1 1 1 1 1 
1 H 0 0 0 0 0 1 
1 0 0 0 F 0 0 1 
1 0 1 0 0 0 0 1 
1 0 0 H 1 0 0 1 
1 1 0 0 0 # 0 1 
1 H 0 0 # 0 0 1 
1 1 1 1 S 1 1 1 
U21 T4

Map
1 1 1 1 1 1 1 1 
1 0 1 1 0 0 0 1 
1 0 0 1 0 0 0 G 
1 0 0 0 F F 0 1 
1 0 0 0 # 0 0 1 
1 1 0 0 0 0 0 1 
1 0 0 0 0 0 0 1 
1 1 S 1 1 1 1 1 
R62 T4

Map
1 1 1 1 1 1 1 1 
1 0 0 H 1 # F 1 
1 0 0 # 0 0 1 1 
1 0 0 0 # 0 0 1 
1 0 0 0 0 0 0 S 
1 1 0 0 0 0 1 1 
1 H 0 0 0 0 1 1 
1 1 G 1 1 1 1 1 
R12 l55 T5

Map
1 1 S 1 1 1 1 1 
1 0 0 0 0 0 F 1 
1 0 0 0 0 0 0 1 
1 0 0 F 0 0 0 1 
1 0 H 1 0 0 # 1 
1 0 H 1 0 F F 1 
1 0 0 0 1 0 F G 
1 1 1 1 1 1 1 1 
P23 p42 T5

Map
1 1 1 1 1 1 1 1 
1 0 0 0 0 # 0 1 
1 0 # 0 0 0 0 1 
1 0 0 0 0 0 0 G 
1 1 H H 0 0 0 S 
1 0 0 0 0 0 0 1 
1 # # 0 # # 0 1 
1 1 1 1 1 1 1 1 
D44 T6

Map
1 1 S 1 1 1 1 1 
1 0 0 1 0 1 0 1 
1 0 1 H 0 0 0 1 
1 0 0 0 F 0 0 1 
1 0 0 0 F F 0 1 
1 H F 0 # 0 0 1 
1 0 H 0 H 0 0 1 
1 1 1 1 1 G 1 1 
P63 P14 T5

Map
1 1 1 1 1 1 1 1 
1 F 0 H 0 0 F 1 
1 F 1 0 0 # 0 G 
1 0 1 0 F 0 # 1 
1 0 # H 0 0 H 1 
1 0 0 # H # # 1 
1 0 0 0 0 0 F 1 
1 1 S 1 1 1 1 1 
P51 U56 T4

Map
1 1 S 1 1 1 1 1 
1 0 0 0 F F 0 1 
1 0 0 0 F 0 0 1 
1 1 0 0 F 0 0 1 
1 0 1 0 0 0 0 1 
1 0 0 0 F 0 F 1 
G 0 1 F 0 F 0 1 
1 1 1 1 1 1 1 1 
D33 L35 T4

Map
1 1 1 1 1 1 1 1 
1 0 0 0 0 H 0 1 
1 0 0 0 0 0 H 1 
1 0 0 1 0 0 0 1 
1 0 0 0 0 0 0 1 
1 0 0 0 0 0 0 1 
1 0 0 0 1 0 0 1 
1 1 G 1 1 1 S 1 
L64 r13 T4

Map
1 1 1 1 1 G 1 1 
1 F 0 0 0 0 # 1 
1 0 0 0 1 0 0 1 
1 0 0 0 F 0 F 1 
1 0 F 0 0 0 # 1 
1 0 0 0 1 0 0 1 
1 F 0 F 0 # 0 1 
1 S 1 1 1 1 1 1 
P13 L62 T4

Map
1 1 1 1 1 1 1 1 
1 F 1 1 0 F 0 1 
1 0 # 0 0 0 H 1 
1 # 0 1 0 0 0 1 
1 0 1 F 1 0 0 1 
1 0 # F 0 F 0 1 
1 0 0 0 1 0 0 S 
1 1 G 1 1 1 1 1 
D26 L52 T4

Map
1 1 1 1 1 1 1 1 
1 F 0 # 0 H 1 1 
G 0 0 0 H 0 H 1 
1 0 0 1 1 0 1 1 
1 F # # F 0 0 1 
1 # 0 # 0 0 0 S 
1 0 0 0 0 0 0 1 
1 1 1 1 1 1 1 1 
P21 P36 T5

Map
1 1 1 1 1 1 1 1 
1 0 0 F 0 0 0 1 
1 0 H 0 0 0 # S 
1 0 0 F 0 0 1 1 
1 0 0 0 0 0 # G 
1 0 0 0 # 0 0 1 
1 0 0 0 0 0 0 1 
1 1 1 1 1 1 1 1 
U42 T6

Map
1 1 1 1 1 1 1 1 
G # 0 0 1 0 0 1 
1 0 0 0 H # 0 S 
1 0 0 # # 0 # 1 
1 0 0 0 0 # 0 1 
1 # 0 0 0 0 0 1 
1 0 1 0 0 1 0 1 
1 1 1 1 1 1 1 1 
U62 T6

Map
1 1 1 S 1 1 1 1 
1 0 0 0 0 # 0 1 
1 H 0 0 H # 0 1 
1 0 0 1 0 0 1 1 
1 0 H 0 # 0 1 1 
1 0 1 H 0 # 0 1 
1 0 # 0 0 0 # 1 
1 1 1 1 G 1 1 1 
P61 d46 T6

Map
1 1 1 1 1 1 G 1 
S # 0 # 0 1 0 1 
1 # # F 0 0 0 1 
1 F 0 # F 1 0 1 
1 # 1 0 0 0 1 1 
1 0 0 0 # 0 0 1 
1 1 0 F 0 0 1 1 
1 1 1 1 1 1 1 1 
P41 P55 T7

Map
1 S 1 1 1 1 1 1 
1 0 0 # 0 1 F 1 
1 0 F H 0 0 0 G 
1 F 0 0 0 H # 1 
1 0 # H 0 1 # 1 
1 0 0 0 0 0 # 1 
1 1 0 # 0 1 0 1 
1 1 1 1 1 1 1 1 
D25 p43 T6

Map
1 1 1 1 1 1 1 1 
1 0 0 1 0 # 1 1 
1 1 0 0 F 0 1 1 
1 0 H H 0 F 0 1 
S # F # F 0 0 1 
1 1 0 0 0 H 0 1 
1 1 0 # # 0 0 1 
1 1 1 1 G 1 1 1 
D45 R25 T4

Map
1 1 1 1 1 1 1 1 
1 0 0 0 0 # 0 1 
1 0 H 0 0 0 0 1 
G 0 0 # 0 1 0 S 
1 H 1 0 0 H # 1 
1 0 0 H 0 0 0 1 
1 0 0 0 1 0 0 1 
1 1 1 1 1 1 1 1 
P21 P34 T5

Map
1 1 1 1 1 G 1 1 
1 0 # 0 # 0 0 1 
1 0 H 0 0 0 0 1 
1 0 0 0 # 0 0 1 
1 0 0 0 0 H 0 1 
1 0 F 0 0 0 # 1 
1 0 0 1 0 H 0 1 
1 1 S 1 1 1 1 1 
U51 P23 T4

Map
1 1 1 S 1 1 1 1 
1 # F 0 # 0 F 1 
1 0 H 0 0 1 0 1 
1 0 1 1 0 1 # 1 
1 H 0 0 F 0 0 G 
1 0 0 0 0 # 0 1 
1 H 1 F 0 0 F 1 
1 1 1 1 1 1 1 1 
R64 r45 T5

Map
1 1 1 1 S 1 1 1 
1 0 0 0 0 0 0 1 
1 H 0 F 1 F H 1 
1 0 0 0 0 0 F 1 
G 0 0 0 0 0 0 1 
1 0 0 0 0 F 0 1 
1 0 0 0 0 0 0 1 
1 1 1 1 1 1 1 1 
D21 p23 T4

Map
1 1 1 1 1 1 1 1 
1 0 0 0 # 1 # G 
1 0 0 0 0 1 0 1 
1 0 0 0 0 0 F 1 
1 0 0 1 H 0 0 1 
1 0 0 F 0 1 0 1 
1 0 0 0 0 0 0 1 
1 1 1 1 S 1 1 1 
P45 T4

Map
1 S 1 1 1 1 1 1 
1 0 0 0 0 # 0 1 
1 0 0 0 0 0 0 1 
G 0 0 # 0 F F 1 
1 0 0 F 0 # 0 1 
1 0 0 # 0 0 0 1 
1 H 0 # 0 0 F 1 
1 1 1 1 1 1 1 1 
R14 l13 T4

Map
1 1 1 1 1 1 1 1 
1 # # 0 0 0 F 1 
1 # 1 0 F # 0 1 
1 # # 1 0 F F 1 
S 0 # 0 1 0 F 1 
G 0 1 0 0 0 0 1 
1 0 # 0 0 0 F 1 
1 1 1 1 1 1 1 1 
P16 T4

Map
1 1 1 1 1 1 1 1 
1 0 0 F 0 0 # 1 
1 0 0 0 F F 0 1 
S 0 1 0 0 0 1 1 
1 1 0 # F 0 F G 
1 F H 0 0 1 0 1 
1 # 1 0 0 F 0 1 
1 1 1 1 1 1 1 1 
P22 r33 T9

Map
1 1 1 G 1 1 1 1 
1 0 0 0 0 1 0 1 
1 0 1 H H 0 0 S 
1 0 H # 0 # 0 1 
1 0 0 0 0 0 0 1 
1 0 0 0 0 1 0 1 
1 H 1 0 0 # 0 1 
1 1 1 1 1 1 1 1 
D52 U31 T4

Map
1 1 S 1 1 1 1 1 
1 0 # 0 1 F 0 1 
G 0 0 F 0 0 0 1 
1 H 0 0 0 0 # 1 
1 0 0 0 F # # 1 
1 0 0 0 # F F 1 
1 0 1 0 0 0 0 1 
1 1 1 1 1 1 1 1 
U46 D35 T4

Map
1 1 1 1 1 1 1 1 
1 0 # 0 0 0 0 1 
1 0 0 0 0 0 1 1 
1 1 0 0 0 0 F 1 
S # 0 0 1 0 0 1 
1 0 0 1 0 0 0 1 
1 0 0 0 # 0 0 1 
1 1 1 1 G 1 1 1 
L65 T6

Map
1 1 1 1 1 1 1 1 
1 0 0 0 0 H 0 1 
1 0 0 0 0 0 0 1 
1 H 0 H 0 0 0 1 
1 0 0 0 0 0 0 1 
1 # 0 0 0 # 0 1 
G 0 0 0 0 H 0 S 
1 1 1 1 1 1 1 1 
U66 p65 T5

Map
1 1 G 1 1 1 1 1 
1 0 0 0 0 0 F 1 
1 0 0 0 0 0 0 1 
1 0 H F 0 0 0 1 
1 0 0 0 0 0 0 1 
S 0 0 # 0 0 0 1 
1 H # 0 0 H 0 1 
1 1 1 1 1 1 1 1 
P31 T5

Map
1 1 1 1 1 1 1 1 
1 F 0 0 0 F 0 1 
1 0 0 # 0 # 0 1 
1 0 0 0 1 0 # G 
1 0 0 0 0 0 0 1 
1 F 0 1 # # 0 1 
1 0 0 0 0 # # 1 
1 1 1 1 1 S 1 1 
P53 p64 T5

Map
1 1 1 G 1 1 1 1 
1 0 F 0 0 H 0 1 
1 0 0 0 0 0 0 1 
1 0 0 0 # 0 0 1 
S 0 # # 0 0 0 1 
1 0 1 0 0 0 0 1 
1 F F F 0 0 0 1 
1 1 1 1 1 1 1 1 
U31 T4

Map
1 1 1 1 1 1 1 1 
1 0 F # # 0 0 1 
1 F 0 0 # 0 0 1 
1 F 0 1 0 0 # S 
1 0 0 0 0 1 0 1 
1 0 0 0 0 0 F 1 
1 F 0 # 0 0 0 1 
1 1 1 1 1 G 1 1 
P66 T4

Map
1 1 1 1 1 S 1 1 
1 0 H 0 0 0 0 1 
1 0 0 F 0 0 0 1 
1 1 F 0 0 1 0 1 
1 0 0 0 0 0 0 1 
1 1 0 0 0 0 0 1 
1 0 0 F 0 0 # 1 
1 1 1 1 1 G 1 1 
P46 T5

Map
1 1 G S 1 1 1 1 
1 H 0 0 # 1 0 1 
1 F # 0 0 0 0 1 
1 0 0 1 0 0 0 1 
1 0 # 0 # 0 0 1 
1 0 0 H 0 0 0 1 
1 1 0 1 # # H 1 
1 1 1 1 1 1 1 1 
R13 L64 T5

Map
1 1 1 G 1 1 1 1 
1 0 0 0 0 # # 1 
1 0 0 # 0 0 0 1 
1 0 0 0 0 0 1 1 
1 0 H 0 0 1 H 1 
1 0 0 0 F 0 F 1 
1 1 # F 0 0 0 1 
1 1 S 1 1 1 1 1 
L25 P41 T4

Map
1 1 1 1 S 1 1 1 
1 0 0 0 0 0 # 1 
1 1 0 0 1 0 0 1 
1 0 0 0 0 0 0 1 
1 0 0 0 0 0 0 1 
1 0 0 0 0 0 0 1 
1 0 0 0 0 0 0 1 
1 1 1 1 1 G 1 1 
P63 T5

Map
1 1 1 1 1 1 1 1 
1 0 1 0 1 0 0 1 
1 0 0 # 1 0 0 1 
1 H 0 0 0 0 H 1 
S 0 0 0 F F F 1 
1 F H 0 0 1 0 1 
1 0 # 0 0 0 F G 
1 1 1 1 1 1 1 1 
U24 T4

Map
1 1 1 1 1 1 1 1 
G 0 0 1 0 0 0 1 
1 0 F 0 0 0 F 1 
1 0 0 0 0 0 F 1 
1 0 0 F 0 # # 1 
1 0 0 0 H F 0 1 
1 0 # H 0 0 0 S 
1 1 1 1 1 1 1 1 
P46 p53 T6

Map
1 1 1 1 1 1 1 1 
1 # 0 0 F # 0 1 
1 0 0 0 # 0 # S 
1 0 0 # 0 0 0 1 
1 1 F 0 F 1 0 G 
1 0 0 1 0 0 0 1 
1 0 # 0 0 1 # 1 
1 1 1 1 1 1 1 1 
P65 T4

Map
1 1 1 1 1 1 1 1 
1 0 1 # 0 0 0 1 
1 0 H # 0 # F 1 
1 0 1 0 0 # 0 1 
1 F 0 0 F # 0 1 
S F 0 F H F F 1 
1 0 0 0 0 0 0 1 
1 1 1 1 G 1 1 1 
P36 U25 T5

Map
1 1 1 1 1 1 1 1 
G 0 0 F F 0 F 1 
1 0 0 0 0 F 0 1 
1 0 0 0 0 F 0 1 
1 # 1 1 0 F 0 S 
1 0 0 F 0 0 0 1 
1 0 F H 0 H 0 1 
1 1 1 1 1 1 1 1 
P42 T5

Map
1 1 1 1 S 1 1 1 
1 0 0 0 0 0 0 1 
1 0 0 F 1 0 0 1 
1 H 0 0 0 0 H 1 
1 0 0 0 0 0 0 G 
1 # 0 # # 1 0 1 
1 0 H 0 0 1 1 1 
1 1 1 1 1 1 1 1 
P61 T4

Map
1 S 1 1 1 1 1 1 
1 0 0 1 # # H 1 
1 # 0 0 0 1 F 1 
1 1 F # 0 H 0 1 
1 0 1 F 0 0 # 1 
1 # F F F H # 1 
1 0 F 0 0 0 0 1 
1 1 1 1 1 G 1 1 
P66 T5

Map
1 1 1 1 1 1 1 1 
G 0 1 0 0 # 0 1 
1 0 # 0 0 0 # 1 
1 0 0 0 0 H 0 S 
1 # 0 0 0 F 0 1 
1 H 0 0 # 0 0 1 
1 0 0 F 0 F 1 1 
1 1 1 1 1 1 1 1 
D63 P65 T4

Map
1 1 1 1 1 1 1 1 
1 0 0 # # 0 F 1 
1 # 0 F 0 0 0 G 
S 0 0 F H 0 F 1 
1 H 0 F 0 0 0 1 
1 0 0 0 0 0 1 1 
1 0 F 1 0 0 0 1 
1 1 1 1 1 1 1 1 
L23 p13 T5

Map
1 1 1 1 1 1 G 1 
1 H 0 F 0 0 0 1 
1 0 # 0 # 1 0 1 
1 1 1 # 0 # 0 1 
S 0 0 0 1 0 # 1 
1 0 0 F # 1 0 1 
1 0 0 F 0 0 F 1 
1 1 1 1 1 1 1 1 
P32 T4

Map
1 1 1 1 1 1 1 1 
1 H 0 0 0 H 0 1 
S 0 H 0 0 0 1 1 
1 # 0 0 0 0 F 1 
1 0 0 0 0 1 0 1 
1 1 0 0 0 0 1 1 
1 0 0 0 0 0 # 1 
1 1 1 1 1 G 1 1 
D12 D56 T4

Map
1 1 1 1 1 1 1 1 
1 0 0 0 # 0 0 1 
S # # 0 # 0 F 1 
1 0 0 # # 0 0 1 
1 0 0 # 0 0 H 1 
G 0 0 0 F 0 0 1 
1 0 F 0 0 0 H 1 
1 1 1 1 1 1 1 1 
L32 p14 T4

Map
1 1 1 1 1 1 1 1 
1 0 H 0 0 0 0 1 
S # 0 F 0 0 F 1 
1 0 0 0 0 0 0 1 
1 0 0 H H 0 0 1 
1 0 F 0 0 0 0 G 
1 0 0 0 0 0 0 1 
1 1 1 1 1 1 1 1 
L22 p14 T4

Map
1 1 1 1 G 1 1 1 
1 0 0 0 # 0 0 1 
1 0 0 H # F 1 1 
1 0 0 0 0 # 1 1 
1 0 1 0 0 # F 1 
1 0 0 0 1 0 0 S 
1 0 # 0 0 0 0 1 
1 1 1 1 1 1 1 1 
U43 D21 T4

Map
1 1 1 1 1 1 1 1 
S # 0 0 F 0 0 1 
1 0 1 0 F # F 1 
1 0 0 0 0 0 0 1 
1 0 0 0 0 0 0 1 
1 0 0 0 0 0 0 1 
1 0 0 F 0 0 # 1 
1 1 1 G 1 1 1 1 
P23 l63 T4

Map
1 1 1 1 1 1 1 1 
S 0 1 0 0 0 0 1 
1 0 0 0 0 0 0 1 
1 0 0 0 H 0 0 G 
1 1 0 0 0 1 0 1 
1 1 0 1 0 0 0 1 
1 0 H 0 0 0 0 1 
1 1 1 1 1 1 1 1 
U23 D52 T5

Map
1 1 1 1 1 1 1 1 
1 0 0 0 0 # 0 1 
G 0 0 0 # # F 1 
S F 0 0 0 0 # 1 
1 0 # 0 0 0 0 1 
1 0 0 0 0 0 0 1 
1 F # 0 0 0 F 1 
1 1 1 1 1 1 1 1 
P22 R12 T5

Map
1 1 1 1 1 G 1 1 
1 1 # 0 0 0 0 1 
1 0 F F 1 1 1 1 
1 # 0 H F 0 0 1 
1 # 0 H 0 H 0 1 
1 # F 0 0 1 F 1 
1 0 0 0 F 1 # 1 
1 S 1 1 1 1 1 1 
U26 u51 T5

Map
1 1 1 1 S 1 1 1 
1 1 0 0 0 F 0 1 
1 0 0 F 0 0 0 1 
1 F 0 0 0 F F 1 
1 1 0 0 0 # 0 1 
1 # 0 F # F H 1 
1 F 0 # 1 0 # G 
1 1 1 1 1 1 1 1 
P42 L62 T5

Map
1 S 1 G 1 1 1 1 
1 0 0 0 0 H 0 1 
1 0 0 0 H # 1 1 
1 0 0 0 # 0 0 1 
1 H 0 0 0 1 0 1 
1 0 # # 1 0 0 1 
1 0 1 0 0 0 F 1 
1 1 1 1 1 1 1 1 
L65 R13 T5

Map
1 1 1 1 1 1 1 1 
1 1 0 0 0 0 # 1 
1 0 0 0 0 0 0 1 
1 0 0 0 0 H 0 1 
1 0 # 0 0 0 0 1 
G 0 0 1 0 0 1 1 
1 0 0 # 0 # 0 1 
1 1 1 1 1 S 1 1 
P14 P55 T4

Map
1 1 1 1 1 1 1 1 
G # # H 0 0 0 S 
1 0 0 0 0 # F 1 
1 F 0 0 # 0 0 1 
1 0 0 0 0 H 0 1 
1 0 0 0 F 0 0 1 
1 0 0 # 0 0 1 1 
1 1 1 1 1 1 1 1 
D41 T4

Map
1 1 1 1 1 1 S 1 
1 # 0 0 0 0 0 1 
1 # 0 0 0 0 0 1 
1 # F 0 0 H 0 1 
1 0 H 0 H 0 H 1 
1 0 # 0 0 0 0 1 
1 0 0 0 0 0 0 1 
1 1 1 1 G 1 1 1 
P56 L61 T4

Map
1 1 1 1 S 1 1 1 
1 0 0 0 0 0 0 1 
1 1 0 0 0 0 1 1 
1 0 0 0 0 # H 1 
G 0 0 # 0 H 1 1 
1 0 1 1 H 0 0 1 
1 0 0 0 1 F H 1 
1 1 1 1 1 1 1 1 
P43 T4

Map
1 1 1 1 1 1 1 1 
1 0 0 0 0 0 0 1 
1 0 1 0 0 0 # 1 
S 0 H 0 # H 0 1 
1 1 0 F 0 0 0 1 
1 H 0 0 0 0 0 1 
G F F 0 0 0 F 1 
1 1 1 1 1 1 1 1 
U13 d31 T4

Map
1 1 1 1 1 1 1 1 
1 0 0 F H 1 0 1 
S 0 0 1 # 0 0 1 
1 0 0 F 0 0 0 1 
1 0 # 0 0 # 0 1 
1 0 # 0 0 0 0 1 
1 0 0 1 F 0 1 1 
1 1 1 1 G 1 1 1 
P26 U55 T5

Map
1 1 G 1 1 1 1 1 
1 0 0 # 0 0 H 1 
1 # 0 # 0 0 0 1 
1 0 0 1 # 0 0 1 
1 0 # 0 1 1 0 S 
1 0 0 1 0 0 H 1 
1 H 0 0 0 0 # 1 
1 1 1 1 1 1 1 1 
P62 U21 T5

Map
1 1 1 1 1 1 1 1 
S 0 0 0 F 0 0 1 
1 1 1 0 H H 0 G 
1 0 0 0 0 0 0 1 
1 0 0 0 0 0 0 1 
1 1 0 0 0 0 F 1 
1 0 0 1 0 0 0 1 
1 1 1 1 1 1 1 1 
D31 r62 T6

Map
1 1 1 1 1 1 1 1 
1 0 # 0 0 0 1 1 
G 0 0 0 # 1 1 1 
1 H 0 0 0 0 0 1 
1 0 0 0 1 0 0 1 
1 0 # 1 0 0 0 S 
1 0 # F # # # 1 
1 1 1 1 1 1 1 1 
P16 p23 T6

Map
1 1 1 1 1 1 1 1 
1 1 0 0 F 0 # 1 
1 1 F 1 # F F 1 
G 0 # F H 1 0 1 
1 H 0 F 0 0 0 S 
1 0 1 0 H 0 0 1 
1 0 0 F 0 0 0 1 
1 1 1 1 1 1 1 1 
U64 P24 T4

Map
1 1 1 1 1 1 1 1 
1 0 0 0 # F 0 1 
S 0 0 0 1 1 0 1 
1 0 # 0 0 0 F 1 
1 0 F # 0 # 0 1 
1 0 F # 0 0 0 1 
1 0 # F 0 # F 1 
1 1 1 1 1 G 1 1 
P16 d55 T5

Map
1 1 1 1 1 1 1 1 
1 F 0 0 0 0 F G 
1 0 0 0 H F # 1 
1 H 0 0 0 0 H 1 
1 0 0 1 0 0 0 1 
1 0 0 0 0 F 0 1 
1 F 0 1 0 0 0 S 
1 1 1 1 1 1 1 1 
L45 R14 T5

Map
1 1 1 1 1 1 1 1 
1 0 F 0 0 0 0 1 
S 0 0 1 F 1 0 G 
1 0 0 F 0 0 0 1 
1 0 1 0 F 0 # 1 
1 # H 0 0 F 0 1 
1 0 # F 1 F 0 1 
1 1 1 1 1 1 1 1 
R62 T4

Map
1 1 1 1 1 1 1 1 
1 0 1 0 0 0 F G 
1 0 0 0 1 0 0 1 
1 0 0 # 1 H 1 1 
S 0 0 0 0 0 F 1 
1 F F F H 0 # 1 
1 0 # 0 H 0 1 1 
1 1 1 1 1 1 1 1 
D24 r12 T6

Map
1 1 1 S G 1 1 1 
1 1 0 0 0 0 0 1 
1 # 0 0 1 H 0 1 
1 1 0 0 0 0 0 1 
1 0 1 0 # 0 # 1 
1 0 0 1 0 0 0 1 
1 H 0 # 0 H 1 1 
1 1 1 1 1 1 1 1 
P51 T4

Map
1 1 1 1 1 1 1 1 
1 0 F 0 0 0 0 1 
1 0 0 0 0 0 # 1 
S F 0 0 F # 0 1 
1 0 # 0 F 0 F 1 
1 # 0 0 0 1 F 1 
1 0 0 1 0 0 0 1 
1 G 1 1 1 1 1 1 
L45 T5

Map
1 1 1 1 1 1 1 1 
1 0 1 0 H # # G 
1 0 0 0 0 # 0 1 
1 0 0 0 0 0 H 1 
1 0 0 0 0 0 1 1 
1 0 0 0 0 # H 1 
S # 0 0 0 0 # 1 
1 1 1 1 1 1 1 1 
R12 T5

Map
1 1 G 1 1 1 1 1 
1 1 0 0 1 F # 1 
1 H 0 1 0 0 0 S 
1 0 0 0 # 0 1 1 
1 F 0 H 0 0 0 1 
1 0 0 0 0 0 1 1 
1 0 F F 0 # 0 1 
1 1 1 1 1 1 1 1 
P15 l45 T4

Map
1 1 1 1 1 G 1 1 
1 0 0 0 H 0 0 1 
1 0 0 0 0 0 0 1 
1 # 0 1 1 H 0 1 
1 # # # 0 # 1 1 
1 0 0 0 # H 0 1 
1 0 0 # 0 0 0 1 
1 1 S 1 1 1 1 1 
P62 D31 T4

Map
1 1 1 1 1 1 1 1 
1 0 0 0 0 0 0 1 
1 0 0 0 0 0 0 1 
S 0 0 H 0 # # 1 
1 0 0 0 0 0 0 1 
1 0 0 0 0 0 0 1 
1 0 0 0 0 H 0 G 
1 1 1 1 1 1 1 1 
U13 T4

Map
1 1 1 G 1 1 1 1 
1 0 F 0 0 0 0 1 
1 0 # 0 0 H F 1 
1 0 # 0 0 0 0 1 
1 # 0 H 0 0 0 1 
1 0 0 0 0 0 0 1 
1 0 0 0 0 0 0 1 
1 1 1 S 1 1 1 1 
P35 u31 T5

Map
1 1 1 1 1 S 1 1 
1 0 # 0 0 0 0 1 
1 F # 1 0 H # 1 
1 0 0 0 0 F 0 1 
1 # 0 0 0 0 F 1 
1 0 0 0 0 H # 1 
1 0 0 0 0 0 0 1 
1 G 1 1 1 1 1 1 
R51 T4

Map
1 1 G 1 1 1 1 1 
1 0 0 0 0 0 H 1 
1 0 0 0 0 0 0 1 
1 F F 0 0 0 0 1 
1 1 0 0 0 0 0 1 
1 H F 0 0 0 0 S 
1 0 0 0 H 0 0 1 
1 1 1 1 1 1 1 1 
P35 u21 T4

Map
1 1 1 1 1 1 1 1 
1 0 0 # F 0 0 1 
1 0 F 0 1 1 0 1 
1 0 0 0 0 0 0 1 
1 0 0 0 0 0 # 1 
1 0 # 0 0 0 0 1 
1 1 0 0 0 0 0 1 
1 1 1 S G 1 1 1 
P56 T4

Map
1 1 G S 1 1 1 1 
1 0 F 0 1 # 0 1 
1 1 F 0 F 0 # 1 
1 F # 0 1 0 0 1 
1 0 0 0 0 0 0 1 
1 0 1 # 0 F 0 1 
1 # 0 0 0 H 0 1 
1 1 1 1 1 1 1 1 
P14 p33 T4

Map
1 S 1 1 1 1 1 1 
1 0 0 F # 0 F 1 
1 0 0 0 0 0 1 1 
1 0 0 F 0 0 H 1 
1 H 0 0 F 0 0 1 
1 H 0 0 H F 0 1 
1 0 0 # 0 F 0 1 
1 G 1 1 1 1 1 1 
P13 p12 T6

Map
1 1 1 1 1 1 G 1 
1 # 0 0 0 1 0 1 
1 0 0 1 # 0 0 1 
1 1 # # 0 0 0 1 
1 H 0 # 0 0 # 1 
1 1 0 0 0 0 0 1 
1 0 0 0 0 1 0 1 
1 S 1 1 1 1 1 1 
R43 T4

Map
1 S 1 1 1 1 1 1 
1 0 0 F F F 0 1 
1 1 # # 0 1 0 1 
1 0 0 0 0 # 0 1 
1 0 H 0 F 0 0 1 
1 0 0 0 0 # F 1 
1 0 0 # 0 0 0 1 
1 1 1 1 G 1 1 1 
P33 L63 T4

Map
1 1 1 1 1 1 1 1 
1 1 H 0 0 F F 1 
1 0 1 0 0 1 0 G 
1 0 0 0 0 0 0 1 
1 0 0 0 0 0 0 1 
1 0 0 F 0 0 F 1 
1 0 0 0 0 F F 1 
1 S 1 1 1 1 1 1 
R62 p14 T4

Map
1 1 1 1 1 1 1 1 
1 0 1 0 0 0 0 1 
1 0 0 0 F F F 1 
1 0 0 0 0 0 0 1 
1 F 0 1 0 F 0 1 
1 0 1 0 0 0 1 1 
S 0 0 0 F 0 F 1 
1 1 1 1 G 1 1 1 
P26 r13 T6

Map
1 1 1 1 1 1 1 1 
1 0 0 0 F 0 1 1 
1 H 0 F 0 0 H 1 
1 0 0 0 H 1 0 1 
1 0 0 H 1 0 0 1 
1 0 F # 0 0 0 1 
S 0 F 1 1 0 0 G 
1 1 1 1 1 1 1 1 
U16 P14 T4

Map
1 1 1 1 1 1 1 1 
1 0 0 0 0 0 0 1 
1 0 0 0 H F 0 S 
G 0 0 0 0 0 0 1 
1 0 F 0 F 0 H 1 
1 0 0 1 0 0 F 1 
1 0 H 0 0 0 0 1 
1 1 1 1 1 1 1 1 
P14 U62 T4

Map
1 1 1 1 1 1 1 1 
1 H 0 0 0 0 0 S 
G 0 F 0 0 H 0 1 
1 0 0 0 0 0 # 1 
1 0 # # 1 0 0 1 
1 # 0 0 0 F 0 1 
1 0 F F # 0 0 1 
1 1 1 1 1 1 1 1 
P31 u33 T5

Map
1 1 1 S G 1 1 1 
1 0 0 0 0 0 0 1 
1 F H 0 0 0 1 1 
1 0 1 H 0 F 0 1 
1 0 0 0 0 1 0 1 
1 0 0 0 0 F 0 1 
1 0 0 0 0 0 0 1 
1 1 1 1 1 1 1 1 
L31 p13 T5

Map
1 S 1 1 1 1 1 1 
1 0 # 0 0 # F 1 
1 0 0 # F 0 F 1 
1 0 0 0 0 0 0 1 
1 H H H 0 F 0 1 
1 0 0 0 0 H 0 1 
1 0 0 0 # F 0 G 
1 1 1 1 1 1 1 1 
U13 p12 T4

Map
1 1 1 1 1 1 1 1 
S 0 0 0 H 0 0 1 
1 0 0 # 0 0 0 1 
1 0 1 0 0 0 0 1 
1 0 0 0 F 1 # G 
1 0 0 0 0 0 0 1 
1 # 0 0 0 0 0 1 
1 1 1 1 1 1 1 1 
P63 D11 T4

Map
1 1 1 1 1 1 1 1 
1 0 0 H 0 0 0 1 
1 0 0 0 0 0 # 1 
1 H 0 0 0 0 0 1 
1 0 # 0 0 0 0 1 
G 0 0 0 0 1 0 1 
1 0 0 0 1 0 0 1 
1 S 1 1 1 1 1 1 
R14 p34 T4

Map
1 1 1 1 1 1 1 1 
1 0 0 0 0 0 0 1 
1 1 0 0 F 0 # 1 
1 0 0 F 1 F 0 1 
1 0 # 0 F F 0 1 
1 0 0 0 0 0 0 1 
1 1 0 0 F 0 0 1 
1 1 S 1 G 1 1 1 
L23 d45 T4

Map
1 1 1 1 1 1 S 1 
1 0 0 1 0 0 0 1 
1 0 0 0 0 1 F 1 
1 0 F 0 0 F 0 1 
1 0 0 0 F 0 0 1 
1 0 0 0 0 0 H 1 
1 0 0 F 1 F # 1 
1 1 1 1 1 G 1 1 
P64 r14 T5

Map
1 1 1 1 1 1 1 1 
1 1 0 0 F 1 0 G 
1 0 0 0 0 0 F 1 
1 0 0 0 0 F 0 1 
1 0 # 0 0 F 0 1 
1 0 H 0 0 1 0 1 
1 0 0 0 1 H 0 1 
1 1 1 S 1 1 1 1 
P32 T4

Map
1 1 1 1 1 1 G 1 
1 F 0 1 0 0 0 1 
1 H # 0 0 0 H 1 
1 0 0 # 0 0 0 1 
1 F 0 0 0 # F 1 
S F 0 0 F 0 0 1 
1 0 F # 1 0 F 1 
1 1 1 1 1 1 1 1 
L63 p53 T6

Map
1 1 1 1 1 1 1 1 
1 0 0 0 1 0 0 1 
1 0 0 # 0 # 0 1 
1 0 # 0 0 0 0 1 
1 0 1 0 0 F 0 1 
1 0 0 # F 0 0 1 
1 0 0 F # 1 0 1 
1 1 1 S G 1 1 1 
P33 L63 T4

Map
1 1 1 1 1 S 1 1 
1 0 0 0 1 0 0 1 
1 0 1 0 0 0 0 1 
G 0 1 0 1 0 0 1 
1 0 0 0 0 # 0 1 
1 0 0 0 1 H 0 1 
1 1 0 0 H 0 # 1 
1 1 1 1 1 1 1 1 
L52 p12 T6

Map
1 1 S 1 1 1 1 1 
1 0 0 H 0 0 F 1 
1 0 H 0 # 0 0 G 
1 0 0 0 0 0 0 1 
1 0 F 0 0 0 0 1 
1 1 0 0 0 0 H 1 
1 # 0 0 0 0 # 1 
1 1 1 1 1 1 1 1 
L21 R62 T4

Map
1 1 1 1 1 1 S 1 
1 0 # 0 0 0 0 1 
1 0 0 0 # 0 0 1 
1 0 F 0 0 1 # 1 
1 0 0 # F 0 0 1 
1 F # 0 # 0 F 1 
1 F # # 0 0 0 1 
1 1 1 G 1 1 1 1 
P62 p41 T4

Map
1 1 1 1 1 1 1 1 
1 0 0 1 0 0 0 1 
1 0 1 1 0 0 0 G 
1 0 0 0 0 0 0 1 
1 0 0 0 H # 0 1 
1 0 0 0 # 0 0 1 
S # 1 1 0 0 0 1 
1 1 1 1 1 1 1 1 
R62 P12 T4

Map
1 1 1 1 1 1 1 1 
1 0 0 F F 0 0 1 
1 H 0 0 0 0 0 G 
1 1 1 0 0 # 0 1 
1 F 0 0 0 0 0 1 
1 0 0 0 F 0 F S 
1 1 0 1 0 0 0 1 
1 1 1 1 1 1 1 1 
P61 P15 T5

Map
1 1 1 1 1 1 1 1 
1 0 0 # 0 0 0 1 
1 0 0 # H 0 # 1 
1 H F 0 # 0 0 G 
1 0 0 1 0 1 0 S 
1 0 # F 0 # 0 1 
1 0 0 H 1 0 0 1 
1 1 1 1 1 1 1 1 
P21 T5

Map
1 1 1 1 1 1 1 1 
G 0 F 0 0 0 F 1 
1 F 0 0 0 0 0 1 
1 F 0 0 0 0 0 1 
1 0 F 0 1 0 F 1 
1 1 1 F 0 0 0 1 
1 0 1 1 0 F H 1 
1 1 1 1 S 1 1 1 
P65 T4

Map
1 1 1 1 S 1 1 1 
1 H 0 # 0 0 # 1 
1 0 H 0 1 1 F 1 
1 0 0 0 0 0 # 1 
1 # 0 # # # H 1 
G 0 0 0 0 1 0 1 
1 0 0 0 0 # 0 1 
1 1 1 1 1 1 1 1 
P21 l35 T4

Map
1 1 1 1 1 S 1 1 
1 0 0 # 0 0 # 1 
1 # H 1 H 0 1 1 
1 # F 1 1 H 0 1 
1 0 0 0 # 0 0 1 
1 0 0 1 F 0 0 1 
1 F 0 0 # 0 0 G 
1 1 1 1 1 1 1 1 
L51 R14 T4

Map
1 1 1 1 S 1 1 1 
1 F 0 0 0 0 H 1 
1 0 1 0 0 0 1 1 
1 0 0 0 0 0 0 1 
1 F 0 0 0 F 0 1 
1 0 0 0 H 0 1 1 
1 0 0 0 0 0 0 1 
1 1 1 1 1 1 G 1 
U43 r42 T4

Map
1 1 1 1 1 1 1 1 
1 0 # 0 0 # 0 1 
1 0 0 # 1 F 0 1 
1 0 0 # F 0 # 1 
1 0 0 0 0 H 0 1 
1 H 1 0 0 F F 1 
1 0 0 0 0 1 F 1 
1 1 G 1 1 1 S 1 
D26 R12 T5

Map
1 1 1 1 1 1 1 1 
1 0 0 0 0 0 0 1 
1 F 0 0 0 0 1 1 
1 H # 0 0 0 0 1 
G F 0 F 0 0 0 1 
1 0 0 0 0 0 1 1 
S F 0 1 0 0 0 1 
1 1 1 1 1 1 1 1 
R33 d31 T6

Map
1 1 1 1 1 1 1 1 
1 H 0 0 0 0 0 1 
1 0 0 F 0 0 0 1 
G 0 H 0 0 0 # 1 
S 0 0 F 0 0 0 1 
1 0 0 F 0 0 0 1 
1 0 0 0 0 0 0 1 
1 1 1 1 1 1 1 1 
L13 T4

Map
1 1 1 G 1 1 1 1 
1 0 H 0 0 0 0 S 
1 0 0 0 0 0 0 1 
1 0 0 0 0 F F 1 
1 0 0 F # 0 0 1 
1 0 1 0 0 0 H 1 
1 H 0 0 0 0 0 1 
1 1 1 1 1 1 1 1 
P41 l55 T4

Map
1 1 S 1 1 1 1 1 
1 0 0 0 0 0 0 1 
G 0 F 1 0 0 F 1 
1 0 0 0 0 0 0 1 
1 0 0 F 0 F 0 1 
1 0 F 0 0 0 0 1 
1 0 0 F 0 0 1 1 
1 1 1 1 1 1 1 1 
P11 T4

Map
1 1 1 1 1 1 1 1 
1 0 # # F 0 # 1 
1 # 0 0 0 0 0 1 
1 # 0 0 0 0 0 1 
1 1 H F 0 1 0 1 
1 0 0 0 0 # 0 G 
1 F 0 0 # 0 0 1 
1 1 1 S 1 1 1 1 
P66 T4

Map
1 G 1 1 1 1 1 1 
1 0 0 0 F H 1 1 
1 0 F 0 H # 0 1 
1 H 0 1 0 0 0 1 
1 0 0 0 0 # 0 1 
1 1 0 F F F 0 1 
1 0 0 F 0 F 0 1 
1 1 1 1 1 S 1 1 
P53 U24 T4

Map
1 1 1 1 1 1 1 1 
1 0 F # 0 0 0 1 
1 # # 0 0 0 0 S 
1 # 1 0 0 0 1 1 
1 1 H 0 0 0 0 1 
1 0 0 1 0 0 0 1 
1 # 0 # 0 H 0 1 
1 1 1 G 1 1 1 1 
P26 d42 T4

Map
1 1 1 1 1 1 1 1 
1 0 0 0 F 0 0 1 
S 0 1 0 0 0 H 1 
1 0 0 H H 0 0 G 
1 0 0 1 1 0 0 1 
1 1 0 0 0 0 0 1 
1 F 0 0 0 0 0 1 
1 1 1 1 1 1 1 1 
P54 D51 T4

Map
1 1 1 1 1 1 1 1 
1 F 0 0 H 0 0 1 
1 0 F # 0 0 0 S 
1 1 0 0 0 0 0 1 
1 0 F 1 # 0 F 1 
G 0 0 0 F 0 1 1 
1 0 0 0 # 0 0 1 
1 1 1 1 1 1 1 1 
U36 P42 T4

Map
1 1 1 1 1 1 1 1 
1 0 H 0 0 0 0 1 
1 1 # 0 F # 0 1 
1 F 0 0 0 F 0 1 
1 F 0 0 1 1 0 S 
1 0 0 0 # 1 H 1 
1 0 0 H 0 0 F 1 
1 1 1 1 G 1 1 1 
P61 p24 T7

Map
1 1 1 1 1 1 1 1 
G 0 0 H 0 0 0 1 
1 0 0 0 0 0 0 1 
1 0 0 0 0 # 0 1 
1 0 0 0 0 0 0 1 
1 1 0 0 0 0 0 1 
1 0 0 0 0 # 0 1 
1 S 1 1 1 1 1 1 
P36 T4

Map
1 1 1 1 1 G 1 1 
S 0 0 0 1 0 F 1 
1 0 # 0 H 0 0 1 
1 0 # # 0 0 0 1 
1 F 0 0 0 F # 1 
1 F H H F 0 # 1 
1 0 F 1 0 # # 1 
1 1 1 1 1 1 1 1 
P63 R13 T4

Map
1 1 1 G 1 1 1 1 
1 0 0 0 0 0 0 1 
1 0 0 0 0 0 0 1 
1 0 H 0 1 0 0 1 
1 0 0 0 0 0 F 1 
1 0 0 1 F 0 0 1 
1 1 H 0 0 0 F 1 
1 1 1 S 1 1 1 1 
U34 P56 T4

Map
1 1 1 1 1 1 1 1 
1 0 0 0 0 H 0 1 
1 F 1 F 0 # 0 S 
1 0 F 0 0 0 0 1 
1 1 F H 0 0 0 1 
G F F 0 0 0 0 1 
1 0 0 0 0 0 0 1 
1 1 1 1 1 1 1 1 
P42 p54 T4

Map
1 1 S 1 1 1 1 1 
1 # # 1 0 0 0 1 
1 0 0 0 H 0 F 1 
1 0 0 0 0 0 # 1 
1 0 0 # F 0 0 1 
G 0 0 1 0 # H 1 
1 0 F # 0 # 0 1 
1 1 1 1 1 1 1 1 
U22 l15 T4

Map
1 1 1 1 1 1 1 1 
1 0 1 0 0 0 1 1 
1 0 0 1 0 F 0 1 
1 0 0 F 0 0 0 1 
1 0 0 0 0 0 0 1 
1 0 0 F 0 0 0 1 
1 0 1 F F F F 1 
1 G 1 S 1 1 1 1 
R34 l63 T4

Map
1 1 1 S 1 1 1 1 
1 F 0 0 1 0 0 1 
1 1 0 0 # # 0 1 
1 # 0 0 0 0 0 1 
1 # 1 0 # # 1 1 
1 1 F 1 0 0 F G 
1 0 0 # 0 H F 1 
1 1 1 1 1 1 1 1 
L55 P45 T4

Map
1 S 1 1 1 1 1 1 
1 0 0 0 H 1 0 1 
1 1 0 0 0 H F 1 
1 0 0 0 0 0 0 1 
1 0 0 1 F 1 0 1 
1 1 F 0 0 0 0 G 
1 0 0 F 0 0 0 1 
1 1 1 1 1 1 1 1 
P31 R65 T5

Map
1 1 1 1 1 G 1 1 
1 0 0 0 0 0 0 1 
1 0 0 H 0 0 1 1 
1 0 0 0 0 1 F 1 
1 F F 0 0 0 0 1 
1 F 0 H 0 0 0 1 
1 0 0 H 0 1 0 1 
1 S 1 1 1 1 1 1 
D41 r42 T4

Map
1 1 1 1 1 1 1 1 
1 F 0 0 0 0 0 1 
1 0 0 0 H 0 0 G 
1 0 1 0 0 H # 1 
1 0 # 0 0 0 0 1 
1 0 H 0 0 0 1 1 
1 0 0 # 1 0 0 1 
1 S 1 1 1 1 1 1 
P61 P13 T4

Map
1 1 1 1 1 1 1 1 
1 0 0 0 0 0 1 1 
G 0 # F 0 H 0 1 
S 0 F 0 0 0 0 1 
1 0 0 H 0 F 0 1 
1 0 0 0 0 0 F 1 
1 0 0 0 0 0 0 1 
1 1 1 1 1 1 1 1 
L12 T4

Map
1 1 1 1 1 1 1 1 
1 0 0 0 0 0 1 1 
1 0 H 0 0 F 0 S 
1 0 0 0 0 0 0 1 
1 0 0 0 0 0 0 1 
1 1 0 0 0 0 0 1 
1 0 0 0 0 # H 1 
1 1 1 1 1 G 1 1 
D54 U32 T4

Map
1 1 1 1 1 1 1 1 
1 1 1 # 0 0 0 1 
1 # 0 0 0 H 0 G 
1 0 0 # 1 0 0 1 
1 0 0 1 0 0 0 1 
1 # 0 0 0 # 1 1 
1 0 0 0 H 0 F 1 
1 1 1 S 1 1 1 1 
P61 p35 T7

Map
1 1 1 1 1 1 1 1 
1 0 0 0 0 0 0 1 
1 1 H 1 0 0 # G 
1 H 0 0 H 0 0 1 
1 0 0 F 0 0 0 1 
S F 0 0 0 0 0 1 
1 0 0 0 0 0 F 1 
1 1 1 1 1 1 1 1 
R42 d41 T4

Map
1 1 1 1 1 1 1 1 
1 0 0 H F H H 1 
1 0 0 0 0 0 # 1 
1 0 0 0 0 0 # 1 
1 # 0 F 0 1 1 1 
1 F 0 0 F 0 0 1 
1 0 0 0 0 0 0 1 
1 1 G S 1 1 1 1 
P32 r12 T5

Map
1 1 1 1 G 1 1 1 
1 0 H 0 0 0 0 1 
1 1 0 0 H 0 F 1 
1 0 0 0 0 0 0 1 
1 F 1 F 0 0 0 1 
1 0 0 F # H 0 1 
1 F # 0 # 0 0 1 
1 1 1 1 S 1 1 1 
D43 U41 T4

Map
1 1 1 1 1 1 1 1 
1 H 0 # 0 0 F 1 
1 0 0 0 0 0 0 1 
S # 0 1 0 0 0 1 
1 1 0 0 0 0 F 1 
1 0 0 0 0 0 0 1 
1 0 # # 0 0 H 1 
1 1 1 1 G 1 1 1 
P51 T4

Map
1 1 1 1 1 1 1 1 
1 0 0 # 0 0 1 1 
1 0 1 0 0 0 0 1 
1 0 1 H 0 F 0 1 
1 F 0 0 0 0 0 1 
1 0 F 0 0 H 0 1 
1 F 0 0 0 0 0 1 
1 1 1 S G 1 1 1 
L35 P51 T4

Map
1 1 1 1 1 1 1 1 
1 0 0 # F 0 # 1 
1 0 0 F 0 1 0 1 
1 1 0 0 H 0 F 1 
1 F # 0 1 # # 1 
1 0 0 0 F 0 F 1 
S F 0 0 # 0 1 1 
1 1 1 G 1 1 1 1 
P25 l55 T4

Map
1 S 1 1 1 1 G 1 
1 0 0 # F 0 F 1 
1 0 0 0 0 1 F 1 
1 0 0 0 0 H 0 1 
1 0 0 0 H 0 0 1 
1 # 1 0 0 F 0 1 
1 # 1 0 0 0 0 1 
1 1 1 1 1 1 1 1 
P42 p11 T6

Map
1 1 1 1 1 1 1 1 
1 0 0 0 F 0 # 1 
1 1 # 0 0 1 0 S 
1 0 0 0 H F 0 1 
1 0 0 H 0 H F 1 
1 0 0 F 1 0 0 1 
1 0 0 0 0 0 H 1 
1 1 1 G 1 1 1 1 
D36 L65 T4

Map
1 1 1 G 1 1 1 1 
1 0 0 0 F 0 0 1 
1 0 1 0 1 0 0 1 
1 F # H 0 0 0 S 
1 1 0 0 # 0 0 1 
1 0 # 0 0 0 # 1 
1 0 0 0 0 F F 1 
1 1 1 1 1 1 1 1 
P21 P43 T4

Map
1 1 1 1 1 1 1 1 
S # 0 0 0 0 # 1 
1 0 # 0 F # 0 1 
1 0 0 1 F 0 H 1 
1 # F 0 F 0 0 1 
1 1 0 0 0 0 0 1 
1 0 1 F F 1 0 1 
1 1 1 G 1 1 1 1 
P45 R13 T6

Map
1 1 G 1 1 1 1 1 
1 0 # 0 F 0 0 1 
1 0 0 0 0 0 0 1 
1 1 F 1 F 0 0 1 
1 0 # 0 0 1 F 1 
1 0 0 # 0 1 1 1 
S 0 F 0 # 1 # 1 
1 1 1 1 1 1 1 1 
P14 u36 T4

Map
1 1 1 1 1 1 1 1 
1 0 1 0 0 0 0 G 
1 0 0 0 0 F F 1 
1 0 0 H 0 0 F S 
1 # 0 0 0 0 0 1 
1 0 0 F F 0 0 1 
1 0 0 0 0 0 0 1 
1 1 1 1 1 1 1 1 
D43 u56 T4

Map
1 1 1 1 G 1 1 1 
1 0 F 0 0 0 # 1 
1 0 1 # 0 0 0 1 
1 0 F 1 0 0 0 1 
1 # # 1 0 0 0 1 
1 0 0 0 1 0 0 1 
1 0 F 0 F 0 0 1 
1 1 S 1 1 1 1 1 
R25 U41 T5

Map
1 S 1 1 1 1 1 1 
1 F 0 1 0 0 0 1 
1 0 0 0 0 1 0 1 
1 F 0 F 1 1 # G 
1 0 0 0 F H 0 1 
1 H F 0 0 0 0 1 
1 H 1 1 F F F 1 
1 1 1 1 1 1 1 1 
P64 R12 T5

Map
1 1 1 1 1 1 1 1 
1 F 0 0 0 0 0 G 
1 0 F 0 0 0 F 1 
1 0 0 0 1 0 0 1 
1 1 0 0 0 H 0 1 
1 1 F H # 0 0 S 
1 # 0 1 0 0 0 1 
1 1 1 1 1 1 1 1 
D55 T4

Map
1 1 1 1 1 1 1 1 
1 0 F 0 0 0 # 1 
1 0 0 0 F 0 1 1 
S 0 0 F 0 0 F 1 
1 0 0 0 0 0 0 1 
1 0 0 0 0 0 F 1 
1 0 0 0 0 H 0 G 
1 1 1 1 1 1 1 1 
L23 p13 T7

Map
1 1 G 1 1 1 1 1 
1 H 0 0 0 0 0 1 
1 0 0 1 0 1 # 1 
1 0 # 0 0 0 0 1 
1 0 0 1 1 F F 1 
1 0 1 0 0 0 F 1 
1 1 F 0 F # 0 1 
1 1 1 1 S 1 1 1 
P13 U55 T4

Map
1 G 1 1 1 1 1 1 
1 0 0 0 0 0 0 1 
1 0 F 0 F H 0 1 
1 F F 0 0 0 1 1 
1 H 0 1 1 0 0 1 
1 F 0 0 0 0 1 1 
1 H 1 0 # 0 0 1 
1 1 1 1 1 1 S 1 
L53 P33 T8

Map
1 S 1 1 1 1 1 1 
1 0 0 0 0 # 0 1 
1 0 0 0 0 0 # 1 
1 0 0 0 0 0 F 1 
1 0 0 # F # # 1 
1 F 0 0 0 0 0 G 
1 0 1 H 1 0 0 1 
1 1 1 1 1 1 1 1 
P12 l52 T8

Map
1 1 1 1 1 1 1 1 
1 1 0 1 0 0 # 1 
1 0 F 0 # 0 H 1 
G 0 0 # 0 0 0 1 
S 0 H 0 0 F 0 1 
1 0 0 0 0 1 0 1 
1 0 F 0 1 H 0 1 
1 1 1 1 1 1 1 1 
D14 L13 T5

Map
1 1 G 1 1 1 1 1 
1 1 # # 1 0 # 1 
1 0 # H # 0 0 S 
1 0 0 0 H H 0 1 
1 0 # 0 0 0 0 1 
1 0 0 0 0 0 0 1 
1 # 0 0 0 0 0 1 
1 1 1 1 1 1 1 1 
U52 U26 T4

Map
1 1 1 G 1 1 1 1 
1 0 0 # 0 0 H 1 
1 0 0 0 F 0 0 1 
1 # 0 1 0 1 0 1 
1 0 H 0 0 0 0 1 
S 0 # 0 0 0 0 1 
1 0 0 # 0 # # 1 
1 1 1 1 1 1 1 1 
D51 u32 T6

Map
1 1 1 1 1 1 1 1 
1 H F 1 0 0 1 1 
1 1 0 F 0 0 0 1 
1 0 F 0 0 0 0 1 
1 # # 1 1 0 F 1 
1 F H 0 F 0 0 S 
1 0 1 F 0 0 0 1 
1 G 1 1 1 1 1 1 
D42 P55 T5

Map
1 1 1 1 1 1 1 1 
1 0 1 # 0 1 # 1 
1 0 0 0 0 F 0 S 
1 # 0 0 H 0 0 1 
1 0 0 0 H F 0 1 
1 0 1 F H 0 0 1 
1 1 0 0 F 0 0 1 
1 1 G 1 1 1 1 1 
U42 T5

Map
1 1 1 1 1 1 1 1 
1 0 F 0 0 0 F 1 
1 # 0 0 0 F 0 1 
G 0 1 0 0 0 0 1 
1 0 0 0 H 0 0 1 
1 0 1 0 0 0 0 1 
1 1 H 0 F 0 1 1 
1 1 1 1 S 1 1 1 
L45 l13 T5

Map
1 1 1 G 1 1 1 1 
1 0 # # 0 0 0 1 
1 0 0 F 0 0 0 1 
1 0 # 0 0 0 F 1 
1 F H 0 0 0 F 1 
1 # 0 0 0 # 0 1 
1 F # 0 0 1 0 1 
1 S 1 1 1 1 1 1 
L65 p45 T5

Map
1 1 1 1 1 1 1 1 
1 F 0 # 0 F 0 1 
1 0 0 0 F 0 0 1 
1 0 1 0 0 0 0 1 
1 0 F F 0 0 0 1 
1 0 0 F 0 0 0 1 
1 0 1 0 0 0 0 1 
1 1 1 G 1 S 1 1 
R52 T4

Map
1 1 1 1 1 1 1 1 
1 0 0 0 F # 0 1 
1 H 0 0 0 0 0 S 
G 0 0 F 0 0 F 1 
1 F 0 0 0 H # 1 
1 0 0 0 # 0 0 1 
1 0 0 F F 0 0 1 
1 1 1 1 1 1 1 1 
U22 L13 T5

Map
1 1 1 1 G 1 S 1 
1 0 F F F 0 0 1 
1 0 0 # 0 # 0 1 
1 F 0 0 0 # 0 1 
1 0 H 0 0 0 0 1 
1 0 0 0 H 1 # 1 
1 0 0 H 0 0 0 1 
1 1 1 1 1 1 1 1 
D51 P34 T5

Map
1 1 1 1 1 1 1 1 
G # 0 0 1 F F 1 
1 0 0 1 H # 0 1 
1 1 0 1 # 0 0 S 
1 0 0 F F 0 0 1 
1 1 H # 1 0 0 1 
1 F 0 0 0 0 F 1 
1 1 1 1 1 1 1 1 
L64 U24 T4

Map
1 1 S 1 1 1 1 1 
1 0 0 0 F 0 1 1 
1 0 0 0 0 # F 1 
1 0 0 1 0 F 0 1 
G 0 0 0 # 0 0 1 
1 0 F 0 # 0 0 1 
1 0 F # 1 0 F 1 
1 1 1 1 1 1 1 1 
P22 T6

Map
1 1 1 1 1 1 1 1 
1 # 0 1 # 0 # 1 
1 0 0 0 1 0 H 1 
1 0 H # 0 0 0 1 
1 0 0 0 0 # 0 1 
1 0 0 0 0 0 0 1 
S 0 0 1 0 0 0 1 
1 1 1 1 1 G 1 1 
P64 r14 T5

Map
1 1 1 S 1 1 1 1 
1 0 0 0 0 0 F 1 
1 0 0 0 0 0 0 1 
1 0 0 # 0 0 0 1 
1 0 0 0 0 0 0 G 
1 0 0 0 0 0 0 1 
1 F 0 0 F 0 0 1 
1 1 1 1 1 1 1 1 
U26 p25 T4

Map
1 1 1 1 1 1 1 1 
1 1 0 0 0 0 0 1 
1 0 1 1 H 0 0 G 
1 1 0 0 0 0 0 1 
1 0 0 0 0 0 0 1 
1 0 H H 0 0 1 1 
1 0 0 0 0 0 0 1 
1 1 1 1 S 1 1 1 
R62 L46 T4

