Map
1 1 1 1 1 1 1 1 
1 0 0 F F 0 0 S 
1 # 0 0 0 0 0 1 
1 F 0 F 1 0 H 1 
1 0 0 0 F 0 # 1 
1 1 H 0 0 # 0 1 
1 1 0 0 F # 1 1 
1 1 1 G 1 1 1 1 
L52 P22 u54 T5

Map
1 1 S 1 1 1 1 1 
1 H # 0 0 0 0 1 
1 0 0 0 0 0 0 1 
1 0 H F 0 F 0 1 
1 F 0 F F 0 0 1 
1 1 0 0 0 1 0 1 
1 0 F 0 0 1 F 1 
1 1 G 1 1 1 1 1 
D31 l35 P22 T4

Map
1 1 1 1 1 1 1 1 
1 0 0 H H 0 0 1 
1 # 0 H 0 0 1 1 
1 0 F # 0 0 0 1 
1 F # 0 0 0 0 1 
1 0 0 0 F 0 F 1 
1 0 F 0 0 0 0 1 
1 1 S 1 1 G 1 1 
U55 P54 r15 T5

Map
1 1 1 1 1 1 1 1 
1 F 0 F 0 0 0 1 
1 F 0 0 0 0 0 1 
1 0 0 0 0 0 0 1 
S 0 0 H 0 F 0 1 
1 0 0 0 0 0 0 1 
1 0 0 0 0 0 H 1 
1 1 1 1 1 G 1 1 
P24 d55 P16 T4

Map
1 1 1 1 1 1 S 1 
1 0 # 1 H 0 # 1 
1 0 0 # 0 # 0 1 
1 0 H 0 1 0 0 1 
1 0 0 0 1 0 0 1 
1 0 # H # # H 1 
1 1 0 0 1 0 0 1 
1 1 1 G 1 1 1 1 
D24 P63 R14 T5

Map
1 1 1 1 1 1 1 1 
1 1 0 0 F 1 1 1 
1 0 0 0 0 0 0 1 
1 0 0 0 0 F H 1 
S 0 0 F H 0 0 1 
1 0 0 0 1 F 0 G 
1 0 0 1 0 0 0 1 
1 1 1 1 1 1 1 1 
R65 P62 U14 T5

Map
1 1 1 1 1 S 1 1 
G # 0 0 0 # 0 1 
1 1 0 1 H 0 0 1 
1 0 H 0 0 0 0 1 
1 0 0 0 # 0 0 1 
1 1 0 0 # 0 0 1 
1 0 0 H 0 H 0 1 
1 1 1 1 1 1 1 1 
L54 r25 D24 T4

Map
1 1 1 1 1 1 1 1 
1 0 0 0 F 0 # 1 
1 H 0 F 0 0 0 1 
1 # 0 0 # 0 0 1 
S F 0 0 # H 0 1 
1 0 0 0 0 F 0 1 
1 0 H F # F 0 1 
1 1 1 1 G 1 1 1 
L63 P33 P34 T5

Map
1 1 1 1 1 1 1 1 
1 F 0 0 0 F 0 1 
1 # 0 0 0 0 # 1 
1 F 0 H 0 # 1 1 
1 # 1 F 0 0 0 1 
1 F F F 0 # 0 1 
1 0 0 0 0 0 F 1 
1 S 1 1 1 G 1 1 
U46 d52 R16 T5

Map
1 1 1 1 1 1 1 1 
1 0 0 0 0 H 0 1 
S # 0 F 0 0 0 1 
1 0 # 0 0 0 # 1 
1 0 0 0 0 # 0 1 
G # 0 0 H # 0 1 
1 F 0 0 0 H 0 1 
1 1 1 1 1 1 1 1 
P11 P52 l25 T5

Map
1 1 1 1 1 1 1 1 
1 0 0 F 1 # 0 1 
1 # 0 0 F # 0 1 
1 F F 0 F # F G 
1 # 0 0 1 0 F 1 
1 0 0 H # 0 # S 
1 0 0 F 0 0 # 1 
1 1 1 1 1 1 1 1 
P11 P54 P55 T9

Map
1 G 1 1 1 1 1 1 
1 0 0 0 # 0 1 1 
1 H 0 0 0 0 0 1 
1 0 H 0 0 0 H 1 
1 F 0 H # 0 # 1 
1 0 F 0 # # # 1 
1 0 0 0 0 0 0 1 
1 1 S 1 1 1 1 1 
L26 u46 P16 T5

Map
1 G 1 1 1 1 1 1 
1 F 1 0 1 0 0 1 
1 0 1 0 H 0 0 S 
1 0 F 1 0 0 0 1 
1 # H 0 H 0 F 1 
1 0 0 0 0 1 0 1 
1 # H 0 # # 0 1 
1 1 1 1 1 1 1 1 
P52 P34 U36 T5

Map
1 1 1 1 1 1 1 1 
1 0 0 F 0 # H 1 
1 0 F # 1 0 0 S 
1 # H 0 F F 1 1 
1 0 0 0 0 0 1 1 
1 0 0 0 # F 0 1 
1 F 0 H 0 1 0 1 
1 1 1 1 G 1 1 1 
U15 P54 r14 T5

Map
1 1 1 1 1 1 1 1 
1 F 0 1 0 0 F 1 
1 0 0 0 F F # 1 
1 0 0 0 # 0 0 1 
1 H 0 0 0 0 # 1 
G 0 F F 0 H 0 1 
1 0 F F 0 # 0 1 
1 1 1 1 1 1 S 1 
P63 P34 P46 T4

Map
1 1 1 1 1 1 1 1 
1 0 0 0 0 0 # 1 
1 F 1 0 1 0 1 1 
1 0 0 0 F F 0 S 
1 0 0 H 0 0 F G 
1 0 0 0 0 0 F 1 
1 0 0 0 0 H F 1 
1 1 1 1 1 1 1 1 
R44 r15 P55 T4

Map
1 1 1 1 1 1 1 1 
1 0 H F 0 0 0 1 
G 0 0 H 0 F 0 S 
1 0 0 0 0 0 0 1 
1 H 0 0 0 0 0 1 
1 F 0 0 0 0 0 1 
1 # 0 0 0 H 0 1 
1 1 1 1 1 1 1 1 
U42 P11 P64 T6

Map
1 1 1 1 1 1 1 1 
S 0 0 0 0 # # 1 
1 0 0 # 0 0 0 1 
1 1 1 F # 0 0 1 
1 0 0 # 0 0 0 1 
1 F 0 0 0 0 F 1 
1 0 # H F 0 F 1 
1 1 G 1 1 1 1 1 
P62 d24 l54 T7

Map
1 1 1 1 1 S 1 1 
1 F 0 0 0 # 0 1 
1 0 0 F F F 1 1 
1 0 0 0 0 0 0 1 
1 1 1 0 0 # 0 1 
1 0 0 1 0 0 0 1 
1 0 0 F 0 F # 1 
1 1 G 1 1 1 1 1 
U55 l53 d43 T6

Map
1 1 1 1 1 1 1 1 
1 F 0 0 # 0 0 1 
1 # 0 0 0 F H 1 
1 0 0 # 0 1 0 1 
1 1 F 0 0 0 0 S 
G 0 0 0 1 0 1 1 
1 0 0 0 1 1 0 1 
1 1 1 1 1 1 1 1 
P42 P13 P34 T7

Map
1 1 1 1 1 1 1 1 
S 0 0 0 0 H 0 1 
1 F 0 1 0 0 0 G 
1 0 0 0 0 # H 1 
1 0 0 0 0 0 0 1 
1 0 0 0 0 0 0 1 
1 0 0 H 0 0 0 1 
1 1 1 1 1 1 1 1 
P41 P54 R14 T5

Map
1 1 1 1 1 1 1 1 
1 F 0 0 0 0 0 1 
1 0 0 H 0 H 0 S 
1 0 1 H 0 0 0 1 
1 # 0 0 0 # 0 G 
1 0 0 H 0 0 0 1 
1 0 0 0 0 0 0 1 
1 1 1 1 1 1 1 1 
P61 u26 U62 T5

Map
1 1 G 1 1 1 1 1 
1 0 0 # H F 0 1 
1 # # 0 1 1 1 1 
1 0 0 0 0 1 F 1 
1 F 0 # 1 0 # 1 
1 0 # 0 F # 0 1 
1 F 0 F 0 F 0 1 
1 1 1 1 1 1 S 1 
L65 u23 r13 T4

Map
1 1 1 1 1 1 S 1 
1 0 H 0 0 0 0 1 
1 # F 1 1 F 0 1 
1 F 1 0 F 0 0 1 
G 0 0 0 1 0 0 1 
1 0 0 F 0 F 0 1 
1 0 F 0 0 0 F 1 
1 1 1 1 1 1 1 1 
U25 U46 P65 T6

Map
1 1 1 1 1 S 1 1 
1 F 0 0 0 0 0 1 
1 # F 0 0 0 F 1 
G 0 1 0 0 F 0 1 
1 1 0 0 0 0 0 1 
1 0 # H 0 F 0 1 
1 0 F F # F 0 1 
1 1 1 1 1 1 1 1 
D41 l42 P52 T5

Map
1 1 1 1 1 1 1 1 
1 0 0 0 0 F 0 1 
1 0 1 0 # 0 0 1 
1 # # # F 0 0 S 
1 F 0 0 F 0 0 1 
1 F 0 0 0 # 0 G 
1 1 0 F 0 1 # 1 
1 1 1 1 1 1 1 1 
L62 L35 P25 T6

Map
1 1 1 1 G 1 1 1 
1 1 0 0 0 F 0 1 
1 0 0 F 1 H 1 1 
1 # 0 # 1 0 0 1 
1 0 0 0 1 # 0 1 
S # 0 H 0 0 0 1 
1 H # 1 0 0 # 1 
1 1 1 1 1 1 1 1 
R14 P25 U41 T4

Map
1 S 1 1 1 1 1 1 
1 0 0 0 # 0 0 1 
1 # 0 1 0 0 0 1 
1 0 0 0 1 0 1 1 
1 H 0 0 0 0 0 1 
G # 0 0 0 0 0 1 
1 0 F 0 0 0 0 1 
1 1 1 1 1 1 1 1 
P61 P13 P56 T5

Map
1 1 G 1 1 1 1 1 
S 0 0 0 0 F 0 1 
1 0 0 F 0 0 # 1 
1 0 H 0 0 0 0 1 
1 0 0 0 0 0 0 1 
1 0 0 0 0 F 0 1 
1 F F # H 0 F 1 
1 1 1 1 1 1 1 1 
D31 u21 l34 T4

Map
1 1 1 1 1 1 1 1 
G 0 0 1 0 0 0 1 
1 # # H 0 0 0 1 
1 H 0 0 0 0 0 1 
1 0 0 0 0 0 0 1 
1 0 0 H # 1 0 1 
1 0 0 0 0 F 0 1 
1 1 1 S 1 1 1 1 
U23 R36 l63 T4

Map
1 1 1 1 S 1 1 1 
1 0 0 0 0 1 0 1 
1 0 1 H 0 0 0 1 
G 0 0 1 F 0 # 1 
1 H 0 F 0 # 0 1 
1 F 0 0 F 1 0 1 
1 0 0 0 F H 1 1 
1 1 1 1 1 1 1 1 
R42 U24 l64 T4

Map
1 1 1 1 1 1 1 1 
1 # # # 0 0 # 1 
G F # 0 1 0 0 S 
1 # F 0 0 0 0 1 
1 0 0 0 0 0 F 1 
1 0 F 0 0 0 F 1 
1 0 0 F 1 0 0 1 
1 1 1 1 1 1 1 1 
L32 P55 u34 T4

Map
1 1 1 1 1 1 1 1 
1 0 0 0 0 # 1 1 
S 0 F 1 0 0 H 1 
1 0 0 1 0 0 0 1 
1 H F 0 0 0 # 1 
1 # 0 0 1 0 0 1 
1 0 0 0 0 0 1 1 
1 1 G 1 1 1 1 1 
D12 d21 P13 T4

Map
1 1 1 1 1 1 1 1 
1 0 0 # # 0 0 1 
1 H F 0 0 0 0 1 
G 0 0 F F 0 # 1 
1 F 0 0 0 0 0 1 
1 0 F 0 0 0 F 1 
1 F # 0 0 # # S 
1 1 1 1 1 1 1 1 
U36 d21 P24 T4

Map
1 1 1 S 1 1 1 1 
1 0 0 0 # 0 # 1 
G 0 H 0 1 0 0 1 
1 # F F F F 0 1 
1 0 0 F 0 0 0 1 
1 H F 0 0 0 # 1 
1 0 0 0 F H 1 1 
1 1 1 1 1 1 1 1 
U14 l12 r35 T5

Map
1 1 1 1 1 1 1 1 
S # 0 0 H # 1 1 
1 0 1 F F 0 1 1 
1 F 0 0 # 0 # 1 
1 F F 0 F H 0 1 
1 # 0 # 0 0 0 1 
1 # F # H 0 1 1 
1 1 1 1 1 G 1 1 
P45 r33 D31 T5

Map
1 1 1 1 S 1 1 1 
1 0 0 0 0 # # 1 
1 0 0 0 0 # H 1 
1 0 0 0 0 0 # 1 
1 0 0 0 # 0 0 G 
1 F F F # 0 F 1 
1 0 0 0 F 0 0 1 
1 1 1 1 1 1 1 1 
P42 u56 r54 T6

Map
1 1 1 1 1 S 1 1 
1 0 0 0 F 0 F 1 
1 H H 0 0 1 0 1 
1 0 0 0 0 0 0 1 
1 0 F 0 F 0 F 1 
1 0 0 F 0 0 0 G 
1 0 0 0 0 H 0 1 
1 1 1 1 1 1 1 1 
P21 R32 P46 T5

Map
1 1 1 1 1 1 1 1 
1 0 F 1 0 F 0 1 
1 F 0 0 0 H 0 1 
1 0 0 0 0 0 0 1 
G 0 H F 0 1 0 1 
1 0 F 0 0 0 F 1 
1 0 0 0 0 0 0 1 
1 1 S 1 1 1 1 1 
R26 P13 u56 T5

Map
1 1 1 1 1 G 1 1 
1 0 0 0 0 # 0 1 
1 1 0 0 0 0 0 1 
1 F 0 0 0 0 H 1 
1 # 0 0 0 F # 1 
1 0 0 0 0 # 0 1 
1 0 0 0 0 # 0 1 
1 1 1 1 1 1 S 1 
P65 r25 U26 T4

Map
1 1 1 S 1 1 1 1 
1 0 0 0 H 0 0 1 
1 1 0 1 0 0 0 1 
1 F 0 0 0 0 0 1 
1 F 0 0 0 H 0 1 
1 # # 0 0 H 0 1 
1 0 0 1 0 0 0 1 
1 1 1 1 1 G 1 1 
D21 D56 r23 T5

Map
1 1 1 1 1 1 1 1 
1 0 0 0 # 0 F 1 
G F 0 1 0 # 0 1 
1 1 0 0 0 F # 1 
1 H 0 0 F 0 F 1 
1 F 0 0 0 H 0 1 
1 # 0 0 0 0 1 1 
1 1 1 1 1 S 1 1 
P21 P26 L56 T5

Map
1 1 1 1 S 1 1 1 
1 # F # 0 # F 1 
1 0 0 0 0 # # 1 
1 0 F # 0 0 0 1 
1 0 1 # F 0 0 1 
1 0 0 1 F F 0 1 
1 0 0 # H H 0 1 
1 1 G 1 1 1 1 1 
R42 l63 r15 T6

Map
1 1 1 1 1 1 1 1 
1 0 1 0 1 0 H 1 
1 # 0 F H F 0 1 
1 0 0 # 0 F 0 1 
1 0 0 F 1 0 0 S 
1 H 0 0 0 1 0 1 
1 0 0 0 0 0 H 1 
1 1 1 1 G 1 1 1 
P13 D46 L63 T5

Map
1 1 1 1 1 1 1 1 
1 0 0 0 0 0 # 1 
1 0 1 0 1 H 1 1 
1 0 1 0 0 0 1 1 
G 0 H 0 0 H 0 S 
1 0 0 H 0 0 # 1 
1 1 0 0 0 0 0 1 
1 1 1 1 1 1 1 1 
L14 U46 D64 T6

Map
1 1 G 1 1 1 1 1 
1 H 0 F 0 0 0 1 
S 0 1 H 0 0 H 1 
1 F 0 1 F 0 0 1 
1 0 0 0 0 0 F 1 
1 0 H 0 1 F 1 1 
1 0 0 # 0 F F 1 
1 1 1 1 1 1 1 1 
U21 U44 P15 T4

Map
1 1 1 1 1 G 1 1 
1 1 # 1 0 F 0 1 
1 F 0 0 0 0 0 S 
1 H 0 0 0 0 F 1 
1 0 0 0 0 H 0 1 
1 0 0 0 0 F 0 1 
1 0 0 0 0 0 0 1 
1 1 1 1 1 1 1 1 
D22 u52 u36 T4

Map
1 1 1 1 1 1 1 1 
1 0 H 0 0 0 H 1 
1 0 F 0 H # 0 1 
1 F 0 # 1 F 0 1 
1 0 0 0 0 F 0 1 
1 F H # 0 # 0 1 
S 0 1 F 0 0 0 1 
1 1 1 G 1 1 1 1 
U32 r12 P31 T4

Map
1 1 1 1 1 1 1 1 
1 F 0 1 # 0 0 1 
1 0 0 0 0 0 1 1 
S 0 0 H 0 0 0 1 
1 0 1 0 0 0 0 1 
1 0 1 0 0 0 0 1 
1 0 H 0 # H 0 G 
1 1 1 1 1 1 1 1 
P23 r43 R12 T8

Map
1 1 1 1 1 1 1 1 
1 # 0 0 F 0 1 1 
1 1 0 0 0 F 0 1 
1 0 0 0 0 H 0 G 
1 0 0 F 1 0 0 1 
S 0 1 H 0 0 0 1 
1 0 F F 1 1 0 1 
1 1 1 1 1 1 1 1 
U23 R22 r63 T5

Map
1 1 1 1 1 1 1 1 
1 1 1 0 # 0 # 1 
1 0 H 0 0 1 0 1 
1 0 0 0 # 0 0 1 
1 # 0 # 0 1 0 1 
1 H # 1 0 0 # G 
1 0 0 0 0 0 0 1 
1 1 S 1 1 1 1 1 
U56 L24 r13 T6

Map
1 1 1 S 1 1 1 1 
1 # 1 0 0 0 0 1 
1 0 # 0 F 0 0 1 
1 0 # H 0 0 0 1 
1 0 0 0 # 0 0 1 
1 1 0 1 1 0 0 1 
G 0 0 0 H H 0 1 
1 1 1 1 1 1 1 1 
P51 D24 R31 T4

Map
1 1 1 1 1 1 1 1 
1 F 0 # 1 0 0 1 
1 0 0 0 # 0 0 1 
1 0 0 # 0 0 1 1 
1 # # F # 0 0 S 
1 1 0 0 F 0 F 1 
1 0 0 F 0 0 H 1 
1 1 1 G 1 1 1 1 
L55 d35 R13 T4

Map
1 1 1 G 1 1 1 1 
1 0 0 0 F 0 0 1 
1 H 0 0 1 0 0 1 
1 F 0 1 0 0 0 1 
1 0 0 1 0 F 1 1 
S 0 0 0 0 F 0 1 
1 0 F 1 # 0 0 1 
1 1 1 1 1 1 1 1 
R22 R14 l45 T7

Map
1 1 1 1 1 1 1 1 
1 0 # # 0 H 0 1 
G 0 # H 0 0 # 1 
1 0 0 1 0 # 0 1 
1 H 0 F 0 0 # 1 
1 H 0 F 0 0 0 1 
1 # 0 0 0 0 0 1 
1 1 1 1 1 S 1 1 
U26 R52 P13 T6

Map
1 1 1 1 1 1 1 1 
1 0 0 1 0 0 0 S 
1 0 0 0 1 F H 1 
1 0 0 0 0 0 F G 
1 H 0 0 0 F # 1 
1 0 0 0 0 0 0 1 
1 # # 0 1 0 0 1 
1 1 1 1 1 1 1 1 
P41 l55 P35 T5

Map
1 1 1 1 1 1 1 1 
1 0 H 0 0 0 0 1 
1 0 0 0 # 0 0 1 
1 0 0 # 0 0 0 1 
1 1 # # 1 0 0 1 
1 0 # 1 # 0 # 1 
1 0 0 H 0 0 0 1 
1 S 1 1 G 1 1 1 
L22 d53 L55 T7

Map
1 1 1 1 1 1 1 1 
S 0 0 # 0 H 1 1 
1 1 0 H 0 0 0 1 
1 1 0 0 # 1 F 1 
1 0 0 0 0 0 0 1 
1 F 0 0 0 # 0 1 
1 F 0 1 0 0 1 1 
1 1 1 1 G 1 1 1 
P41 d21 P24 T4

Map
1 1 1 G 1 1 1 1 
1 0 # 0 0 0 # 1 
1 H F F 0 0 F 1 
1 0 # 0 0 0 # 1 
1 H F 0 0 0 0 1 
1 F F 0 0 0 # 1 
1 0 # F 1 # 0 S 
1 1 1 1 1 1 1 1 
P34 D33 l53 T4

Map
1 1 1 1 G 1 1 1 
1 0 H 0 # F 0 1 
1 F 0 0 0 0 0 1 
1 0 0 0 1 0 H 1 
1 0 0 0 # 1 # 1 
1 1 0 # 0 H 0 1 
1 0 0 0 # 0 0 1 
1 1 1 1 1 1 S 1 
U36 P31 L66 T5

Map
1 1 1 G 1 1 1 1 
1 H 0 0 0 H 0 1 
1 0 0 1 0 0 0 1 
1 1 0 0 0 # F 1 
1 # F H 0 0 0 1 
1 # 0 0 # 0 0 1 
1 0 0 0 F # # 1 
1 1 1 1 1 S 1 1 
R52 u26 P41 T6

Map
1 1 S 1 1 1 1 1 
1 0 # 0 0 0 0 1 
1 0 0 F 0 1 0 1 
G F # 0 # 1 0 1 
1 F F 0 0 H # 1 
1 0 1 0 0 0 0 1 
1 0 F 0 F 0 0 1 
1 1 1 1 1 1 1 1 
L22 d31 l33 T5

Map
1 1 1 1 1 G 1 1 
1 1 0 0 # 0 # 1 
1 0 0 # 0 0 F 1 
1 H 0 0 # # 0 1 
1 1 # 0 0 1 H 1 
1 0 F 1 H 0 0 1 
1 0 0 0 0 0 # 1 
1 1 1 1 1 S 1 1 
P22 P63 P16 T6

Map
1 1 1 1 1 1 1 1 
1 0 0 H 0 # 0 1 
1 0 0 0 0 0 H 1 
1 F # 0 # 0 # 1 
G 0 H 1 0 # # 1 
1 0 0 # 0 1 H 1 
1 0 0 0 # 1 0 1 
1 1 1 S 1 1 1 1 
R12 D42 l14 T5

Map
1 S 1 1 G 1 1 1 
1 0 F 0 F 1 0 1 
1 0 0 0 F 0 0 1 
1 H 0 0 0 0 0 1 
1 0 1 0 F F F 1 
1 F 0 0 0 0 0 1 
1 H H 0 0 1 1 1 
1 1 1 1 1 1 1 1 
P32 d33 R12 T6

Map
1 1 1 1 1 1 1 1 
1 0 0 0 0 F 0 1 
1 1 F 0 0 0 0 G 
1 0 0 0 0 # H 1 
1 0 0 0 0 0 0 1 
1 0 0 0 0 0 0 1 
1 0 F F 0 0 F 1 
1 1 1 1 1 S 1 1 
P31 P54 u35 T4

Map
1 G 1 1 1 1 1 1 
1 0 0 H 0 0 0 1 
1 0 0 0 # # 0 1 
1 1 H 0 0 0 H 1 
1 0 0 0 0 # H 1 
1 0 0 0 0 F 1 1 
1 0 0 0 F # 0 1 
1 1 S 1 1 1 1 1 
P44 L32 L25 T5

Map
1 1 1 1 1 1 1 1 
1 0 F 0 F 0 0 1 
1 # F 0 0 0 0 1 
S 0 F 0 F # 0 1 
1 0 0 0 0 # F 1 
G 0 # 0 1 0 0 1 
1 F 0 F 0 0 0 1 
1 1 1 1 1 1 1 1 
R14 P34 P26 T6

Map
1 1 1 1 1 S 1 1 
1 F 1 0 1 0 0 1 
1 0 H 0 # 0 # 1 
1 0 0 0 1 0 # 1 
G 0 0 # 1 F 0 1 
1 F 0 # 0 F F 1 
1 0 0 0 1 0 H 1 
1 1 1 1 1 1 1 1 
P13 L52 D32 T4

Map
1 1 G 1 1 1 1 1 
1 0 0 0 1 0 0 1 
1 0 H 0 0 F 0 1 
1 0 0 # # 1 0 1 
1 0 0 1 0 0 F 1 
1 H 0 0 F 0 # 1 
1 F 0 H F 0 F 1 
1 1 1 1 1 1 S 1 
P31 l62 D32 T6

Map
1 1 1 1 1 1 1 1 
S 0 # F 0 0 F 1 
1 # 0 0 # 1 0 1 
1 # # 0 1 0 1 1 
1 0 F 0 1 1 0 1 
1 0 0 0 # F 0 1 
1 0 1 F F 0 0 1 
1 1 1 1 1 G 1 1 
D56 d22 P51 T7

Map
1 1 1 1 1 1 1 1 
1 0 # # 0 H F 1 
1 0 1 H 1 0 F 1 
1 1 F 0 0 0 0 G 
1 0 F H 1 0 0 1 
1 F # 1 0 0 0 1 
1 0 0 1 0 H F 1 
1 1 1 1 1 1 S 1 
P52 P64 u55 T4

Map
1 1 1 S 1 1 1 1 
1 0 0 0 0 F 0 1 
1 # 1 1 0 # 0 1 
1 0 H 0 1 H 0 1 
1 # F 1 0 1 0 1 
1 F 0 0 0 0 # 1 
1 0 0 # 0 # 0 1 
1 1 1 G 1 1 1 1 
D35 U46 L45 T4

Map
1 1 1 1 1 1 1 1 
1 0 0 0 1 0 0 1 
1 0 1 # F 0 0 1 
S 0 H 0 0 H 0 1 
1 H 0 0 # F 0 1 
G F 0 # 0 0 # 1 
1 # 0 0 # 0 0 1 
1 1 1 1 1 1 1 1 
U13 L25 U26 T4

Map
1 1 1 1 1 1 1 1 
1 0 H 0 # # 0 1 
1 0 0 0 0 0 # 1 
1 0 # # 0 1 0 1 
1 # 0 1 0 H 1 1 
1 0 0 0 0 H 0 1 
1 0 0 1 0 0 0 1 
1 G 1 1 1 S 1 1 
R56 P66 l42 T5

Map
1 1 1 1 1 1 1 1 
1 0 0 0 0 0 H 1 
1 0 0 0 H 0 0 1 
1 0 0 0 0 H 0 G 
1 0 0 0 0 # 0 1 
1 0 0 0 0 0 0 1 
1 0 # 0 0 0 0 1 
1 1 1 1 1 1 S 1 
L62 r63 U52 T5

Map
1 1 1 1 1 1 1 1 
1 F 0 F 0 0 0 1 
1 0 0 F 0 0 1 1 
G 0 1 0 0 0 H 1 
1 0 0 0 1 0 1 1 
1 F F 0 0 0 0 S 
1 H 0 H F H 0 1 
1 1 1 1 1 1 1 1 
U55 l52 P14 T4

Map
1 1 1 1 1 S 1 1 
1 0 0 F H 0 # 1 
1 0 0 0 0 # 0 1 
1 0 0 0 F 0 0 1 
1 0 # 0 0 F 0 1 
1 0 0 0 0 1 # 1 
1 F 0 0 0 0 0 1 
1 1 G 1 1 1 1 1 
R51 P12 l62 T4

Map
1 1 1 1 1 G 1 1 
1 1 F 0 0 0 H 1 
1 0 0 0 # F 0 1 
1 0 0 0 0 H 0 1 
1 F 0 F 0 0 F S 
1 # 0 0 0 0 0 1 
1 0 F 0 1 1 0 1 
1 1 1 1 1 1 1 1 
U51 d54 R44 T6

Map
1 1 S 1 1 1 1 1 
1 0 # 0 F 0 # 1 
1 0 0 0 0 0 0 1 
1 H 1 1 0 0 0 1 
1 0 1 0 # 0 0 1 
1 0 0 # 0 0 0 1 
1 # F # 0 0 H 1 
1 1 G 1 1 1 1 1 
D42 P46 d25 T4

Map
1 1 1 1 1 1 1 1 
G 0 0 # 0 0 F 1 
1 # 0 0 # 0 0 1 
S F 0 0 H 0 0 1 
1 0 0 # 0 0 0 1 
1 0 # 0 0 0 F 1 
1 F # 0 0 F 1 1 
1 1 1 1 1 1 1 1 
L62 D23 R24 T4

Map
1 1 1 1 1 G 1 1 
1 0 0 H 0 0 0 1 
1 0 0 0 0 H 0 1 
1 0 0 0 H 0 0 1 
S 0 0 1 0 0 0 1 
1 0 1 0 0 0 0 1 
1 1 # 0 0 1 0 1 
1 1 1 1 1 1 1 1 
U51 r22 U42 T4

Map
1 1 1 1 1 1 1 1 
1 1 0 1 0 # 0 S 
1 0 0 0 1 0 0 1 
1 H 0 0 0 0 0 1 
1 1 0 0 H 1 0 1 
1 0 0 0 0 0 F 1 
1 0 0 0 H 0 0 1 
1 1 G 1 1 1 1 1 
U35 U56 L34 T6

Map
1 1 1 1 S 1 1 1 
1 # F 0 0 0 # 1 
1 0 # 0 0 0 # 1 
1 0 0 0 H 1 0 1 
1 0 # F H 0 0 1 
G 0 0 0 0 0 F 1 
1 # H # 0 0 # 1 
1 1 1 1 1 1 1 1 
P42 P54 U56 T5

Map
1 1 1 1 1 1 1 1 
1 0 1 0 0 0 0 1 
1 0 0 0 0 0 H 1 
1 0 0 F 0 0 0 1 
1 0 0 0 0 0 0 1 
1 0 # 0 0 H 0 G 
1 0 H 0 0 0 0 1 
1 1 1 1 1 S 1 1 
P64 L56 P46 T4

Map
1 1 1 G 1 1 1 1 
1 0 0 # F 0 H 1 
1 0 0 H # 0 0 1 
1 0 0 0 F F 0 1 
1 0 0 0 0 0 0 1 
1 0 F F 0 F 0 S 
1 0 0 0 0 0 0 1 
1 1 1 1 1 1 1 1 
P21 R14 u54 T5

Map
1 1 1 1 1 1 1 1 
1 0 1 0 0 F 0 S 
1 0 H 0 0 0 0 1 
1 0 0 0 F 0 F G 
1 0 # H 0 0 0 1 
1 0 0 0 0 0 0 1 
1 0 0 0 0 0 0 1 
1 1 1 1 1 1 1 1 
P31 U56 P52 T4

Map
1 1 1 1 1 1 1 1 
1 0 0 0 0 0 0 1 
1 0 H 0 H 0 0 G 
1 0 0 0 0 0 F 1 
1 0 0 H 0 # 1 1 
1 1 0 0 0 0 0 1 
S 0 0 0 1 0 0 1 
1 1 1 1 1 1 1 1 
P24 r52 P36 T7

Map
1 1 1 1 1 1 1 1 
1 0 0 0 0 1 0 1 
1 1 # 0 # 1 0 1 
1 0 # # 0 # 0 G 
1 F F 0 H 0 1 1 
1 0 # 0 0 1 # S 
1 F 0 # F 0 0 1 
1 1 1 1 1 1 1 1 
U26 D31 l35 T7

Map
1 1 1 1 1 1 1 1 
1 0 1 0 # 0 0 1 
1 0 0 1 H 0 H 1 
1 1 0 0 0 F 0 1 
1 0 0 0 0 1 0 1 
1 # 0 0 F 0 0 1 
1 0 H # 0 0 # S 
1 1 1 1 G 1 1 1 
L63 R24 R56 T4

Map
1 1 1 1 1 1 1 1 
1 H 0 0 0 0 0 1 
1 0 0 H 0 0 0 1 
1 0 0 H 0 # 0 1 
1 0 0 0 0 0 0 1 
1 0 H 0 0 0 0 G 
1 0 0 0 0 0 0 1 
1 1 S 1 1 1 1 1 
P64 L26 P16 T4

Map
1 1 1 1 1 1 1 1 
1 F # # 0 0 0 1 
1 0 H H 0 # # S 
1 0 0 F 1 F 0 1 
1 0 F 0 0 0 0 1 
1 0 0 0 0 F 0 1 
1 # F 0 0 0 0 1 
1 1 G 1 1 1 1 1 
P42 P15 P66 T5

Map
1 1 1 1 S 1 1 1 
1 0 H F F 0 F 1 
1 H 0 H 0 0 0 1 
G 0 0 F 0 1 0 1 
1 0 1 0 # 0 H 1 
1 0 0 F F F 0 1 
1 1 0 # 0 0 0 1 
1 1 1 1 1 1 1 1 
P34 l43 u56 T5

Map
1 1 1 1 1 1 1 1 
1 0 F 0 F 0 0 1 
1 0 0 0 0 0 0 1 
G 0 F 0 F 1 0 1 
1 # 0 0 H 0 0 1 
1 0 0 0 0 0 F 1 
1 F # 0 0 0 0 1 
1 1 1 1 S 1 1 1 
R45 l13 P55 T4

Map
1 1 1 1 1 1 1 1 
1 0 0 0 0 0 0 1 
1 0 H # 0 0 H 1 
1 # 0 0 0 0 0 1 
1 # 0 # 0 0 0 1 
S F 0 0 H 0 0 1 
1 0 0 # 0 0 0 1 
1 G 1 1 1 1 1 1 
R23 u25 L35 T4

Map
1 1 1 1 S G 1 1 
1 F F 0 0 0 # 1 
1 H F F 1 # 0 1 
1 0 H F 0 0 F 1 
1 0 0 0 0 0 0 1 
1 H 0 0 0 0 0 1 
1 0 0 0 0 0 F 1 
1 1 1 1 1 1 1 1 
D31 l62 r34 T6

Map
1 1 1 1 1 1 1 1 
1 # 0 # 0 0 0 1 
1 # 1 0 F 0 0 1 
1 # 0 0 0 0 0 1 
1 1 0 0 H 0 0 S 
1 1 # 0 0 1 F 1 
1 # 0 0 0 0 1 1 
1 1 1 1 G 1 1 1 
L62 P54 D46 T4

Map
1 1 1 1 1 1 1 1 
1 # 0 F # 0 0 1 
1 0 0 0 0 0 F 1 
1 0 0 0 H 0 0 1 
1 0 H 0 0 0 H 1 
1 1 0 0 # # 0 1 
1 0 # 0 # 0 0 1 
1 1 1 S G 1 1 1 
P34 l54 U56 T5

Map
1 1 S 1 1 1 1 1 
1 0 0 F 0 0 0 1 
1 0 0 1 0 H 0 1 
1 0 # 1 0 0 0 1 
1 0 0 1 0 0 0 1 
1 F H F 0 0 0 1 
1 F 0 # 0 0 1 1 
1 1 G 1 1 1 1 1 
D26 L22 P51 T5

Map
1 1 1 1 1 1 1 1 
1 0 0 0 0 0 F 1 
G 0 H 1 H 0 F 1 
1 0 0 F 0 0 0 1 
1 0 0 0 0 H 0 1 
1 1 0 F F 0 0 1 
1 0 0 0 0 0 F 1 
1 1 1 1 1 S 1 1 
L63 R55 P11 T4

Map
1 1 1 1 1 1 S 1 
1 F 0 0 0 0 0 1 
1 0 F 0 H 0 0 1 
1 0 F 0 F 0 # 1 
G 0 H # F 0 0 1 
1 0 # F 0 0 0 1 
1 0 0 0 0 # # 1 
1 1 1 1 1 1 1 1 
U36 l32 l14 T5

Map
1 1 G 1 1 1 1 1 
1 0 0 0 0 0 0 1 
1 0 0 0 # F 0 1 
1 0 0 0 0 1 0 1 
1 0 H 0 # 0 F 1 
1 0 1 # H 0 F S 
1 0 0 0 H F 1 1 
1 1 1 1 1 1 1 1 
U21 P34 U55 T4

Map
1 1 1 1 1 1 1 1 
1 0 0 F # # 0 1 
G 0 F F 0 0 1 1 
1 0 0 0 0 0 F 1 
1 # 0 1 0 0 0 1 
1 1 0 0 0 0 0 1 
1 0 0 F # H 0 S 
1 1 1 1 1 1 1 1 
P13 L64 U66 T5

Map
1 1 1 1 1 1 1 1 
1 0 F 0 0 1 # G 
1 1 F 0 # F F 1 
1 H H # 0 F # 1 
1 # # H 0 F H 1 
1 0 # 1 0 1 1 1 
1 0 0 0 0 0 1 1 
1 S 1 1 1 1 1 1 
R16 P56 r43 T5

Map
1 1 1 1 1 1 G 1 
1 0 0 # H 0 0 1 
1 0 0 0 1 0 0 1 
S 0 0 0 F 0 H 1 
1 0 # 0 1 0 0 1 
1 0 1 0 0 0 0 1 
1 1 0 F 0 0 0 1 
1 1 1 1 1 1 1 1 
R35 u55 D33 T4

Map
1 1 1 1 1 1 1 1 
S 0 0 0 F 0 0 1 
1 0 F 0 F 0 0 1 
1 0 H 0 0 0 0 1 
G 0 H 0 0 0 0 1 
1 F 0 0 0 0 0 1 
1 0 0 F 0 H 0 1 
1 1 1 1 1 1 1 1 
P13 P33 P64 T7

Map
1 1 1 1 1 1 1 1 
1 0 F 1 0 0 0 1 
1 F 0 # H F 0 G 
1 0 H 0 0 # # 1 
1 0 0 0 0 0 # 1 
1 F F 0 F F # S 
1 0 0 0 0 0 0 1 
1 1 1 1 1 1 1 1 
R62 U35 L34 T4

Map
1 1 1 1 1 1 1 1 
1 0 0 1 F # 0 1 
1 0 0 1 0 # # G 
1 0 # 0 0 1 0 1 
1 0 0 # F # 0 1 
S 0 F F F 0 1 1 
1 1 0 0 0 0 0 1 
1 1 1 1 1 1 1 1 
R42 u46 U15 T5

Map
1 1 S G 1 1 1 1 
1 0 0 F # 0 0 1 
1 0 # 0 0 0 # 1 
1 0 F F # 0 0 1 
1 1 # 0 H F 0 1 
1 0 1 0 0 0 1 1 
1 # # 0 1 0 1 1 
1 1 1 1 1 1 1 1 
L21 r12 u32 T4

Map
1 1 1 1 1 G 1 1 
1 0 0 1 0 0 H 1 
1 0 F H 0 0 0 1 
1 0 0 0 0 1 0 1 
S 0 0 0 0 0 0 1 
1 0 0 # 0 0 0 1 
1 0 0 0 1 0 0 1 
1 1 1 1 1 1 1 1 
P41 P62 P54 T4

Map
1 1 1 1 1 1 1 1 
1 0 0 # H 0 0 1 
1 0 0 0 0 # 0 1 
S 0 # F F F F 1 
1 F 0 F # H 0 1 
1 0 F 0 # 0 # 1 
1 H F 0 0 0 0 1 
1 1 1 1 1 G 1 1 
U13 P11 P46 T5

Map
1 1 1 1 1 G 1 1 
1 0 0 1 0 0 0 1 
1 0 0 H 0 0 0 1 
1 H 0 0 F 0 H 1 
1 0 0 0 H 1 0 S 
1 1 0 0 0 0 0 1 
1 # 0 0 0 0 0 1 
1 1 1 1 1 1 1 1 
U53 u26 P22 T5

Map
1 1 1 1 1 1 1 1 
1 H 1 0 0 0 0 1 
1 0 0 0 # 0 0 G 
1 0 0 F 0 # 0 1 
S 0 F F 0 H 0 1 
1 H 0 F # # 0 1 
1 0 # 0 # 0 # 1 
1 1 1 1 1 1 1 1 
D44 U23 l63 T5

Map
1 1 1 1 G 1 1 1 
1 0 0 0 0 H 1 1 
1 0 0 0 0 F 0 1 
1 1 0 0 0 0 0 1 
1 1 0 0 H 1 0 1 
1 1 0 0 1 0 H 1 
1 0 0 H 0 0 0 1 
1 S 1 1 1 1 1 1 
U26 r23 u43 T4

Map
1 1 1 1 G 1 1 1 
1 0 0 H 0 H # 1 
1 F 0 F 0 # 0 1 
1 0 # 0 0 0 # 1 
1 0 # 0 0 F 0 1 
1 0 # H # # 0 S 
1 0 0 0 F F 0 1 
1 1 1 1 1 1 1 1 
D65 R13 u43 T4

Map
1 1 1 1 1 1 1 1 
1 0 F 0 0 # # 1 
1 0 # F 0 0 0 1 
G F 0 0 0 0 0 1 
1 0 0 0 # 0 0 1 
1 0 H # 0 0 0 1 
1 0 0 0 0 F 0 1 
1 1 S 1 1 1 1 1 
P16 L26 l63 T4

Map
1 1 1 1 1 1 1 1 
1 0 1 F 0 0 0 1 
1 F 0 0 0 0 0 1 
1 0 0 1 0 1 0 1 
G 0 1 # 0 0 0 1 
1 1 0 0 0 1 0 1 
1 0 F 0 0 0 F 1 
1 1 1 1 1 S 1 1 
D22 l42 P36 T7

Map
1 1 1 1 1 1 1 1 
1 0 0 H 0 # # 1 
1 1 0 0 # 0 H 1 
1 0 H 0 0 # # 1 
1 0 0 0 0 0 0 1 
1 0 0 0 0 F 0 1 
1 0 0 0 0 0 # 1 
1 1 1 S G 1 1 1 
P32 l52 U56 T5

Map
1 1 1 1 1 S 1 1 
1 0 0 0 1 F # 1 
1 1 H 0 0 0 0 1 
1 0 0 0 0 0 0 1 
1 0 0 0 0 F 0 1 
1 0 0 F 0 0 0 1 
1 0 F 0 # H 0 1 
1 1 G 1 1 1 1 1 
P13 R52 l63 T4

Map
1 1 1 1 1 1 1 1 
1 1 0 0 0 1 0 1 
1 1 0 # F 0 # 1 
1 H 0 0 0 0 F 1 
1 # 0 0 0 H 0 S 
1 F # 0 # 0 0 1 
G 0 # H 0 0 0 1 
1 1 1 1 1 1 1 1 
D64 L65 P35 T5

Map
1 1 1 1 S 1 1 1 
G 0 H F 0 0 1 1 
1 F F 0 0 0 H 1 
1 # 0 0 0 0 0 1 
1 0 0 F H 0 # 1 
1 0 F 0 0 0 1 1 
1 0 0 0 0 F 0 1 
1 1 1 1 1 1 1 1 
U43 l42 D32 T4

Map
1 1 S 1 1 1 1 1 
1 0 # # # 1 0 1 
1 0 0 0 # F 0 1 
1 0 0 H 0 0 F 1 
1 0 F 0 1 0 # G 
1 0 1 0 0 0 # 1 
1 0 0 F 0 0 0 1 
1 1 1 1 1 1 1 1 
P22 P53 P66 T6

Map
1 1 1 1 1 1 1 1 
1 0 0 0 0 H 0 1 
1 0 H 0 0 0 0 1 
1 0 0 F 0 1 0 1 
G 0 1 0 1 1 1 1 
1 0 F 0 0 H 0 1 
1 0 0 0 0 0 0 1 
1 1 S 1 1 1 1 1 
P13 R26 U46 T4

Map
1 1 1 1 1 1 G 1 
1 0 0 0 F 0 0 1 
1 0 1 0 H 0 0 1 
1 0 0 H F H 0 1 
1 F F 0 0 0 0 1 
1 0 1 F 0 0 F S 
1 0 0 0 0 H 0 1 
1 1 1 1 1 1 1 1 
P44 L54 P45 T4

Map
1 1 1 1 1 1 1 1 
S # 0 0 H # 0 1 
G 0 0 H 0 0 0 1 
1 0 0 0 1 1 0 1 
1 0 F 0 0 0 0 1 
1 0 0 F 0 F 0 1 
1 # 0 0 F 0 1 1 
1 1 1 1 1 1 1 1 
P21 r13 u23 T5

Map
1 S 1 1 1 1 1 1 
1 0 0 0 F # 0 1 
1 0 # 0 1 F # 1 
1 1 0 1 # F 1 1 
1 0 0 H 0 0 H 1 
1 0 F 0 0 0 F 1 
1 0 # 1 0 F # 1 
1 1 1 1 G 1 1 1 
L54 P61 D44 T4

Map
1 1 S 1 1 1 1 1 
1 0 F 1 F 0 0 1 
1 0 0 0 0 0 0 1 
1 0 0 0 0 0 H 1 
1 0 0 F 0 # 0 1 
1 0 0 1 0 0 0 1 
1 # 0 0 # 0 F 1 
1 1 1 G 1 1 1 1 
R24 L65 P26 T5

Map
1 1 1 1 1 1 1 1 
1 0 0 F 0 0 1 1 
1 0 # 0 H 0 0 1 
1 0 # 0 0 0 # 1 
G 0 # 1 0 F 0 1 
1 0 H # 0 0 # 1 
1 0 0 0 0 0 0 1 
1 1 S 1 1 1 1 1 
P36 R26 l14 T4

Map
1 1 1 1 1 1 1 1 
G F # # 1 0 0 1 
1 # 0 # 0 F 0 1 
1 0 # H F F F 1 
1 0 F 0 0 0 0 1 
1 # 0 H 0 0 0 1 
1 F # 0 0 0 H 1 
1 1 1 1 1 S 1 1 
R54 L62 P22 T4

Map
1 1 1 1 1 1 1 1 
1 0 0 0 0 0 F 1 
1 0 # 0 0 0 0 1 
1 1 F 0 0 F # 1 
1 0 0 F # 0 0 1 
G # 0 0 1 F 0 S 
1 0 1 1 F 0 0 1 
1 1 1 1 1 1 1 1 
D21 U56 D65 T4

Map
1 1 1 1 G 1 1 1 
1 0 F F F 1 0 1 
1 0 0 # 0 0 0 1 
1 F 0 0 0 0 # 1 
1 0 0 1 H 0 0 1 
S # 0 0 0 F 0 1 
1 0 0 0 0 0 F 1 
1 1 1 1 1 1 1 1 
P43 l62 D42 T4

Map
1 1 1 1 1 1 1 1 
1 0 1 0 0 0 1 1 
1 0 0 0 H 0 H 1 
1 F 0 0 0 1 0 S 
1 1 0 0 0 0 0 1 
1 1 0 # H 0 0 1 
1 0 0 0 0 0 H 1 
1 1 1 1 G 1 1 1 
U65 l64 D46 T4

Map
1 1 1 1 1 1 S 1 
1 1 0 0 0 H # 1 
1 # 0 0 0 0 0 1 
1 F 0 0 # 0 H 1 
1 0 1 1 H 1 0 1 
1 0 0 # 0 0 0 1 
1 0 0 0 # 0 0 1 
1 1 1 1 G 1 1 1 
D45 L62 U26 T4

Map
1 1 1 1 G 1 1 1 
1 0 H # 0 H 0 1 
1 0 # 0 0 # 0 1 
1 0 # 0 1 # 0 1 
1 0 0 0 0 # 0 1 
1 0 0 0 H 0 0 1 
1 0 1 0 0 0 0 1 
1 1 1 1 1 S 1 1 
R55 l62 P32 T4

Map
1 1 1 1 1 1 1 1 
1 0 # 0 1 H 0 S 
1 0 0 0 0 0 0 1 
1 # F F 1 F 0 1 
1 F F 0 0 F 0 G 
1 # 0 0 0 1 F 1 
1 0 0 F 0 0 1 1 
1 1 1 1 1 1 1 1 
L62 u46 D61 T5

Map
1 1 1 G 1 1 1 1 
1 0 0 F H H 0 1 
1 0 0 0 0 1 H 1 
1 0 # 0 0 F 0 1 
1 F 0 H 0 0 0 1 
1 0 0 1 0 F 0 1 
1 0 0 0 1 0 0 1 
1 1 1 1 1 1 S 1 
P42 P64 r12 T7

Map
1 1 1 1 1 1 1 1 
1 1 0 0 0 0 H 1 
1 0 0 0 0 0 0 G 
1 # 0 1 # 0 0 1 
1 H 0 # 1 0 0 1 
1 0 0 0 # 0 0 1 
1 0 0 0 0 H 0 S 
1 1 1 1 1 1 1 1 
P63 U66 l23 T8

Map
1 1 1 1 1 1 1 1 
1 H 0 0 F 0 F 1 
S 0 F 0 0 0 0 1 
1 0 0 0 1 0 0 1 
G 0 # F 0 0 H 1 
1 0 0 0 0 0 0 1 
1 0 1 0 F 0 0 1 
1 1 1 1 1 1 1 1 
R35 U45 d52 T5

Map
1 1 1 1 1 1 1 1 
1 0 # 0 0 1 # 1 
1 H 0 H 1 0 0 1 
1 0 F H 0 # # 1 
1 H 0 0 0 1 0 S 
1 0 0 # 0 # 1 1 
1 F 0 0 # 0 # 1 
1 1 1 1 1 G 1 1 
D43 R45 P62 T4

Map
1 1 1 1 S 1 1 1 
1 F H # F 1 # 1 
G 0 0 H 0 H 0 1 
1 0 0 0 0 0 0 1 
1 # 0 0 0 0 1 1 
1 1 0 0 0 0 0 1 
1 0 0 0 0 F F 1 
1 1 1 1 1 1 1 1 
R12 P22 l43 T4

Map
1 1 1 1 1 1 1 1 
1 1 F 0 0 0 0 1 
S 0 F 0 0 F F 1 
1 1 0 0 0 H 0 1 
1 0 0 # 0 0 0 1 
1 1 # 0 0 1 0 1 
1 0 0 F 0 0 0 1 
1 1 1 1 1 G 1 1 
R46 U32 d56 T4

Map
1 1 1 1 1 S 1 1 
1 0 0 H 0 0 # 1 
1 H 0 # 0 0 1 1 
1 # 0 0 0 0 # 1 
1 0 H 0 0 0 0 1 
1 0 # # 0 0 # 1 
1 0 0 0 0 H 0 1 
1 1 G 1 1 1 1 1 
U55 r54 D26 T5

Map
1 1 1 1 1 1 G 1 
1 # 0 F 0 0 0 1 
1 H # 0 0 # 0 1 
1 F 1 F # 1 H 1 
1 F 0 0 0 F 1 1 
1 0 0 0 F 0 F 1 
1 F 1 0 0 0 1 1 
1 S 1 1 1 1 1 1 
R15 u46 D35 T5

Map
1 1 1 1 S 1 1 1 
1 0 0 F 0 0 0 1 
1 0 0 0 H 0 0 1 
1 0 F F 1 1 1 1 
1 0 F 0 0 1 0 1 
1 0 0 0 0 # H 1 
1 1 H # 0 0 0 1 
1 1 1 1 1 G 1 1 
P66 L41 R14 T5

Map
1 1 1 1 G 1 1 1 
1 0 0 H 0 1 0 1 
1 0 0 0 0 0 0 1 
1 0 0 0 0 0 0 1 
1 0 0 F H 0 0 S 
1 0 0 0 0 1 0 1 
1 0 1 0 0 0 H 1 
1 1 1 1 1 1 1 1 
P32 P54 l62 T4

Map
1 1 1 1 1 1 1 1 
1 0 0 0 0 0 F 1 
S F 0 F 0 H 0 1 
1 0 # 0 H F # 1 
1 0 0 # 0 0 0 1 
1 0 F 0 # F # 1 
1 0 H 0 0 F 0 1 
1 1 1 1 1 1 G 1 
R24 d21 U42 T4

Map
1 1 1 S 1 1 1 1 
1 0 # 0 0 0 F 1 
1 1 1 0 0 F 0 1 
1 0 0 H 0 0 0 1 
1 0 0 0 0 0 0 1 
1 0 # H F 0 # 1 
1 # 0 0 0 0 0 1 
1 1 1 G 1 1 1 1 
P51 P32 D36 T4

Map
1 1 1 1 1 1 1 1 
1 H 0 0 0 0 0 1 
G 0 # 0 1 0 0 1 
1 0 0 0 0 0 # 1 
1 0 # 0 # # 0 1 
1 0 F 0 0 0 0 S 
1 H 0 0 0 0 H 1 
1 1 1 1 1 1 1 1 
P21 P45 l32 T5
